MDSTEP:  0
LATTICE_CONSTANT: 1.889726125458
LATTICE_VECTORS
  9.228241663977  0.000000000000  0.000000000000
  -4.819292307067  8.185577462779  0.000000000000
  -0.162819713413  0.155022312906  10.188429362232
VIRIAL (KBAR)
  62.205508856669  63.821985806133  27.152756117622
  63.821985806133  -63.101825179967  -19.033496031320
  27.152756117622  -19.033496031320  -5.781384310282
INDEX    LABEL    POSITIONS    FORCE (eV/Angstrom)
  0  Si  -0.046096653385  1.812694587935  2.526640861572  1.970648767960  0.582983277923  0.769151955035
  1  Si  2.987488042680  7.217581718617  2.512405428319  -0.340873581551  1.244615862748  0.383307613586
  2  Si  -3.210465028562  7.137553025233  2.461446586197  1.767858420219  2.695322535120  1.214047150389
  3  Si  4.531107581058  6.364514760034  5.071029120044  -1.301769667138  -0.485698201751  -0.195588735878
  4  Si  1.498013223522  0.951804717227  5.089015073932  0.440549511201  -1.059471999439  -0.459573708607
  5  Si  7.698733106176  1.031331696142  5.130081554756  -1.055556873796  -2.224368650344  -0.253993769928
  6  Si  -0.081565168823  1.839735675420  7.620001793806  1.838086600822  0.941352142963  0.595077708933
  7  Si  2.953343268179  7.259742421049  7.602831294295  -0.665528266713  1.156736955957  0.302238881085
  8  Si  -3.248910049921  7.173426404340  7.550615373371  1.521724062200  2.691202121696  1.040951631849
  9  Si  4.488785157357  6.398830837293  10.159641721320  -1.500492940853  -0.187727132901  -0.008351847002
  10  Si  1.452006650783  0.987285451827  10.177383223967  0.429726547654  -0.823845421360  -0.141790259752
  11  Si  7.822230299067  0.914412580426  0.036281938394  -1.383026486111  -1.932095166856  -0.196921761075
  12  Si  -1.628647696621  4.476189844736  2.498259865773  1.979980399150  1.146683587785  0.768507551086
  13  Si  1.476603749566  4.508712699887  2.520763466094  -0.096829452829  0.057145115524  0.060046297760
  14  Si  -0.109422045215  7.178843380948  2.487986964965  -0.265945441402  1.361801664176  0.298869455011
  15  Si  6.114710314024  3.695274672102  5.104844601878  -1.209042748173  -0.820566985509  -0.057159636501
  16  Si  3.013154368680  3.656768013304  5.081996078027  -0.005694376387  0.001393762715  0.006375405198
  17  Si  4.593055258253  0.988534989846  5.121087640561  0.277802221403  -1.222295587299  -0.597143528158
  18  Si  -1.674411161099  4.512517983146  7.576951835110  2.053474293754  1.251677275327  1.047157063766
  19  Si  1.427627843205  4.548840313009  7.607741643270  0.023883869330  0.054388961158  0.018234665639
  20  Si  -0.150628452525  7.215430918728  7.573786599368  -0.234151212507  1.447403575861  0.299414340253
  21  Si  6.229812023661  3.584624455889  0.000856850950  -1.206999244164  -0.735609777812  0.204502001453
  22  Si  2.968948147768  3.690312768322  10.168265769863  -0.098494603613  0.395355885603  0.127012277250
  23  Si  4.721895140155  0.873826674349  0.014309489425  0.041187321825  -1.044570816852  -0.318310094466
  24  Si  3.056659757008  1.848000635930  2.551592014024  -0.007224295872  -0.601367473824  -0.126023806822
  25  Si  6.152594704006  1.884305249358  2.572524785405  -0.163788281241  -0.653110488292  0.075611927313
  26  Si  4.571755462473  4.551436301856  2.542662918218  -0.274867888238  -0.264247895538  0.175017580086
  27  Si  1.428994375967  6.321483225357  5.047915067738  0.034734207329  0.466308182684  -0.163466347291
  28  Si  -1.668422765613  6.283509273475  5.022552052380  0.279814815842  0.672670674766  -0.083731317444
  29  Si  -0.088991568210  3.616316381571  5.061244455412  0.419272013891  0.244438164587  -0.052113547092
  30  Si  3.010102924422  1.885957347056  7.645246409451  0.138024782345  -0.510322875236  -0.291308281211
  31  Si  6.121875581069  1.926207534853  7.655526527724  -0.399605285140  -0.771179616170  0.184948962477
  32  Si  4.535992966675  4.591627538920  7.623288185009  -0.531298601423  -0.254903768492  0.279316896546
  33  Si  1.387117742102  6.356205102308  10.137075960190  -0.213967871126  0.819114663363  -0.000681787850
  34  Si  -1.708797009946  6.320285067452  10.110285495609  0.039214967819  0.917834344414  0.076375739514
  35  Si  -0.123636720804  3.650236817161  10.148375350534  -0.066225750815  0.601348836536  0.206371732538
  36  C  -0.060049878513  1.822899037071  4.437798073408  1.282564786107  0.553960775890  -0.195103999303
  37  C  2.974052080371  7.231196294547  4.422941888745  -0.366588303628  1.100670182110  0.657366195270
  38  C  -3.227562845377  7.148628591990  4.377903319395  1.181172720919  2.136189947296  0.394350820571
  39  C  4.510964112331  6.375409216068  6.978878382076  -1.685092832847  -0.781260577938  -0.915804105401
  40  C  1.479575035400  0.970246800213  6.993788411782  0.397216888438  -1.327092556882  0.126401993849
  41  C  7.686038030198  1.044914086923  7.052656277696  -1.758611510850  -2.584798280472  -1.244879351175
  42  C  -0.098581102927  1.861459987432  9.526319305667  1.226436653128  0.506537879305  -0.142943662943
  43  C  2.927898060886  7.274661783635  9.510256195599  -0.264017018929  0.984498199938  0.732909192569
  44  C  -3.272866956610  7.188613269385  9.457746330764  1.183699028033  2.097516897021  0.569019269155
  45  C  4.557335616130  6.339362234390  1.898168193497  -1.769127822328  -1.129076568707  -1.264053820045
  46  C  1.524466898144  0.927656897688  1.916379590581  0.473662624996  -1.405517606244  -0.278828371767
  47  C  7.723378815353  1.006838163033  1.963535955649  -1.533334100336  -2.740784128638  -1.318900513831
  48  C  -1.640945573245  4.489482394639  4.405668020274  1.162006195373  0.693865520153  0.014857861176
  49  C  1.459217196537  4.524232566161  4.435896472188  -0.116542648211  -0.088862665751  -0.089782094868
  50  C  -0.129721233400  7.196776577297  4.402812842504  -0.117678616993  1.168962813024  0.545848181274
  51  C  6.095142047606  3.707760354202  7.021201132289  -1.811764366526  -1.123755358112  -1.110843565855
  52  C  2.996663073152  3.668615101638  6.991272166660  0.117466503369  0.144725304691  0.115223012610
  53  C  4.588996846743  1.005154957896  7.026945640269  0.048357428369  -1.284828557005  -0.081257586597
  54  C  -1.684492790343  4.529196628058  9.496092427806  1.237243145034  0.646643779015  -0.102581822674
  55  C  1.410895174953  4.564741816757  9.521980801082  0.040630202248  -0.163837611721  -0.027351425454
  56  C  -0.169722004667  7.233865463210  9.483889195563  -0.160448356777  1.163062444171  0.687984964790
  57  C  6.142810721045  3.672772872732  1.930157106490  -1.798408770672  -1.398380776775  -1.128769511923
  58  C  3.035541346296  3.628602689997  1.902029299704  0.424547127406  -0.024468614404  -0.131297841816
  59  C  4.625645600556  0.965672379479  1.941230632836  0.370955000612  -1.478073766190  -0.387148940553
  60  C  3.039320469958  1.867272847960  4.459904722634  0.034328839900  -0.427026750025  -0.029494002057
  61  C  6.141372496300  1.901688343449  4.490447508612  -0.252535263335  -0.513235597469  -0.089870996603
  62  C  4.552178812472  4.564196648926  4.463613329061  -0.105137049701  -0.247284682319  -0.093229079851
  63  C  1.414083788324  6.335118435208  6.960648765863  0.137045651709  0.423311046407  -0.044003086634
  64  C  -1.685053543779  6.296432045129  6.936911219928  0.137435491479  0.502079087012  -0.050346627789
  65  C  -0.100272077797  3.632794581611  6.968256867129  0.045329502359  0.113662489898  0.188924610902
  66  C  3.006530188550  1.906667197755  9.548056436191  -0.230695930558  -0.513453208599  0.032958865918
  67  C  6.102932152307  1.943646403713  9.569598940564  -0.222561753454  -0.501533463184  0.068906710289
  68  C  4.518442352904  4.602797409674  9.542053981312  -0.423972628032  -0.206971101997  0.048171183587
  69  C  1.460774162320  6.303526503977  1.876397997343  0.152952263039  0.023183369432  -0.319577627064
  70  C  -1.645727924197  6.256314810966  1.848790719812  0.423441093335  0.387359351233  -0.192307401520
  71  C  -0.057015637375  3.590624330614  1.885058894789  0.305425893674  0.135617052602  -0.130925833927


MDSTEP:  1
LATTICE_CONSTANT: 1.889726125458
LATTICE_VECTORS
  9.228241663977  0.000000000000  0.000000000000
  -4.819292307067  8.185577462779  0.000000000000
  -0.162819713413  0.155022312906  10.188429362232
VIRIAL (KBAR)
  61.694786317063  63.584059889858  27.005074261334
  63.584059889858  -63.227336088446  -19.086310463652
  27.005074261334  -19.086310463652  -5.747101504263
INDEX    LABEL    POSITIONS    FORCE (eV/Angstrom)
  0  Si  -0.044884839471  1.812074608475  2.527356502451  1.914285939634  0.575953337247  0.723971916068
  1  Si  2.987301208283  7.217219154326  2.512687528426  -0.338080738632  1.252916790573  0.372134869800
  2  Si  -3.210112012247  7.138728600324  2.461874144192  1.733735808898  2.651560356743  1.194185547080
  3  Si  4.531703009923  6.363330589992  5.071283515613  -1.318886989442  -0.442392485381  -0.199189435777
  4  Si  1.498093238469  0.952412982114  5.089216199211  0.436216472818  -1.065414267767  -0.463821427603
  5  Si  7.699110075640  1.031369864611  5.129704180957  -1.075491003625  -2.231035053786  -0.249064146531
  6  Si  -0.081251187535  1.839909583949  7.619824663773  1.814042388052  0.930043894963  0.589802158912
  7  Si  2.954033181140  7.260760534028  7.602932522663  -0.680565660964  1.146006707649  0.300729559419
  8  Si  -3.248113249167  7.174137584825  7.550320508773  1.490107601192  2.677811235128  1.045683799609
  9  Si  4.488275491661  6.399113161486  10.159881269324  -1.467608355400  -0.192416742818  -0.031471511880
  10  Si  1.451992584302  0.988080945301  10.177267505594  0.429207354453  -0.839141567465  -0.141513522484
  11  Si  7.821881315856  0.913322068691  0.036218880398  -1.366548138012  -1.909693655521  -0.202980782655
  12  Si  -1.628071669532  4.475702879736  2.498210660253  1.935912363870  1.130700117539  0.748934621035
  13  Si  1.476651640952  4.509430460818  2.520965256037  -0.097955816549  0.053931252661  0.041164794970
  14  Si  -0.109998471540  7.178544187688  2.487538379414  -0.265997124996  1.373441650844  0.320948551793
  15  Si  6.113996420485  3.694510596052  5.104999230054  -1.171799077796  -0.796966785414  -0.085821250952
  16  Si  3.012880825288  3.657962328600  5.082529938383  0.004430581676  -0.013467739158  -0.021442084138
  17  Si  4.593026345246  0.988782329044  5.121590434096  0.276145944615  -1.229375625831  -0.600156567166
  18  Si  -1.674057089113  4.512596522717  7.576719906799  2.016814614252  1.227939666611  1.035114058837
  19  Si  1.428036015696  4.549399955203  7.607017992339  0.007740521395  0.049313702622  0.031715009412
  20  Si  -0.151074946458  7.214896904658  7.573248521741  -0.216155889621  1.461550518792  0.320693165804
  21  Si  6.230000455676  3.584625781935  0.000447366595  -1.231488190120  -0.742411678080  0.218832340616
  22  Si  2.968556436291  3.689971699735  10.167868758342  -0.098940752711  0.387746822479  0.140762417250
  23  Si  4.722772516031  0.873943967719  0.013948459631  0.013483535325  -1.049080072019  -0.306181415095
  24  Si  3.056898343401  1.848536505791  2.551500211138  0.004592830704  -0.611293799754  -0.119036195838
  25  Si  6.152244664282  1.884631257552  2.573024120866  -0.162680889610  -0.678103059880  0.059874195436
  26  Si  4.571723161185  4.551203926631  2.542721538763  -0.274392780754  -0.262355332367  0.172225536990
  27  Si  1.428401697852  6.322582183687  5.047462729663  0.051721708771  0.458386663782  -0.157319178166
  28  Si  -1.668574944602  6.283022549460  5.023103067377  0.282005700587  0.695596577699  -0.092381392081
  29  Si  -0.089007157136  3.616961464096  5.060579136134  0.429839026212  0.240507781046  -0.055181107360
  30  Si  3.010341381041  1.885255870869  7.645450420179  0.120931739047  -0.493788974676  -0.308485996608
  31  Si  6.120480420955  1.926482552504  7.656351922372  -0.357365144342  -0.785240563877  0.171773207355
  32  Si  4.535973251386  4.590836315972  7.624174343317  -0.539369370338  -0.235531348107  0.247021852234
  33  Si  1.387096714905  6.355569772281  10.136708569394  -0.223474036809  0.824026984187  0.024792504571
  34  Si  -1.708086622716  6.320340862757  10.109694540159  0.025881074683  0.921357048492  0.099007751233
  35  Si  -0.123634239840  3.650766846351  10.147923793180  -0.081165281394  0.584351211344  0.212729613153
  36  C  -0.060729215715  1.823136594447  4.437010914690  1.306032295819  0.562053216440  -0.177969694345
  37  C  2.974156186732  7.232019407377  4.422202737225  -0.358584135910  1.085044919225  0.680934020672
  38  C  -3.227729247181  7.148892156038  4.377985454254  1.185559528824  2.134403691382  0.402043886002
  39  C  4.510873752676  6.375817973517  6.978917308613  -1.664274536323  -0.794606162777  -0.901034509995
  40  C  1.478892644117  0.969583987219  6.993909226502  0.419206012808  -1.316397080711  0.121780048948
  41  C  7.685871931226  1.044294330852  7.052504033813  -1.753610519602  -2.560815993478  -1.232642805288
  42  C  -0.098416633235  1.861971940271  9.525714271858  1.205368059744  0.492360684610  -0.127015745106
  43  C  2.926883122314  7.274442431246  9.510907009145  -0.241240652779  0.990391656191  0.715976139805
  44  C  -3.271280265534  7.189121593503  9.457536579066  1.132281298264  2.081977899600  0.579621337963
  45  C  4.556943545393  6.338152613085  1.897507148430  -1.732758983129  -1.089492808120  -1.239457119787
  46  C  1.525525168715  0.926883425920  1.916785367085  0.460452595898  -1.394245687361  -0.284422507503
  47  C  7.722421396195  1.006470813549  1.962583874888  -1.477436797585  -2.715629472427  -1.288544791506
  48  C  -1.639958976563  4.490555153187  4.405185349620  1.117170711448  0.655534126170  0.035734087620
  49  C  1.459875842100  4.524877486474  4.434357066290  -0.131954804575  -0.088551334310  -0.054714572895
  50  C  -0.130082496997  7.197301341412  4.403758489162  -0.125159646843  1.170011069754  0.530347705571
  51  C  6.094567644304  3.706647894145  7.019680948019  -1.781851520756  -1.089296635321  -1.068620798989
  52  C  2.995737500994  3.669026089400  6.989991907896  0.136039471891  0.131207826184  0.148283846864
  53  C  4.589567886013  1.005256639129  7.027544121841  0.025590456359  -1.292412829835  -0.088861690367
  54  C  -1.685435569172  4.529449282386  9.495797360271  1.260432938728  0.644873180131  -0.110093579402
  55  C  1.410440145850  4.563843741015  9.522759010896  0.050275043842  -0.144970967011  -0.058891202010
  56  C  -0.169518229692  7.233635407645  9.484069625892  -0.154085357317  1.164095372326  0.673501179864
  57  C  6.141412622644  3.671284352440  1.929898814763  -1.740711788655  -1.352186692981  -1.114151537508
  58  C  3.035498693227  3.628902200370  1.902332762754  0.420219756237  -0.027356132762  -0.141767706672
  59  C  4.625932907893  0.965146987349  1.941085611198  0.359178172234  -1.469612366259  -0.386958627763
  60  C  3.039876958285  1.867402087195  4.460323197702  0.022393462917  -0.411907162162  -0.031437039486
  61  C  6.140618708706  1.901501553204  4.490101728724  -0.235125210028  -0.510230759082  -0.079729748501
  62  C  4.552724343563  4.565313239005  4.463573067890  -0.115973094518  -0.278733110484  -0.093116340978
  63  C  1.413889640130  6.335944809792  6.961083223541  0.147045358563  0.414136418626  -0.057445588450
  64  C  -1.684852694851  6.296738922082  6.937760875486  0.129768988275  0.488353974502  -0.070966207839
  65  C  -0.100317062922  3.632397097167  6.967457786644  0.052911702780  0.128857911165  0.195949542786
  66  C  3.005804698374  1.906339754612  9.547439756804  -0.208608232533  -0.508437019659  0.046315152617
  67  C  6.102632410365  1.943737936991  9.569983601858  -0.210846095503  -0.500939622868  0.055699865009
  68  C  4.517291976015  4.601484794274  9.541301815210  -0.403505255585  -0.179272694586  0.064484173652
  69  C  1.460141820953  6.304536374732  1.877761212910  0.162065461940  0.000828037557  -0.353777639430
  70  C  -1.645874246061  6.255657503510  1.849440122659  0.420594870365  0.393254983909  -0.212074203510
  71  C  -0.056516120451  3.590787733055  1.884163780566  0.304010479639  0.122275995924  -0.115028787290


MDSTEP:  2
LATTICE_CONSTANT: 1.889726125458
LATTICE_VECTORS
  9.228241663977  0.000000000000  0.000000000000
  -4.819292307067  8.185577462779  0.000000000000
  -0.162819713413  0.155022312906  10.188429362232
VIRIAL (KBAR)
  60.971727679376  63.615366854987  26.491190018244
  63.615366854987  -63.665782136391  -19.278520462113
  26.491190018244  -19.278520462113  -5.513125045450
INDEX    LABEL    POSITIONS    FORCE (eV/Angstrom)
  0  Si  -0.042200466804  1.810620965183  2.525800392626  1.850103096359  0.606812605514  0.769512465696
  1  Si  2.987203280285  7.219381230418  2.513740021949  -0.335852766911  1.241339205087  0.350027458246
  2  Si  -3.207388830319  7.138013540136  2.461729160667  1.714542712930  2.648687156439  1.175057863521
  3  Si  4.532334650626  6.365120632947  5.071464584185  -1.291519378402  -0.415405455372  -0.271220430404
  4  Si  1.499500987948  0.954323572304  5.087651985394  0.400850997675  -1.100078138049  -0.419855128775
  5  Si  7.700986099899  1.030874195567  5.131900150099  -1.105716032610  -2.211042682715  -0.311429112293
  6  Si  -0.080657420563  1.840505819490  7.622338876216  1.770499185819  0.920942828394  0.530781854546
  7  Si  2.955376717531  7.262807876085  7.603533273613  -0.706343344588  1.093133736748  0.271280637392
  8  Si  -3.246773817037  7.177664811554  7.552974085667  1.390936162016  2.621072089645  1.000788466272
  9  Si  4.486847680208  6.401017431715  10.160339780516  -1.430592437845  -0.243683000548  -0.004862055497
  10  Si  1.452865267334  0.989157746742  10.178668714879  0.365443845342  -0.874156590683  -0.167259956801
  11  Si  7.822964256810  0.911417290395  0.036698599517  -1.397957928626  -1.891240160665  -0.166227743696
  12  Si  -1.627561542908  4.474338168928  2.500023424019  1.906161081533  1.118283124648  0.720853734677
  13  Si  1.478539808229  4.511412582940  2.521844879887  -0.173840203813  0.011008208044  0.012257914714
  14  Si  -0.110550548048  7.179605499291  2.488158719345  -0.280671828445  1.343695349499  0.332629464097
  15  Si  6.114360302168  3.694439762813  5.103118609070  -1.229413713331  -0.847986930732  -0.035876572978
  16  Si  3.013298318694  3.655499208776  5.083580169397  0.017061292098  0.117038823787  -0.053971385582
  17  Si  4.593216760036  0.990110843463  5.121463470708  0.227363726306  -1.268360656456  -0.606455244358
  18  Si  -1.675403249441  4.512964737613  7.577129994954  1.982026958106  1.236020912597  1.015146324883
  19  Si  1.425661965330  4.551071650964  7.606421726757  0.082816926861  0.020414328693  0.015944309764
  20  Si  -0.150424579472  7.215146987324  7.571484606836  -0.203084159520  1.420493378552  0.341681102277
  21  Si  6.229119820684  3.583039101036  0.000031762630  -1.131880679747  -0.680497213656  0.205334721714
  22  Si  2.965982324278  3.691250344132  10.168305187135  -0.051310776636  0.351362999026  0.066970361979
  23  Si  4.724424509608  0.874018800684  0.013562923071  -0.011814699964  -1.066418903471  -0.320618451322
  24  Si  3.056780751187  1.850933058318  2.549136424074  -0.012902343534  -0.717036019327  -0.079029490110
  25  Si  6.149947671364  1.885139294784  2.573556773710  -0.101538654190  -0.677996404604  0.021442175810
  26  Si  4.570168665832  4.549638750939  2.543466309794  -0.214434819325  -0.195683355922  0.132839658752
  27  Si  1.430648848835  6.323992175751  5.047213136350  0.008629601261  0.449311606153  -0.109697875824
  28  Si  -1.668801474634  6.285107016075  5.025454156054  0.252758874638  0.663428115075  -0.104369472900
  29  Si  -0.086496408675  3.619144889806  5.061965745830  0.365810538133  0.207964885310  -0.059056990335
  30  Si  3.009506830850  1.885279644477  7.643865965445  0.130289669730  -0.481198930101  -0.270955681813
  31  Si  6.120239478223  1.928580651335  7.656232845186  -0.396162890848  -0.826729419460  0.169117199883
  32  Si  4.537811011591  4.593215157922  7.622594539423  -0.608865166863  -0.217530934114  0.296476906988
  33  Si  1.386799057127  6.357327970733  10.138119673981  -0.277102074721  0.799591934757  -0.031683486688
  34  Si  -1.705946950791  6.319381315407  10.111105688820  -0.075782339993  0.897801088893  0.023983000446
  35  Si  -0.121222222691  3.650082430432  10.147482995149  -0.152304762638  0.615565337782  0.190099356877
  36  C  -0.059190789023  1.824026373189  4.437851323176  1.283051552952  0.577798938341  -0.190369285714
  37  C  2.971381079071  7.232713629384  4.421623661012  -0.273351633672  1.089843646390  0.697830189471
  38  C  -3.225538231227  7.153959512759  4.375979648031  1.138716637124  2.074585401241  0.455051342965
  39  C  4.510394433501  6.378121195722  6.975052429690  -1.571569180707  -0.760368948982  -0.793540886882
  40  C  1.478211590666  0.966103656157  6.995186458801  0.426157682251  -1.234888219369  0.088549979992
  41  C  7.685209360856  1.043658369077  7.052289329936  -1.709723614783  -2.502328927650  -1.188801869208
  42  C  -0.100999278354  1.862857440918  9.526124323949  1.294021894523  0.466862069161  -0.121209419114
  43  C  2.924617613938  7.271365520955  9.510225168551  -0.202884982036  1.048071778990  0.723274156044
  44  C  -3.274322379746  7.194204547351  9.458818621700  1.196154717899  2.015201490377  0.602571945458
  45  C  4.557730477180  6.340394134775  1.899999084870  -1.776887854138  -1.139821873577  -1.266783266836
  46  C  1.523263407099  0.925344698462  1.916458046904  0.554208584318  -1.368903131604  -0.279740341094
  47  C  7.723611006797  1.005408274579  1.965297253493  -1.518362328532  -2.700269298602  -1.319757259757
  48  C  -1.641835894353  4.489414621840  4.408290585486  1.200898398131  0.705246146859  -0.022876145978
  49  C  1.458691441736  4.528021550845  4.436306459061  -0.066060822024  -0.134235562875  -0.105079655359
  50  C  -0.130377789796  7.196413893298  4.407779727426  -0.116525450317  1.193328751955  0.448596003996
  51  C  6.090096203961  3.708716365594  7.019814163480  -1.658930857605  -1.117496894715  -1.100066496944
  52  C  2.997606924046  3.672548795127  6.987567935299  0.082041833339  0.053568473906  0.223553322876
  53  C  4.587835949114  1.001539301680  7.025081869479  0.074308988915  -1.214543705873  -0.022189764798
  54  C  -1.683407817287  4.527361217167  9.492703817594  1.194682247318  0.667443348300  -0.033972782117
  55  C  1.408287477285  4.567324778246  9.518798598553  0.105519429982  -0.203057682214  0.032907715676
  56  C  -0.172372181201  7.231511660728  9.484303550369  -0.075734150082  1.215790465513  0.641677958654
  57  C  6.141210001144  3.673540424268  1.925790930630  -1.742889966742  -1.402896734744  -1.013370765312
  58  C  3.036755719918  3.625423448879  1.901363595196  0.362535172493  0.083939794028  -0.129250489189
  59  C  4.626192709620  0.963455980899  1.939109958060  0.333267165856  -1.436727913611  -0.338678363597
  60  C  3.037834843541  1.870390712230  4.460830531251  0.086239013743  -0.460292936801  -0.082857805031
  61  C  6.137940213130  1.897346408087  4.489489059645  -0.162628540658  -0.416462975419  -0.056418799137
  62  C  4.555157930414  4.567128919416  4.462342230556  -0.179946917606  -0.317788093987  -0.074986315741
  63  C  1.418016141759  6.332539863290  6.961226628318  0.074583546145  0.525679964283  -0.068354057211
  64  C  -1.687155660787  6.298433552109  6.939312042664  0.168317547272  0.465456197997  -0.078342833198
  65  C  -0.101662152361  3.635634606689  6.968796142474  0.064195375165  0.055984255681  0.168990852270
  66  C  3.004361143654  1.902310426590  9.549623757117  -0.171605789624  -0.389591458463  -0.009932223984
  67  C  6.104904674175  1.944935057027  9.571492714142  -0.248579648683  -0.560816687039  0.014576129153
  68  C  4.520221317537  4.599835052568  9.543385928105  -0.489339561146  -0.122209250408  0.006062748486
  69  C  1.458645484879  6.307027300739  1.874974156796  0.213352778752  -0.030887779938  -0.279889823494
  70  C  -1.644802989754  6.252378845183  1.846061690841  0.427442562378  0.443186680757  -0.115724006792
  71  C  -0.059030650308  3.588826497764  1.881142753284  0.409122503544  0.162677753329  -0.041105587718


MDSTEP:  3
LATTICE_CONSTANT: 1.889726125458
LATTICE_VECTORS
  9.228241663977  0.000000000000  0.000000000000
  -4.819292307067  8.185577462779  0.000000000000
  -0.162819713413  0.155022312906  10.188429362232
VIRIAL (KBAR)
  61.413092398787  64.061253526210  26.061600735078
  64.061253526210  -63.933750953963  -19.178136445534
  26.061600735078  -19.178136445534  -5.486844197435
INDEX    LABEL    POSITIONS    FORCE (eV/Angstrom)
  0  Si  -0.040945415604  1.807757505461  2.528772496626  1.812431027634  0.756627604732  0.730212951353
  1  Si  2.990184530372  7.216721649543  2.516815926395  -0.417112726227  1.240314833898  0.272962751622
  2  Si  -3.207014933763  7.137234208767  2.462737653614  1.664502143826  2.637942515060  1.132829037901
  3  Si  4.529589077324  6.365565863467  5.071207051117  -1.214084945501  -0.413486591245  -0.314254825929
  4  Si  1.501832044542  0.956907190706  5.087692100571  0.338607988668  -1.199307441211  -0.425940942683
  5  Si  7.701177945610  1.031709115333  5.129883302982  -1.071110788808  -2.225306257520  -0.289055812090
  6  Si  -0.081688384975  1.841750739943  7.622786576890  1.827156051400  0.881713076325  0.545930049363
  7  Si  2.951774348133  7.266182852373  7.602566780516  -0.621696848189  1.032682856168  0.204830323813
  8  Si  -3.248341512031  7.178722562965  7.552629664200  1.441221057212  2.607912928537  0.946204189919
  9  Si  4.485015853117  6.402184205712  10.161346919922  -1.395235536092  -0.253939225051  -0.059356272074
  10  Si  1.452596969391  0.987251933221  10.180023577774  0.285466814740  -0.828641883083  -0.182389797400
  11  Si  7.821322443725  0.908783248600  0.038443220837  -1.348278150051  -1.850835892195  -0.172345254103
  12  Si  -1.628588024851  4.475998354105  2.496908075775  1.925996769022  1.094419266977  0.805289414175
  13  Si  1.480878995943  4.513865934874  2.522549480792  -0.273660132927  -0.035226185315  -0.075420034503
  14  Si  -0.111887861458  7.181234594198  2.488459486878  -0.239953609674  1.375194520611  0.358900527780
  15  Si  6.116356849716  3.692412179319  5.101411851416  -1.360750605690  -0.758151477628  0.001373997688
  16  Si  3.010337789446  3.655639386052  5.086271171763  0.047406347158  0.112045333383  -0.149890628212
  17  Si  4.594069275013  0.989890806840  5.123488658556  0.194814319037  -1.247929803486  -0.691993114088
  18  Si  -1.671532172149  4.515034970498  7.576394125470  1.804516386228  1.170481544446  1.063489581900
  19  Si  1.424716891223  4.547908471181  7.603117631398  0.117543980597  0.172205555789  0.145199641701
  20  Si  -0.153934507744  7.215546399071  7.570162361425  -0.159292419474  1.425356176172  0.374977771449
  21  Si  6.230178574879  3.585030618126  0.000153807765  -1.185694343815  -0.791614340042  0.235550676038
  22  Si  2.965738590335  3.688439572228  10.166180256259  -0.059319120623  0.443400833844  0.168776673188
  23  Si  4.724306792237  0.876595307101  0.010278963832  0.009477739847  -1.088093235624  -0.229261411910
  24  Si  3.053887606514  1.848913261520  2.550578377486  -0.002973717507  -0.632333728568  -0.131216163156
  25  Si  6.150686012896  1.882076375826  2.576772427363  -0.153917521407  -0.609010715190  -0.035508342307
  26  Si  4.572649233220  4.547250582082  2.543344759275  -0.277018071098  -0.212593707168  0.129339604193
  27  Si  1.432440150103  6.326075441318  5.043748524557  -0.119177313758  0.429224076320  -0.061854347500
  28  Si  -1.668168212913  6.286978554753  5.027112419477  0.174602702165  0.586087895949  -0.213556300124
  29  Si  -0.083433485215  3.616410986320  5.063944826543  0.251867029005  0.289785535025  -0.117464871402
  30  Si  3.012654712155  1.882344264759  7.642208210692  0.026392821291  -0.422265275192  -0.189663025514
  31  Si  6.118291425793  1.930449617646  7.653476132939  -0.298634332249  -0.875664496449  0.191631771797
  32  Si  4.539316832206  4.591591863062  7.620425542931  -0.570198978644  -0.125008734160  0.380161703882
  33  Si  1.389746359061  6.359415890571  10.135305367219  -0.350018699692  0.771905997221  0.078534602245
  34  Si  -1.702628854281  6.322089706001  10.110012488470  -0.121806498473  0.846510604851  0.055238697904
  35  Si  -0.119936754853  3.649991641185  10.147092311853  -0.193444870899  0.600490069146  0.270372814795
  36  C  -0.056522951087  1.822619660909  4.438766518020  1.258376998396  0.584088462416  -0.172132840379
  37  C  2.967228549785  7.229138421656  4.420887478487  -0.169375450853  1.172603747430  0.696270881665
  38  C  -3.228482244783  7.157325363784  4.372247322238  1.163829135987  2.004757574381  0.560594574528
  39  C  4.513178219320  6.378386733623  6.971341769175  -1.705384746465  -0.767617662423  -0.719090279354
  40  C  1.480343039746  0.965418675142  6.993263011414  0.392860072984  -1.184016068480  0.130457913444
  41  C  7.688546885329  1.044498957404  7.047317553571  -1.827026099895  -2.499021701955  -1.139494694457
  42  C  -0.104867512505  1.863391227244  9.524956625385  1.370642086158  0.416958784329  -0.082832677855
  43  C  2.921388896484  7.271704165090  9.507194078770  -0.108801500448  1.062527775325  0.764529915590
  44  C  -3.275399622590  7.195119299231  9.454045994878  1.203661956356  1.979412634181  0.722583438531
  45  C  4.557895154555  6.335505661573  1.898577029402  -1.715500814886  -1.034672465226  -1.234912340248
  46  C  1.519288951972  0.927223799902  1.919272472029  0.613458101286  -1.442661044519  -0.359345975372
  47  C  7.724354204208  1.007599380011  1.968139982337  -1.547433865028  -2.791937758056  -1.348668562513
  48  C  -1.645519493555  4.485168205770  4.408559985598  1.356554010900  0.831330964767  -0.044792137132
  49  C  1.455206657100  4.532461456019  4.432071728217  -0.000542999392  -0.225674598962  0.035356273961
  50  C  -0.131661872147  7.198394909993  4.409611226290  -0.082284238912  1.198242012515  0.417644023480
  51  C  6.090892959882  3.708237592907  7.017937893791  -1.590992498907  -1.073220686784  -1.058961089117
  52  C  3.001099857291  3.673417460560  6.992228135917  -0.004341770477  0.001341804206  0.127978031029
  53  C  4.584937896203  1.003637988950  7.023726939037  0.144921267398  -1.250105132190  0.003290773718
  54  C  -1.683703523177  4.523619151610  9.495949791575  1.262367695163  0.822550804350  -0.137132576733
  55  C  1.407174605705  4.569789941446  9.523439896411  0.141320334634  -0.246055692646  -0.118363487667
  56  C  -0.168720650081  7.236011384301  9.487098185127  -0.143386618570  1.189126759701  0.535140615963
  57  C  6.141246992140  3.672585002000  1.926301860061  -1.738068557170  -1.428469317380  -1.025195926475
  58  C  3.037072469902  3.626328567777  1.903086243626  0.356399464271  0.029032741054  -0.166025862633
  59  C  4.621459280926  0.965022262872  1.939897664964  0.430225250017  -1.452760344437  -0.364278929667
  60  C  3.034067099884  1.866236450871  4.457531703442  0.193736339756  -0.335292814970  0.026529842539
  61  C  6.140758134874  1.900671187141  4.491944835458  -0.238386992607  -0.528821357023  -0.088931751680
  62  C  4.551654917864  4.568645549003  4.460294280268  -0.119956288398  -0.382861734576  -0.012680865998
  63  C  1.413883769838  6.337090755286  6.956943900805  0.134263165246  0.418322265373  -0.008675235892
  64  C  -1.687235396576  6.296366218790  6.936057507528  0.139049074217  0.539283245798  0.018489314823
  65  C  -0.103866709853  3.637355149575  6.973683017405  0.148091423339  -0.003785633808  0.049352833757
  66  C  3.001267584032  1.902070959981  9.552575527782  -0.118933542226  -0.417796422692  -0.119843583631
  67  C  6.109342895162  1.940680667139  9.569321263421  -0.360692966054  -0.443143727919  0.032378431942
  68  C  4.520476667795  4.601272966231  9.547359772125  -0.495489089773  -0.158037223423  -0.110699077378
  69  C  1.455977345222  6.308851873100  1.876124264955  0.302730226629  -0.013385817347  -0.316566081590
  70  C  -1.640924935613  6.256061669122  1.848873614124  0.323696396979  0.402071453971  -0.198489880980
  71  C  -0.063714024489  3.589918105099  1.882359500774  0.541791093314  0.122793939690  -0.046118647926


MDSTEP:  4
LATTICE_CONSTANT: 1.889726125458
LATTICE_VECTORS
  9.228241663977  0.000000000000  0.000000000000
  -4.819292307067  8.185577462779  0.000000000000
  -0.162819713413  0.155022312906  10.188429362232
VIRIAL (KBAR)
  60.701156691482  64.307999958927  26.143698958893
  64.307999958927  -63.708941715477  -19.004609333071
  26.143698958893  -19.004609333071  -5.658249745423
INDEX    LABEL    POSITIONS    FORCE (eV/Angstrom)
  0  Si  -0.038133048549  1.810295722383  2.527232574693  1.779472695255  0.699180389665  0.680087225890
  1  Si  2.986527528817  7.220302507937  2.514192710623  -0.218974192119  1.203551077879  0.331632522686
  2  Si  -3.209108083348  7.136976438581  2.462653985985  1.722193891101  2.649310486167  1.169508155402
  3  Si  4.528165061942  6.366648509658  5.067784067022  -1.143828126762  -0.385828992082  -0.276547874462
  4  Si  1.500501465831  0.959562182588  5.088439044862  0.322301761928  -1.234154734492  -0.408770638362
  5  Si  7.697523906506  1.033483212648  5.131857112019  -0.950863141441  -2.276822937089  -0.406904211764
  6  Si  -0.081901014966  1.840947821491  7.622096122221  1.818457008524  0.885579395097  0.621176547467
  7  Si  2.949669529812  7.267364854818  7.599052726505  -0.492998687810  0.952166805488  0.257073428220
  8  Si  -3.244512813110  7.179055635753  7.556119634604  1.289168167046  2.626718376939  0.907477915170
  9  Si  4.485988087707  6.401770303948  10.161091079574  -1.402052506486  -0.273731576376  -0.041252871816
  10  Si  1.450971853157  0.984679411400  10.177852855312  0.304040168218  -0.790210363119  -0.178755687093
  11  Si  7.821496168138  0.906496745064  0.035279806915  -1.422889731301  -1.878252438080  -0.091354181828
  12  Si  -1.625855529764  4.476209594036  2.497067391302  1.755249233342  1.095416657159  0.844076198579
  13  Si  1.478232063111  4.516833062236  2.519480035515  -0.242434663630  -0.040239874655  0.076610743780
  14  Si  -0.113687343357  7.179088467317  2.484455368061  -0.223314689244  1.382105301388  0.484638818219
  15  Si  6.119216490067  3.690397979192  5.103974394388  -1.446660586252  -0.711944217783  -0.065455750040
  16  Si  3.011603417778  3.657234689060  5.083525025757  0.024194419130  0.107939503482  -0.178940117207
  17  Si  4.590356643646  0.993278551895  5.125534395656  0.307232687644  -1.329153054404  -0.770344371205
  18  Si  -1.674125323824  4.518436231666  7.574329191423  1.908293162201  1.106813705368  1.099793426290
  19  Si  1.428859983188  4.548267447446  7.604561453574  0.056917274206  0.122742716910  0.114763575818
  20  Si  -0.154272864690  7.218763598087  7.573548172938  -0.110211444394  1.353633891387  0.328877591484
  21  Si  6.068710717857  3.738994523714  10.186119533926  -1.219557495913  -0.788535781497  0.305767551037
  22  Si  2.968524098529  3.685725381299  10.167679829202  -0.191741131095  0.571700992373  0.131937433899
  23  Si  4.722847702099  0.874952951787  0.010470127241  -0.040363543227  -1.071056745526  -0.258703419083
  24  Si  3.053531597638  1.849861328501  2.552335546734  0.080460788887  -0.654315681541  -0.270508267094
  25  Si  6.150301623433  1.882208684005  2.572657843651  -0.057080524462  -0.637981129701  -0.056678716418
  26  Si  4.570633729983  4.544617526392  2.544994512620  -0.226024699389  -0.102801152073  0.006821307019
  27  Si  1.431935114992  6.324034214935  5.044998167810  -0.132993090379  0.578024592607  -0.067145831945
  28  Si  -1.670439745121  6.285929024017  5.027158197512  0.205319929157  0.728006286876  -0.154447770929
  29  Si  -0.083957872601  3.615211477915  5.060172538183  0.248401559641  0.368332400599  0.009522465071
  30  Si  3.009295909098  1.884767394630  7.645289534508  0.030251295434  -0.527989200842  -0.289554998186
  31  Si  6.122228843326  1.930325288040  7.651751105304  -0.403614545598  -0.902996784179  0.263347513037
  32  Si  4.536465501729  4.590380412445  7.620049658025  -0.612253433642  -0.005983989699  0.404941413102
  33  Si  1.392563154952  6.361201120225  10.137708209145  -0.384740708595  0.733890089340  0.068370147315
  34  Si  -1.703614625028  6.319394684743  10.109421736801  -0.102796800899  0.859873065961  0.068840468601
  35  Si  -0.123295782425  3.651031482581  10.151067894923  -0.053131804011  0.554355700519  0.178597735844
  36  C  -0.060472715624  1.827774311735  4.434303499918  1.303942448028  0.479454021755  -0.093745127547
  37  C  2.970933924349  7.227708865372  4.420122549979  -0.301884132985  1.200632714155  0.673323935212
  38  C  -3.228109825298  7.159346367964  4.375807935607  1.139863031174  2.018016558639  0.445221816229
  39  C  4.517775270637  6.383593795397  6.965540647235  -1.801057822059  -0.896201310045  -0.596274541658
  40  C  1.474571669201  0.958793987964  6.998418778886  0.537634380145  -1.064469944534  0.053163767594
  41  C  7.692150983009  1.036648363290  7.045375752650  -1.925943534960  -2.351187638071  -1.085382786277
  42  C  -0.107780489223  1.860169821830  9.528424144182  1.430841703965  0.510612558692  -0.179971867932
  43  C  2.922860282839  7.267145201788  9.507319348076  -0.118870969526  1.145416684238  0.696988082900
  44  C  -3.275588199895  7.196200785800  9.455919103864  1.233112974426  1.953156445960  0.687598565063
  45  C  4.560776534182  6.335478409650  1.893804971795  -1.848377674205  -1.048594998285  -1.145819108558
  46  C  1.523631090931  0.928255483083  1.913541908183  0.554090130208  -1.419513284005  -0.262539847039
  47  C  7.728983043589  1.005041310945  1.965590474233  -1.604726759566  -2.724657168572  -1.324943643291
  48  C  -1.646229410734  4.491305545574  4.413815762090  1.372663840064  0.706469813220  -0.138280339132
  49  C  1.450169554069  4.537369391508  4.436868279811  0.099674904550  -0.357737094878  -0.125478997221
  50  C  -0.135640806520  7.204707033681  4.415388617540  -0.020401842910  1.110756107732  0.305774430724
  51  C  6.084405735278  3.711449491658  7.023033309131  -1.422110563995  -1.157998816065  -1.150258419408
  52  C  3.001208067923  3.667131236254  6.988373373314  0.002825808767  0.123770976407  0.167228831021
  53  C  4.582352766418  1.004252558900  7.020706817943  0.194783576860  -1.204002684489  0.115656657372
  54  C  -1.679532579807  4.518395910119  9.498655580571  1.160666799826  0.927238151767  -0.239519481666
  55  C  1.405390352421  4.574315037972  9.520617367445  0.186384276933  -0.360506674339  -0.004957180829
  56  C  -0.168166350562  7.239191413608  9.493338507695  -0.162508426954  1.166130400542  0.460950099185
  57  C  6.141425676725  3.673186898073  1.924626164496  -1.713183452480  -1.446896046441  -0.983922345891
  58  C  3.031120240007  3.632648942391  1.901222947809  0.453770146346  -0.142769843864  -0.103734839778
  59  C  4.627205417585  0.958768331912  1.936617029140  0.267838532240  -1.338065751087  -0.309368619979
  60  C  3.038044109480  1.863314658399  4.453567270808  0.065043234212  -0.205104988403  0.115237437495
  61  C  6.143482607914  1.898732066586  4.485614373110  -0.338350341556  -0.464890859800  0.048591141565
  62  C  4.554073310347  4.573282680709  4.454085072046  -0.146038918328  -0.512638809449  0.125759515750
  63  C  1.418896113794  6.333322634489  6.958704002376  -0.000922149447  0.504072037503  -0.027799916857
  64  C  -1.691589276071  6.302199444338  6.938302731369  0.279280404428  0.433919532149  0.018479445119
  65  C  -0.099050073545  3.634507043517  6.974328485603  0.010648011875  0.058686158391  0.011052771455
  66  C  2.996794967095  1.905907062458  9.548962570835  -0.047963362562  -0.522306406696  -0.017958182153
  67  C  6.104139207841  1.939723992410  9.573927286973  -0.251921402318  -0.465335183014  -0.114323937815
  68  C  4.520659853058  4.600654094856  9.551800609442  -0.479001133209  -0.157993486493  -0.225759215261
  69  C  1.461419123348  6.307402431393  1.881660113346  0.146214976740  0.037929362961  -0.436769340849
  70  C  -1.644801626494  6.252420043662  1.845504561304  0.396188058853  0.461008717565  -0.134425936501
  71  C  -0.065053959127  3.595315408431  1.883945837851  0.574366752353  0.036257964786  -0.062290297542


MDSTEP:  5
LATTICE_CONSTANT: 1.889726125458
LATTICE_VECTORS
  9.228241663977  0.000000000000  0.000000000000
  -4.819292307067  8.185577462779  0.000000000000
  -0.162819713413  0.155022312906  10.188429362232
VIRIAL (KBAR)
  61.117301611046  64.732458934380  25.961779579872
  64.732458934380  -64.674122079689  -19.286882082303
  25.961779579872  -19.286882082303  -4.696653436857
INDEX    LABEL    POSITIONS    FORCE (eV/Angstrom)
  0  Si  -0.038779006153  1.811628669804  2.527630763370  1.766621934893  0.669432338911  0.590417502006
  1  Si  2.985305529948  7.220733350076  2.516143081324  -0.265649356853  1.155841700828  0.299109722425
  2  Si  -3.213077009203  7.139306483579  2.464186159188  1.803322496844  2.565971827549  1.159203066740
  3  Si  4.529604767007  6.366706313045  5.071429794029  -1.315929718421  -0.393587805383  -0.396267735840
  4  Si  1.498165526729  0.960797025758  5.090417808731  0.320121835191  -1.206890723307  -0.443693113427
  5  Si  7.696860334788  1.035428186562  5.128657928274  -0.982946597260  -2.298621639655  -0.432604281113
  6  Si  -0.082930417970  1.839681560235  7.623614358429  1.884046473794  0.975225908662  0.571782930525
  7  Si  2.946491355013  7.265265294672  7.594642700124  -0.512003805002  1.052522361923  0.300265748420
  8  Si  -3.247493996845  7.179178990448  7.553708956950  1.372482758971  2.619171111691  0.958172086298
  9  Si  4.484420980734  6.404304997964  10.157572878480  -1.415142978078  -0.379887545759  -0.016889548199
  10  Si  1.446469965472  0.981048509744  10.180111031622  0.391038015844  -0.703764050509  -0.280357907409
  11  Si  7.821296415188  0.906076148858  0.032854505016  -1.533611169046  -1.917880904337  0.028492347450
  12  Si  -1.627857872722  4.476980883069  2.501114205791  1.892208708543  1.043223011539  0.741445052993
  13  Si  1.481404683395  4.514315993453  2.518722673012  -0.343167503263  -0.117330706805  0.009361714671
  14  Si  -0.111498290400  7.179344246550  2.480766145928  -0.241272809336  1.319460731048  0.512741590826
  15  Si  6.118373591576  3.694328318363  5.107554229193  -1.441760966538  -0.827334667177  -0.163770373724
  16  Si  3.012937304802  3.655061697894  5.080764503469  -0.117702178131  0.199390673775  -0.158661501449
  17  Si  4.588361730182  0.992333915272  5.124874893819  0.249652486055  -1.329505815981  -0.779414652662
  18  Si  -1.675337670384  4.519635261040  7.578263993302  1.918638712545  1.103662987696  1.094685172569
  19  Si  1.429020032508  4.552773836465  7.606055714678  0.029150637134  0.078194818095  0.044479454091
  20  Si  -0.152943390557  7.223817386761  7.576487435490  -0.171520673281  1.321996125978  0.325444866312
  21  Si  6.067247796310  3.738870582570  10.184544659157  -1.097597245699  -0.830270173189  0.355064451621
  22  Si  2.969751233274  3.688194261957  10.171171067422  -0.199128319134  0.485109455187  0.050139094851
  23  Si  4.723152806404  0.875382505356  0.006593047166  -0.023659085455  -1.103871239357  -0.172342491580
  24  Si  3.057825399112  1.847968954216  2.552966242081  -0.001518109558  -0.692525181018  -0.320520574734
  25  Si  6.145961584277  1.884706889424  2.572806055006  0.069758429239  -0.649984485942  -0.078213813603
  26  Si  4.574568842677  4.543894296312  2.547685335957  -0.291279000726  -0.125676270574  -0.135669209727
  27  Si  1.428472270330  6.326175288474  5.042444699999  -0.112196426914  0.451253028318  0.011490641131
  28  Si  -1.669450345194  6.281522817683  5.030124394120  0.219060786729  0.887606058486  -0.240164804653
  29  Si  -0.084127571457  3.615553072357  5.062928417201  0.202131008567  0.387174828108  -0.077463006306
  30  Si  3.005775229492  1.881437526995  7.647800547519  0.178484977319  -0.338097938461  -0.286589841646
  31  Si  6.126116258062  1.930553511881  7.649868154414  -0.483644793695  -0.894256423516  0.309195309404
  32  Si  4.533870448560  4.587478939256  7.615756955468  -0.690800390391  0.084893539098  0.541638394864
  33  Si  1.388761304418  6.363603670053  10.138828260845  -0.314978756881  0.547980091190  -0.009940692825
  34  Si  -1.706376947516  6.321375804855  10.113605234367  -0.003045353807  0.789851049471  0.091764872096
  35  Si  -0.120586544708  3.653318083954  10.153275611175  -0.144099778642  0.409907410392  0.107627241064
  36  C  -0.062232287737  1.830266688773  4.429224195311  1.304449808697  0.454683900697  0.031062787416
  37  C  2.964761276412  7.232789426438  4.425863955905  -0.155381228515  1.121818791478  0.586988389442
  38  C  -3.229759477189  7.159254441407  4.381480117143  1.186589839484  2.046552383058  0.367274192604
  39  C  4.511145856359  6.388005038437  6.963470867087  -1.669387418037  -0.993942123213  -0.513523942249
  40  C  1.481264238951  0.964904720070  6.999290398089  0.330001496641  -1.180103663905  0.041760854274
  41  C  7.693622179608  1.040647734707  7.038921959678  -1.941205419424  -2.390563967079  -1.048572355674
  42  C  -0.113864574509  1.855587362664  9.525498224687  1.584219017997  0.620356450202  -0.148416460499
  43  C  2.915988593381  7.264695404590  9.501152029837  0.010789588557  1.154582886830  0.756595128095
  44  C  -3.272462861127  7.197464042106  9.459556105737  1.132159238455  1.952750552168  0.577906617077
  45  C  4.560553314494  6.331266886884  1.891940322205  -1.869634670991  -0.954169809204  -1.099132229068
  46  C  1.521385709166  0.928173129450  1.907259862196  0.604601723938  -1.419287164382  -0.100409226313
  47  C  7.727233639056  1.005214552641  1.969805244609  -1.594805431117  -2.742797867943  -1.406840123671
  48  C  -1.647620704811  4.498903893862  4.410036604471  1.328688608705  0.465370645489  0.016908433823
  49  C  1.445836020909  4.531696074060  4.430996404536  0.202153874780  -0.205582991568  -0.008739744350
  50  C  -0.134427417394  7.199239882509  4.409594830767  -0.112055515603  1.182609126293  0.377098606440
  51  C  6.078087864560  3.714412323396  7.029192147454  -1.233118167248  -1.167620276737  -1.268801838973
  52  C  2.997687131381  3.671124401369  6.983363751630  0.030616401892  0.029306455219  0.241662742544
  53  C  4.583438853435  1.007637083332  7.019520018305  0.173077366481  -1.230817138269  0.145735031960
  54  C  -1.677163636348  4.518393076823  9.504111905864  1.105936899747  0.956200015453  -0.330513488669
  55  C  1.402827127177  4.567305176263  9.515658770465  0.283349817407  -0.176309134352  0.120965170642
  56  C  -0.164719879301  7.237951593504  9.497046298568  -0.320489898848  1.222177356521  0.400692005263
  57  C  6.144789502732  3.676621868085  1.922301088350  -1.827723613656  -1.541794927848  -0.941268679065
  58  C  3.034269733991  3.627403392299  1.899401599419  0.458615260857  -0.052511046402  -0.036431249995
  59  C  4.633771644560  0.955383158278  1.936478718248  0.126007802796  -1.317225996291  -0.342950118235
  60  C  3.031442183187  1.869303547823  4.454644788574  0.182666049924  -0.398255811879  0.069130373495
  61  C  6.137751384184  1.892102620061  4.483297244912  -0.264419715802  -0.234612610389  0.122372209567
  62  C  4.548345251969  4.570325840600  4.448489503518  -0.016551936336  -0.411468013157  0.283334547999
  63  C  1.415374840179  6.339346310877  6.964570956330  0.008438879227  0.414508403043  -0.203675447051
  64  C  -1.688930999160  6.302369168715  6.936225002097  0.209460503576  0.456008034984  0.118171218772
  65  C  -0.098193027194  3.638896560275  6.972758695624  -0.041059711151  -0.015994867043  0.074024379947
  66  C  2.999884484894  1.906172709850  9.552427064111  -0.177006243990  -0.543690780340  -0.060046395543
  67  C  6.103168221659  1.937541274890  9.574677471976  -0.209321699842  -0.423076186046  -0.175112729808
  68  C  4.525205937221  4.594269075028  9.554564584878  -0.612856547414  0.034448643674  -0.345339403184
  69  C  1.457495261563  6.300291698903  1.874710118014  0.282060099797  0.152702029645  -0.295881403264
  70  C  -1.641180306621  6.246229167175  1.852185261667  0.271833173112  0.656687970449  -0.222294416560
  71  C  -0.067538729551  3.590558071357  1.877194319809  0.635237520349  0.140677243866  0.106308851352


MDSTEP:  6
LATTICE_CONSTANT: 1.889726125458
LATTICE_VECTORS
  9.228241663977  0.000000000000  0.000000000000
  -4.819292307067  8.185577462779  0.000000000000
  -0.162819713413  0.155022312906  10.188429362232
VIRIAL (KBAR)
  59.942262695135  64.530114321742  26.349889263529
  64.530114321742  -64.299033965880  -19.322082260917
  26.349889263529  -19.322082260917  -4.666258991027
INDEX    LABEL    POSITIONS    FORCE (eV/Angstrom)
  0  Si  -0.036770872346  1.809564419071  2.526373995180  1.666729092599  0.624401309965  0.628135894656
  1  Si  2.987730726427  7.221529799115  2.513614531538  -0.270448632761  1.156631022077  0.236527774680
  2  Si  -3.210916501328  7.137105642251  2.467070497691  1.783578824628  2.510397197614  1.114435259861
  3  Si  4.523928739651  6.369351283919  5.071682261772  -1.179461358119  -0.424574318064  -0.354646980137
  4  Si  1.497153639122  0.960184313563  5.085903863726  0.319204815821  -1.243334030464  -0.361287231589
  5  Si  7.692677002986  1.039130043931  5.128082871433  -0.943455193120  -2.285863096756  -0.420134633994
  6  Si  -0.080270934503  1.842837496807  7.624092322161  1.778474055196  0.977821137238  0.458522554890
  7  Si  2.945216877117  7.270763643117  7.595094816794  -0.519181216206  0.941873074242  0.292824511191
  8  Si  -3.247660458228  7.182364222348  7.554875211345  1.306311522137  2.466889858308  0.883604915809
  9  Si  4.482973717594  6.399075856554  10.160179536596  -1.317306580774  -0.159625435084  -0.161101653052
  10  Si  1.446029584112  0.982356444530  10.175085816103  0.295605805805  -0.716295205567  -0.135678691618
  11  Si  7.823982348767  0.904236309291  0.033581884357  -1.594102756248  -1.926878520572  -0.042893177788
  12  Si  -1.631873443617  4.472452176602  2.504251271564  2.014605221418  1.052995234871  0.707391864896
  13  Si  1.484354379986  4.509411766047  2.519141293029  -0.389515881546  0.035355285407  -0.073439823186
  14  Si  -0.113372111142  7.179058887739  2.475912485126  -0.128248330913  1.328272727731  0.627983171388
  15  Si  6.116972958377  3.694706918093  5.112206824516  -1.248291122754  -0.846550631762  -0.318822347080
  16  Si  3.016812238969  3.652558123342  5.082992626890  -0.161893088066  0.279826152043  -0.125561708473
  17  Si  4.587397269893  0.993453639535  5.126779389041  0.220036230082  -1.380506290650  -0.850749015848
  18  Si  -1.670132666412  4.515705792294  7.577850625808  1.836339022005  1.176069208188  1.126209202295
  19  Si  1.429165857594  4.552778103706  7.605430047211  0.096644115909  0.120203075266  0.039823545687
  20  Si  -0.155501172489  7.228921364552  7.572260876506  -0.006928558827  1.246597750593  0.393081990973
  21  Si  6.064690091390  3.741200829249  10.184394446487  -1.137858189822  -0.995647256361  0.422571002973
  22  Si  2.973466913183  3.691557897100  10.171276123011  -0.262035350960  0.438783997961  -0.010118851821
  23  Si  4.724563985224  0.876020713957  0.007004878463  -0.050293693016  -1.106194265005  -0.140511865719
  24  Si  3.054412460817  1.852204674916  2.557835638682  0.060765927563  -0.870931266980  -0.405576051641
  25  Si  6.142790448479  1.882804777285  2.573174396308  0.242535155462  -0.653642701461  -0.107033659547
  26  Si  4.570735404226  4.540840551839  2.550708991355  -0.178251217190  -0.057370674292  -0.215129562160
  27  Si  1.432230113767  6.327516646184  5.041848256696  -0.237132132541  0.434316253530  -0.006485078106
  28  Si  -1.668653565664  6.282312816755  5.030379993541  0.349794324969  0.791356883402  -0.170761124778
  29  Si  -0.078878924287  3.611059832700  5.057970188593  0.194366697163  0.548323795041  -0.018473409019
  30  Si  3.005127677453  1.879443392801  7.652667411007  0.170107284415  -0.309335392657  -0.379284848745
  31  Si  6.126149995885  1.931434809984  7.652308054572  -0.496441969498  -0.936607022989  0.270582117043
  32  Si  4.538807951966  4.587233584138  7.616226560511  -0.818529543387  0.032196942438  0.522772418674
  33  Si  1.388668623341  6.359689586471  10.134878685531  -0.269042401516  0.641378366875  0.013119038873
  34  Si  -1.711138553049  6.319379526039  10.108917108141  0.165702431976  0.887643533836  0.216444024159
  35  Si  -0.125664225951  3.653243302836  10.152161250090  -0.064701438640  0.486878786779  0.202411222939
  36  C  -0.060245272003  1.832616999708  4.430908606952  1.209735773162  0.312659935333  -0.031039704024
  37  C  2.962246867528  7.233457266467  4.421785414943  -0.062872029935  1.158319699695  0.614919537832
  38  C  -3.224090353864  7.153744836093  4.385990409692  0.984394113692  2.099170380470  0.312520906003
  39  C  4.507014166579  6.379949119405  6.968223013474  -1.507317150490  -0.767934043571  -0.591412961172
  40  C  1.479221133972  0.963638893038  6.993593310118  0.367365337018  -1.168881662689  0.148677757583
  41  C  7.689323674968  1.046738799587  7.042190009636  -1.790930910296  -2.412839907189  -1.139254603086
  42  C  -0.119786157230  1.863986563040  9.521045997075  1.701164910134  0.477447263107  -0.088514482418
  43  C  2.917260214983  7.265523899592  9.499177345491  0.017342542880  1.127813611873  0.794026012796
  44  C  -3.268301072281  7.199677742488  9.461993952299  0.927821078395  1.941927599522  0.545487695384
  45  C  4.563110324905  6.331480244096  1.884677703098  -1.878019447844  -1.028089267286  -0.896691618154
  46  C  1.516146136798  0.920928396561  1.910808184121  0.766428512744  -1.340870663581  -0.166372890942
  47  C  7.729910324823  1.002540643301  1.964047176192  -1.632675727582  -2.670419983339  -1.280559133879
  48  C  -1.639122028307  4.495499457449  4.406292227292  1.111535175573  0.456880692580  0.204979504888
  49  C  1.449621402755  4.532985596563  4.427997545462  0.237505973567  -0.246279386915  0.037966650203
  50  C  -0.133753377772  7.207359951833  4.414611676904  -0.117301565505  1.076520431613  0.278163349797
  51  C  6.080154310967  3.709881716625  7.032874652704  -1.200260140285  -1.054118101621  -1.316858412891
  52  C  2.996855521497  3.668384696596  6.988136888219  0.103732125324  0.049585356489  0.183945817817
  53  C  4.586412279384  1.013171665683  7.016093506032  0.085346860851  -1.275281448686  0.239858300912
  54  C  -1.684046899709  4.520913223699  9.508971460558  1.251862455682  0.900226044233  -0.464660267056
  55  C  1.405280282914  4.564950872461  9.513837250692  0.190156595369  -0.169082220423  0.163796880704
  56  C  -0.161107871077  7.239019050291  9.497368475864  -0.441364500681  1.189853277000  0.353873243752
  57  C  6.142796120914  3.671403210805  1.929098258619  -1.882309808244  -1.483058289599  -1.092899823136
  58  C  3.037508641171  3.622788819421  1.895123760724  0.383279761494  0.042581746950  0.046000289217
  59  C  4.641009005327  0.961399220154  1.941432918983  -0.144390523653  -1.427796533414  -0.475946094560
  60  C  3.027709620099  1.868798280406  4.459076487823  0.243394960465  -0.368724235433  -0.002978360748
  61  C  6.130349994373  1.886762228306  4.476155465475  -0.141536751630  -0.077681685583  0.293756912220
  62  C  4.553868318770  4.572010774791  4.446737378914  -0.147120863685  -0.434495050876  0.376754761774
  63  C  1.417473389941  6.336505550181  6.960927320374  -0.017008775821  0.534309232216  -0.132146257676
  64  C  -1.682190950072  6.299813673806  6.942615531752  0.021976851523  0.498569559134  -0.007628715400
  65  C  -0.094552763695  3.646211040150  6.968877488954  -0.059207495901  -0.196183099667  0.095774863053
  66  C  2.993473250082  1.908909148357  9.556547429555  -0.013768641370  -0.582312378806  -0.103680820531
  67  C  6.104754925516  1.931825846582  9.566701682280  -0.253195448181  -0.263836528198  0.024340971697
  68  C  4.525998177441  4.599815277411  9.549903259935  -0.597504963847  -0.110842435784  -0.250897828444
  69  C  1.462781421191  6.305045433410  1.869139122827  0.187381360771  -0.021430468871  -0.206553483840
  70  C  -1.638696266734  6.239484857764  1.854511633329  0.208410072970  0.728983098028  -0.300061632919
  71  C  -0.068410197429  3.584233866689  1.882656334650  0.660268412094  0.240453978548  -0.025437161442


MDSTEP:  7
LATTICE_CONSTANT: 1.889726125458
LATTICE_VECTORS
  9.228241663977  0.000000000000  0.000000000000
  -4.819292307067  8.185577462779  0.000000000000
  -0.162819713413  0.155022312906  10.188429362232
VIRIAL (KBAR)
  59.276854614402  65.896116005043  27.215565667078
  65.896116005043  -63.334793567283  -19.268357053690
  27.215565667078  -19.268357053690  -4.233176864348
INDEX    LABEL    POSITIONS    FORCE (eV/Angstrom)
  0  Si  -0.036624529445  1.814854013831  2.526139825007  1.617351074172  0.417080240735  0.691972923060
  1  Si  2.991517919420  7.222775709181  2.516701435552  -0.439815090114  1.106602604028  0.128471956389
  2  Si  -3.214620182449  7.137782194095  2.462660210825  1.803908986923  2.567412808175  1.180394230398
  3  Si  4.517975885927  6.365919832845  5.066271170707  -0.818611564236  -0.166789955281  -0.206174838761
  4  Si  1.494624805350  0.957721730724  5.088468397472  0.508161333126  -1.214715241267  -0.428579566974
  5  Si  7.686967632720  1.043276620300  5.132513956562  -0.751318704355  -2.348858605727  -0.487868794409
  6  Si  -0.084910898782  1.843303615152  7.627040361827  1.964673492961  0.966127876957  0.369274389031
  7  Si  2.942380900584  7.269105495415  7.595568693771  -0.300819343322  0.938899889153  0.294330087144
  8  Si  -3.247952414905  7.188561275857  7.556087696870  1.398144115655  2.405539528408  0.806143711691
  9  Si  4.477848285294  6.397669097105  10.162163444783  -1.167216384127  -0.157018800621  -0.226547571063
  10  Si  1.451006149312  0.986049139052  10.176436588010  0.083981042368  -0.798069848804  -0.124734107287
  11  Si  7.822142791543  0.905676262434  0.030096131442  -1.566086174684  -2.018975211540  0.080488087003
  12  Si  -1.635184547209  4.476316386148  2.506554342440  2.242856394784  0.975407662521  0.730069866310
  13  Si  1.481141152776  4.513095668837  2.523607475250  -0.383351086331  0.050050730556  -0.214064723996
  14  Si  -0.116067879998  7.174831519396  2.472867246795  -0.078688924171  1.386612714420  0.744003554783
  15  Si  6.110864101198  3.690064099984  5.108051238453  -1.124691758642  -0.679512150183  -0.099304097863
  16  Si  3.021368985769  3.648768268391  5.084750579225  -0.306849981726  0.420005573335  -0.246873636363
  17  Si  4.589158789290  0.992152722333  5.132023433303  0.217405746537  -1.370550124888  -1.017790606873
  18  Si  -1.673159546365  4.520259396851  7.583406455231  2.050646086154  1.302209850799  1.040778766875
  19  Si  1.432167189351  4.558013046781  7.603543777579  -0.017536912356  0.005383578664  0.083303802270
  20  Si  -0.156213122288  7.233701334400  7.568717789957  0.019138412557  1.183877895422  0.450158139882
  21  Si  6.222089757499  3.583179307797  0.000251009232  -1.057202306161  -0.880639690244  0.320749126915
  22  Si  2.970593689007  3.690765221449  10.173198900812  -0.193591240115  0.538161120868  0.016809924253
  23  Si  4.729540506316  0.877334808819  0.006837663008  -0.204036604781  -1.150470459201  -0.141545006159
  24  Si  3.058201594737  1.856664837911  2.558610622015  0.042691106705  -0.933347614358  -0.330868176147
  25  Si  6.137664094818  1.887376532668  2.575416908775  0.426326707287  -0.759891857326  -0.112044929152
  26  Si  4.567135388712  4.544512565902  2.554745332976  -0.114858468278  -0.091450251435  -0.213331337153
  27  Si  1.436127912257  6.327326550828  5.039412675848  -0.374042383672  0.488117175721  0.105716914884
  28  Si  -1.664734767101  6.284304586194  5.026320591631  0.257196220273  0.733209984772  -0.152657526313
  29  Si  -0.075561552800  3.610219285049  5.053439798682  0.048734343742  0.543634589310  0.151143646231
  30  Si  3.000819810112  1.883315582835  7.658081723577  0.311803219796  -0.452248879891  -0.606930396835
  31  Si  6.123651962243  1.935779316998  7.649571516842  -0.348867413080  -1.060153352290  0.187023232803
  32  Si  4.534623064216  4.583410764786  7.618350197042  -0.709655235090  0.149477851417  0.376711409433
  33  Si  1.392315718168  6.355352895412  10.132804403248  -0.367780710074  0.809127251224  0.043056634088
  34  Si  -1.713177999477  6.324612650323  10.105955092981  0.085175387014  0.710996342519  0.308668818174
  35  Si  -0.121151555457  3.658846023207  10.148273772873  -0.193301017896  0.325173586662  0.266079788109
  36  C  -0.057595664994  1.827026418278  4.439220034636  1.127834493473  0.396213350320  -0.206431354607
  37  C  2.961417300448  7.225888837544  4.421354873198  -0.054683608569  1.277790686391  0.567018743812
  38  C  -3.219057554659  7.161482868314  4.379204890317  0.734485980011  1.928291020018  0.452227578186
  39  C  4.512669692998  6.381612578051  6.967880019190  -1.674357691662  -0.845505292667  -0.640412901943
  40  C  1.488206735046  0.967045596802  6.991186435706  0.128923347138  -1.178490078058  0.268715567584
  41  C  7.696311970306  1.036845142794  7.037141894681  -2.036902408078  -2.269454237272  -0.983291112951
  42  C  -0.123061364276  1.859187440632  9.519721434410  1.819899946580  0.629784556884  -0.046505098118
  43  C  2.924347122386  7.258223451209  9.500335413957  -0.194050637255  1.248542981833  0.733916193001
  44  C  -3.272403563622  7.198567657396  9.461746216736  0.961311021662  1.977404359063  0.600163108229
  45  C  4.560852866484  6.326176793093  1.882841002219  -1.852376825546  -0.917428518254  -0.844717803614
  46  C  1.518704177871  0.925793533505  1.912458440414  0.764261831338  -1.354627498560  -0.215560312835
  47  C  7.730135479636  0.996816651727  1.965045512984  -1.608747401946  -2.502970696021  -1.248448004984
  48  C  -1.646358969979  4.487787647520  4.405793631178  1.270860187960  0.620011737394  0.209628470146
  49  C  1.443387807459  4.540317328576  4.420903102201  0.403195334858  -0.406285191003  0.240582543850
  50  C  -0.131397870259  7.215702762272  4.420797890676  -0.073509949010  0.967725116392  0.133524910931
  51  C  6.087855591731  3.716197902549  7.038566199247  -1.548127924758  -1.230032996287  -1.507023156662
  52  C  2.992729335332  3.662203700059  6.981109352341  0.190783654750  0.195690520374  0.346711784734
  53  C  4.589759896084  1.004257339652  7.009646485893  0.011258646837  -1.030510554269  0.507061610671
  54  C  -1.687984021133  4.517640712247  9.508030475804  1.275417009341  0.998511629698  -0.326924023905
  55  C  1.408546385700  4.568812576470  9.517665561110  0.174696780113  -0.261672835639  0.020979449063
  56  C  -0.168207485952  7.237172730387  9.498549714054  -0.235757068790  1.236438182879  0.289085960940
  57  C  6.145064919120  3.677688446797  1.934280500048  -2.124605769219  -1.652016220404  -1.212169981871
  58  C  3.034882393380  3.630911797445  1.901884093677  0.458679413680  -0.093473975357  -0.063375572285
  59  C  4.646037648649  0.953174616641  1.946561508397  -0.267907345041  -1.252423152711  -0.595288852501
  60  C  3.034666862430  1.872616204427  4.463321019127  0.131830441014  -0.461787111405  -0.084303832310
  61  C  6.134218751098  1.890737377331  4.479059302970  -0.307288827995  -0.170880177947  0.255754578042
  62  C  4.555739948145  4.580231808270  4.452229090586  -0.233443249277  -0.655242522746  0.256237200702
  63  C  1.421016268616  6.340041858018  6.966862375291  -0.083672320868  0.475560261212  -0.289484917153
  64  C  -1.676514423827  6.307120550136  6.935912912631  -0.104980256257  0.400360640659  0.124447250098
  65  C  -0.098251203387  3.647331134910  6.974997493907  0.024658969441  -0.148404646305  -0.017035740469
  66  C  2.984766012720  1.911716029323  9.550963042240  0.245251606394  -0.583170163651  0.086671983703
  67  C  6.105494354246  1.929927402900  9.559954693269  -0.311231730916  -0.220099011348  0.138701477796
  68  C  4.523779165507  4.603847625972  9.542281911136  -0.620632668724  -0.289733738230  -0.038883361421
  69  C  1.459174264598  6.305552210339  1.863217782361  0.272427165742  -0.020602939148  -0.095776278308
  70  C  -1.645517640602  6.238614138594  1.861371330218  0.303670707017  0.773432007518  -0.486258307615
  71  C  -0.061879636103  3.578211132493  1.885032160481  0.472956779717  0.478637694037  -0.095571492316


MDSTEP:  8
LATTICE_CONSTANT: 1.889726125458
LATTICE_VECTORS
  9.228241663977  0.000000000000  0.000000000000
  -4.819292307067  8.185577462779  0.000000000000
  -0.162819713413  0.155022312906  10.188429362232
VIRIAL (KBAR)
  57.058662076365  65.868322958308  27.209218661699
  65.868322958308  -63.476883090020  -20.253955316353
  27.209218661699  -20.253955316353  -3.203462114136
INDEX    LABEL    POSITIONS    FORCE (eV/Angstrom)
  0  Si  -0.036120965111  1.818174777527  2.527942591877  1.508419108263  0.385022281122  0.545470940064
  1  Si  2.988814838600  7.222684784443  2.514345803760  -0.447651643564  1.133440549141  0.126581879501
  2  Si  -3.218452768326  7.136023779538  2.459374372643  1.883514816837  2.635030288229  1.209419660211
  3  Si  4.514681606351  6.366804286464  5.069558976317  -0.692952923954  -0.134236005318  -0.450309812544
  4  Si  1.489887312890  0.958278435411  5.087832886803  0.556926758066  -1.109539869083  -0.600335004971
  5  Si  7.684077807018  1.037956076723  5.136822431913  -0.702957053040  -2.164529648323  -0.766845041834
  6  Si  -0.085477675715  1.844049320095  7.628392167677  1.738739817669  0.913281654384  0.277423188333
  7  Si  2.941966156369  7.273348894054  7.591112442239  -0.348518242291  0.792651718375  0.371689707530
  8  Si  -3.245682066128  7.194542134591  7.556933593248  1.159937885912  2.244094372426  0.787992303953
  9  Si  4.478082478958  6.400840385046  10.164431983685  -1.153994715926  -0.280936962212  -0.347170449942
  10  Si  1.447205227918  0.982797125775  10.175766583897  0.356291670121  -0.774338839614  -0.102317512207
  11  Si  7.825491033204  0.905603824582  0.035176533488  -1.705106547370  -2.041087300579  0.078660955869
  12  Si  -1.639078519401  4.478971344141  2.503066466645  2.373838683930  0.769259903427  0.861194259575
  13  Si  1.478804592463  4.518570672852  2.526887996127  -0.194973899943  -0.167090040674  -0.427865517215
  14  Si  -0.121092135724  7.169702628053  2.471299928520  0.066922160187  1.443296475682  0.797482003501
  15  Si  6.111143218399  3.687744682548  5.107831602187  -1.200364474121  -0.759731880413  -0.080337581590
  16  Si  3.020254153940  3.651735849801  5.078743042522  -0.210698814970  0.289152104518  -0.217058824472
  17  Si  4.583298009049  0.988042766999  5.135822890003  0.483205059383  -1.274511144379  -1.238925288604
  18  Si  -1.676796892050  4.525008678760  7.586916572346  2.184388383155  1.228794557506  0.976035978292
  19  Si  1.434539270632  4.556800997559  7.603799190430  0.024928301156  -0.032295195214  0.007589048150
  20  Si  -0.157633070277  7.235215378498  7.572272393723  0.014398519879  1.096751547328  0.407061653501
  21  Si  6.063004167807  3.736741674038  10.186660695008  -1.153224363759  -0.933822547368  0.305777679745
  22  Si  2.973526256859  3.691279198219  10.167243668553  -0.286420261992  0.427328937915  -0.012449252433
  23  Si  4.734881794062  0.881214797403  0.012436835241  -0.299185672118  -1.252999401031  -0.208945898029
  24  Si  3.060830709665  1.861773193771  2.552388496763  0.079581209828  -1.088497107675  -0.203268102361
  25  Si  6.132451090373  1.887058983080  2.573334984435  0.587257196465  -0.710543770658  0.038220781577
  26  Si  4.567701938636  4.549566240922  2.549300903933  0.005849269764  -0.313271046011  -0.097948721968
  27  Si  1.436833693993  6.332794862932  5.036589746044  -0.464243593235  0.350296659394  0.256234840314
  28  Si  -1.665814006865  6.279364262043  5.021559811592  0.186698034644  0.833903875809  0.016885952461
  29  Si  -0.079710846334  3.613742936500  5.053720487642  0.137264041409  0.504459103775  0.106898645396
  30  Si  3.003138684900  1.878919580634  7.653058306679  0.310542073626  -0.371483467125  -0.622385231154
  31  Si  6.122992820938  1.941422791231  7.649814452906  -0.402339587956  -1.153369728004  0.081391105194
  32  Si  4.537861103971  4.586317882428  7.612836395272  -0.777410162154  0.045627395349  0.450218930320
  33  Si  1.395861198391  6.357747020094  10.137602202534  -0.382218776018  0.672188262232  -0.196063280185
  34  Si  -1.709980105464  6.323436513237  10.110122149810  0.053422146291  0.770097481584  0.213666293951
  35  Si  -0.118006789974  3.658328867621  10.146218709862  -0.270352543051  0.346690525703  0.250792186067
  36  C  -0.064309769645  1.836715489836  4.434142025005  1.195172099492  0.198578678881  -0.048327260286
  37  C  2.954945783426  7.228156078419  4.415597835282  0.101654145272  1.237461016438  0.671036044854
  38  C  -3.219861576265  7.171892982122  4.374821751838  0.636369279893  1.731559933465  0.545031396334
  39  C  4.512136664691  6.374018277942  6.958315981994  -1.543067020309  -0.518352625046  -0.337989495121
  40  C  1.480066363304  0.971971639402  6.985273925210  0.265115766833  -1.251472172605  0.380413201170
  41  C  7.688474845294  1.030664412085  7.030004495723  -1.739878785795  -2.055260757292  -0.724139665581
  42  C  -0.118121312411  1.851254170293  9.527109175659  1.711673052658  0.814087297610  -0.244354108090
  43  C  2.928445816805  7.265807726425  9.502180222866  -0.231954421999  1.162394796682  0.697709690981
  44  C  -3.269468609302  7.202176974047  9.470717336443  0.916800887547  1.949849498934  0.445564818096
  45  C  4.558331684901  6.322965262460  1.880284065393  -1.847177400170  -0.808898243543  -0.800714430586
  46  C  1.524408444153  0.924016440133  1.910371956039  0.624530119307  -1.313644055317  -0.201085747382
  47  C  7.719615563439  0.997095241359  1.972775829330  -1.277014447559  -2.462092114408  -1.359726516854
  48  C  -1.651372459555  4.479775167532  4.414150589663  1.410251409128  0.863835103278  -0.105258951229
  49  C  1.442336644916  4.541698157121  4.412964082001  0.378034028423  -0.347165972681  0.397814142098
  50  C  -0.132475817614  7.219349151467  4.428051347523  -0.103752266662  0.867712732951  -0.035206082197
  51  C  6.088870446021  3.721283695003  7.030738385500  -1.515576416117  -1.341439284483  -1.349678243989
  52  C  2.998199301036  3.662507154696  6.975737221489  0.116089279434  0.165147043446  0.383324985801
  53  C  4.593105002306  0.998424609787  7.001578731808  -0.045198451501  -0.951986098037  0.727739734730
  54  C  -1.691773903407  4.525006381805  9.510719372881  1.400387435368  0.805870546566  -0.409892482940
  55  C  1.402955546138  4.564727032085  9.508753633228  0.362473149673  -0.156472330640  0.194378294056
  56  C  -0.166600670054  7.229975213900  9.498569991855  -0.213544398775  1.345224574943  0.371064369371
  57  C  6.152646830576  3.668348760877  1.925978307490  -2.304808418864  -1.467279809560  -1.117232385306
  58  C  3.043866935882  3.626195463915  1.895399941001  0.245184136779  0.113483625918  0.021010726285
  59  C  4.653221336187  0.955557983205  1.950763011141  -0.486329390665  -1.374524422483  -0.716511828891
  60  C  3.043445125196  1.865210053634  4.461396263521  -0.118736942839  -0.261489459386  -0.095922261965
  61  C  6.140384716559  1.895229135959  4.474075860989  -0.527368793979  -0.341705240223  0.396511660262
  62  C  4.564753768238  4.580245437982  4.456798036143  -0.416229901366  -0.591076801112  0.036641233633
  63  C  1.415094008959  6.334894187166  6.975393769959  0.052331912908  0.610886501078  -0.489104017006
  64  C  -1.681523135880  6.306503781547  6.941934635005  -0.025717738688  0.496936300720  -0.023208148282
  65  C  -0.090798512889  3.649948109187  6.967624476433  -0.197641822326  -0.187826549080  0.185225857954
  66  C  2.992872870929  1.906374209696  9.544888322385  0.085490359699  -0.539835456042  0.176992183484
  67  C  6.103536493351  1.924760119108  9.555314904850  -0.133653313732  -0.100656382020  0.197708535104
  68  C  4.523650057937  4.597834741188  9.542263967154  -0.558645724878  -0.081155023977  -0.115726656190
  69  C  1.462735060819  6.297748674945  1.857137838353  0.166092921624  0.169319253115  0.061549409872
  70  C  -1.646657788394  6.230715074878  1.857348260169  0.249193544647  0.955750575737  -0.375182340326
  71  C  -0.055335084013  3.585893816029  1.876546215117  0.349940266417  0.345151577951  0.065081864138


MDSTEP:  9
LATTICE_CONSTANT: 1.889726125458
LATTICE_VECTORS
  9.228241663977  0.000000000000  0.000000000000
  -4.819292307067  8.185577462779  0.000000000000
  -0.162819713413  0.155022312906  10.188429362232
VIRIAL (KBAR)
  56.013089149099  64.996488775850  26.420046176015
  64.996488775850  -63.678413428422  -20.322447507976
  26.420046176015  -20.322447507976  -2.539313043453
INDEX    LABEL    POSITIONS    FORCE (eV/Angstrom)
  0  Si  -0.041478978580  1.823251850726  2.529201064192  1.551639266233  0.259600988395  0.496875726647
  1  Si  2.992382541121  7.217381286299  2.518162209888  -0.471725471482  1.187870115408  0.024113334642
  2  Si  -3.214531576497  7.134359928816  2.456352306717  1.786383549248  2.605475619239  1.335034759773
  3  Si  4.515289107860  6.362813857653  5.074430372881  -0.760743007216  -0.175421313696  -0.577065311522
  4  Si  1.492350679601  0.952910212004  5.082699351434  0.515971702419  -1.035688669972  -0.469037385857
  5  Si  7.688381736565  1.037591312824  5.134709399972  -0.883922983418  -2.264184797193  -0.743883672922
  6  Si  -0.090203155693  1.838443089736  7.629165156187  1.817590423102  0.983301132196  0.285715310259
  7  Si  2.943089239275  7.276587134012  7.593046188792  -0.313114365266  0.770819408187  0.210661213916
  8  Si  -3.241668843765  7.190757850781  7.559627520777  1.068170792134  2.385509799941  0.796628108595
  9  Si  4.472212346544  6.407042116052  10.165266836906  -1.004194060461  -0.383420706498  -0.423085330729
  10  Si  1.442548621417  0.976396753339  10.175073985675  0.603342239026  -0.663730984621  -0.077768193440
  11  Si  7.827753686087  0.909046126042  0.035409591219  -1.921737065064  -2.063267019038  0.164055108767
  12  Si  -1.638198006614  4.480096878314  2.507555623222  2.069923598701  0.577795282046  0.632430199018
  13  Si  1.481921407808  4.513663720313  2.520433617496  -0.164846891982  -0.000863567374  -0.307607041659
  14  Si  -0.119415617282  7.174177325284  2.466835840509  -0.026256944746  1.371521938287  0.879150952410
  15  Si  6.114013441911  3.689451594085  5.110001165841  -1.253659483724  -0.869919539742  -0.168944763724
  16  Si  3.015058420113  3.655036653115  5.081502020040  0.036304943438  0.292864121618  -0.232194777706
  17  Si  4.585574714374  0.985492823632  5.134640364871  0.419673724998  -1.222787387581  -1.216327789744
  18  Si  -1.678686066123  4.520377098249  7.588496124653  2.073692507339  1.268321924359  0.901203036467
  19  Si  1.440887804721  4.552818862268  7.604787911727  -0.115111496814  0.027196009836  -0.005086259037
  20  Si  -0.156890400826  7.233398484439  7.573820372138  -0.040596626379  1.125371953480  0.395061009736
  21  Si  6.056131886441  3.730519249528  10.185761019165  -1.068495827751  -0.733346589985  0.306246005149
  22  Si  2.973714167494  3.692145750420  10.173652293602  -0.231524914529  0.417019535250  -0.284068849135
  23  Si  4.732702244972  0.878131505646  0.007372035345  -0.356741114091  -1.187451779293  -0.062693846817
  24  Si  3.059030268146  1.866956313685  2.557860873973  0.077700508845  -1.152936002288  -0.347595670988
  25  Si  6.132643368619  1.889098183428  2.574301869996  0.381535005711  -0.758836000940  0.116199907144
  26  Si  4.563335269342  4.553174944243  2.546866104885  0.144454551668  -0.431219417238  -0.046099755310
  27  Si  1.441695442907  6.332185864825  5.038720907085  -0.604882194532  0.431484625343  0.196751975050
  28  Si  -1.668041894312  6.282838160985  5.025111385296  0.181423893182  0.851606840413  -0.022546981135
  29  Si  -0.074155109038  3.616887255790  5.059888314436  -0.005986694696  0.446974422723  -0.016101781733
  30  Si  3.003183695643  1.875944325279  7.650225540090  0.319310948908  -0.287819415523  -0.519815580175
  31  Si  6.117644686785  1.938259196541  7.647878224269  -0.441530073628  -0.991452722257  0.091774358122
  32  Si  4.537935760266  4.590408879296  7.618302990779  -0.858372435995  -0.109383545901  0.342134886590
  33  Si  1.395928153714  6.353420135723  10.133637572468  -0.384611712440  0.863428146543  -0.053490539087
  34  Si  -1.708200134157  6.323871853726  10.105298981497  -0.058044850285  0.596178827303  0.371848272643
  35  Si  -0.117352211013  3.652052905603  10.150247971607  -0.253969580302  0.589334743834  0.012632417098
  36  C  -0.070773900517  1.830441337646  4.435789937501  1.465299130200  0.462463350512  -0.105853789821
  37  C  2.953957141449  7.220369035323  4.406682735090  0.217494876213  1.279221466193  0.930790230187
  38  C  -3.227322055814  7.171023635205  4.380705053212  0.801428205542  1.805573899146  0.415437013523
  39  C  4.518373031523  6.369739341816  6.958007429917  -1.698353245887  -0.387557049853  -0.264954940328
  40  C  1.487104962156  0.977035089119  6.991213653814  0.024894856090  -1.400377267937  0.187292886178
  41  C  7.679872459606  1.037141097635  7.020799631624  -1.564562323274  -2.165397268115  -0.532093232657
  42  C  -0.116928949479  1.850532766834  9.534547085941  1.717671793298  0.802996683956  -0.422034381173
  43  C  2.926173915891  7.275694913172  9.493379743746  -0.227495903947  1.077123933903  0.915836875624
  44  C  -3.266751571774  7.205364876107  9.472001063713  0.773562580046  1.889485951735  0.486524502797
  45  C  4.561366462571  6.315054394586  1.880813302796  -1.889273935455  -0.561768164065  -0.854007260513
  46  C  1.525432708005  0.918301500970  1.914974823871  0.525067798143  -1.200717067033  -0.247207402496
  47  C  7.710773420446  0.999413060081  1.977692464004  -1.061739565514  -2.472504750591  -1.457386901771
  48  C  -1.657484434258  4.486818664649  4.407789009400  1.650287303767  0.730392120109  0.109514713858
  49  C  1.450866572191  4.545219155896  4.413169700621  0.192930372244  -0.449342250861  0.336533100990
  50  C  -0.134395571647  7.220646084475  4.423952268152  -0.051711186317  0.825484730096  0.087862857959
  51  C  6.081425086900  3.723626887861  7.023685456436  -1.356799565974  -1.367771254713  -1.179267197679
  52  C  2.993467129852  3.655852346617  6.978726677107  0.266183536774  0.321403267692  0.306945335067
  53  C  4.585851853040  0.998812446385  7.003772668572  0.058557272797  -1.029424756575  0.647542278328
  54  C  -1.697201141135  4.518761266030  9.503595398652  1.470384587677  0.830220336226  -0.216054626450
  55  C  1.407645962155  4.572253104283  9.504879616421  0.244038327226  -0.399175256324  0.319079209479
  56  C  -0.171226132169  7.229204568306  9.500203845281  -0.070511744622  1.352559659176  0.346142100342
  57  C  6.141080225934  3.667528118079  1.920686620439  -1.893582395441  -1.346250901081  -0.944501990251
  58  C  3.050383288305  3.629425436172  1.887346568847  0.067996799278  0.041123352028  0.197673593026
  59  C  4.642847417224  0.955793261172  1.955942677627  -0.287229131015  -1.357595968728  -0.819738800013
  60  C  3.043278163741  1.874528647922  4.457648730961  -0.117930067967  -0.413139651013  0.028391531979
  61  C  6.145844316247  1.888229790730  4.484170301362  -0.596891995272  -0.176999348132  0.181681259298
  62  C  4.574359540241  4.578245960368  4.449790301829  -0.650881526609  -0.585680542342  0.179605272243
  63  C  1.417732091764  6.336669030719  6.979141890851  0.049738321496  0.536229171666  -0.546954741688
  64  C  -1.687364029072  6.311660524960  6.949190152153  0.170123252324  0.305991591344  -0.137621971453
  65  C  -0.093546602349  3.648928400008  6.972673581534  -0.121662319445  -0.164978920994  0.151114102846
  66  C  2.996347677516  1.910643425031  9.538053922690  -0.067142896810  -0.632895994113  0.338489885124
  67  C  6.098145418686  1.929692611400  9.558880796847  -0.021998729433  -0.286194956842  0.059998376338
  68  C  4.523548993893  4.599076677062  9.538691268173  -0.619738313409  -0.005618100324  -0.006104040572
  69  C  1.465171550654  6.299234187880  1.865072606316  0.169279596230  0.110002002493  -0.192230903661
  70  C  -1.648424913687  6.222735138508  1.864435232805  0.360110266657  1.140900104004  -0.588856608712
  71  C  -0.050666140029  3.593332236100  1.867236388152  0.245406110243  0.172271874099  0.303310612745


MDSTEP:  10
LATTICE_CONSTANT: 1.889726125458
LATTICE_VECTORS
  9.228241663977  0.000000000000  0.000000000000
  -4.819292307067  8.185577462779  0.000000000000
  -0.162819713413  0.155022312906  10.188429362232
VIRIAL (KBAR)
  52.799680542029  63.569639333936  26.731252077057
  63.569639333936  -62.414997046863  -20.577627374864
  26.731252077057  -20.577627374864  -1.621493634992
INDEX    LABEL    POSITIONS    FORCE (eV/Angstrom)
  0  Si  -0.038082172555  1.828237664078  2.528775814884  1.293761838502  0.210871148537  0.533478368266
  1  Si  2.997152342187  7.217544465046  2.511525101101  -0.639897345276  1.193268295061  0.142921145446
  2  Si  -3.213058365486  7.137920402287  2.460396060347  1.739338731365  2.540909054489  1.311617892488
  3  Si  4.513983151231  6.356688957032  5.070277871865  -0.710964323144  -0.000168422256  -0.516853505216
  4  Si  1.487936434402  0.955785035661  5.088776620319  0.601510520477  -1.047672556993  -0.651746034089
  5  Si  7.685596608129  1.043325664678  5.137223572579  -0.677701231689  -2.400528155185  -0.802053628949
  6  Si  -0.082764269487  1.838595630285  7.625999528272  1.508046033872  0.812069703083  0.205779355340
  7  Si  2.940449924648  7.271322386478  7.597726776129  -0.092915752436  0.810975108700  0.166868851842
  8  Si  -3.245314782496  7.191624475916  7.565393782239  1.174313679809  2.335005648359  0.614427850117
  9  Si  4.466029373164  6.403055928922  10.168631757503  -0.751552429280  -0.159311546370  -0.461447101634
  10  Si  1.437377085176  0.982116108600  10.176516069542  0.718768170010  -0.718944405171  -0.017568851843
  11  Si  7.828056813773  0.912278437957  0.029751744408  -1.898258578523  -2.182352162234  0.287403798760
  12  Si  -1.636230850054  4.478157926158  2.511662152461  1.960062575727  0.658209799326  0.395235260166
  13  Si  1.479767823534  4.517419463666  2.525090662035  -0.116940341933  -0.130498114049  -0.487467292684
  14  Si  -0.118537743541  7.180751139682  2.468193126549  0.115713108513  1.239379380679  0.834807783681
  15  Si  6.113769952632  3.685835810650  5.110572490191  -1.298802345771  -0.731169028982  -0.249357340444
  16  Si  3.011089728766  3.651696701184  5.074928247525  0.004035587428  0.505963910971  -0.050688791073
  17  Si  4.585412041318  0.986038526357  5.129137033339  0.484415134273  -1.230978835569  -1.107424232251
  18  Si  -1.680610387926  4.524703806504  7.590705452436  2.154253500107  1.164981094006  0.766610191566
  19  Si  1.436766009711  4.557819297475  7.609769519929  -0.048077817279  -0.219848413502  -0.037501063777
  20  Si  -0.150538228421  7.240335479795  7.577948730435  -0.183862040414  0.974606435283  0.318150150343
  21  Si  6.056661630173  3.730842924781  10.186861909345  -1.098866487426  -0.810070115059  0.246555233006
  22  Si  2.975755340431  3.687182573147  10.179351028205  -0.339499396879  0.533462532028  -0.348826188931
  23  Si  4.731651562169  0.877458262687  0.009964765131  -0.313441840422  -1.201914732927  -0.140298216455
  24  Si  3.055953461042  1.860243725140  2.559520260672  0.230019014688  -0.985572405157  -0.383453646138
  25  Si  6.137664296790  1.889646286493  2.579741765073  0.242264053798  -0.743035254512  -0.144943874773
  26  Si  4.561966016403  4.556792532903  2.541871580127  0.088400975521  -0.596164601799  0.061590491651
  27  Si  1.440512852366  6.328854884660  5.041713698986  -0.452398819819  0.585482646718  0.116254249364
  28  Si  -1.667101719368  6.283952877088  5.024981719736  0.093381595264  0.777992988300  -0.066276818223
  29  Si  -0.078317694175  3.620718810392  5.057813857570  0.088653191183  0.445139894417  0.004151683464
  30  Si  2.997178123571  1.878951465103  7.647590312993  0.358834780791  -0.429901726992  -0.432091973555
  31  Si  6.122308463651  1.934983329989  7.652966819316  -0.475671111816  -0.904645593858  -0.073773633460
  32  Si  4.536513914650  4.596494855508  7.625309250930  -0.856103033194  -0.382606192991  0.170765479226
  33  Si  1.393527295356  6.351974095741  10.133304521810  -0.344959599418  0.960422892512  0.159201743709
  34  Si  -1.714812630906  6.326168597693  10.105733651915  0.158074898318  0.565860583911  0.432630367324
  35  Si  -0.115315117302  3.652299053536  10.144429935868  -0.294256823829  0.675770621990  0.110411333842
  36  C  -0.068700399297  1.839319300257  4.443169338984  1.386563434146  0.328359405691  -0.263987952016
  37  C  2.958024487627  7.217803189907  4.398965336124  0.093855785143  1.292426699807  1.071647827060
  38  C  -3.228921921959  7.180832297049  4.384440181003  0.818414379734  1.675734615853  0.403034772288
  39  C  4.525187972108  6.360814877430  6.956210840335  -1.884149225597  -0.227288303112  -0.203890865603
  40  C  1.481531189755  0.968555237785  6.983920568991  0.172434988876  -1.296357225057  0.419264317063
  41  C  7.679874637678  1.024800892200  7.019049569740  -1.430479863491  -1.948349674934  -0.379399388237
  42  C  -0.117166491414  1.849463153981  9.531639883768  1.773739939368  0.886620934984  -0.462060830832
  43  C  2.924298302008  7.281985637877  9.499491809115  -0.195699356511  0.997060621457  0.854118369230
  44  C  -3.257694877284  7.212836559811  9.470357781504  0.336339034435  1.745756909631  0.668827455086
  45  C  4.558144077496  6.313196058477  1.888769291839  -1.672983933988  -0.424956561556  -1.046119686109
  46  C  1.525855878186  0.927435640036  1.921315390183  0.448390853256  -1.364493882402  -0.382201298412
  47  C  7.706776999238  1.000808861716  1.968858098794  -0.777777227233  -2.392504390697  -1.312063596537
  48  C  -1.657158041968  4.477934385713  4.397962246903  1.536520890964  0.927221977798  0.370793360649
  49  C  1.442814331148  4.554175759839  4.405521498647  0.287198543291  -0.674711851513  0.565758286464
  50  C  -0.133618752458  7.214423663796  4.419358721524  -0.058412429609  0.960484117084  0.212641545082
  51  C  6.084319312312  3.727510942919  7.018082620979  -1.469574033795  -1.502338335244  -1.007783690896
  52  C  2.985733150175  3.648866635737  6.983212393055  0.364310192233  0.535981243909  0.169033509640
  53  C  4.585992238737  0.999658072562  7.003348119723  0.072861219763  -0.994628858262  0.621380685061
  54  C  -1.701159589212  4.518926712874  9.497821629792  1.519789872043  0.859885698538  -0.094911626125
  55  C  1.411277602065  4.580335583119  9.508737992860  0.188667464958  -0.606946128599  0.257812467900
  56  C  -0.169814485208  7.228086276139  9.503573313554  -0.149077629315  1.375863297967  0.318269949965
  57  C  6.136957204694  3.671707665423  1.915791955808  -1.738936445431  -1.363648462314  -0.828941222390
  58  C  3.050781714492  3.623110843878  1.884507745899  0.026152468815  0.120394234545  0.348185803941
  59  C  4.643655083247  0.950757175812  1.950994791759  -0.241168701554  -1.229248251107  -0.632476788398
  60  C  3.046912619378  1.881678942394  4.457105947718  -0.223004208634  -0.629763973417  0.023497334263
  61  C  6.155039222645  1.888944599036  4.478124120758  -0.830716134633  -0.196386259171  0.314978121814
  62  C  4.568246223104  4.581293997100  4.447107888995  -0.509934901361  -0.759411266213  0.163597981505
  63  C  1.427030064151  6.330102320080  6.988157729612  -0.179288794672  0.680289933551  -0.721002111658
  64  C  -1.689523406856  6.310378575827  6.947424003735  0.320263821647  0.426727616853  -0.060990446080
  65  C  -0.090931252286  3.640094386972  6.968933184268  -0.208550776965  0.084860581804  0.254065132554
  66  C  2.991999549253  1.913511152255  9.542868564371  -0.000911907642  -0.714513910922  0.196676585042
  67  C  6.107534296759  1.919627621669  9.558123392940  -0.278738801335  -0.051584001626  0.092151718392
  68  C  4.517712432202  4.600190212571  9.542142468654  -0.484660535365  -0.067182037269  -0.008581545690
  69  C  1.467580529192  6.290869669243  1.875038103141  0.138539136316  0.338283089121  -0.432280217992
  70  C  -1.639542691177  6.229537269581  1.870954957943  0.136491956718  1.002985195525  -0.674276341297
  71  C  -0.053050982519  3.598421323176  1.864720459060  0.293852854322  0.090387724537  0.278143349169


