0.000000000000000000e+00 1.813021610798463946e-04
2.506465434793508962e+02 1.796193290115139722e-04
5.012930869587017924e+02 1.746276249344512271e-04
7.519396304380526317e+02 1.664951377850108966e-04
1.002586173917403585e+03 1.554944912590266483e-04
1.253232717396754424e+03 1.419919034225918658e-04
1.503879260876105263e+03 1.264325465739768320e-04
1.754525804355456103e+03 1.093228462702485880e-04
2.005172347834807169e+03 9.121048942071875785e-05
2.255818891314157554e+03 7.266300707008649222e-05
2.506465434793508848e+03 5.424585368289736921e-05
2.757111978272860142e+03 3.650091900149288551e-05
3.007758521752210527e+03 1.992638046128723955e-05
3.258405065231561821e+03 4.958735277011439622e-06
3.509051608710912205e+03 -8.042254867177464341e-06
3.759698152190263500e+03 -1.880511188127108354e-05
4.010344695669614339e+03 -2.715425117121869904e-05
4.260991239148965178e+03 -3.301340380846544290e-05
4.511637782628315108e+03 -3.640479177581395240e-05
4.762284326107666857e+03 -3.744418757743100750e-05
5.012930869587017696e+03 -3.633217122515288198e-05
5.263577413066368536e+03 -3.334206222918634953e-05
5.514223956545720284e+03 -2.880514427218238251e-05
5.764870500025070214e+03 -2.309390952054479624e-05
6.015517043504421054e+03 -1.660412334638456457e-05
6.266163586983771893e+03 -9.736545659247301864e-06
6.516810130463123642e+03 -2.879141003961841352e-06
6.767456673942473572e+03 3.609433109766702298e-06
7.018103217421824411e+03 9.414348864353793830e-06
7.268749760901176160e+03 1.427654133425967387e-05
7.519396304380526999e+03 1.800158798382302028e-05
7.770042847859877838e+03 2.046522532839878028e-05
8.020689391339228678e+03 2.161535989400659348e-05
8.271335934818578608e+03 2.147059987135141359e-05
8.521982478297930356e+03 2.011549793010586202e-05
8.772629021777280286e+03 1.769284674348329845e-05
9.023275565256630216e+03 1.439349983767887199e-05
9.273922108735983784e+03 1.044429548679610852e-05
9.524568652215333714e+03 6.094735952360685515e-06
9.775215195694685463e+03 1.603115422188351528e-06
1.002586173917403539e+04 -2.777203761805211382e-06
1.027650828265338532e+04 -6.810695146343833372e-06
1.052715482613273707e+04 -1.029114144946008239e-05
1.077780136961208882e+04 -1.305115504590505042e-05
1.102844791309144057e+04 -1.496933617112337713e-05
1.127909445657078868e+04 -1.597478937330965091e-05
1.152974100005014043e+04 -1.604885936515674309e-05
1.178038754352949218e+04 -1.522409140644692764e-05
1.203103408700884211e+04 -1.358056140551962561e-05
1.228168063048819386e+04 -1.123985011827172759e-05
1.253232717396754379e+04 -8.357047883943348154e-06
1.278297371744689553e+04 -5.111265987639229563e-06
1.303362026092624728e+04 -1.695193934195003612e-06
1.328426680440559903e+04 1.695723972015704258e-06
1.353491334788494714e+04 4.873915423364005399e-06
1.378555989136429889e+04 7.669558771773136798e-06
1.403620643484364882e+04 9.939215626578308562e-06
1.428685297832300057e+04 1.157279745994770680e-05
1.453749952180235232e+04 1.249854419089990248e-05
1.478814606528170225e+04 1.268580504507536490e-05
1.503879260876105400e+04 1.214553263467471639e-05
1.528943915224040211e+04 1.092852374982703632e-05
1.554008569571975568e+04 9.121558398324818619e-06
1.579073223919910561e+04 6.841696124897755809e-06
1.604137878267845736e+04 4.229080191103601996e-06
1.629202532615780729e+04 1.438671335364409644e-06
1.654267186963715722e+04 -1.368619765081614513e-06
1.679331841311651078e+04 -4.034910570542855072e-06
1.704396495659586071e+04 -6.413949306517712084e-06
1.729461150007521428e+04 -8.378886592097341881e-06
1.754525804355456057e+04 -9.828814539270483175e-06
1.779590458703391414e+04 -1.069374611510090649e-05
1.804655113051326043e+04 -1.093779788568969189e-05
1.829719767399261764e+04 -1.056044052432870953e-05
1.854784421747196757e+04 -9.595788102923896029e-06
1.879849076095131750e+04 -8.110003437234833044e-06
1.904913730443066743e+04 -6.196996975404481799e-06
1.929978384791001736e+04 -3.972685665471135903e-06
1.955043039138937093e+04 -1.568151348931799759e-06
1.980107693486872085e+04 8.779081484976896760e-07
2.005172347834807078e+04 3.227010483031721166e-06
2.030237002182742435e+04 5.348569895236596292e-06
2.055301656530677064e+04 7.127010337238805934e-06
2.080366310878612421e+04 8.467930635624153291e-06
2.105430965226547414e+04 9.302999289873063095e-06
2.130495619574482407e+04 9.593330678858157687e-06
2.155560273922417764e+04 9.331180978645732969e-06
2.180624928270352757e+04 8.539896150769528562e-06
2.205689582618288114e+04 7.272140766703219538e-06
2.230754236966223107e+04 5.606529955704002064e-06
2.255818891314157736e+04 3.642872383395962251e-06
2.280883545662093093e+04 1.496305356915537079e-06
2.305948200010028086e+04 -7.093398983818425832e-07
2.331012854357963442e+04 -2.848566924086419816e-06
2.356077508705898435e+04 -4.801243939252652266e-06
2.381142163053833065e+04 -6.459246994367523289e-06
2.406206817401768421e+04 -7.732354263645520073e-06
2.431271471749703414e+04 -8.553074730657228881e-06
2.456336126097638771e+04 -8.880156690016049084e-06
2.481400780445573764e+04 -8.700596904647049277e-06
2.506465434793508757e+04 -8.030055682993426030e-06
2.531530089141444114e+04 -6.911671884911838070e-06
2.556594743489379107e+04 -5.413360050226739972e-06
2.581659397837314100e+04 -3.623754666188334830e-06
2.606724052185249457e+04 -1.647039579647232240e-06
2.631788706533184450e+04 4.030401801493926359e-07
2.656853360881119806e+04 2.409644489149199455e-06
2.681918015229054436e+04 4.259419057021109147e-06
2.706982669576989429e+04 5.848824882374916330e-06
2.732047323924924785e+04 7.089866838759769776e-06
2.757111978272859778e+04 7.914907995846710769e-06
2.782176632620795135e+04 8.280309249187654363e-06
2.807241286968729764e+04 8.168700745811890271e-06
2.832305941316664757e+04 7.589768687645496038e-06
2.857370595664600114e+04 6.579524075287720624e-06
2.882435250012535107e+04 5.198104231780732331e-06
2.907499904360470464e+04 3.526238887482431362e-06
2.932564558708405093e+04 1.660585790196331805e-06
2.957629213056340450e+04 -2.917977444943140561e-07
2.982693867404275807e+04 -2.219534520019607497e-06
3.007758521752210800e+04 -4.013216666227551234e-06
3.032823176100145793e+04 -5.571552771103713293e-06
3.057887830448080422e+04 -6.807030927073938633e-06
3.082952484796016142e+04 -7.650784119361735765e-06
3.108017139143951135e+04 -8.056390026067426034e-06
3.133081793491886128e+04 -8.002397565105948772e-06
3.158146447839821121e+04 -7.493444038505220412e-06
3.183211102187756478e+04 -6.559905511757450588e-06
3.208275756535691471e+04 -5.256104761413411551e-06
3.233340410883626828e+04 -3.657181218510828795e-06
3.258405065231561457e+04 -1.854801420244334570e-06
3.283469719579496450e+04 4.804750938099420223e-08
3.308534373927431443e+04 1.942888401151344696e-06
3.333599028275367164e+04 3.721881558481486257e-06
3.358663682623302157e+04 5.283906287142323527e-06
3.383728336971236422e+04 6.540256579571632909e-06
3.408792991319172143e+04 7.419633028858355269e-06
3.433857645667107136e+04 7.872152571188545928e-06
