ATOMIC_SPECIES
Si 28.085 Si_ONCV_PBE-1.0.upf
C 12.011 C_ONCV_PBE-1.0.upf

LATTICE_CONSTANT
1.8897261254578281

LATTICE_VECTORS
9.16205933611142 0.0 0.0 
-4.748396394050601 7.863597388949209 0.0 
-0.13636910298620228 0.24728815844549207 10.066582373896603 

ATOMIC_POSITIONS
Cartesian    # Cartesian(Unit is LATTICE_CONSTANT)
Si
0.0
36
-0.031380247964 1.812629000671 2.496351270985 1 1 1
2.979254568776 7.160011765570 2.461141241944 1 1 1
-3.146617857522 7.088137865703 2.410402320473 1 1 1
4.503965525236 6.325146017597 4.978956385689 1 1 1
1.484407667113 0.962576194186 5.037459367787 1 1 1
7.634332373134 1.028982270019 5.071618940085 1 1 1
-0.068020889468 1.858782262712 7.546118330217 1 1 1
2.935108621334 7.207857483314 7.486290432418 1 1 1
-3.191789675147 7.163117218618 7.449371361600 1 1 1
4.460865570441 6.374127753851 10.028216474292 1 1 1
1.464874628806 1.032637443329 10.069641099501 1 1 1
7.595768190484 1.090604860190 10.104120114413 1 1 1
-1.603957695321 4.439214202515 2.455284501837 1 1 1
1.464103400984 4.493539875666 2.478603486233 1 1 1
-0.085209486429 7.121397817855 2.436046383457 1 1 1
6.065542339843 3.681702054268 5.044707510022 1 1 1
2.988200322704 3.639281494212 5.014296902742 1 1 1
4.561894366273 1.000335873261 5.047366919654 1 1 1
-1.634571189343 4.502393965940 7.461104466155 1 1 1
1.445322329432 4.546427004434 7.509748057719 1 1 1
-0.116751317676 7.180414901821 7.454462073884 1 1 1
6.030150533063 3.733536053193 10.070325829517 1 1 1
2.966508606750 3.702165609210 10.045213026250 1 1 1
4.535038148539 1.060569033503 10.075711099378 1 1 1
3.037833181302 1.831548998190 2.505199360535 1 1 1
6.092716112348 1.859291109974 2.530383658546 1 1 1
4.528174710755 4.512115096659 2.499971590993 1 1 1
1.437875524006 6.285543844943 4.964038622273 1 1 1
-1.620268748608 6.260571416383 4.937673473663 1 1 1
-0.077313190925 3.611338534786 4.991495086212 1 1 1
2.997567907756 1.896052820627 7.554775377401 1 1 1
6.085340262652 1.930580613858 7.573498831270 1 1 1
4.499066633713 4.569476222846 7.539421636211 1 1 1
1.396981057008 6.347592878464 9.998545041894 1 1 1
-1.663848829675 6.309697506075 9.996313064108 1 1 1
-0.102414994584 3.663323114767 10.009222767076 1 1 1
C
0.0
36
-0.052839833601 1.821785270231 4.382490540918 1 1 1
2.962589702030 7.184209719633 4.357262727679 1 1 1
-3.164601525018 7.119387599127 4.309423131808 1 1 1
4.500799003418 6.323440729216 6.886311546492 1 1 1
1.474502883898 0.982150728161 6.922492553376 1 1 1
7.607934404621 1.052035215375 6.980337717818 1 1 1
-0.086721624744 1.899134471232 9.421208934367 1 1 1
2.919408359811 7.224584407344 9.369123473168 1 1 1
-3.205188170760 7.171899797308 9.334396995955 1 1 1
4.520645722552 6.273925866984 1.860336130436 1 1 1
1.510525125896 0.929617007811 1.873131905451 1 1 1
7.665260732913 1.004518167818 1.941179271976 1 1 1
-1.620378290163 4.460251763945 4.342428140295 1 1 1
1.464094939565 4.491198523923 4.364060513776 1 1 1
-0.096682049053 7.146608301573 4.321708553153 1 1 1
6.056729605068 3.692719538626 6.922543126842 1 1 1
2.980071687809 3.668460807840 6.896495853678 1 1 1
4.569143285034 1.030046777919 6.950259227822 1 1 1
-1.641660889722 4.532012308924 9.384806178774 1 1 1
1.426748982205 4.562585150294 9.388560801418 1 1 1
-0.145581101996 7.223890099516 9.346295653561 1 1 1
6.082188866457 3.628067403085 1.892337060393 1 1 1
3.022995764532 3.592425507346 1.875961586159 1 1 1
4.574193608492 0.946732363035 1.895322800517 1 1 1
3.017956214703 1.870986841769 4.404815406148 1 1 1
6.088834343539 1.889813375292 4.424389385063 1 1 1
4.538487610134 4.531556140208 4.387074512478 1 1 1
1.439825102527 6.301313598221 6.857157377814 1 1 1
-1.652027285782 6.257832909750 6.837225229084 1 1 1
-0.088091808680 3.627653341501 6.880535938651 1 1 1
2.973910799164 1.912757347599 9.446757635147 1 1 1
6.047241271961 1.957575921209 9.461735871676 1 1 1
4.498355170291 4.606890611162 9.420907611663 1 1 1
1.449295253987 6.228192805877 1.830930197205 1 1 1
-1.602907620998 6.208890958689 1.820542771645 1 1 1
-0.030570493179 3.564666622421 1.855186177200 1 1 1

NUMERICAL_ORBITAL
Si_gga_9au_100Ry_3s3p2d.orb
C_gga_9au_100Ry_3s3p2d.orb
