MDSTEP:  0
LATTICE_CONSTANT: 1.889726125458
LATTICE_VECTORS
  8.832094162881  0.000000000000  0.000000000000
  -0.029825078166  8.652147999487  0.000000000000
  -0.168294061558  0.033594276370  8.999008524234
VIRIAL (KBAR)
  -6.173452007841  24.955073300696  22.422401498309
  24.955073300696  17.741664067180  -8.001423560761
  22.422401498309  -8.001423560761  -64.174031266871
INDEX    LABEL    POSITIONS    FORCE (eV/Angstrom)
  0  Si  3.293160614393  1.130822059233  3.360439688815  0.096621657903  0.541233815187  -0.234343119202
  1  Si  3.250766155405  1.127778260192  7.794473048289  -0.556352400208  1.000781757320  1.629637776532
  2  Si  3.285403857654  5.559613724166  3.352858409743  -0.048090010939  0.264553479091  -0.144488327547
  3  Si  3.232816236074  5.566209495391  7.778990715205  -0.382683113384  0.449533180775  1.719102308358
  4  Si  7.732961125274  1.139149833724  3.398481980794  -0.326946266580  0.611777599542  -0.178350055589
  5  Si  7.688843489563  1.130691035505  7.834072966101  -0.789776008898  1.048603561443  1.615241111243
  6  Si  7.719559186087  5.557580825188  3.391028578810  -0.098261012905  0.344218584831  -0.161512368778
  7  Si  7.677429467515  5.575582933828  7.820167573866  -0.653178488710  0.472407159651  1.625833505295
  8  Si  3.313179580103  3.337088475609  1.139350011877  -0.044284006940  0.074433646065  -0.583292837940
  9  Si  3.259609298043  3.356419620901  5.568554302934  0.158448860609  -0.063726060772  -0.082100712470
  10  Si  3.296594676626  7.769654629041  1.115798263631  -0.420194590561  -3.586658485896  0.170199843884
  11  Si  3.261073362525  7.775412193666  5.572138832684  -0.430942380897  -3.408623993443  -0.069076010176
  12  Si  7.749775794544  3.347554678443  1.170400909129  -0.199776924759  0.151646412098  -0.488164375232
  13  Si  7.704939078491  3.349019658360  5.617456079791  -0.229325191816  0.207553067846  -0.291954216500
  14  Si  7.737382411592  7.778336021016  1.166467937770  -0.623690291039  -3.694387539817  0.018788571922
  15  Si  7.693298065240  7.784227395319  5.599153636727  -0.599935667376  -3.451205160713  0.221087710695
  16  Si  1.094560032743  1.111556202987  1.115299822635  0.716728892248  1.264833003100  0.340212339499
  17  Si  1.051373822064  1.123022156835  5.551828706580  0.831377054298  1.411905448927  0.751847906469
  18  Si  1.091384896904  5.546693818740  1.105655425106  0.823272324958  0.871024370575  0.521043470271
  19  Si  1.053014488587  5.547385071112  5.532437621483  0.647046290585  1.164598269801  1.003610592177
  20  Si  5.535718827520  1.118379851874  1.157006051217  0.016884845178  0.788364545080  -0.483309015234
  21  Si  5.486127374205  1.129107131830  5.597137658219  -0.028284492691  0.849579842324  -0.276438510025
  22  Si  5.515680373213  5.547016597637  1.149598514473  0.227329224787  0.415325204360  -0.448881610896
  23  Si  5.485110490884  5.560144425366  5.589774999608  -0.149336544528  0.376057035171  -0.263085647518
  24  Si  1.068464444111  3.328205367995  3.323115919464  0.873826816244  0.940371885290  0.946795714010
  25  Si  1.028201317996  3.336055033242  7.774335640772  0.313237482655  1.021430046895  2.265477314757
  26  Si  1.064004488154  7.781074218426  3.315051928711  0.013022351353  -3.244806360942  1.664486556888
  27  Si  1.018609545596  7.782436066660  7.757804818863  -0.526128905125  -2.536094312159  3.223205173764
  28  Si  5.501219087118  3.337775417904  3.366522553299  0.183963607985  0.290096790180  0.070777695559
  29  Si  5.469474848325  3.345869556536  7.806110374553  -0.699713975940  0.504033556962  1.721531176474
  30  Si  5.491045839354  7.773580939024  3.356159314517  -0.367370042654  -3.473340183999  0.519338557738
  31  Si  5.454375788505  7.790228841117  7.806578267484  -1.289541106937  -3.019886287323  2.287055555736
  32  C  0.037494991072  0.010816068612  0.082586940281  0.888182957532  2.012847130056  -2.984800469335
  33  C  -0.003546666808  0.032813503751  4.519941906204  -0.024573100971  2.193015341795  -1.386536552827
  34  C  0.029902421974  4.460978216896  0.078929929035  -0.189779420648  -1.055287154974  -2.234955808243
  35  C  -0.004850471794  4.460857749665  4.516799781269  -0.831018273825  -1.079084799936  -0.973195930848
  36  C  4.439031119242  0.005775815482  0.046548858588  1.486560472971  2.521024653873  -2.274493660615
  37  C  4.393655627191  0.017563980345  4.474392208841  0.309521531726  2.883303310028  -0.138420961939
  38  C  4.425985798636  4.448208632763  0.037941421485  0.500735539519  -0.531615958958  -1.441744394547
  39  C  4.384333979825  4.453330809874  4.467788527553  0.082126210616  -0.267726938436  0.166706682105
  40  C  0.010925428428  2.241125592494  2.291761607143  -0.562996768103  -0.797706205950  -0.845657950179
  41  C  -0.034591794976  2.244302891719  6.737478935113  -0.504491177980  -0.712702558181  -0.783112433106
  42  C  0.016254787100  6.665312984803  2.293118621604  -0.812591659620  -0.708898973444  -0.852533942248
  43  C  -0.035275896178  6.689775626827  6.720908563393  -0.737349964759  -1.008473305237  -0.734511850068
  44  C  4.420022765674  2.228380040792  2.254213540364  -0.157752144950  -0.167166305561  0.094403544744
  45  C  4.368050394823  2.238910746408  6.695085782324  -0.108691904852  -0.077867961515  0.097881173832
  46  C  4.402760118211  6.664954196988  2.248217046836  -0.096563436808  -0.320457122421  0.045592446917
  47  C  4.353690868912  6.675930852034  6.677943145764  0.132127607849  -0.314070311244  0.475032785846
  48  C  2.163440780690  8.659051186089  2.245317559451  0.784507664654  3.236307760865  -0.566888498420
  49  C  2.125191132137  8.675704966201  6.675504153622  0.378131572147  2.924320312976  -0.102639610600
  50  C  2.193673243263  4.446523098705  2.236004328186  -0.021145146674  -0.248754991390  0.112119112526
  51  C  2.144324101852  4.462768073336  6.662058480390  -0.076913002266  -0.461480977473  0.400139731261
  52  C  6.628329134075  0.014224407160  2.286983994503  0.682689444841  3.072736747526  -0.490402941827
  53  C  6.586051223012  0.036230627221  6.709996699225  0.387604033014  2.648569345943  -0.055209765127
  54  C  6.631173121085  4.446684054725  2.272022322848  -0.117709700927  -0.154736492853  0.098934543617
  55  C  6.576748743370  4.462471737624  6.706536319777  0.125618676224  -0.276120465895  0.213555957142
  56  C  2.209125102761  2.214007943163  0.018925794952  0.751505509801  -0.148576092707  -1.137438501594
  57  C  2.180654152880  2.227557369048  4.449789365973  -0.219626619381  0.026909110159  0.304559309069
  58  C  2.208848341888  6.653272844936  0.000316798433  0.504599663089  -0.315296905545  -1.138378655597
  59  C  2.164552814250  6.661075551662  4.451775850782  0.022335659876  -0.077716333729  0.109248834839
  60  C  6.649895855950  2.240384410828  0.065830193658  0.626647462134  -0.526687986761  -1.434185926590
  61  C  6.609958651331  2.235121041041  4.497632125645  -0.054516155461  -0.019623198343  0.073986183362
  62  C  6.645698918813  6.665566808096  0.051705250231  0.430859035566  -0.473955817827  -1.318543491387
  63  C  6.597809628259  6.673662058117  4.486487633993  -0.015982550253  -0.360660732287  0.091214965675


MDSTEP:  1
LATTICE_CONSTANT: 1.889726125458
LATTICE_VECTORS
  8.832094162881  0.000000000000  0.000000000000
  -0.029825078166  8.652147999487  0.000000000000
  -0.168294061558  0.033594276370  8.999008524234
VIRIAL (KBAR)
  -6.623934524037  24.647602523657  22.759536998978
  24.647602523657  17.733508493128  -8.021579051043
  22.759536998978  -8.021579051043  -64.511384908362
INDEX    LABEL    POSITIONS    FORCE (eV/Angstrom)
  0  Si  3.293705426308  1.130614359065  3.360872033872  0.083713658710  0.549545252782  -0.247056872657
  1  Si  3.250364562870  1.128338164852  7.795303208917  -0.552504663099  1.005426633492  1.601926157583
  2  Si  3.285040298688  5.559473898610  3.352751209574  -0.044830404902  0.251512105331  -0.141535942772
  3  Si  3.232743626939  5.565364793919  7.779835623367  -0.382672898798  0.462210064366  1.694949376885
  4  Si  7.733305967310  1.139118886640  3.397633366364  -0.351524976140  0.616971872425  -0.158386765306
  5  Si  7.688522526670  1.130897887972  7.834542017690  -0.781465045963  1.051287009858  1.598533560776
  6  Si  7.719371637026  5.557293112715  3.391366053705  -0.101427782503  0.354169691651  -0.177400873264
  7  Si  7.677292273326  5.575693031009  7.819596445203  -0.656994032875  0.456893557513  1.629867017925
  8  Si  3.314344579569  3.336571064694  1.139668997334  -0.064491515793  0.083799394864  -0.587984345777
  9  Si  3.259456427028  3.355809729328  5.568710383243  0.151594068881  -0.052179801193  -0.082202449982
  10  Si  3.297090490381  7.770048955920  1.116102307894  -0.432975812157  -3.576673735833  0.167625108829
  11  Si  3.261425401827  7.773978949243  5.572109964425  -0.423372796877  -3.352147248630  -0.080300803191
  12  Si  7.749515823245  3.347731713696  1.170599526433  -0.199326010440  0.129435316010  -0.498760149283
  13  Si  7.705523908707  3.349777692397  5.616911482422  -0.239860864611  0.187989247690  -0.262390533512
  14  Si  7.737561731031  7.777590728308  1.165715835520  -0.610854605696  -3.657431295758  0.011705620346
  15  Si  7.693728982781  7.784027124152  5.600042986313  -0.602267335765  -3.434308251758  0.183024258961
  16  Si  1.094637782429  1.112471837825  1.114904036481  0.724574056143  1.260400217872  0.348908574750
  17  Si  1.050974560721  1.123744728481  5.552133650407  0.837309443302  1.404346890009  0.734046140915
  18  Si  1.091480081715  5.547376826129  1.105478642546  0.812933523404  0.834538902803  0.507102715370
  19  Si  1.053032911895  5.547545320360  5.532461697174  0.644683492576  1.157830076653  0.991749548142
  20  Si  5.536078554584  1.117809725690  1.157001155862  0.014195450537  0.806418068351  -0.499193141005
  21  Si  5.486305269068  1.129995304435  5.597235350256  -0.023895316795  0.837363696569  -0.271829098049
  22  Si  5.515138006457  5.546837520476  1.149208130697  0.243489443677  0.414927730858  -0.441396834041
  23  Si  5.484863454302  5.559895831725  5.589556721351  -0.148161783028  0.376359368516  -0.250551020098
  24  Si  1.068404670618  3.329215134371  3.323776973458  0.867373358852  0.898849422703  0.922864503270
  25  Si  1.028546792053  3.336593837057  7.775470528104  0.287529088229  1.004718806570  2.233844671084
  26  Si  1.063988609787  7.780482699884  3.315156185093  0.022354977984  -3.204741197547  1.643307999429
  27  Si  1.018232350387  7.782703506606  7.757763848563  -0.503240062883  -2.521628115422  3.197363615835
  28  Si  5.500920367895  3.336875519771  3.366275375955  0.182529742975  0.305101045423  0.091034056682
  29  Si  5.469277459983  3.345717636134  7.805695220373  -0.692855167547  0.504002117120  1.723152534108
  30  Si  5.490442432913  7.772298043532  3.356526842724  -0.330928637780  -3.418630688832  0.490145221345
  31  Si  5.454069827557  7.789836918711  7.807088026515  -1.265444074014  -2.985740833715  2.249344480327
  32  C  0.038737531722  0.011770844092  0.081911150184  0.853134030590  1.982060359756  -2.965344703831
  33  C  -0.004637384932  0.034176453438  4.519207241295  -0.004750420693  2.152413800764  -1.372148649352
  34  C  0.029984651625  4.459352590282  0.077837592126  -0.173818286102  -1.014556031595  -2.209230315339
  35  C  -0.005222353456  4.460972252991  4.516294009184  -0.817330977789  -1.067132062735  -0.960915537077
  36  C  4.438729053451  0.006670307443  0.045808398557  1.486153469023  2.498221789583  -2.254346639229
  37  C  4.393990205236  0.019450153932  4.473764174500  0.297199399965  2.829943982256  -0.109895479403
  38  C  4.427262738497  4.447551138108  0.037197075861  0.482192938215  -0.531533434992  -1.427718873474
  39  C  4.383368582404  4.454113549648  4.468938903386  0.094762573977  -0.287429546644  0.137962811144
  40  C  0.010209634525  2.239697079107  2.292084539186  -0.536429123470  -0.744929352689  -0.847432578746
  41  C  -0.033874808262  2.243305696803  6.737688966902  -0.510838340458  -0.673090412193  -0.779154880540
  42  C  0.016985405712  6.664959987350  2.291699899479  -0.833106342862  -0.708255209774  -0.824739317267
  43  C  -0.035862678189  6.689272438791  6.720092982080  -0.712002925404  -0.996580850294  -0.716606247120
  44  C  4.419997352474  2.227536338660  2.253957443354  -0.149393472109  -0.158559345956  0.097547690075
  45  C  4.367973305421  2.239613841589  6.695037432079  -0.112690343036  -0.090427657330  0.106561047995
  46  C  4.401807428002  6.664359899347  2.248704196411  -0.078323375270  -0.316280375530  0.029467997553
  47  C  4.354527307970  6.676248739442  6.678027538099  0.111807998298  -0.330809941809  0.482009451522
  48  C  2.193601486426  0.008394458277  2.245087732715  0.769690653205  3.202745836298  -0.552632328082
  49  C  2.155287629553  0.025263043462  6.674636663765  0.367392574232  2.872886368335  -0.084522137993
  50  C  2.193439683462  4.446695635030  2.236472382941  -0.013420512086  -0.252858587355  0.094332808050
  51  C  2.143090785132  4.462525362596  6.661779130042  -0.054293832229  -0.454593934799  0.411600687355
  52  C  6.628488432271  0.015762693134  2.285726239523  0.659019972797  3.003120130594  -0.452543059554
  53  C  6.587068155963  0.036446114399  6.709345333932  0.344407627267  2.636453338305  -0.016921359473
  54  C  6.631166126639  4.446126461275  2.272151930077  -0.126092798545  -0.141992193197  0.094443381909
  55  C  6.575902687688  4.462732056684  6.707212192657  0.143706937094  -0.277338277545  0.192681942676
  56  C  2.209330451263  2.214711446782  0.017952007975  0.760778258845  -0.151787268875  -1.110246352390
  57  C  2.181513147872  2.227203931567  4.449403426008  -0.239084570443  0.042744778840  0.311360304205
  58  C  2.208733623387  6.653526774305  0.000957194145  0.510975610798  -0.317195729766  -1.151144045647
  59  C  2.165077801394  6.660601348655  4.450423507419  0.006699928835  -0.071077196693  0.137839923394
  60  C  6.649689499320  2.240061310326  0.064492315460  0.629218899364  -0.522147448556  -1.409800241577
  61  C  6.610022461336  2.235399675992  4.498804474172  -0.049134984782  -0.017861793481  0.041712474466
  62  C  6.645771270135  6.665669699763  0.050565471551  0.429088611730  -0.481637119230  -1.295662842691
  63  C  6.597130979974  6.673565938327  4.486944721164  0.001294303440  -0.363131934434  0.081978734819


MDSTEP:  2
LATTICE_CONSTANT: 1.889726125458
LATTICE_VECTORS
  8.832094162881  0.000000000000  0.000000000000
  -0.029825078166  8.652147999487  0.000000000000
  -0.168294061558  0.033594276370  8.999008524234
VIRIAL (KBAR)
  -7.353219411896  23.895586135002  23.450588286514
  23.895586135002  17.702279784274  -8.075881358092
  23.450588286514  -8.075881358092  -65.039499831873
INDEX    LABEL    POSITIONS    FORCE (eV/Angstrom)
  0  Si  3.293907088065  1.128985610594  3.361078773306  0.100108870727  0.627938686684  -0.244391562901
  1  Si  3.247619484245  1.128053023300  7.795233271014  -0.451187877503  1.082203730659  1.601569609118
  2  Si  3.284000559929  5.560810025473  3.351441560608  0.023499671019  0.195167012762  -0.111819813072
  3  Si  3.233399969453  5.565798979812  7.782626656132  -0.389774934092  0.455912943344  1.615574154986
  4  Si  7.734164239002  1.140961563623  3.398620431296  -0.349824701420  0.665088468122  -0.197214081219
  5  Si  7.687264158808  1.132027018530  7.832490785597  -0.769221543571  1.011123010211  1.640154759877
  6  Si  7.719510293242  5.559225136131  3.391928615081  -0.133001012640  0.308117429600  -0.190138467134
  7  Si  7.677817702055  5.575947458333  7.819633711364  -0.663479922801  0.468193435914  1.602844191700
  8  Si  3.313596800443  3.337751976648  1.141056189121  -0.044095022751  0.028027178236  -0.607009492410
  9  Si  3.260444515729  3.353964532152  5.566223277388  0.208822483270  -0.002096916822  -0.016733373989
  10  Si  3.294644314179  7.769797843857  1.114515499583  -0.296928697894  -3.494954679377  0.099966275142
  11  Si  3.261906153071  7.773881718693  5.572439441932  -0.467468540313  -3.310507505820  -0.070546985435
  12  Si  7.746821256684  3.345174220710  1.169402950732  -0.164335345362  0.215131128676  -0.483972310580
  13  Si  7.704186405037  3.350660137407  5.618703518955  -0.212329674900  0.217010281433  -0.298723990614
  14  Si  7.735673497805  7.775499113529  1.166600741812  -0.564748901320  -3.601204552988  -0.033647780680
  15  Si  7.695517191170  7.783654278213  5.599122699223  -0.611408000668  -3.354583193688  0.227709214375
  16  Si  1.096913432831  1.111253334388  1.113219074671  0.647897773919  1.305208046687  0.354599175991
  17  Si  1.051280434807  1.125958827970  5.553310477557  0.813958813513  1.411732711000  0.738648250799
  18  Si  1.093886924535  5.546037533189  1.105097613592  0.711576021860  0.786170845760  0.521922033901
  19  Si  1.054339131868  5.549885115401  5.533051909577  0.585577124738  1.026420534230  0.975607850767
  20  Si  5.537341319895  1.120363378761  1.155424790190  -0.053735371804  0.780241241604  -0.459270018458
  21  Si  5.488542566150  1.130553775393  5.599423498560  -0.081630111205  0.871271603785  -0.306294298339
  22  Si  5.515192214259  5.547256789267  1.151368077546  0.212494700179  0.389791005009  -0.504166405932
  23  Si  5.486389896590  5.561678763543  5.589968081365  -0.193009588656  0.358473221317  -0.255277302721
  24  Si  1.069530164102  3.332131203633  3.326388356118  0.788439361828  0.837215050928  0.853356855337
  25  Si  1.027721953270  3.338909379931  7.776707282477  0.278069324099  0.944570479408  2.196849521729
  26  Si  1.064721519797  7.780746806040  3.317170564932  0.047573973946  -3.148487821835  1.486810465107
  27  Si  1.019611878470  7.780588499899  7.759411746704  -0.526046360749  -2.439180215343  3.143680206311
  28  Si  5.500828124714  3.335227176658  3.367862119781  0.229924341582  0.385668692830  0.073282972106
  29  Si  5.470961251214  3.347854378870  7.807152686511  -0.738819123025  0.530072789467  1.669547037730
  30  Si  5.489868049361  7.771713051785  3.357205309708  -0.289274980911  -3.378531868227  0.452590960185
  31  Si  5.454401537757  7.789014138132  7.806009645333  -1.268968171223  -2.942117837965  2.255224908326
  32  C  0.040058939487  0.009603664492  0.081146282778  0.793075337390  1.980207236773  -2.932980391521
  33  C  -0.004495098245  0.038582820415  4.518226120838  0.016945017633  2.083123301649  -1.340842221558
  34  C  0.026727054784  4.458455566149  0.076146204979  -0.088668134212  -0.981714050044  -2.165777605445
  35  C  -0.009513246378  4.462645370948  4.514593663366  -0.705078593255  -1.049829666066  -0.868947657227
  36  C  4.441030948227  0.008291759456  0.041131719564  1.385893252967  2.425232616609  -2.123808477835
  37  C  4.393529272891  0.019687222316  4.472925417742  0.300576178428  2.824596485994  -0.074957197748
  38  C  4.423765883317  4.448875685446  0.036643593013  0.549259465140  -0.524857316682  -1.374215735571
  39  C  4.385963754221  4.454548201228  4.468621037033  0.049893666331  -0.252799479527  0.134161735614
  40  C  0.009596489171  2.243084471805  2.287851759375  -0.482083909775  -0.784174546370  -0.748384523358
  41  C  -0.037712133779  2.243898088501  6.737846113671  -0.429900285930  -0.632474554592  -0.759903979007
  42  C  0.014083269522  6.662135489588  2.292085764830  -0.725954788628  -0.617490803345  -0.811007821094
  43  C  -0.033025595006  6.690387149863  6.719218308388  -0.739656998602  -1.005097260263  -0.703621328507
  44  C  4.419382800447  2.230230991479  2.257679481965  -0.129630371256  -0.218640586109  0.027098283663
  45  C  4.371496261376  2.242753620398  6.697272343989  -0.179010985834  -0.149841356759  0.069001531685
  46  C  4.400404835704  6.664401585505  2.246467070697  -0.072098758187  -0.288045502951  0.074285841824
  47  C  4.354436424131  6.679603799293  6.678142415983  0.104300284476  -0.397778205058  0.487637941428
  48  C  2.197313327887  0.014728565457  2.242098287072  0.619575363963  3.017304946366  -0.410136286926
  49  C  2.155244996041  0.029826500219  6.676713520568  0.356024421361  2.757937976442  -0.139077934983
  50  C  2.196687167303  4.444541209692  2.238653994970  -0.077956209988  -0.188842270745  0.052972281931
  51  C  2.146778124387  4.460806636672  6.661323975676  -0.116371171323  -0.403640232770  0.409645759218
  52  C  6.629507109188  0.018613398948  2.286346081197  0.615246871185  2.949254006226  -0.436233970223
  53  C  6.584857766774  0.038386594241  6.708205665341  0.437104140041  2.561140141916  -0.017414249104
  54  C  6.632303482596  4.449365172378  2.269899026098  -0.160981820161  -0.207988277530  0.155201530355
  55  C  6.576875733377  4.465450804000  6.704225904234  0.130589105123  -0.294078813329  0.281452957542
  56  C  2.208923785318  2.212166655379  0.018239544372  0.773882639065  -0.085856171986  -1.122437964964
  57  C  2.182067207377  2.228659429380  4.450429031227  -0.253730355034  -0.000806568867  0.289537660198
  58  C  2.205593167687  6.653761952308  0.000544556412  0.573398565020  -0.334519153355  -1.131724991749
  59  C  2.163011465517  6.656671752599  4.449277245735  0.063009853242  0.043409296268  0.157424703596
  60  C  6.646243271370  2.243052351059  0.064176241054  0.679166677955  -0.553279627762  -1.410316914864
  61  C  6.612161860709  2.238502046786  4.502325583605  -0.084161415768  -0.084430574130  -0.012394732709
  62  C  6.643484313599  6.664864077505  0.049425814544  0.457054391715  -0.466938196399  -1.282091160317
  63  C  6.599508466185  6.674393177996  4.490759051435  -0.038366010953  -0.348167729205  -0.002877642346


MDSTEP:  3
LATTICE_CONSTANT: 1.889726125458
LATTICE_VECTORS
  8.832094162881  0.000000000000  0.000000000000
  -0.029825078166  8.652147999487  0.000000000000
  -0.168294061558  0.033594276370  8.999008524234
VIRIAL (KBAR)
  -8.099612235244  23.419514471117  23.952172775205
  23.419514471117  17.748184324030  -8.101010841688
  23.952172775205  -8.101010841688  -65.645149903710
INDEX    LABEL    POSITIONS    FORCE (eV/Angstrom)
  0  Si  3.291545762410  1.127761732891  3.363651471769  0.162030983684  0.652326475821  -0.339477666685
  1  Si  3.246533255283  1.131201213041  7.797504787895  -0.415584586265  1.051643710435  1.518320460801
  2  Si  3.283840460859  5.559299133756  3.354507692699  0.061221991569  0.164197586391  -0.211196230028
  3  Si  3.230640892843  5.568497400904  7.784037992931  -0.307061128029  0.465937203754  1.540017187000
  4  Si  7.735563982529  1.144140979018  3.396356659042  -0.418972416247  0.588424009389  -0.112956283154
  5  Si  7.685486573923  1.130060891120  7.830989682901  -0.741489381390  1.058390299046  1.663118370899
  6  Si  7.720341282672  5.557080561498  3.389268313713  -0.092697583419  0.333796869831  -0.157591082727
  7  Si  7.675696009341  5.579214827652  7.816805303509  -0.669061119819  0.370151073247  1.611645989474
  8  Si  3.311224080692  3.335120194115  1.140582460935  0.032691014183  0.053664110159  -0.629243103842
  9  Si  3.261548776460  3.356849963040  5.563443130739  0.245788165718  -0.054415632523  0.018881028858
  10  Si  3.295336282029  7.765612151847  1.113811283834  -0.262909711933  -3.304765291854  0.084376205282
  11  Si  3.261720747561  7.772303611782  5.570977605048  -0.434612504992  -3.173058326443  -0.057962781033
  12  Si  7.744985850395  3.348114608375  1.169696585275  -0.113331189470  0.077905348594  -0.524527281126
  13  Si  7.701963614529  3.347500556772  5.618127145121  -0.209822011122  0.240408692365  -0.269719797647
  14  Si  7.737661388728  7.776023163855  1.165590916875  -0.657603420247  -3.570676960362  -0.017588044556
  15  Si  7.698768475971  7.779274290325  5.599364610190  -0.689673820259  -3.242427766128  0.190131011624
  16  Si  1.095057331928  1.112826329985  1.114729594183  0.641654436198  1.260162028345  0.316733073345
  17  Si  1.050361847281  1.129150107202  5.554584015443  0.871594684194  1.351391530294  0.740211841012
  18  Si  1.093029546465  5.543180887945  1.107130727962  0.798538596396  0.827744214590  0.452231774493
  19  Si  1.056648718864  5.551618970995  5.534651594367  0.490052107593  0.914463465340  0.887935844901
  20  Si  5.540132318263  1.119331193644  1.157021960106  -0.140029810100  0.822688755621  -0.509115317094
  21  Si  5.487109979090  1.133003498913  5.597156988377  -0.000507460769  0.799313014657  -0.188717247829
  22  Si  5.515898515691  5.544286708733  1.148424625515  0.220306942433  0.408519554267  -0.489741162809
  23  Si  5.483941346659  5.560023522018  5.587351443961  -0.128635539177  0.447634583277  -0.256184037791
  24  Si  1.070420483629  3.329346898041  3.329389264630  0.753787373951  0.880751698672  0.786937163784
  25  Si  1.030914114613  3.336147844970  7.780417657594  0.229571218308  1.008986435553  2.080964859796
  26  Si  1.064522733801  7.777975871057  3.318286159634  0.027701069585  -3.048725125036  1.527077635026
  27  Si  1.017129281331  7.780338468133  7.760327393413  -0.531786133498  -2.460589909917  3.083387138330
  28  Si  5.503100459922  3.338321219323  3.368071651204  0.167110637549  0.237547891362  -0.008322023883
  29  Si  5.471279143356  3.349631001363  7.805816398335  -0.724095329823  0.517242966657  1.695881170030
  30  Si  5.488129455166  7.771480899462  3.357626148114  -0.204480882799  -3.345317373127  0.393225966093
  31  Si  5.450605880139  7.791002814774  7.805724730866  -1.218711557285  -2.914558957990  2.176531655581
  32  C  0.037568091798  0.011434897094  0.077737782339  0.852530406563  1.960330485514  -2.868618407398
  33  C  -0.006531072270  0.042168385657  4.518691625083  0.088368411051  2.017435757693  -1.354632075359
  34  C  0.026053582074  4.455211912473  0.076566063771  -0.063855865060  -0.891834490590  -2.184900287293
  35  C  -0.011855812991  4.458767742414  4.516650728696  -0.610996716980  -0.960762675929  -0.884679465543
  36  C  4.439573242492  0.012191154236  0.034283152965  1.359581610153  2.334301385458  -1.906618973889
  37  C  4.397439000477  0.025701980430  4.473936198967  0.157334036925  2.674275280788  -0.062951765206
  38  C  4.422309612260  4.450239293459  0.035824850428  0.538018698537  -0.566863246879  -1.371054690930
  39  C  4.389702688340  4.451690138739  4.466137783576  -0.004704659556  -0.168272382344  0.150164280466
  40  C  0.004673197086  2.242607405194  2.291393852451  -0.366900901167  -0.713274836459  -0.827336599179
  41  C  -0.036873301470  2.243719860782  6.740651066208  -0.453873340747  -0.608801398065  -0.789902323135
  42  C  0.018378306179  6.664155811621  2.289775738627  -0.820255422403  -0.712524695033  -0.790324610572
  43  C  -0.035108425233  6.684732074524  6.713592279303  -0.610686898498  -0.890896551217  -0.563814259027
  44  C  4.414018177651  2.229919881805  2.255499853963  -0.012540572707  -0.214180902585  0.079889075209
  45  C  4.373566058855  2.246036050034  6.697406528723  -0.248484271220  -0.184309328614  0.046372093820
  46  C  4.400001169800  6.659687546558  2.243242243711  -0.046520764680  -0.219274154592  0.152669867813
  47  C  4.354346409465  6.683784327936  6.673680932535  0.096759738871  -0.496139465745  0.533348696304
  48  C  2.193393788235  0.014440516205  2.244015288889  0.733750466644  2.980575804549  -0.484400734668
  49  C  2.156713363187  0.027714509573  6.681507722916  0.326974955737  2.808704871563  -0.262357049515
  50  C  2.200530332197  4.440840462361  2.238440895104  -0.189308330731  -0.145620527458  0.086792655266
  51  C  2.149419261986  4.463431959091  6.656412793846  -0.146959473570  -0.445950151858  0.522949657305
  52  C  6.630836905812  0.023495883395  2.288586199046  0.610424866066  2.795966354250  -0.482754199678
  53  C  6.589700366551  0.036154201495  6.711248995034  0.332299063018  2.571805032853  -0.127244446444
  54  C  6.636919274784  4.444962272727  2.267631101082  -0.260638383633  -0.092312857729  0.174073094037
  55  C  6.574209906233  4.468506789667  6.700147752069  0.169889237524  -0.355155327262  0.341336885300
  56  C  2.212167920069  2.209729715230  0.013865430554  0.713446337728  -0.074363555681  -1.020085241171
  57  C  2.186515795829  2.231431454512  4.446374790502  -0.338849625266  -0.052312221639  0.419723719202
  58  C  2.042873370899  6.690757375069  8.996959700708  0.396262723377  -0.464465018767  -1.080855706501
  59  C  2.165107754431  6.656244417643  4.448706430844  0.020343735384  0.040178608533  0.163044133469
  60  C  6.648426004127  2.240737035017  0.064111442963  0.651491752113  -0.487940403681  -1.426100868547
  61  C  6.608161309322  2.233983535909  4.501018872157  -0.002807528094  0.024617407610  -0.009847727774
  62  C  6.639992715729  6.666188303862  0.044298029355  0.515526095699  -0.482227422066  -1.176011434435
  63  C  6.603523885427  6.674989840180  4.487683536541  -0.126603015795  -0.399465548904  0.008860391948


MDSTEP:  4
LATTICE_CONSTANT: 1.889726125458
LATTICE_VECTORS
  8.832094162881  0.000000000000  0.000000000000
  -0.029825078166  8.652147999487  0.000000000000
  -0.168294061558  0.033594276370  8.999008524234
VIRIAL (KBAR)
  -9.352952782775  22.238457361375  24.562937731943
  22.238457361375  17.933691112582  -7.969714407205
  24.562937731943  -7.969714407205  -66.609207256457
INDEX    LABEL    POSITIONS    FORCE (eV/Angstrom)
  0  Si  3.292998830693  1.128225633732  3.361976960516  0.148589044869  0.699545298529  -0.347097027490
  1  Si  3.250070018021  1.133789088520  7.794889043007  -0.512972278768  1.102933552633  1.538743302611
  2  Si  3.280028266194  5.559479538501  3.353599145937  0.084460776129  0.142091696458  -0.274281644774
  3  Si  3.228140880559  5.568264381302  7.781745797831  -0.226739125563  0.423054416692  1.633630726978
  4  Si  7.733828151800  1.143793206944  3.392212078669  -0.386677479453  0.673296943313  -0.054602885802
  5  Si  7.686475333409  1.127321471621  7.831245151902  -0.723612567423  1.147210323032  1.635394477071
  6  Si  7.716857425861  5.559521816788  3.391587923080  -0.011667734489  0.226907533273  -0.259301290845
  7  Si  7.676999302810  5.582747605389  7.820407374508  -0.763491626451  0.266938818790  1.512520331173
  8  Si  3.307604723565  3.331379436396  1.140591056729  0.118716710988  0.151302290399  -0.615301144277
  9  Si  3.258952842857  3.360383319577  5.560207973258  0.255803214055  -0.115288746674  -0.000038340398
  10  Si  3.294316127787  7.765275368765  1.114989316761  -0.235131409896  -3.279205244390  -0.021091792001
  11  Si  3.263234614525  7.771540718099  5.570182430104  -0.544719110500  -3.097947867130  0.100296158852
  12  Si  7.747623626801  3.348786240917  1.173016012342  -0.178595766993  -0.028408935042  -0.580261214555
  13  Si  7.699581357043  3.349984388481  5.616990125687  -0.160490978848  0.169456328849  -0.273271159375
  14  Si  7.736454927229  7.771454919747  1.168141486942  -0.552443210106  -3.302144905451  -0.131762039875
  15  Si  7.697596116079  7.780213205322  5.603034408834  -0.558048423517  -3.206334779471  -0.001107646852
  16  Si  1.098177349307  1.116010980442  1.116618573047  0.581089677671  1.212395514378  0.241822387677
  17  Si  1.051783715498  1.129748353032  5.555873198768  0.780206451825  1.399176219688  0.644261423220
  18  Si  1.093323817029  5.544119541992  1.108712676506  0.683557101406  0.734850127615  0.358803637711
  19  Si  1.052910886420  5.554057937609  5.535784384871  0.533683124721  0.738437528498  0.851087184475
  20  Si  5.537087272748  1.116657905117  1.154322463645  -0.053986143024  0.933250426236  -0.438833791986
  21  Si  5.489412805669  1.136136250473  5.599045659483  -0.053900052429  0.808960824945  -0.248482261284
  22  Si  5.513351046605  5.545811021434  1.146703855189  0.257276838269  0.251011571728  -0.455931945181
  23  Si  5.480622732462  5.563401992733  5.583961257647  -0.018255671095  0.330275575805  -0.207899483457
  24  Si  1.070511559332  3.327742727454  3.327166785812  0.757822585012  0.973437913645  0.834805674961
  25  Si  1.029230815820  3.337803198597  7.784843474500  0.232807901166  0.964875478302  1.990774591095
  26  Si  1.062223668866  7.776985893866  3.321122521479  0.097192144799  -2.948031160074  1.343851388457
  27  Si  1.020569066040  7.776522083574  7.759681506237  -0.623299022594  -2.401888151828  3.099385507516
  28  Si  5.503664340416  3.339602601296  3.371168794444  0.162880405459  0.190603053197  -0.119972800025
  29  Si  5.468812544171  3.351253177165  7.807472927254  -0.723310232887  0.491992664885  1.666703030530
  30  Si  5.490820004537  7.772930058420  3.360030126256  -0.339520076013  -3.319235328492  0.381870555438
  31  Si  5.446272508190  7.790752066663  7.807448614705  -1.060916375423  -2.797190388950  2.100391578510
  32  C  0.041601313893  0.016493456539  0.072695037232  0.694609798948  1.747162042813  -2.641259947042
  33  C  -0.011833034746  0.048613067832  4.513448775289  0.147814760219  1.870695909326  -1.186234562442
  34  C  0.021927147831  4.452715531714  0.074087865896  0.055407296499  -0.780396908632  -2.096983527815
  35  C  -0.013886353889  4.459868691590  4.510870920871  -0.558016020926  -0.942308194407  -0.755732468585
  36  C  4.438452879793  0.018756208594  0.034117495813  1.288739876427  2.166976117911  -1.914710512414
  37  C  4.392540534928  0.031732116372  4.477055712715  0.323343650105  2.523782588686  -0.153518585440
  38  C  4.421456801199  4.448092959843  0.033380874590  0.530155902077  -0.534735195969  -1.328865076608
  39  C  4.386806941789  4.452819911410  4.460777322388  0.014709824858  -0.125365785547  0.220311539226
  40  C  0.009475964683  2.241173720654  2.295568833238  -0.472169557183  -0.721933526996  -0.964597002347
  41  C  -0.035018254837  2.242731294308  6.739656497556  -0.484685702596  -0.534359075343  -0.779101499904
  42  C  0.015084391574  6.660084998168  2.285917338829  -0.741420800651  -0.607392574457  -0.674702305877
  43  C  -0.034625051244  6.681492327585  6.708392594664  -0.598867793786  -0.798102864908  -0.430427779911
  44  C  4.417174686560  2.229495910596  2.255384600843  -0.079985874714  -0.192208122538  0.082227058140
  45  C  4.369462677693  2.250443655566  6.692789784675  -0.154856586397  -0.217512498738  0.099941080696
  46  C  4.397338192544  6.655507236530  2.237053478864  0.006170499022  -0.090806647522  0.318540032044
  47  C  4.359511777849  6.680704060233  6.678027144079  -0.048539905161  -0.394050778786  0.434900785911
  48  C  2.195893635923  0.019215417499  2.239505663202  0.591791252418  2.794415423149  -0.277866574140
  49  C  2.151196544206  0.035806681824  6.684788717093  0.549853401235  2.589169979913  -0.401121929955
  50  C  2.195464993186  4.445309601595  2.234794354802  -0.114298272573  -0.247206761320  0.147645799154
  51  C  2.155574831919  4.463532184344  6.658964413282  -0.344361055907  -0.410708286848  0.436656419996
  52  C  6.630893550477  0.029912670155  2.293178795454  0.608985644444  2.635964919677  -0.640024112192
  53  C  6.592657367909  0.037017557677  6.707255788473  0.145992601396  2.504649039907  0.068394598991
  54  C  6.641000500041  4.440504802769  2.269975330426  -0.372124376436  0.046626937971  0.144647825140
  55  C  6.572110245493  4.466281707911  6.700834704812  0.166373148901  -0.232611634378  0.316433294582
  56  C  2.212198211077  2.211451892204  0.015801880787  0.709978928331  -0.076471690534  -1.048663909489
  57  C  2.185736667453  2.231911682642  4.440438831278  -0.312698408738  -0.031927302848  0.516307935030
  58  C  2.040255228888  6.686469634922  8.998546201113  0.461490084720  -0.385231830136  -1.133928886977
  59  C  2.164414434330  6.652929884479  4.450780780651  0.016104027741  0.135201692821  0.145083343163
  60  C  6.645384134004  2.238432297130  0.063148034722  0.711691040013  -0.459129323250  -1.386680865171
  61  C  6.607224877690  2.232016859649  4.495304307405  0.012049964180  0.086142040054  0.108510998050
  62  C  6.635256892024  6.669728064683  0.048164746448  0.569779417132  -0.496886237557  -1.229101914891
  63  C  6.609599934497  6.674938843882  4.484952172718  -0.289325454494  -0.357770044900  0.098815262974


MDSTEP:  5
LATTICE_CONSTANT: 1.889726125458
LATTICE_VECTORS
  8.832094162881  0.000000000000  0.000000000000
  -0.029825078166  8.652147999487  0.000000000000
  -0.168294061558  0.033594276370  8.999008524234
VIRIAL (KBAR)
  -9.700867507436  22.134422341345  24.952620618652
  22.134422341345  18.247691366462  -8.488476519900
  24.952620618652  -8.488476519900  -66.803050713924
INDEX    LABEL    POSITIONS    FORCE (eV/Angstrom)
  0  Si  3.290023411161  1.127134189200  3.361280459657  0.197006607661  0.667013960589  -0.270835881996
  1  Si  3.253241204950  1.135900427188  7.798125498726  -0.573279935331  1.056323464563  1.436747352127
  2  Si  3.278981469818  5.556125325130  3.352809995174  0.021443898778  0.216528016482  -0.193184404054
  3  Si  3.224310366260  5.569359730731  7.786732227481  -0.185254687301  0.338613705097  1.510458588939
  4  Si  7.729997977882  1.147516746925  3.388969936107  -0.304558279818  0.573186413969  0.049255800234
  5  Si  7.689089896039  1.125948016518  7.830819978196  -0.783413556622  1.195859053683  1.637424456277
  6  Si  7.716434171434  5.559905780852  3.393817045448  -0.060823401153  0.193504285594  -0.316348932267
  7  Si  7.681184423555  5.587179917576  7.817033758345  -0.865974872932  0.192032576800  1.607895681370
  8  Si  3.303108682862  3.327202711763  1.144144338427  0.161710019324  0.205395963236  -0.703815717291
  9  Si  3.262820886766  3.355988634309  5.559442920639  0.150054183610  0.029350617548  -0.033099416830
  10  Si  3.291243554951  7.761498131954  1.117616130095  -0.146309952251  -3.173401454239  -0.065745209595
  11  Si  3.264209297266  7.766442298702  5.569852504583  -0.576646526826  -2.903066505486  0.090058441490
  12  Si  7.746701044671  3.348397410793  1.173780124822  -0.106574550231  0.040551571585  -0.665352330770
  13  Si  7.702700942918  3.350641785946  5.614078843792  -0.319589799682  0.168828703090  -0.130404517271
  14  Si  7.739134189052  7.771953196381  1.164040180562  -0.707486418088  -3.202612201045  0.037184910407
  15  Si  7.701780938567  7.778876684797  5.601941282550  -0.597123559314  -3.171968283154  -0.040038873960
  16  Si  1.097035640357  1.120504126830  1.120645785528  0.560737758091  1.170235825714  0.095867807410
  17  Si  1.048297746975  1.134022213412  5.559648403950  0.818459179395  1.341208342810  0.572257417828
  18  Si  1.090642276709  5.548359219669  1.112891979538  0.590651342567  0.590553919434  0.294186161662
  19  Si  1.049211653814  5.557348140928  5.540508602647  0.622723949117  0.676541871387  0.747354639370
  20  Si  5.537151978739  1.112292371577  1.151221987567  -0.046245015173  1.103708069669  -0.338688459162
  21  Si  5.487380730383  1.137620707297  5.596707320485  0.041999234002  0.761846300213  -0.178270644494
  22  Si  5.515792363508  5.541511700060  1.148646047323  0.163328478436  0.283683894985  -0.552170275781
  23  Si  5.479201980347  5.567035494613  5.581856971647  0.024763768614  0.267601974317  -0.185743806370
  24  Si  1.071270896655  3.329735367961  3.331784308020  0.633925731905  0.889459316209  0.800837546398
  25  Si  1.030484616102  3.339438565790  7.784892263478  0.202085653008  0.959168056553  1.951456720306
  26  Si  1.057607262760  7.780666522172  3.320294822773  0.190614856965  -3.004233292092  1.336864444729
  27  Si  1.024380142433  7.771905461287  7.758519223479  -0.590568428449  -2.154181866852  3.110049483034
  28  Si  5.506568507320  3.337691117991  3.368156861652  0.068575343386  0.303361637310  -0.065397803019
  29  Si  5.470737429513  3.350293527663  7.803380446969  -0.740131344336  0.550920688345  1.737420730659
  30  Si  5.492577698824  7.775475194953  3.355540966329  -0.481867150823  -3.389820208066  0.561799179436
  31  Si  5.449563523031  7.786732122024  7.809487258730  -1.099155234003  -2.736794864714  1.986718379270
  32  C  0.037069775296  0.024051487700  0.073115299561  0.839864197614  1.657694092852  -2.638088601618
  33  C  -0.006360246523  0.046873224920  4.513186334523  -0.025703251859  1.998834377710  -1.166470295501
  34  C  0.016983000816  4.456843240993  0.068395295103  0.196457418853  -0.788570635682  -1.939001063544
  35  C  -0.019935143913  4.458427103432  4.515483783492  -0.415102712751  -0.832110188514  -0.812410415218
  36  C  4.440150558644  0.019936305094  0.037742070566  1.212748592265  2.053420617264  -1.960731844168
  37  C  4.398725236204  0.032119782512  4.483531556659  0.190146776590  2.477081720352  -0.320051825305
  38  C  4.417167965024  4.443144842178  0.028655326689  0.584137089330  -0.455708280606  -1.181424137226
  39  C  4.384795567845  4.458758212452  4.462804509352  0.103276521315  -0.292058897747  0.133383299678
  40  C  0.007174092382  2.242264749071  2.295045580308  -0.405034879676  -0.654466083112  -0.900708031170
  41  C  -0.037161181211  2.242328593957  6.741838814760  -0.452813045718  -0.485565294170  -0.811425342988
  42  C  0.007515030030  6.661768274923  2.287103874434  -0.603884730871  -0.602352287024  -0.664084616859
  43  C  -0.032303723734  6.681142283654  6.713766940284  -0.632199477275  -0.778437998259  -0.548553344954
  44  C  4.413369136724  2.231878099516  2.258691204519  -0.025681741554  -0.288533251242  0.009908159724
  45  C  4.368823104454  2.254439154889  6.688191823890  -0.080326757408  -0.323823672112  0.192568936852
  46  C  4.394813752406  6.653032774955  2.239304638056  0.042696924989  -0.085248729439  0.261879213500
  47  C  4.354871895050  6.676676788107  6.671497900442  0.027629752714  -0.316838950565  0.655233108556
  48  C  2.191133133189  0.020268918722  2.235119456579  0.638614792543  2.766784347151  -0.192311476488
  49  C  2.149978460947  0.041906286643  6.679108337605  0.596008689252  2.442033339028  -0.225049029768
  50  C  2.188329431827  4.439973979791  2.238459936661  -0.043207095432  -0.124936234946  0.090943129093
  51  C  2.155740243621  4.463545815023  6.655654544508  -0.350084441818  -0.411312356606  0.495026494507
  52  C  6.627398798573  0.032634112400  2.298409390191  0.794552456167  2.614889516643  -0.909919250010
  53  C  6.597753388454  0.035201746106  6.706112369944  0.028267712414  2.516608100101  0.101610479653
  54  C  6.644166255589  4.440207316537  2.264195588563  -0.407679473028  0.042740105129  0.291573612061
  55  C  6.571714960914  4.472478900702  6.706597357440  0.196907684024  -0.287033234608  0.135404624495
  56  C  2.214795534077  2.208010947189  0.010832255593  0.657123144768  -0.029164294642  -0.936923649664
  57  C  2.182273570594  2.231139799357  4.440249800530  -0.263482250879  -0.017697193247  0.544413100996
  58  C  2.206063671501  6.653817939346  0.004065894626  0.490644387559  -0.397629910578  -1.174801032158
  59  C  2.164642208361  6.659864918040  4.453121974587  -0.062742860799  -0.024782730135  0.037187604088
  60  C  6.648046692167  2.245080324717  0.066355881606  0.604497699755  -0.614647333138  -1.459977311029
  61  C  6.605638216673  2.232310777997  4.492822639391  0.054664824229  0.121013968174  0.155910649833
  62  C  6.637691790324  6.672803846774  0.052446685510  0.522435866648  -0.563383112705  -1.294164686699
  63  C  6.609855269105  6.675870953418  4.479238853580  -0.275809104489  -0.356199068861  0.206312073246


MDSTEP:  6
LATTICE_CONSTANT: 1.889726125458
LATTICE_VECTORS
  8.832094162881  0.000000000000  0.000000000000
  -0.029825078166  8.652147999487  0.000000000000
  -0.168294061558  0.033594276370  8.999008524234
VIRIAL (KBAR)
  -10.475064654040  21.582570092288  25.438933163030
  21.582570092288  18.404512871753  -7.882531081017
  25.438933163030  -7.882531081017  -67.332491563606
INDEX    LABEL    POSITIONS    FORCE (eV/Angstrom)
  0  Si  3.294822797170  1.125513778439  3.361990008479  0.068156005919  0.650625483359  -0.245118000271
  1  Si  3.248252359146  1.139277241207  7.798805070984  -0.502422691678  1.013581330413  1.383269505309
  2  Si  3.283439493260  5.555436731060  3.355725488027  -0.081341632761  0.198382949178  -0.195873027742
  3  Si  3.220456669488  5.571630530462  7.784444610920  -0.228119547543  0.304393500902  1.470090319520
  4  Si  7.730912481643  1.142549231745  3.392335591541  -0.242125077522  0.686619208718  -0.104459388700
  5  Si  7.688537889005  1.126597373384  7.834435497373  -0.781346719171  1.195106117249  1.576506554937
  6  Si  7.712496874354  5.556480201968  3.396603723617  0.055851723643  0.280979599552  -0.283158292290
  7  Si  7.685352341987  5.587843093784  7.815397373082  -0.908588172497  0.177123285478  1.621925579690
  8  Si  3.300519290178  3.324057458047  1.138987102205  0.244448737443  0.215220625694  -0.561498203801
  9  Si  3.258802309621  3.358383806986  5.560647775449  0.139219135867  -0.041510139994  -0.020006469613
  10  Si  3.288168698436  7.762277585423  1.122207335361  0.019139412740  -3.229204103426  -0.228111615012
  11  Si  3.267036320958  7.767769855372  5.572264025331  -0.699038824265  -2.969215084296  0.039602977571
  12  Si  7.744628414522  3.349939768437  1.169922017168  -0.076201000639  -0.074669472447  -0.596879223331
  13  Si  7.698289865373  3.353685287229  5.617806113328  -0.239542345480  0.107396211604  -0.225457651368
  14  Si  7.737030447618  7.769610454867  1.167907720599  -0.608550095570  -3.155293021291  -0.133443801641
  15  Si  7.697816718317  7.781508730882  5.600773687908  -0.437968099895  -3.067272110487  0.013175624137
  16  Si  1.101769314093  1.125958651310  1.121279951920  0.484076445827  1.062166392302  0.106108181569
  17  Si  1.050768191763  1.138753769352  5.555796309214  0.815976195253  1.249881666829  0.661857628581
  18  Si  1.085598557896  5.544940815198  1.110975664658  0.767768263495  0.621638933906  0.314353523184
  19  Si  1.044510638613  5.555136276945  5.535885934498  0.761503540018  0.806844086745  0.846554563607
  20  Si  5.538684494517  1.112449794656  1.153343006556  -0.153030504937  1.032299631738  -0.409675837680
  21  Si  5.488310226667  1.135438686312  5.595961220389  -0.073982633869  0.792693978678  -0.237023348061
  22  Si  5.513896996126  5.542376518352  1.144052793881  0.146507707375  0.239569633608  -0.526247084712
  23  Si  5.478876609171  5.568840632074  5.585622231072  -0.024988401451  0.247657467837  -0.242955919060
  24  Si  1.069679743644  3.335140583819  3.329398884511  0.699022072559  0.652020770536  0.863028598673
  25  Si  1.027352743458  3.335861522395  7.781376771738  0.283901542122  1.073898468657  2.012219492857
  26  Si  1.058564737372  7.775021769475  3.316373555287  0.310778637925  -2.825992944051  1.479967384843
  27  Si  1.020423347514  7.773989134219  7.764725043758  -0.448617913197  -2.084093121753  2.814043686403
  28  Si  5.504036594651  3.340619565221  3.364403350625  0.129295520920  0.235327350642  0.097123968639
  29  Si  5.471157433553  3.353639200229  7.803049128640  -0.858827373609  0.379363517757  1.655688517943
  30  Si  5.493454136442  7.773768312468  3.359831141031  -0.432723580266  -3.331156584747  0.431998381070
  31  Si  5.447218140088  7.780917524760  7.806576081913  -1.151719012980  -2.547732261423  1.964067470218
  32  C  0.041711802449  0.022969024453  0.074697815839  0.724945393206  1.657704653611  -2.569331665441
  33  C  -0.001123597474  0.053577853918  4.510547143542  -0.159426528186  1.727570242776  -1.094216811797
  34  C  0.020229704793  4.450519007965  0.064910002293  0.095576568464  -0.727545268397  -1.940852464587
  35  C  -0.013224466804  4.455196256152  4.514953401797  -0.666727085380  -0.823398412300  -0.855612832400
  36  C  4.433744454187  0.028411003349  0.037259429396  1.268917796489  1.851992768125  -1.886648431992
  37  C  4.392822797279  0.027170957375  4.480661178192  0.396938934040  2.555925191582  -0.297581318081
  38  C  4.411414188782  4.439956007461  0.021388046080  0.673720466744  -0.391322803557  -1.076769304179
  39  C  4.380973818907  4.464755498427  4.469443612523  0.224353283170  -0.440370764091  0.044416755423
  40  C  0.009548256775  2.241540648599  2.292001108381  -0.477472354138  -0.606322381011  -0.849695355727
  41  C  -0.036583844603  2.246754771950  6.739436049482  -0.546084793695  -0.607470734024  -0.763733566659
  42  C  0.010499320887  6.662044395642  2.290428967363  -0.772410569949  -0.726062532340  -0.755719335848
  43  C  -0.033664065466  6.678510650612  6.714260191455  -0.623412339410  -0.647461724039  -0.588405254682
  44  C  4.418817457847  2.224705299385  2.261965902993  -0.140028028908  -0.113456974204  -0.083148905634
  45  C  4.364276250420  2.246258538414  6.681027248621  0.011388822849  -0.089092283803  0.323679521420
  46  C  4.398511557255  6.645687092611  2.247044510021  0.002931092060  0.039104260509  0.078279608386
  47  C  4.351626426052  6.671113481856  6.664591473864  0.077750683748  -0.230165965555  0.806734650994
  48  C  2.193788793981  0.018983291422  2.232733029751  0.538892371834  2.820381610584  -0.080453826331
  49  C  2.154305261526  0.044478672194  6.674903912034  0.342999914071  2.359206885038  -0.024474320838
  50  C  2.190651101559  4.435160232173  2.242334586357  -0.042521590814  -0.004587310195  -0.019627007296
  51  C  2.147470870529  4.467466703486  6.656646434062  -0.269720287356  -0.494365335674  0.476759276932
  52  C  6.626321578903  0.034431767615  2.291009071745  0.730691535303  2.472221943730  -0.641492676946
  53  C  6.591895564126  0.044091559379  6.705541912216  0.132885719975  2.302830587642  0.141412311957
  54  C  6.646915739262  4.444555205374  2.264860309844  -0.491132016680  -0.020427740151  0.209740204576
  55  C  6.570193253619  4.480103152693  6.707239739963  0.231562472429  -0.411059078893  0.153831078566
  56  C  2.214347853404  2.211482253827  0.011359626949  0.624431120297  -0.075647258513  -1.013904344864
  57  C  2.180592263809  2.223329053957  4.444681952913  -0.212015199995  0.215821111883  0.363698128512
  58  C  2.037284917945  6.689462523837  8.994593708779  0.489250713608  -0.476664405242  -0.953054126241
  59  C  2.169504634166  6.658039159983  4.454249145537  -0.174230283111  -0.003942449822  0.011725989263
  60  C  6.641397875752  2.237113502910  0.069590582973  0.738257378417  -0.389353533281  -1.524600465204
  61  C  6.610372909322  2.224970370138  4.493583094729  -0.069688859086  0.309019835417  0.124221039741
  62  C  6.635372878551  6.671221767627  0.043715780328  0.592859661618  -0.557783483657  -1.140425528175
  63  C  6.608249347129  6.676598374223  4.486605095327  -0.229995305392  -0.371930019612  0.083574881685


MDSTEP:  7
LATTICE_CONSTANT: 1.889726125458
LATTICE_VECTORS
  8.832094162881  0.000000000000  0.000000000000
  -0.029825078166  8.652147999487  0.000000000000
  -0.168294061558  0.033594276370  8.999008524234
VIRIAL (KBAR)
  -11.094782493633  20.956288239622  26.435407131146
  20.956288239622  19.081165968098  -6.644755367874
  26.435407131146  -6.644755367874  -67.906169344964
INDEX    LABEL    POSITIONS    FORCE (eV/Angstrom)
  0  Si  3.299112163532  1.122934921558  3.364392816132  -0.015112652968  0.788443163097  -0.236390673939
  1  Si  3.246935488403  1.141343083526  7.801647054049  -0.474363704287  1.022949516204  1.350150015766
  2  Si  3.288364444506  5.550810462438  3.354798066243  -0.193249982347  0.302634547134  -0.178845214092
  3  Si  3.220526270535  5.571710484369  7.784251317848  -0.287988033762  0.248827503664  1.413829532034
  4  Si  7.728106696883  1.147851270128  3.387572884221  -0.250097898725  0.682569994397  0.027955845809
  5  Si  7.685893578260  1.129857622198  7.834680535619  -0.698709269722  1.122257356572  1.638720757162
  6  Si  7.716638978262  5.560059965253  3.396602140111  -0.006909556630  0.126419418980  -0.250282234073
  7  Si  7.686586590157  5.589012485881  7.816467796972  -0.954790391064  0.200183425360  1.609943408401
  8  Si  3.296885306322  3.329005600380  1.144219575520  0.241777291010  0.136131640921  -0.580741891859
  9  Si  3.255368948440  3.356540414233  5.561071500843  0.227081534268  -0.057405832888  -0.091751608858
  10  Si  3.284107618494  7.757888067005  1.125474142980  0.130360253969  -3.190346153364  -0.371907473371
  11  Si  3.270932483785  7.768042344341  5.571623481120  -0.799144773501  -2.933003755673  -0.068994783619
  12  Si  7.745388362522  3.350442612909  1.170085342362  -0.071187705884  -0.137258543149  -0.622321350824
  13  Si  7.703850521426  3.348681697096  5.612355466074  -0.331431247339  0.134315675411  -0.008538735296
  14  Si  7.736049039814  7.766480327084  1.173271790348  -0.472497084741  -3.006028882473  -0.400115855941
  15  Si  7.697884046575  7.781749914892  5.603320848064  -0.330430496662  -3.016550536752  -0.140216772841
  16  Si  1.107573795628  1.126024455163  1.121625318642  0.463402670473  1.030746798209  0.043851613031
  17  Si  1.051065437630  1.134713499756  5.551724190345  0.893104448814  1.420968861989  0.779124588740
  18  Si  1.080675504186  5.542683704644  1.105941411913  0.950971772976  0.745924105485  0.437343528317
  19  Si  1.039293853492  5.555178557246  5.534922339574  0.929103198856  0.811617685277  0.879865805719
  20  Si  5.539301075952  1.114218828023  1.154384656606  -0.272595277727  1.017819665579  -0.413543274231
  21  Si  5.486582185852  1.135544765850  5.592637785752  -0.070007458835  0.853701343754  -0.165865655135
  22  Si  5.517307508125  5.537361746508  1.146875447851  0.065082577460  0.265874358825  -0.565306329048
  23  Si  5.476879631899  5.563754635283  5.589218676806  0.035876392060  0.206469911454  -0.297813398912
  24  Si  1.068275259963  3.335138116518  3.325612199039  0.812524633525  0.622839739642  1.033742043187
  25  Si  1.025498606590  3.341938734691  7.784996778285  0.301797620075  0.960885097601  1.890634111041
  26  Si  1.053545514092  7.779680409463  3.313794653899  0.413914096028  -2.962021528027  1.442560542321
  27  Si  1.021169102844  7.773202617668  7.763851751276  -0.265743819329  -1.831305674087  2.752137333339
  28  Si  5.506398345980  3.341160014500  3.365842948563  0.029938259228  0.192918987407  0.095503560379
  29  Si  5.473754423591  3.354467688825  7.799072304717  -1.029076979349  0.212114456023  1.720713168655
  30  Si  5.489226133177  7.768274263003  3.362565265030  -0.195480772548  -3.076106811500  0.239705126595
  31  Si  5.449642474637  7.779706947961  7.803953342076  -1.154743022875  -2.447269023525  1.951573327297
  32  C  0.050390886788  0.020184093372  0.068539406271  0.497028889011  1.614756606877  -2.334054000328
  33  C  0.002695725643  0.056550543307  4.506408424395  -0.414754323302  1.643586592038  -1.044432207859
  34  C  0.021138950029  4.457746642195  0.068486904245  -0.037943122520  -0.912463445680  -2.058650230470
  35  C  -0.010429309644  4.450620480625  4.519388817531  -0.779451102893  -0.761635265571  -0.983549243267
  36  C  4.433830916675  0.026888055629  0.040732880866  1.210722868777  1.852143602542  -1.926562751017
  37  C  4.396229843475  0.036331552779  4.476561255300  0.343445968593  2.273162163800  -0.178260574114
  38  C  4.403487849654  4.441550555058  0.026107024218  0.800197952922  -0.376768638215  -1.105018938140
  39  C  4.383578856379  4.461990949842  4.467388801724  0.181022532236  -0.418389697026  0.108819186972
  40  C  0.013380630161  2.241146929157  2.291318867003  -0.544019980157  -0.600334360143  -0.894207861117
  41  C  -0.037594698985  2.241930285228  6.747052155141  -0.506213818992  -0.484686015651  -0.897501801034
  42  C  0.013006359495  6.656479343388  2.285192903236  -0.830598507893  -0.589337387265  -0.661692686381
  43  C  -0.026389751743  6.685698160802  6.719485481636  -0.849663677124  -0.854989560019  -0.759324364737
  44  C  4.414478320830  2.224412217187  2.266667115825  -0.043988810683  -0.068159569926  -0.155044305893
  45  C  4.356452720522  2.240573742290  6.673398906015  0.186308151807  0.025095410821  0.497364579189
  46  C  4.404545999249  6.647914439384  2.244950398884  -0.111425221006  -0.101490993542  0.134910144671
  47  C  4.353967951039  6.667470673877  6.661447907650  0.053310262073  -0.166836593841  0.852981155670
  48  C  2.201381914088  0.018065497289  2.239527708789  0.405869221816  2.838758081606  -0.173033743542
  49  C  2.158582944425  0.054357256034  6.670590734102  0.247624053403  2.069141650996  0.103286965668
  50  C  2.183786570861  4.438613862921  2.246860676322  0.051268207157  -0.021153420898  -0.139815088579
  51  C  2.149166184826  4.461212681283  6.648492743577  -0.333847628260  -0.303491413340  0.652269800640
  52  C  6.628308119662  0.042430378805  2.285717310560  0.574386483432  2.230691706850  -0.360626357660
  53  C  6.597514924067  0.050987172488  6.699844655148  -0.062522561054  2.169758616547  0.294139814509
  54  C  6.648989751394  4.436615846231  2.267758029916  -0.458593479744  0.128804939497  0.195545551211
  55  C  6.568873788310  4.472759348109  6.713221350398  0.366475521098  -0.255287054189  0.010887272826
  56  C  2.214197655838  2.219182005672  0.009857090719  0.624705077938  -0.142869762065  -0.915319269240
  57  C  2.186355179226  2.224799981573  4.449570171170  -0.372800649032  0.162000318556  0.183626335178
  58  C  2.031077513113  6.688795366393  8.986498712510  0.605523125164  -0.498557051741  -0.796063393995
  59  C  2.160881528130  6.653011861891  4.446170549572  0.004617791944  0.118558753411  0.145626297845
  60  C  6.637956290472  2.233688258671  0.072477190606  0.810735950423  -0.278099069622  -1.588853620488
  61  C  6.602082121140  2.232760147196  4.500679348181  0.129602922606  0.149255327497  -0.062848218536
  62  C  6.627819675966  6.670972775816  0.047066760698  0.745029028873  -0.556585469006  -1.181287947131
  63  C  6.604000723913  6.673269261512  4.487243026341  -0.113425747063  -0.333895514844  0.121970443392


MDSTEP:  8
LATTICE_CONSTANT: 1.889726125458
LATTICE_VECTORS
  8.832094162881  0.000000000000  0.000000000000
  -0.029825078166  8.652147999487  0.000000000000
  -0.168294061558  0.033594276370  8.999008524234
VIRIAL (KBAR)
  -11.302452342755  20.862485126862  26.018935497703
  20.862485126862  19.035518812687  -6.198563723987
  26.018935497703  -6.198563723987  -67.683522471093
INDEX    LABEL    POSITIONS    FORCE (eV/Angstrom)
  0  Si  3.298309996812  1.128961499963  3.365289537904  -0.099856866344  0.635157541896  -0.198657494067
  1  Si  3.241744871607  1.140239953612  7.804304973391  -0.279993686791  1.100326923250  1.310349860586
  2  Si  3.293543186430  5.555152248224  3.356240100948  -0.305464164367  0.156256501167  -0.150129668458
  3  Si  3.219037340918  5.574057478402  7.781002490598  -0.259021235515  0.239416344180  1.537712473488
  4  Si  7.723713627568  1.151854135442  3.389798940222  -0.077658358108  0.547226780276  0.030071103243
  5  Si  7.682340332753  1.134193695257  7.840075924068  -0.550965146231  1.134642360345  1.545537584562
  6  Si  7.713783571250  5.555064106980  3.393007595134  0.221489834243  0.217674183809  -0.067061554165
  7  Si  7.680147325179  5.584398857663  7.812667647459  -0.730409128160  0.338568559097  1.724542356725
  8  Si  3.301930914101  3.324871346572  1.145957894661  0.108057844000  0.413318967098  -0.629080221478
  9  Si  3.257260887575  3.355631283594  5.566996626234  0.220897662974  -0.099277526237  -0.167994796256
  10  Si  3.280216949637  7.761256646148  1.130907734824  0.122778697277  -3.275304880225  -0.547637196647
  11  Si  3.273851416831  7.772622679989  5.569555578694  -0.947054553770  -2.991062885152  0.060410262197
  12  Si  7.744600464552  3.355077553930  1.165914164944  -0.126752059448  -0.202976743798  -0.533390198379
  13  Si  7.698325696310  3.345868946905  5.616807659691  -0.259155357894  0.309920242231  -0.146954816564
  14  Si  7.732892205067  7.764432568913  1.175206831297  -0.212243199843  -2.836402707050  -0.554905563743
  15  Si  7.703143467934  7.782536333859  5.603144703567  -0.325620080512  -3.025500233771  -0.084563611985
  16  Si  1.111787348937  1.131499276482  1.122624118695  0.381578745899  0.976869500473  -0.043065625998
  17  Si  1.045767054932  1.140362129126  5.554444188403  0.944116605445  1.291763770721  0.734175684073
  18  Si  1.077194758157  5.546911972408  1.110513968232  0.908246286748  0.655872706798  0.281643678627
  19  Si  1.043894423676  5.555092322077  5.532606516511  0.893175491368  0.741674715589  0.924015567968
  20  Si  5.543294454643  1.116418976888  1.149938102554  -0.336228746243  0.924662654795  -0.426175552357
  21  Si  5.490055524996  1.134731011684  5.587713284066  -0.128891671889  0.780904469768  -0.094968423936
  22  Si  5.512632059948  5.541733602032  1.152646812904  0.096940658523  0.171913175668  -0.645700783856
  23  Si  5.474387767069  5.568846117426  5.586072046678  0.128357090266  0.087306957902  -0.165523265085
  24  Si  1.064354339918  3.331227134035  3.328058973646  0.829665885182  0.644365565705  0.942011326267
  25  Si  1.029625725005  3.337365828941  7.783409684804  0.180096191828  1.056012900219  1.852191354301
  26  Si  1.051432178736  7.783965150127  3.311023339366  0.495022573980  -3.081735232379  1.517027581833
  27  Si  1.025957005492  7.778421604060  7.760539799995  -0.310927797598  -1.802028036760  2.865499462173
  28  Si  5.507589163655  3.337115970281  3.371741323261  -0.059029162450  0.294414987871  -0.112945400549
  29  Si  5.472852729950  3.348560620800  7.799012953849  -1.055423718304  0.369440574576  1.628707611300
  30  Si  5.492143718351  7.771475561277  3.357696599923  -0.225517545869  -3.178802353615  0.332532001576
  31  Si  5.454077023174  7.780470674081  7.804716741357  -1.230182803236  -2.418305860625  1.967761298649
  32  C  0.060140449422  0.026156847748  0.063946332088  0.218559724558  1.496094072182  -2.155894393874
  33  C  0.011429307840  0.049311451613  4.501122698599  -0.634414606899  1.900181959417  -0.844034439284
  34  C  0.016114291375  4.451437515080  0.065484551610  0.121275634642  -0.730900865483  -1.959454343767
  35  C  -0.003445476180  4.441179173399  4.519158443061  -0.970786711177  -0.620820918249  -0.931591838804
  36  C  4.429587625250  0.025503130186  0.038447251590  1.291357285626  1.875338179376  -1.816821063741
  37  C  4.395700051643  0.033340073508  4.475216917153  0.460869113033  2.383940918909  -0.289616768757
  38  C  4.406220486573  4.447641312672  0.027138697290  0.751808230171  -0.489985208737  -1.076608087755
  39  C  4.385377637762  4.457804318477  4.469657132258  0.149482715332  -0.349109965967  0.100278445886
  40  C  0.004196532577  2.231972487930  2.289886929547  -0.367080517397  -0.335478576970  -0.874175487276
  41  C  -0.044913483713  2.249642165364  6.738665301503  -0.430492573524  -0.645553809074  -0.679473392406
  42  C  0.014974859842  6.664051707109  2.291076830128  -0.984688599404  -0.767855130630  -0.802964450889
  43  C  -0.017748933107  6.692718136733  6.726137328190  -1.039943150353  -1.056193980221  -0.936876714385
  44  C  4.409913873486  2.217664335939  2.258822501662  0.122984175491  0.066523999490  0.020393947484
  45  C  4.360130393565  2.232105000890  6.666654641577  0.145224255065  0.120952786207  0.623357736992
  46  C  4.399138473918  6.643533880993  2.244447950906  0.001820728389  0.089802901738  0.176876673362
  47  C  4.357360496597  6.671637683225  6.666110509045  -0.003263298846  -0.179148524662  0.709021410219
  48  C  2.194450787894  0.017331010168  2.240353778629  0.601659600431  3.010565319726  -0.197382070422
  49  C  2.162849786515  0.064063639845  6.677193983421  0.187320930858  1.956196687670  -0.136805974076
  50  C  2.180670849273  4.447299759798  2.253982196617  0.124258836860  -0.248796126436  -0.257332567365
  51  C  2.154433228010  4.453353889690  6.654946038645  -0.396861401665  -0.141203707204  0.529999941518
  52  C  6.636044615050  0.048648786324  2.289996976617  0.383919251267  2.172721013918  -0.472841827629
  53  C  6.601749510375  0.057074246891  6.702951350205  -0.066867019367  2.053411835243  0.184710136229
  54  C  6.650762243577  4.445940041517  2.273498140157  -0.565815032023  -0.116101954328  0.052594693862
  55  C  6.572994743431  4.475897264944  6.719729967406  0.153492762328  -0.334861408585  -0.187106406016
  56  C  2.220787992437  2.226497956365  0.001916904394  0.543011916729  -0.289124563347  -0.737340813583
  57  C  2.182127644963  2.226304812829  4.456219551222  -0.273678819409  0.154277972627  0.072959701693
  58  C  2.022207524051  6.691918147955  8.979940473272  0.764143179462  -0.515673800563  -0.623132734895
  59  C  2.161899641347  6.651292556140  4.439007258818  0.048058611316  0.227752911732  0.310263256766
  60  C  6.636736497648  2.237899153892  0.063217724051  0.823022117733  -0.353814155022  -1.392676935476
  61  C  6.598143259059  2.233443819953  4.494436483175  0.202556937796  0.115275703746  0.096421256606
  62  C  6.620898767288  6.668958783082  0.053757666061  0.849926568204  -0.463849684662  -1.241078450261
  63  C  6.610365316893  6.666313223551  4.489919195225  -0.220889130384  -0.160877805664  0.050896525996


MDSTEP:  9
LATTICE_CONSTANT: 1.889726125458
LATTICE_VECTORS
  8.832094162881  0.000000000000  0.000000000000
  -0.029825078166  8.652147999487  0.000000000000
  -0.168294061558  0.033594276370  8.999008524234
VIRIAL (KBAR)
  -11.725678838903  20.607885889942  26.433807007247
  20.607885889942  19.157878685013  -5.699377440192
  26.433807007247  -5.699377440192  -68.206703900591
INDEX    LABEL    POSITIONS    FORCE (eV/Angstrom)
  0  Si  3.298220187314  1.132566590315  3.366889472813  -0.121359723789  0.486454728378  -0.240704464004
  1  Si  3.238928512389  1.140115826077  7.802197219453  -0.290140257886  1.148581279243  1.222893353109
  2  Si  3.288692508184  5.552391473172  3.352253891477  -0.111026649866  0.249975739005  0.023450916871
  3  Si  3.215736736726  5.575143547944  7.785110749763  -0.280685705045  0.261862130813  1.411639203328
  4  Si  7.718451155841  1.153080341592  3.389288818824  0.158610453976  0.586752990998  0.037741203723
  5  Si  7.679345898968  1.129772436977  7.845377959970  -0.522515542185  1.208572316818  1.325925965836
  6  Si  7.712536093666  5.555579953192  3.394290226950  0.206463335519  0.130969463254  0.016479462337
  7  Si  7.679564474319  5.588694411268  7.808402395030  -0.646496486373  0.228190565201  1.758721207016
  8  Si  3.303876025832  3.330507479072  1.146348219430  0.067901130596  0.308307937313  -0.613141263975
  9  Si  3.258013825104  3.359034962369  5.569439914650  0.253169646447  -0.226108701310  -0.371092425620
  10  Si  3.276176961702  7.756957335617  1.130051112006  0.239853100276  -3.095553579610  -0.541427302780
  11  Si  3.277668443596  7.772257221708  5.574962076919  -0.979473339263  -2.905225280594  -0.126942668937
  12  Si  7.739585013099  3.357480567993  1.161745838252  -0.085965470774  -0.185691313834  -0.420523934682
  13  Si  7.695886495074  3.351792917017  5.620332280377  -0.165166914968  0.170065743724  -0.362207615123
  14  Si  7.727492732776  7.757483466120  1.173073139657  0.208153745035  -2.622176819811  -0.600340696430
  15  Si  7.703740962923  7.779273485753  5.602917904899  -0.220368785386  -2.969574608492  -0.185673620976
  16  Si  1.110842500993  1.134844231592  1.116296271541  0.361986050836  0.910674357995  0.146156557593
  17  Si  1.039764766114  1.136926974653  5.559118969519  1.163151769368  1.498430622630  0.569657217531
  18  Si  1.072878801796  5.551722717894  1.113971051273  1.058569971089  0.548802210299  0.221938578832
  19  Si  1.046736103183  5.554053223508  5.533165700110  0.886496054570  0.849741732038  0.804430833917
  20  Si  5.541658408409  1.117916944945  1.153415713031  -0.345623598094  0.948045045737  -0.530934896342
  21  Si  5.494378595132  1.133765606930  5.585410423201  -0.205153111295  0.833908797944  -0.203811423509
  22  Si  5.515862088767  5.542143443696  1.146071125763  0.059081242877  0.219426984939  -0.498601199438
  23  Si  5.480199876810  5.573433093576  5.592035190912  -0.260689503292  -0.063234610164  -0.317774147448
  24  Si  1.067426119142  3.337235299273  3.321871574116  0.736392471165  0.355515882508  1.048896023812
  25  Si  1.023974921145  3.337668405526  7.781867899208  0.255209479573  0.973039192992  1.814295152999
  26  Si  1.052248189745  7.788326646223  3.305819393589  0.316608617792  -3.247923000839  1.940271013189
  27  Si  1.026739452225  7.783452472409  7.758476551502  -0.185997159814  -1.809959722151  2.844379807581
  28  Si  5.506324336696  3.331682714162  3.366683890542  0.009043411528  0.455366949085  0.041647431496
  29  Si  5.468049549644  3.352244340867  7.799816332212  -0.995844068711  0.207991190002  1.574291150782
  30  Si  5.494423760459  7.765863386578  3.352678613582  -0.298753106197  -2.999372812163  0.447327833785
  31  Si  5.453079567362  7.786043486232  7.805583221062  -1.206599686951  -2.423077410313  1.937040415022
  32  C  0.065991130352  0.032013331217  0.053016505609  0.022178330592  1.213104313482  -1.858021725804
  33  C  0.016904456808  0.054287032846  4.508240584811  -0.876692314090  1.668685679662  -1.115458919354
  34  C  0.021376320812  4.448535246158  0.070529624384  -0.012331893815  -0.637216117974  -2.127054149696
  35  C  0.001008630267  4.439655460540  4.514911513824  -1.033881875052  -0.546720708745  -0.807295210701
  36  C  4.422502688376  0.036997961366  0.031751874130  1.348791543370  1.658228584116  -1.573103459027
  37  C  4.389219081409  0.036577664897  4.468362310358  0.714566526995  2.235430781173  -0.210210652179
  38  C  4.405338507992  4.456692784910  0.021214628474  0.788145784677  -0.650854752191  -0.980135120443
  39  C  4.386363227254  4.450153047260  4.460091698469  0.180987547400  -0.144021557229  0.307092651788
  40  C  -0.004885586880  2.237962761409  2.282652445190  -0.189776464178  -0.374403517097  -0.768698300091
  41  C  -0.051868826530  2.244478740796  6.731353638286  -0.361088194398  -0.492412578182  -0.460145144128
  42  C  0.017891184772  6.654439531077  2.298346241888  -1.100376998741  -0.519925772762  -0.924068495696
  43  C  -0.014049358964  6.698884731079  6.726722702079  -1.116814506905  -1.219397402927  -0.970406202972
  44  C  4.412317924842  2.219871809551  2.267887343469  0.069161843120  0.017391177151  -0.263551659338
  45  C  4.359145811255  2.229564527928  6.665153229625  0.178417905479  0.185771634899  0.677535767989
  46  C  4.404565736052  6.642871707583  2.242550619398  -0.099842487210  0.058105333797  0.087519874770
  47  C  4.347522146815  6.673933885544  6.675988823573  0.254759718612  -0.228726742625  0.641591741396
  48  C  2.188502037825  0.010678005293  2.248923437324  0.877679060396  3.262488441877  -0.664228174601
  49  C  2.161534589733  0.067454777978  6.668415858536  0.179870290111  1.908415516514  0.083363791539
  50  C  2.179684622231  4.450157986149  2.261392633926  0.134278604902  -0.226459106978  -0.537184648236
  51  C  2.156521744688  4.459714637060  6.648318483344  -0.454665421991  -0.276912409955  0.726899360535
  52  C  6.642020117564  0.050550042865  2.283594094981  0.200559018700  2.026724816864  -0.302487291453
  53  C  6.605251715782  0.053389013441  6.694066111484  -0.200503997147  2.090356271559  0.424818017414
  54  C  6.645175998033  4.452842895074  2.276686422707  -0.502006092472  -0.260546029028  -0.122695534501
  55  C  6.567009166147  4.471497529192  6.710062444866  0.281778392583  -0.178407684262  0.094159051933
  56  C  2.223138775131  2.217535144688  0.001098677939  0.559485949034  -0.034182639257  -0.772070686145
  57  C  2.191808572304  2.217888077522  4.448466742614  -0.571659913875  0.390242966522  0.279154787517
  58  C  2.032005277660  6.686556783966  8.972582690441  0.523934149526  -0.445191644465  -0.491339131061
  59  C  2.169824759916  6.655088335447  4.444244606961  -0.079521239759  0.154636284386  0.211211260986
  60  C  6.646641538676  2.230116094798  0.060119557683  0.582783720398  -0.220456649472  -1.390130960353
  61  C  6.605141414088  2.238470518775  4.488983081538  0.046356375656  0.047328467627  0.192432938797
  62  C  6.631389267153  6.669161747352  0.057411350937  0.623763858697  -0.478975372337  -1.427792459627
  63  C  6.603946962098  6.660289871346  4.499301594990  -0.027168591373  -0.014877585779  -0.133708988746


MDSTEP:  10
LATTICE_CONSTANT: 1.889726125458
LATTICE_VECTORS
  8.832094162881  0.000000000000  0.000000000000
  -0.029825078166  8.652147999487  0.000000000000
  -0.168294061558  0.033594276370  8.999008524234
VIRIAL (KBAR)
  -12.390000476610  20.407280276475  27.870031108467
  20.407280276475  20.120138024657  -5.856666938336
  27.870031108467  -5.856666938336  -68.670738149849
INDEX    LABEL    POSITIONS    FORCE (eV/Angstrom)
  0  Si  3.294546051345  1.132041518575  3.371174929019  0.014024048779  0.499912447090  -0.212027664505
  1  Si  3.244311661170  1.142528753158  7.797188768644  -0.467385565474  1.100055023657  1.253572856642
  2  Si  3.294489020923  5.548882547476  3.347729605254  -0.332947901229  0.268193178893  0.186792957249
  3  Si  3.214380524298  5.571552311438  7.782091011008  -0.226891311229  0.281408060241  1.416725056860
  4  Si  7.718778169765  1.149018229816  3.389311588975  0.128636314520  0.750300432960  0.074308187773
  5  Si  7.681631564370  1.124443610726  7.841405392625  -0.552190594975  1.257406868235  1.423877892446
  6  Si  7.711586057908  5.549339943762  3.391616427209  0.284214700513  0.237819645174  0.060611362709
  7  Si  7.683889673134  5.594156276774  7.802803617865  -0.845359001675  0.031434636880  1.853794332535
  8  Si  3.297680998153  3.335846095530  1.147271014411  0.134369996783  0.152624480719  -0.611079724929
  9  Si  3.262038967171  3.352932940994  5.573305014658  0.137720595045  -0.080463376411  -0.498479520933
  10  Si  3.279724104999  7.753175178755  1.126227404371  0.063500056898  -2.960462957844  -0.369011746909
  11  Si  3.278226742566  7.767085179656  5.580237197093  -0.966785667896  -2.697898724116  -0.287548336916
  12  Si  7.741959799401  3.352139372412  1.156387197577  -0.175524103582  -0.123969152593  -0.327485873810
  13  Si  7.700639826845  3.352252254802  5.618250573219  -0.346941613370  0.189940622619  -0.281394295040
  14  Si  7.721931516665  7.750317962713  1.173584030992  0.253489716005  -2.460910536098  -0.703486972358
  15  Si  7.704980430956  7.781391906597  5.604765323631  -0.101751338714  -3.047842784347  -0.234999044723
  16  Si  1.114792047482  1.130336638057  1.118910783615  0.347083133771  1.117331821971  0.200944041768
  17  Si  1.034371992051  1.144106701721  5.560324347719  1.311111117964  1.448239619916  0.394599001505
  18  Si  1.068185215538  5.545419750160  1.113351572165  1.172828076241  0.623615288436  0.215345496978
  19  Si  1.050054937011  5.558729906681  5.533660089897  0.810355400367  0.790832984408  0.717890068687
  20  Si  5.541608441065  1.119154044743  1.157670751303  -0.406982445722  0.925133810932  -0.524510294426
  21  Si  5.497677281898  1.128920192267  5.578665786368  -0.150737738046  0.901781162452  -0.023174345107
  22  Si  5.517632185874  5.546429342613  1.140885910500  -0.026594563355  0.024872812488  -0.368187743021
  23  Si  5.483584044354  5.575493861658  5.594251108076  -0.292948028221  -0.153118161850  -0.486047702025
  24  Si  1.062257462120  3.340745298805  3.325230442980  0.938453866799  0.290468807046  1.093841891783
  25  Si  1.026296189385  3.335767631006  7.781690231302  0.115437666133  1.035672943772  1.641585333037
  26  Si  1.049563660257  7.781862861223  3.307802648755  0.461281410016  -2.954837612703  1.757829795790
  27  Si  1.033384651909  7.778628421712  7.760497258467  -0.328282603990  -1.617983558685  2.724999285253
  28  Si  5.507108118432  3.329517752795  3.368188316853  -0.148920583503  0.426070101997  -0.018773381218
  29  Si  5.460854281903  3.346070577137  7.799293953177  -0.895585328084  0.236511921148  1.570263494142
  30  Si  5.494624103816  7.765594610036  3.359618568525  -0.283960135990  -2.890226503308  0.288072718262
  31  Si  5.450467364383  7.782403763326  7.800964963309  -1.172854616008  -2.319424471746  2.036826737854
  32  C  0.063051282250  0.041980120293  0.060492189289  0.019737317950  0.907698364925  -1.958327100974
  33  C  0.016184875499  0.059322280992  4.508887867610  -0.867355763870  1.540857826934  -1.124537132292
  34  C  0.014297142258  4.454037020376  0.064935474748  0.050217133312  -0.760982284804  -2.074795151083
  35  C  0.008303331255  4.438036075900  4.517569146362  -1.170018209928  -0.450308794456  -0.812789590489
  36  C  4.419877289349  0.043487810922  0.036225857242  1.429011104898  1.536980253376  -1.718157651828
  37  C  4.398706927050  0.043181013211  4.478114622234  0.443530429846  1.978119672188  -0.314388922208
  38  C  4.405871830359  4.451561989075  0.016189371494  0.727130229340  -0.585779553284  -0.895084928309
  39  C  4.378078084723  4.445559293896  4.457159991121  0.413107493237  -0.037543369502  0.416806082549
  40  C  -0.004485052360  2.244256570415  2.290630549132  -0.208237028721  -0.524405985165  -0.927515314826
  41  C  -0.051838063665  2.236707858577  6.724677543443  -0.372058522774  -0.278596588718  -0.300006656875
  42  C  0.019857844589  6.654298215111  2.289680435494  -1.190169391756  -0.606387050014  -0.791225188918
  43  C  -0.013736989205  6.687556864554  6.732323784809  -1.032218971992  -0.907984956829  -1.091993200290
  44  C  4.404517005408  2.213077524092  2.269460570377  0.191872067412  0.180197413249  -0.290044952475
  45  C  4.358156518620  2.220421397740  6.655692907217  0.280761795003  0.282546060762  0.841024837626
  46  C  4.396049721595  6.640526460807  2.248383447095  0.160973879039  0.114908975260  -0.080411818899
  47  C  4.355637987594  6.669662721584  6.676465019623  0.032205027338  -0.171544490584  0.633944462451
  48  C  2.196430118021  0.019720891226  2.254352031112  0.672450711891  2.890050199219  -0.676796825273
  49  C  2.154054875867  0.077588727895  6.659357606752  0.312196114438  1.645582818189  0.297574014978
  50  C  2.179599219009  4.448520626943  2.269039793048  0.055704401101  -0.158527806048  -0.721037632973
  51  C  2.153949511418  4.468966907944  6.638996434988  -0.333374319623  -0.504500263724  0.878715711236
  52  C  6.644277105996  0.053894111388  2.284330808898  0.075128239146  1.836749423413  -0.275577329309
  53  C  6.609872363907  0.047384380754  6.695648091458  -0.313391609494  2.168330680782  0.416413417363
  54  C  6.645325732570  4.447702619485  2.281629657007  -0.522685473772  -0.210730092432  -0.303357865452
  55  C  6.558964128514  4.475899950810  6.716496850066  0.472718481627  -0.306866065709  -0.025471238342
  56  C  2.047627500503  2.257821221404  8.992844503476  0.695656745578  -0.127509883579  -0.632363982049
  57  C  2.200054555673  2.222222680573  4.448570406945  -0.814720364069  0.343578167053  0.336882911725
  58  C  2.030482828561  6.686833978421  8.967880184271  0.607931159008  -0.528604259275  -0.372947413018
  59  C  2.163170391899  6.658832503031  4.438098038428  0.107736613853  0.068709366491  0.299489734324
  60  C  6.642003318523  2.222756345319  0.061840508113  0.651086615106  -0.111141404852  -1.479511084545
  61  C  6.597541629471  2.239728217802  4.490840701974  0.264803627605  0.001129641457  0.150701289542
  62  C  6.624956678174  6.661483208576  0.049074085933  0.762585248408  -0.289716197945  -1.326541393819
  63  C  6.608580510392  6.668375192148  4.494929377405  -0.052177737911  -0.216798647707  -0.044343952900


