ATOMIC_SPECIES
Si 28.085 Si_ONCV_PBE-1.0.upf
C 12.011 C_ONCV_PBE-1.0.upf

LATTICE_CONSTANT
1.8897261254578281

LATTICE_VECTORS
9.393166217210563 1.8949260990634253e-10 5.057698283580148e-15 
-4.696583108438631 8.134720592035515 1.5022277148376664e-12 
5.538582114923236e-15 1.9049319149013424e-12 10.275931116231366 

ATOMIC_POSITIONS
Cartesian    # Cartesian(Unit is LATTICE_CONSTANT)
Si
0.0
36
0.000000593497 1.807711462730 2.566566684603 1 1 1
3.131058767983 7.230865375472 2.566566684604 1 1 1
-3.131059361062 7.230864347492 2.566566684604 1 1 1
4.696582515340 6.327009262256 5.135529722889 1 1 1
1.565524225775 0.903855150415 5.135529722899 1 1 1
7.827642584787 0.903856178290 5.135529722899 1 1 1
0.000000593197 1.807711462714 7.704540478713 1 1 1
3.131058768156 7.230865375238 7.704540478725 1 1 1
-3.131059360940 7.230864347769 7.704540478725 1 1 1
4.696582515406 6.327008997341 10.273543066222 1 1 1
1.565524455165 0.903855282947 10.273543066231 1 1 1
7.827642355317 0.903856310700 10.273543066231 1 1 1
-1.565527839741 4.519288212745 2.566565881108 1 1 1
1.565528642342 4.519289602520 2.566565881108 1 1 1
-0.000000802169 7.230863370502 2.566565881119 1 1 1
6.262110994379 3.615432405984 5.135529165903 1 1 1
3.131054420544 3.615431016144 5.135529165903 1 1 1
4.696583910988 0.903857168735 5.135529165912 1 1 1
-1.565527916863 4.519288167948 7.704540058757 1 1 1
1.565528719699 4.519289558146 7.704540058757 1 1 1
-0.000000802413 7.230863459708 7.704540058758 1 1 1
6.262110980482 3.615432398379 10.273542399591 1 1 1
3.131054434085 3.615431007937 10.273542399591 1 1 1
4.696583911326 0.903857184583 10.273542399601 1 1 1
3.131052950871 1.807712959264 2.566565728459 1 1 1
6.262114401812 1.807714925798 2.566565728459 1 1 1
4.696581973393 4.519292708639 2.566565728459 1 1 1
1.565530227433 6.327007672375 5.135528894279 1 1 1
-1.565531361953 6.327005706931 5.135528894279 1 1 1
0.000001134759 3.615427803639 5.135528894269 1 1 1
3.131053026341 1.807713005430 7.704539802424 1 1 1
6.262114324107 1.807714968092 7.704539802424 1 1 1
4.696581975619 4.519292620215 7.704539802424 1 1 1
1.565530012386 6.327007547492 10.273542262449 1 1 1
-1.565531146272 6.327005583146 10.273542262449 1 1 1
0.000001134130 3.615428052335 10.273542262438 1 1 1
C
0.0
36
0.000000611767 1.807710587288 4.498107098018 1 1 1
3.131059519483 7.230865833344 4.498107098009 1 1 1
-3.131060130837 7.230864773711 4.498107098009 1 1 1
4.696582498001 6.327009869106 7.067109091958 1 1 1
1.565523706436 0.903854827679 7.067109091947 1 1 1
7.827643121466 0.903855885587 7.067109091947 1 1 1
0.000000611476 1.807710907699 9.636122390716 1 1 1
3.131059242154 7.230865672887 9.636122390717 1 1 1
-3.131059853208 7.230864613759 9.636122390717 1 1 1
4.696582496578 6.327009819980 1.929154649430 1 1 1
1.565523749668 0.903854850984 1.929154649429 1 1 1
7.827643079652 0.903855911349 1.929154649429 1 1 1
-1.565527828755 4.519288198502 4.498107461108 1 1 1
1.565528651669 4.519289623491 4.498107461108 1 1 1
-0.000000822505 7.230863372438 4.498107461109 1 1 1
6.262110871724 3.615432352377 7.067109742311 1 1 1
3.131054525823 3.615430932439 7.067109742311 1 1 1
4.696583928370 0.903857297468 7.067109742311 1 1 1
-1.565527785847 4.519288224453 9.636122923492 1 1 1
1.565528607742 4.519289647677 9.636122923492 1 1 1
-0.000000821496 7.230863322305 9.636122923493 1 1 1
6.262110961701 3.615432409140 1.929154895004 1 1 1
3.131054431652 3.615430981954 1.929154895004 1 1 1
4.696583932550 0.903857191129 1.929154895004 1 1 1
3.131052225381 1.807712576542 4.498107786506 1 1 1
6.262115098484 1.807714493162 4.498107786506 1 1 1
4.696582002197 4.519293532613 4.498107786496 1 1 1
1.565530833307 6.327007985115 7.067109960377 1 1 1
-1.565531938182 6.327006070984 7.067109960387 1 1 1
0.000001105133 3.615427118290 7.067109960377 1 1 1
3.131052459388 1.807712712173 9.636123091606 1 1 1
6.262114864022 1.807714628020 9.636123091606 1 1 1
4.696582002648 4.519293262135 9.636123091607 1 1 1
1.565530698515 6.327007909249 1.929155170379 1 1 1
-1.565531805109 6.327005992158 1.929155170379 1 1 1
0.000001106843 3.615427272930 1.929155170378 1 1 1

NUMERICAL_ORBITAL
Si_gga_9au_100Ry_3s3p2d.orb
C_gga_9au_100Ry_3s3p2d.orb
