ATOMIC_SPECIES
Si 28.085 Si_ONCV_PBE-1.0.upf
C 12.011 C_ONCV_PBE-1.0.upf

LATTICE_CONSTANT
1.8897261254578281

LATTICE_VECTORS
8.559195520093898 0.0 0.0 
0.012182833985961023 8.929013348059394 0.0 
0.20289417967055434 0.08444421282593494 8.543190426083555 

ATOMIC_POSITIONS
Cartesian    # Cartesian(Unit is LATTICE_CONSTANT)
Si
0.0
32
3.334674595807 1.106405089995 3.242401223330 1 1 1
3.387404179635 1.144074740883 7.637343423838 1 1 1
3.327784479206 5.497306173753 3.230339051745 1 1 1
3.391151730311 5.520249033196 7.626366297257 1 1 1
7.725557674499 1.105561898980 3.197439516725 1 1 1
7.782078030600 1.136010818439 7.592968266513 1 1 1
7.719223768956 5.501296432438 3.187729015721 1 1 1
7.783021741182 5.508201369664 7.552053261132 1 1 1
3.310136625162 3.302230736136 1.051034127045 1 1 1
3.354056523870 3.320292878818 5.442164741385 1 1 1
3.316832181118 7.691408893316 1.021059790497 1 1 1
3.369353311708 7.705896042641 5.403267294142 1 1 1
7.700828733901 3.298886500131 0.972804263425 1 1 1
7.751670022597 3.306455333414 5.386254732648 1 1 1
7.693701932092 7.699650969119 0.983767794028 1 1 1
7.763666608427 7.709494405681 5.368886842981 1 1 1
1.120614082235 1.108932277788 1.071657660234 1 1 1
1.171653152154 1.126596598520 5.480935431524 1 1 1
1.125464658062 5.495036065699 1.058847351339 1 1 1
1.168612531608 5.507311389235 5.447695968750 1 1 1
5.495801381895 1.096972469798 1.029414956375 1 1 1
5.558108677185 1.124148400075 5.420604482874 1 1 1
5.499063153491 5.498901853643 0.998924007976 1 1 1
5.574494733673 5.525680803195 5.394644350988 1 1 1
1.136248550592 3.309212029367 3.267025951462 1 1 1
1.195210519149 3.339735973250 7.657913557470 1 1 1
1.149028264225 7.702052014444 3.236657202055 1 1 1
1.199712641111 7.718289898947 7.647520678989 1 1 1
5.534063336093 3.299987002185 3.213109349768 1 1 1
5.582535047923 3.320961297282 7.604378231079 1 1 1
5.535849285869 7.700505620145 3.189199776437 1 1 1
5.587761799351 7.714897943233 7.577766030051 1 1 1
C
0.0
32
8.791213799543 0.006678651995 -0.106055960316 1 1 1
8.832412389001 0.016801487855 4.284631531950 1 1 1
8.796103699504 4.381146175715 -0.119099062417 1 1 1
8.829595017132 4.405786065019 4.270564608695 1 1 1
4.397505617361 -0.008132599215 -0.053867648471 1 1 1
4.453507616017 0.020497114862 4.340572726441 1 1 1
4.403120152099 4.393954086012 -0.075451401834 1 1 1
4.447099258809 4.398785177981 4.331308416370 1 1 1
8.810527435233 2.193757421509 2.085316150211 1 1 1
8.860590433182 2.225073201682 6.457109599360 1 1 1
8.809466741651 6.593312766751 2.063454031294 1 1 1
8.867008291600 6.609701024550 6.447976534466 1 1 1
4.413568248574 2.194607403626 2.134650441960 1 1 1
4.481619185120 2.232389517975 6.519199973560 1 1 1
4.435887610471 6.589877415623 2.129303110947 1 1 1
4.464681065772 6.613005512075 6.506582904502 1 1 1
2.221958550499 0.009490026178 2.179990376073 1 1 1
2.262848661713 0.039926714145 6.568318829374 1 1 1
2.219666557974 4.395034113816 2.152993390355 1 1 1
2.287267061049 4.424526167954 6.540420390905 1 1 1
6.619556944710 0.011855480315 2.116551293188 1 1 1
6.668531306303 0.024890672932 6.514779916224 1 1 1
6.610650611349 4.395981397051 2.092077488434 1 1 1
6.670835551420 4.411741029866 6.485636601187 1 1 1
2.190684257154 2.190603646758 -0.035959136093 1 1 1
2.256798712937 2.223497333528 4.352253759119 1 1 1
2.207236431901 6.580366872649 -0.051492816982 1 1 1
2.250607110354 6.594596665074 4.330938613402 1 1 1
6.595759537508 2.186778223752 -0.089521634990 1 1 1
6.641634416461 2.202557944564 4.302172814512 1 1 1
6.593030117916 6.577819840157 -0.107758827767 1 1 1
6.636578917230 6.606633286674 4.292510722965 1 1 1

NUMERICAL_ORBITAL
Si_gga_9au_100Ry_3s3p2d.orb
C_gga_9au_100Ry_3s3p2d.orb
