ATOMIC_SPECIES
Si 28.085 Si_ONCV_PBE-1.0.upf
C 12.011 C_ONCV_PBE-1.0.upf

LATTICE_CONSTANT
1.8897261254578281

LATTICE_VECTORS
9.478527367985537 0.0 0.0 
-4.853011426851733 7.998852649968536 0.0 
-0.21384602573220673 0.14481479017107246 10.364395453215076 

ATOMIC_POSITIONS
Cartesian    # Cartesian(Unit is LATTICE_CONSTANT)
Si
0.0
36
-0.042251921126 1.829071178646 2.547382984249 1 1 1
3.052351914207 7.267971991524 2.548253623169 1 1 1
-3.210956623851 7.227263011348 2.481353804381 1 1 1
4.600703388589 6.394233733436 5.133878767774 1 1 1
1.504150468552 0.949017836850 5.140937907017 1 1 1
7.772765589836 1.004749562978 5.215173739108 1 1 1
-0.093905693576 1.867028400611 7.700172992143 1 1 1
3.004529103751 7.309141811708 7.689038082839 1 1 1
-3.251895115272 7.264461351308 7.619878480166 1 1 1
4.549379338761 6.436238341471 10.283961170251 1 1 1
1.450332330158 0.983519104604 10.284898437617 1 1 1
7.717805639564 1.029082396454 10.349592767674 1 1 1
-1.618856267726 4.532798565128 2.521657799442 1 1 1
1.517941847593 4.556190923832 2.552075504463 1 1 1
-0.082731310727 7.243991676244 2.509624972233 1 1 1
6.179425333612 3.695044312478 5.169130813785 1 1 1
3.046424531715 3.669710599096 5.145368049692 1 1 1
4.635767541260 0.969655126550 5.179590274677 1 1 1
-1.679220477888 4.557159695565 7.649963388207 1 1 1
1.449957848196 4.589310782248 7.686139765565 1 1 1
-0.129253884910 7.284309384381 7.652485916404 1 1 1
6.132250613006 3.733080203865 10.308678656411 1 1 1
3.000487530183 3.713620361449 10.290342377917 1 1 1
4.581622019628 1.012463046657 10.312831437673 1 1 1
3.087169660503 1.844570292404 2.589167902381 1 1 1
6.228128745372 1.867669305458 2.624483429622 1 1 1
4.640328717281 4.575029052240 2.586601152328 1 1 1
1.470009790424 6.371802846475 5.104945848109 1 1 1
-1.661550200335 6.350537190149 5.080159191939 1 1 1
-0.082417845917 3.656903146725 5.098241199552 1 1 1
3.034387469177 1.884949290839 7.719214658416 1 1 1
6.169048561927 1.914198413142 7.764126926619 1 1 1
4.587131804161 4.603384982990 7.725516685946 1 1 1
1.409332313190 6.401216410625 10.249546302249 1 1 1
-1.720969404307 6.383209965227 10.207297092554 1 1 1
-0.135092984845 3.683200996627 10.242700628105 1 1 1
C
0.0
36
-0.063864032358 1.838800417637 4.482453363222 1 1 1
3.040220246607 7.283065796985 4.479975469088 1 1 1
-3.219574122752 7.239757565606 4.417944096698 1 1 1
4.581821347060 6.401969098109 7.063890683850 1 1 1
1.486271454852 0.971814779197 7.072863021153 1 1 1
7.752346896801 0.999882394440 7.144458803557 1 1 1
-0.103667649152 1.877886477610 9.617528186355 1 1 1
2.982327212196 7.321028426193 9.613777864494 1 1 1
-3.283545399682 7.272069242372 9.552621685245 1 1 1
4.630608982252 6.373622847200 1.932660384920 1 1 1
1.542616272281 0.924505977052 1.942947670414 1 1 1
7.801766157573 0.980743332019 2.001262871996 1 1 1
-1.650793427725 4.540993963356 4.444918238911 1 1 1
1.484182013207 4.550580736944 4.478765360476 1 1 1
-0.095008779975 7.255126437056 4.451146105015 1 1 1
6.166186084313 3.700008878577 7.102836913652 1 1 1
3.028806181711 3.681778737976 7.071433430076 1 1 1
4.613449414608 0.984916835015 7.106849595842 1 1 1
-1.693455724202 4.579205266607 9.578601021392 1 1 1
1.432518966162 4.600959596459 9.613836497495 1 1 1
-0.148388770786 7.298698628634 9.583480625735 1 1 1
6.217344011646 3.672959246598 1.967046480715 1 1 1
3.081579827275 3.649750843967 1.931403580819 1 1 1
4.664743281458 0.950218228781 1.974383095316 1 1 1
3.080186932859 1.860593309965 4.527466594154 1 1 1
6.201563898697 1.876175715326 4.546271258770 1 1 1
4.623015581445 4.584819884746 4.516960263056 1 1 1
1.452635962929 6.385666563048 7.032443877202 1 1 1
-1.694140078531 6.367168307868 6.998460287644 1 1 1
-0.100360333661 3.661975793638 7.038110625054 1 1 1
3.016725976875 1.890688137712 9.657543756561 1 1 1
6.147905373703 1.910252118512 9.686287249548 1 1 1
4.561634840701 4.615361422751 9.651871517068 1 1 1
1.508583174109 6.360194386217 1.902720354339 1 1 1
-1.619521069603 6.326305822823 1.854157337848 1 1 1
-0.048461209919 3.625646151259 1.896212497230 1 1 1

NUMERICAL_ORBITAL
Si_gga_9au_100Ry_3s3p2d.orb
C_gga_9au_100Ry_3s3p2d.orb
