ATOMIC_SPECIES
Si 28.085 Si_ONCV_PBE-1.0.upf
C 12.011 C_ONCV_PBE-1.0.upf

LATTICE_CONSTANT
1.8897261254578281

LATTICE_VECTORS
9.43252540381793 0.0 0.0 
-4.6535067262699 7.884708210320094 0.0 
0.0019190544339834689 0.29693659439307624 10.139772659780016 

ATOMIC_POSITIONS
Cartesian    # Cartesian(Unit is LATTICE_CONSTANT)
Si
0.0
36
0.009971901240 1.814237360530 2.487139542723 1 1 1
3.098384778028 7.120821269618 2.422199878274 1 1 1
-3.033691886994 7.139381713312 2.408697318419 1 1 1
4.621311679952 6.270568555645 4.937169769859 1 1 1
1.534412117790 0.957662433794 5.024035825482 1 1 1
7.681744710382 0.927951051288 5.015888240325 1 1 1
0.008326514365 1.886563109497 7.540799259554 1 1 1
3.095651308477 7.187239202766 7.445569262995 1 1 1
-3.040647003356 7.228659960256 7.454130823201 1 1 1
4.619885261856 6.331466096672 9.982383625324 1 1 1
1.542793043893 1.031766088352 10.057328193516 1 1 1
7.683014139153 1.007515649963 10.057314634223 1 1 1
-1.521131163351 4.470941829139 2.454819706197 1 1 1
1.546962391272 4.479952550026 2.459144410369 1 1 1
0.037181173664 7.124596343640 2.421852083066 1 1 1
6.153092542002 3.606611344415 4.996202737121 1 1 1
3.072993826801 3.605812096850 4.984164419412 1 1 1
4.611393467082 0.943544110727 5.018804935279 1 1 1
-1.519283787617 4.542834057984 7.469173126820 1 1 1
1.564560492438 4.542484297605 7.492586806721 1 1 1
0.036542066124 7.198447801321 7.437493913548 1 1 1
6.151595150715 3.662226555011 10.015245889647 1 1 1
3.085234418496 3.680479629243 10.015634875779 1 1 1
4.617059260122 1.022816863900 10.040570786222 1 1 1
3.081177314267 1.791972096792 2.481109542128 1 1 1
6.135363148651 1.782790059339 2.485446123070 1 1 1
4.615502540098 4.448635234153 2.456007644366 1 1 1
1.562388780394 6.275846106097 4.940322481320 1 1 1
-1.499912260761 6.289899473180 4.927749823447 1 1 1
0.006827639928 3.626910056006 4.983431269255 1 1 1
3.076574743091 1.868008890318 7.526399943413 1 1 1
6.163121367929 1.858834078468 7.528082014429 1 1 1
4.611540786809 4.522669591162 7.495113478585 1 1 1
1.548764137589 6.346838834096 9.977048450617 1 1 1
-1.508821052643 6.361080553355 9.988528836633 1 1 1
0.016009712112 3.687190142834 10.000690432237 1 1 1
C
0.0
36
0.007701031836 1.834805169302 4.374039636036 1 1 1
3.096387728603 7.153302265875 4.313903466051 1 1 1
-3.030657075855 7.171881340911 4.307115813965 1 1 1
4.635802482074 6.276555009903 6.832394448331 1 1 1
1.538611718425 0.981765790182 6.911530194312 1 1 1
7.669938988607 0.962280322947 6.921224125029 1 1 1
0.005442387207 1.924113145163 9.415497450719 1 1 1
3.090033396710 7.196170849541 9.334580505992 1 1 1
-3.035316606555 7.235264639101 9.341306014897 1 1 1
4.621477476661 6.206572548214 1.813171370954 1 1 1
1.539023444802 0.906787350240 1.868995852436 1 1 1
7.690023945880 0.895682110782 1.889853558896 1 1 1
-1.525039128454 4.494296336834 4.343146794216 1 1 1
1.558802623918 4.478287955531 4.345684481010 1 1 1
0.034240751646 7.156092509585 4.307750028565 1 1 1
6.150365564745 3.625262184905 6.874174373807 1 1 1
3.075678514936 3.640181738846 6.863741334044 1 1 1
4.624239210603 0.979397128272 6.911409059306 1 1 1
-1.510906414880 4.579091582548 9.384923937178 1 1 1
1.556134211602 4.563640622718 9.369170648992 1 1 1
0.020508331407 7.241559619811 9.335252171333 1 1 1
6.145978804307 3.542220626346 1.844754307870 1 1 1
3.087695473020 3.550263708296 1.848671144523 1 1 1
4.605588383428 0.884791173523 1.865239200060 1 1 1
3.076354729110 1.828870879496 4.380201058819 1 1 1
6.145226350902 1.810126652073 4.379790401620 1 1 1
4.636253598820 4.473608324174 4.347881513589 1 1 1
1.569093273652 6.299076485115 6.836330823899 1 1 1
-1.513802140517 6.297655041761 6.830521777697 1 1 1
0.006015597489 3.636793024094 6.873340646343 1 1 1
3.063670853581 1.889948102531 9.421291677551 1 1 1
6.134409937192 1.888247099992 9.414998770409 1 1 1
4.623493001667 4.557827973895 9.372678827933 1 1 1
1.560167445013 6.215939793431 1.807073152554 1 1 1
-1.499932626711 6.235252301603 1.816143919340 1 1 1
0.024082382435 3.571117207591 1.847095763841 1 1 1

NUMERICAL_ORBITAL
Si_gga_9au_100Ry_3s3p2d.orb
C_gga_9au_100Ry_3s3p2d.orb
