ATOMIC_SPECIES
Si 28.085 Si_ONCV_PBE-1.0.upf
C 12.011 C_ONCV_PBE-1.0.upf

LATTICE_CONSTANT
1.8897261254578281

LATTICE_VECTORS
8.950887897100724 0.0 0.0 
-4.515595524399472 8.136696629118985 0.0 
-0.2585213788944306 0.17059774909618963 9.958809422473585 

ATOMIC_POSITIONS
Cartesian    # Cartesian(Unit is LATTICE_CONSTANT)
Si
0.0
36
-0.025294254441 1.806259393579 2.504502628966 1 1 1
3.022782531731 7.130673065190 2.507130898772 1 1 1
-3.106180215809 7.102122105674 2.417150869943 1 1 1
4.517504773381 6.268233368866 5.030377219122 1 1 1
1.458647540000 0.930522016875 5.051680448919 1 1 1
7.606409129288 0.949317519906 5.127704906640 1 1 1
-0.100964264135 1.832022014897 7.557377510945 1 1 1
2.942403567507 7.154916150623 7.533035154889 1 1 1
-3.184456193922 7.164150566140 7.463526111943 1 1 1
4.451354551531 6.298665644923 10.086701236699 1 1 1
1.410323907896 0.980839115360 10.082304246364 1 1 1
7.539037410011 0.989590500598 10.156915040272 1 1 1
-1.584847819415 4.436722555701 2.467507783060 1 1 1
1.483649615864 4.471618053541 2.505406818900 1 1 1
-0.045707366795 7.118161695184 2.460730161141 1 1 1
6.065594802057 3.609222041379 5.098606130898 1 1 1
2.982180099914 3.596246230358 5.049671816311 1 1 1
4.529477042177 0.942081296653 5.078282185292 1 1 1
-1.651986918623 4.485592686482 7.460754191113 1 1 1
1.432057764181 4.503910564394 7.538304001686 1 1 1
-0.110524811741 7.149050336428 7.482518419089 1 1 1
5.994673245196 3.650181561867 10.131882897969 1 1 1
2.929556500997 3.638460561293 10.078617324997 1 1 1
4.474772600036 0.978997140473 10.113093988681 1 1 1
3.036670723821 1.797690536003 2.531980052330 1 1 1
6.093568661061 1.797945844601 2.576940922814 1 1 1
4.548164143292 4.464995400972 2.547836418268 1 1 1
1.457186248412 6.255584314799 4.998412029145 1 1 1
-1.601745382379 6.254203866352 4.947234079591 1 1 1
-0.075513569041 3.595992839553 5.001677559460 1 1 1
2.962215177174 1.840362800655 7.582766654545 1 1 1
6.058434951156 1.856730191411 7.615780624278 1 1 1
4.483755375508 4.500709661416 7.578448832658 1 1 1
1.382321981644 6.296109486479 10.032811068386 1 1 1
-1.683388821319 6.287608991037 10.007555211460 1 1 1
-0.138122668150 3.624724950352 10.022936880134 1 1 1
C
0.0
36
-0.066159846202 1.801397690959 4.387536264792 1 1 1
2.995342621170 7.142498942632 4.401868538248 1 1 1
-3.130079116148 7.128201364971 4.318852852637 1 1 1
4.506544889291 6.262043494046 6.937663807218 1 1 1
1.435527995277 0.943044400147 6.944916212172 1 1 1
7.574573063915 0.963907059158 7.029833699136 1 1 1
-0.133280925698 1.864535223906 9.428086668600 1 1 1
2.914109141322 7.162481694294 9.417809976853 1 1 1
-3.207597722218 7.159741676542 9.342522306955 1 1 1
4.558620038956 6.230015430583 1.914539763437 1 1 1
1.505391926834 0.906141575061 1.892195783933 1 1 1
7.656646633791 0.930233058684 1.998702142317 1 1 1
-1.603753042241 4.454034036834 4.348033622367 1 1 1
1.472105907986 4.457383739122 4.398020156554 1 1 1
-0.069148765743 7.128494547500 4.351950946493 1 1 1
6.038180012098 3.616483992085 6.981585702654 1 1 1
2.961489933276 3.620260636036 6.931920427645 1 1 1
4.530860848383 0.966405645284 6.981418712067 1 1 1
-1.664529474278 4.506449238472 9.390837371802 1 1 1
1.408207481119 4.508012887025 9.411866562559 1 1 1
-0.141560566639 7.188482974060 9.371053248746 1 1 1
6.097363595585 3.572476816286 1.945068053106 1 1 1
3.040193093224 3.560915011854 1.908939996990 1 1 1
4.570199075041 0.901437704825 1.926994689536 1 1 1
3.001358834067 1.835430428238 4.428063498289 1 1 1
6.076692519894 1.830569909524 4.468953503018 1 1 1
4.547209433757 4.471202517884 4.435827203717 1 1 1
1.446893443095 6.264964782350 6.894326587637 1 1 1
-1.645960043037 6.243688582871 6.851627006883 1 1 1
-0.100606306142 3.598544250400 6.894867970912 1 1 1
2.931464666324 1.853821903101 9.470222160543 1 1 1
6.005054101651 1.879351098967 9.507502697194 1 1 1
4.475274215772 4.533894243909 9.470544515376 1 1 1
1.491996876873 6.213572489222 1.860372075047 1 1 1
-1.570737382926 6.210154285834 1.839616670467 1 1 1
-0.013628387357 3.566785335655 1.872053316026 1 1 1

NUMERICAL_ORBITAL
Si_gga_9au_100Ry_3s3p2d.orb
C_gga_9au_100Ry_3s3p2d.orb
