ATOMIC_SPECIES
Si 28.085 Si_ONCV_PBE-1.0.upf
C 12.011 C_ONCV_PBE-1.0.upf

LATTICE_CONSTANT
1.8897261254578281

LATTICE_VECTORS
9.11571006650507 0.0 0.0 
-4.359330076995214 8.109866204002575 0.0 
0.05635187963174425 0.11220236460851654 10.288361838810168 

ATOMIC_POSITIONS
Cartesian    # Cartesian(Unit is LATTICE_CONSTANT)
Si
0.0
36
0.026444855697 1.806501477395 2.532095911681 1 1 1
3.200302358123 7.129227460348 2.490971726642 1 1 1
-3.003000197267 7.207606459033 2.506568784045 1 1 1
4.743131729109 6.237518360928 5.035115689413 1 1 1
1.574478715442 0.907186735361 5.075527149208 1 1 1
7.772908019128 0.826860432169 5.046787351905 1 1 1
0.045734032715 1.815868010769 7.622128193325 1 1 1
3.218030430294 7.162301441118 7.584032370617 1 1 1
-2.981034079567 7.230602588844 7.594427508763 1 1 1
4.755258041136 6.254553996860 10.117513495811 1 1 1
1.589283016177 0.933778009255 10.162377862653 1 1 1
7.790623575844 0.851656455715 10.147035804137 1 1 1
-1.488235114588 4.510977566787 2.524418638975 1 1 1
1.613439657541 4.466533555707 2.514684393603 1 1 1
0.100111055144 7.169706680684 2.500903040034 1 1 1
6.260167826853 3.533441519054 5.044619587105 1 1 1
3.154337032328 3.561113183835 5.051707486771 1 1 1
4.670528546828 0.861623713147 5.073854811261 1 1 1
-1.480952256540 4.536269503863 7.603333240001 1 1 1
1.621428091260 4.495243678528 7.604945734674 1 1 1
0.104517408439 7.203207182733 7.586891930946 1 1 1
6.269064189675 3.563998048619 10.129590541657 1 1 1
3.165792424393 3.590800847669 10.137605339263 1 1 1
4.689532790919 0.887226009168 10.151863021269 1 1 1
3.127752863339 1.759542800879 2.519411270468 1 1 1
6.224797648525 1.723901790281 2.511439128550 1 1 1
4.710982751930 4.429608767043 2.503499410659 1 1 1
1.640456630969 6.272038350436 5.044981620802 1 1 1
-1.455597814732 6.315482643663 5.053167367793 1 1 1
0.056247006052 3.603382096473 5.070723683223 1 1 1
3.136912023291 1.792597660442 7.616650657796 1 1 1
6.248657882892 1.754453188973 7.584732292831 1 1 1
4.723689549933 4.460126534713 7.583717485950 1 1 1
1.650961278266 6.292927166951 10.142115979293 1 1 1
-1.447370248158 6.337195152115 10.132611845244 1 1 1
0.078720322836 3.632501164195 10.158035701511 1 1 1
C
0.0
36
0.030128788210 1.812505874357 4.441235367311 1 1 1
3.196100540566 7.143580880509 4.409570581077 1 1 1
-3.008606800770 7.219138197632 4.420342132749 1 1 1
4.743271691161 6.244990028702 6.943340564361 1 1 1
1.568198690366 0.917873836652 6.975160623815 1 1 1
7.785202580795 0.833319009741 6.972654767391 1 1 1
0.047511781293 1.847599262837 9.531944059443 1 1 1
3.206989326219 7.178922847830 9.497319155379 1 1 1
-2.984307460827 7.244587425243 9.505301274206 1 1 1
4.740254635267 6.214754712812 1.859347451053 1 1 1
1.567712483044 0.878706881436 1.903318475466 1 1 1
7.774000247983 0.807943615306 1.878534134597 1 1 1
-1.480267275380 4.521895322266 4.432985069602 1 1 1
1.619030820687 4.476108389197 4.429223678155 1 1 1
0.097012477664 7.187985370900 4.417051235082 1 1 1
6.256119520119 3.542079631022 6.957472649298 1 1 1
3.156569996362 3.572214026022 6.966533870387 1 1 1
4.684036219232 0.865797121056 6.982342086278 1 1 1
-1.468899877607 4.539169545759 9.519854050085 1 1 1
1.627561456199 4.507074044643 9.518241647492 1 1 1
0.113074588482 7.215926755950 9.497146917701 1 1 1
6.256987733207 3.515837134857 1.872753845515 1 1 1
3.138642410195 3.547654265264 1.883767668912 1 1 1
4.667427480012 0.847511115168 1.895195512789 1 1 1
3.133388688281 1.779172615825 4.432864047868 1 1 1
6.237967549296 1.738900623662 4.424205748828 1 1 1
4.708999316899 4.432807907727 4.426825750474 1 1 1
1.645788153914 6.284388874148 6.955281512652 1 1 1
-1.460727164129 6.318019208070 6.962481708380 1 1 1
0.064364025702 3.620479084985 6.977365297749 1 1 1
3.156699529158 1.803803278264 9.512095268638 1 1 1
6.251682600583 1.768983568723 9.509419785547 1 1 1
4.736526995400 4.466965187312 9.509190147187 1 1 1
1.631869935581 6.258756392214 1.872856816002 1 1 1
-1.469597321878 6.288041592963 1.886192038556 1 1 1
0.049579095986 3.584255865713 1.889151521053 1 1 1

NUMERICAL_ORBITAL
Si_gga_9au_100Ry_3s3p2d.orb
C_gga_9au_100Ry_3s3p2d.orb
