MDSTEP:  0
LATTICE_CONSTANT: 1.889726125458
LATTICE_VECTORS
  8.680056517994  0.000000000000  0.000000000000
  0.117510726499  9.136818813183  0.000000000000
  0.186982528237  -0.208319368957  8.804812227021
VIRIAL (KBAR)
  17.849187599165  -51.026538632483  -80.141690855010
  -51.026538632483  -102.292056875804  79.570231407345
  -80.141690855010  79.570231407345  14.624309381044
INDEX    LABEL    POSITIONS    FORCE (eV/Angstrom)
  0  Si  3.368981909071  1.060577968214  3.306452892374  -0.166063675084  -1.356916974926  0.060806525133
  1  Si  3.401697153218  0.982486793229  7.747113567577  1.721205715917  -2.504066926898  -1.739360354240
  2  Si  3.411037355546  5.483554771796  3.366469755049  -0.410589831308  -0.134686221509  -0.236826061907
  3  Si  3.430323551126  5.445554775728  7.789895414088  1.976713675155  -2.193681136585  -2.023077342219
  4  Si  7.820595646502  1.028956420472  3.241196497702  -1.142830754143  -1.184189840590  0.692428460877
  5  Si  7.874544940087  0.965808165096  7.685982122020  -0.045130547918  -2.585536284482  -1.103300599371
  6  Si  7.838401885356  5.446489161605  3.302594961761  -0.912298493296  0.112851027667  0.374873108941
  7  Si  7.875126250089  5.410807580354  7.749416400051  0.939028438681  -1.900634734169  -1.771350469586
  8  Si  3.371586054461  3.279588236209  1.102192394288  -0.711767796070  0.122870804430  0.439622635207
  9  Si  3.384924519540  3.271058758461  5.543380583076  0.358383482449  -0.785114286356  0.158585245245
  10  Si  3.396815429279  7.726487040909  1.170023089079  -0.178113491325  3.104955773749  -0.286181204492
  11  Si  3.437797956048  7.659582502385  5.607154663670  -0.287159140342  3.493540050370  -0.554531309521
  12  Si  7.800697782129  3.263970812797  1.072504914349  -1.035382132744  -0.016434061648  0.232105247614
  13  Si  7.844159907275  3.205998904363  5.511189596564  -0.823207404741  -0.126077861535  -0.104373209928
  14  Si  7.850111907971  7.696989623379  1.112898927235  -1.059183571686  2.964314320731  0.183268414525
  15  Si  7.871110406799  7.644156442352  5.543997449464  -0.736419545628  3.231808205113  -0.323137288163
  16  Si  1.114332322844  1.088476937087  1.107445820364  3.388583706256  -2.901714542088  -1.431214533460
  17  Si  1.164262764450  1.056061218710  5.537957278869  3.716053681582  -3.415597024912  -1.945783600174
  18  Si  1.167938471109  5.508821754937  1.157032011719  3.101420382707  -1.604336186821  -1.409312377396
  19  Si  1.209221081102  5.469828264861  5.571199465593  3.045813088362  -1.675024304078  -1.161568593622
  20  Si  5.581666265886  1.069886530604  1.068540088248  -0.513848460425  -1.294595017009  0.108520129981
  21  Si  5.608345968125  1.000729166633  5.492410424666  -0.356020024434  -0.832688261405  0.201907401339
  22  Si  5.582975367922  5.479687119231  1.124019187231  -0.048425665579  0.188872017376  0.209029059914
  23  Si  5.643947563082  5.440835516771  5.559641754911  -0.250511053811  -0.137792977504  -0.219499426333
  24  Si  1.160106392594  3.275810494590  3.351540827800  3.812985105318  -1.843913066658  -1.848499658607
  25  Si  1.213543461668  3.221882377305  7.793185005087  6.522375253925  -5.427897594491  -5.742049318258
  26  Si  1.197900635847  7.721707285267  3.390678777043  2.827786111659  2.017348029271  -0.874295686026
  27  Si  1.245131096118  7.663349947774  7.831379959704  4.945523367450  -1.352187346640  -3.851280608438
  28  Si  5.580131662357  3.240899908373  3.305304248738  0.343425423989  -0.059295010039  0.157199439632
  29  Si  5.649366444486  3.203858539291  7.727618039167  0.995956639483  -1.763812082489  -1.080106901000
  30  Si  5.616848025166  7.693871006863  3.351119511765  0.241287892211  2.986837745138  -0.238206980258
  31  Si  5.691095948932  7.633481980087  7.793715322632  0.909064962415  1.881953242525  -1.298627053812
  32  C  0.504008414214  8.864161560203  8.702355592104  -4.507148187194  2.346329693163  3.866710421765
  33  C  0.237823291343  -0.097659537261  4.338732261819  -1.988731266976  -1.254575721111  1.176514495979
  34  C  0.396989008182  4.173739654335  8.764823850916  -5.942226866184  5.646187462878  5.500671935477
  35  C  0.279647805758  4.330573484337  4.394271209268  -3.255325184514  1.816916666322  1.979774472775
  36  C  4.748895823438  8.891415295685  8.775358139902  -1.114008274851  -0.869560564105  0.987636207138
  37  C  4.482141457771  -0.083527188434  4.385673589978  -0.044111614994  -2.225305393095  0.231154859280
  38  C  4.456945150337  4.419759908850  0.020624473274  -1.135674437600  1.471372123006  0.715899906385
  39  C  4.514110213650  4.362726824230  4.439651498895  0.198192940039  0.095755633581  -0.028886773232
  40  C  0.231480632759  2.148612847330  2.156564339123  -2.824371248924  1.831613724076  1.666582329596
  41  C  0.264469094881  2.065798666572  6.593820458824  -2.499660586827  2.596919580858  1.986810280855
  42  C  0.269494265080  6.569452002486  2.208701584969  -2.731749253602  1.891237458310  1.541155582081
  43  C  0.301339182571  6.529628763481  6.623148263577  -2.496927129995  1.541153183300  1.874411103640
  44  C  4.473736024150  2.159552988561  2.178925940139  0.270625655504  0.229680155872  0.233656217209
  45  C  4.523693444803  2.117169120772  6.631951556541  0.051140364694  -0.000453954960  -0.146232559167
  46  C  4.507055556598  6.599943582339  2.240489279150  0.149923398786  0.168309598040  0.107043500008
  47  C  4.555378062279  6.563469604579  6.667293511769  0.421522678649  -0.311607674304  0.365224023978
  48  C  2.238814736364  -0.036990832218  2.209008962318  -0.032290145043  -2.463533308115  -0.132305691732
  49  C  2.268790629967  -0.080753358673  6.643895195046  0.448794022020  -2.801667235577  -0.294577626072
  50  C  2.277375990352  4.395048319186  2.253560967665  0.350081589516  -0.099182271677  -0.439848568119
  51  C  2.319130456841  4.348075106701  6.669742149816  0.167735047964  0.003879215566  -0.043605438227
  52  C  6.795433284432  9.067333539502  2.161158877678  0.110106201171  -2.222814269530  0.124603285812
  53  C  6.721928722156  -0.106904303646  6.568000944043  0.384309182044  -2.666215289404  0.613425876748
  54  C  6.719253276404  4.366509388602  2.197163344657  -0.137498923262  0.051141591311  0.054880032954
  55  C  6.754212448617  4.298161879441  6.628219168394  0.416606970771  0.523966236078  0.094585247100
  56  C  2.220154635430  2.187036069417  0.008012116264  -1.246685972385  2.107592686504  1.220354898203
  57  C  2.294517143936  2.151760030593  4.431531332943  -0.145688802311  0.329679581615  -0.136352127872
  58  C  2.261655433722  6.626142995901  0.044507110873  -1.728002844750  2.498496455409  1.697750897320
  59  C  2.307684402610  6.569749616115  4.491298935518  0.387814913915  0.636885149485  -0.464497458419
  60  C  6.854416783935  1.976376660870  8.765115512926  -1.002486331895  1.604623319934  1.098861034061
  61  C  6.716407536588  2.118593580133  4.400178770095  0.183178941948  0.329932288348  -0.413035146905
  62  C  6.690923254999  6.606327378470  0.013079993988  -1.410737808595  2.007221824693  1.441652153551
  63  C  6.725733539675  6.557521960349  4.431961251146  0.534637633856  0.176862579992  -0.055780463769


MDSTEP:  1
LATTICE_CONSTANT: 1.889726125458
LATTICE_VECTORS
  8.680056517994  0.000000000000  0.000000000000
  0.117510726499  9.136818813183  0.000000000000
  0.186982528237  -0.208319368957  8.804812227021
VIRIAL (KBAR)
  17.489222472003  -50.394922456672  -79.494693141740
  -50.394922456672  -103.073391613117  78.833611328337
  -79.494693141740  78.833611328337  13.909833245622
INDEX    LABEL    POSITIONS    FORCE (eV/Angstrom)
  0  Si  3.369481598571  1.060044215789  3.306935936358  -0.175198134893  -1.359530052003  0.041632813660
  1  Si  3.401686785115  0.982444657297  7.747365023156  1.708633733650  -2.494209319523  -1.732097843471
  2  Si  3.410611528670  5.483346367387  3.366346693691  -0.401134613825  -0.133738890137  -0.239109283527
  3  Si  3.430656224149  5.444256039730  7.790097514456  1.936704871063  -2.124243035749  -1.980081147846
  4  Si  7.820800341095  1.028616973536  3.240497460061  -1.170266667218  -1.185356936156  0.709894162026
  5  Si  7.874351887649  0.965390768159  7.685984199822  -0.052388655441  -2.573282751589  -1.084905840259
  6  Si  7.838074506119  5.446161706286  3.303024573539  -0.917849646513  0.140510870435  0.356483105350
  7  Si  7.875262555068  5.410510051507  7.748261724755  0.900754548573  -1.870418721349  -1.715274370400
  8  Si  3.372636397812  3.279079145521  1.102687089652  -0.725967834909  0.141066338778  0.436662145108
  9  Si  3.384805992022  3.270324951412  5.543578006886  0.358177307148  -0.764905766340  0.150224945520
  10  Si  3.397352826185  7.728030810680  1.170248739111  -0.187497241585  3.079795916474  -0.285233119977
  11  Si  3.438174693518  7.659334867756  5.607042406991  -0.284353184756  3.483064880168  -0.561312807190
  12  Si  7.800294275887  3.264118976256  1.072827254983  -1.044085589667  -0.021218750132  0.234422629205
  13  Si  7.844642724186  3.206699629404  5.510677220665  -0.839885589333  -0.129012341864  -0.075043069506
  14  Si  7.850216421147  7.697388120080  1.112175078285  -1.059708920766  2.961035796077  0.192045555211
  15  Si  7.871517880009  7.645104136670  5.544793315546  -0.754160498121  3.213687988523  -0.351681794944
  16  Si  1.114869026738  1.088676868916  1.106745749781  3.353987285797  -2.868974908087  -1.377840562304
  17  Si  1.164359014492  1.055954552718  5.537798840732  3.688048846572  -3.395249711985  -1.935697875292
  18  Si  1.168424981689  5.509079560650  1.156523644922  3.072221653740  -1.588627852246  -1.379950298328
  19  Si  1.209651549297  5.469500741823  5.570851620589  3.017271929903  -1.625798427302  -1.143594623449
  20  Si  5.581934826961  1.068958606889  1.068636853536  -0.517575500048  -1.281686008161  0.098052047437
  21  Si  5.608467566665  1.001328369934  5.492590283917  -0.345555820986  -0.854338148023  0.201507337384
  22  Si  5.582385633747  5.479469143384  1.123741815162  -0.028382199696  0.205325956203  0.222047179070
  23  Si  5.643683147387  5.440498657247  5.559430963618  -0.244754771321  -0.122910649043  -0.212702491636
  24  Si  1.160551488999  3.276341994225  3.351721723753  3.777964283488  -1.830805650024  -1.832463886130
  25  Si  1.214955501878  3.221313356681  7.792944410477  6.384382772403  -5.285421785420  -5.599047529271
  26  Si  1.198368259677  7.722019666102  3.390346937576  2.807532701656  2.020483815073  -0.876791670551
  27  Si  1.245693786498  7.663820751721  7.830123779279  4.893710407490  -1.281249735836  -3.780008976161
  28  Si  5.579860334470  3.239939993941  3.305071916371  0.344086046342  -0.031400941794  0.174819567478
  29  Si  5.649460327646  3.203317062804  7.726721637436  0.996523186232  -1.743363310246  -1.051559879821
  30  Si  5.616349170110  7.693697799604  3.351356913622  0.250252804798  2.976375871183  -0.243828124207
  31  Si  5.691167650535  7.633932064466  7.793609155935  0.911933766356  1.872948049023  -1.294893288553
  32  C  0.503083900196  8.865250280185  8.704431736645  -4.456400113749  2.254725259959  3.782246422281
  33  C  0.235943661842  -0.097681325249  4.339027055824  -1.954290579123  -1.267951385125  1.177324488351
  34  C  0.394760746086  4.174805699735  8.766838557442  -5.803664941144  5.506077031529  5.334097131270
  35  C  0.278302192278  4.331851177341  4.394951508645  -3.206496711076  1.770447715575  1.945893090418
  36  C  4.747549229612  8.890947946580  8.775927926373  -1.101295045522  -0.862907736640  0.981779967733
  37  C  4.482333997758  -0.083692906387  4.385193997129  -0.039340776570  -2.217335491003  0.247320848114
  38  C  4.457564820090  4.419906921750  0.020746753447  -1.147773928470  1.449381088175  0.703537387385
  39  C  4.513191434860  4.363655558121  4.440723313895  0.208192412258  0.065214944795  -0.051938299516
  40  C  0.229856549449  2.148240409997  2.157896321746  -2.766381948027  1.820266807117  1.620402853799
  41  C  0.264384714438  2.066130793603  6.595143040295  -2.474690294730  2.574785180091  1.941157546455
  42  C  0.269454046960  6.570143359428  2.208244297076  -2.729798834718  1.872780259859  1.548889218276
  43  C  0.300045659898  6.530149642334  6.623380565797  -2.445905332234  1.513749515506  1.842778919854
  44  C  4.473882670475  2.158868681276  2.178725774479  0.270294556207  0.224817824968  0.240368710632
  45  C  4.523680552622  2.117903309575  6.631805157114  0.043495044676  -0.022659135290  -0.141228479553
  46  C  4.506201868736  6.599545599655  2.241001110766  0.160185059554  0.175984404412  0.093579113287
  47  C  4.556330737936  6.563788481114  6.667333799010  0.396931006311  -0.321281167106  0.367578050788
  48  C  2.238822294079  -0.037788922745  2.208953687369  -0.026595050263  -2.437664527789  -0.123857615863
  49  C  2.269090431051  -0.081347145958  6.642950612577  0.444866167385  -2.792662469390  -0.280064368770
  50  C  2.277291535140  4.395280931945  2.253807322563  0.356074304835  -0.110172921179  -0.447984784604
  51  C  2.317995403914  4.348019309600  6.669284567583  0.190597191780  -0.001308307685  -0.033191366630
  52  C  6.795362602455  9.066744847865  2.160148142219  0.112528079520  -2.217039516203  0.139480422431
  53  C  6.722944331718  -0.108823519333  6.567618138724  0.358881181515  -2.626688364348  0.623164143489
  54  C  6.719238333544  4.366034486845  2.197275257229  -0.152518148432  0.056481740023  0.059412963713
  55  C  6.753483269458  4.298743556278  6.628847256250  0.432605541709  0.507363563793  0.069407933554
  56  C  2.219557402948  2.188645771554  0.007985345709  -1.216633253768  2.076099263178  1.207462708795
  57  C  2.295405836325  2.151528201990  4.430968299272  -0.164129575182  0.333627130780  -0.120613476830
  58  C  2.260643982183  6.627527095758  0.046286648488  -1.661761177345  2.446662289410  1.614656181943
  59  C  2.308356185846  6.569562435432  4.489716144838  0.370158148239  0.642323520878  -0.427283539696
  60  C  6.853556079705  1.976909609421  8.764795042389  -0.993641391102  1.584130730936  1.092001294212
  61  C  6.716566817706  2.119012615335  4.401155504707  0.184224034022  0.319292986544  -0.431828107489
  62  C  6.690255922152  6.607426844295  0.013048858076  -1.385975584490  1.975811523359  1.416909446680
  63  C  6.725276050018  6.557641738782  4.432359297060  0.544838681802  0.179096451942  -0.056131809135


MDSTEP:  2
LATTICE_CONSTANT: 1.889726125458
LATTICE_VECTORS
  8.680056517994  0.000000000000  0.000000000000
  0.117510726499  9.136818813183  0.000000000000
  0.186982528237  -0.208319368957  8.804812227021
VIRIAL (KBAR)
  16.811373612365  -48.741660361124  -77.681095775157
  -48.741660361124  -105.123630169714  76.732151378776
  -77.681095775157  76.732151378776  11.782935410850
INDEX    LABEL    POSITIONS    FORCE (eV/Angstrom)
  0  Si  3.369594311890  1.057759609717  3.307241854344  -0.149745790103  -1.302964668013  0.040174154724
  1  Si  3.399718514404  0.980957225382  7.746149690422  1.772761398385  -2.404346729996  -1.665203219862
  2  Si  3.409449382574  5.484550142323  3.365003523670  -0.318281732248  -0.163312619203  -0.219847311879
  3  Si  3.432109382554  5.443801656732  7.791626000532  1.877980975550  -2.036771826848  -1.933852576285
  4  Si  7.821377336317  1.029840465384  3.241782820532  -1.175588583342  -1.145049165573  0.664482955346
  5  Si  7.873343991989  0.965274687685  7.683011079460  -0.138390695305  -2.532648470033  -0.927630465555
  6  Si  7.837932682837  5.448020327799  3.303770549295  -0.958309345318  0.130089612105  0.340006846416
  7  Si  7.876323144063  5.409964937061  7.747149776739  0.820796922561  -1.763111167613  -1.613348864968
  8  Si  3.371661370305  3.280279731377  1.104426295940  -0.695436363141  0.103967964235  0.423435930049
  9  Si  3.385865051830  3.268234899179  5.541170750828  0.424945133382  -0.698026787944  0.194927555286
  10  Si  3.394990983474  7.730066510567  1.168506352594  -0.121030136188  3.050369063842  -0.269273563343
  11  Si  3.438703204571  7.661585855645  5.607206634138  -0.290216218671  3.424379967196  -0.597708045543
  12  Si  7.797309494483  3.261509726478  1.071882562222  -1.034771854047  0.095836559008  0.278813707661
  13  Si  7.843099083662  3.207473169385  5.512533619908  -0.821930234675  -0.073522033444  -0.118564154025
  14  Si  7.848173985248  7.697570261576  1.113121939868  -1.042064738196  2.940810958369  0.187672919975
  15  Si  7.873253905916  7.647015191663  5.543689331653  -0.758044957357  3.195941811199  -0.326006088172
  16  Si  1.118048004866  1.086039729945  1.104467568025  3.168735569154  -2.716903933294  -1.220558340159
  17  Si  1.165644252306  1.056519763917  5.538058484625  3.569064714135  -3.287828576918  -1.833605473073
  18  Si  1.171607996769  5.506907795397  1.155494324065  2.888037232875  -1.470703561146  -1.220100785448
  19  Si  1.211772865541  5.470884228901  5.570708241341  2.924029714160  -1.650307982085  -1.106479033717
  20  Si  5.583014903816  1.070794897513  1.067265669815  -0.581487474497  -1.309061649853  0.162262196267
  21  Si  5.610594358160  1.001305661348  5.494941045660  -0.394857498951  -0.837898457171  0.148141826324
  22  Si  5.582346440789  5.479816404057  1.126129686387  -0.052221164857  0.213125822077  0.172072358103
  23  Si  5.645176405417  5.442110066215  5.559855326390  -0.277901994969  -0.112115721884  -0.227992478369
  24  Si  1.162676908038  3.278320297950  3.353386520879  3.632328639989  -1.765761520371  -1.797502336442
  25  Si  1.216225220509  3.221467938951  7.791490196151  6.098206421254  -4.958824459699  -5.238864320520
  26  Si  1.200058009880  7.724078884025  3.391495544064  2.734030415473  1.959094163308  -0.927126073634
  27  Si  1.248927422159  7.662131873615  7.829374620142  4.747790942146  -1.106928975680  -3.648621936989
  28  Si  5.579823593515  3.238176046491  3.306687444480  0.392647504863  0.066291810480  0.151863676584
  29  Si  5.651724500192  3.204681729293  7.727225858711  0.915844809547  -1.642911312318  -1.001214043659
  30  Si  5.615974449853  7.695309794876  3.351783226071  0.270674679081  2.913042726221  -0.257527576402
  31  Si  5.692247392940  7.634778473168  7.791313161558  0.907560344318  1.860653733587  -1.255973713186
  32  C  0.500140119988  8.863302134312  8.709087259000  -4.371523091172  2.126046354001  3.624244984559
  33  C  0.234519868529  -0.096022562875  4.340093945958  -1.893994622465  -1.280450747751  1.180646526160
  34  C  0.386980651868  4.179146748276  8.771206780917  -5.422873881503  5.121499494849  4.918804320254
  35  C  0.272092064886  4.335803744081  4.395586223655  -3.026954414893  1.641097778826  1.906277809992
  36  C  4.747772607896  8.889869378433  8.773850851772  -1.118235006602  -0.816926873385  1.002548138736
  37  C  4.481602720204  -0.087510354862  4.384642194884  -0.037596163186  -2.134621350193  0.299790468367
  38  C  4.452758600494  4.422822752348  0.021905324485  -1.037046282771  1.382932415120  0.653315890579
  39  C  4.515877725703  4.364373491623  4.440252898577  0.154323660226  0.080476163878  -0.045014545720
  40  C  0.227452066530  2.153688443707  2.155645972356  -2.622458862012  1.619859587871  1.584493595447
  41  C  0.258969812149  2.069332227740  6.597485434118  -2.300433654308  2.446869611592  1.799443610923
  42  C  0.265028283691  6.569392226511  2.210536915751  -2.552295386578  1.842778526251  1.455875502922
  43  C  0.301489886477  6.533280920320  6.624561865103  -2.410282147606  1.456549785127  1.787032025397
  44  C  4.473605256938  2.161871303806  2.182562542270  0.275879324128  0.139406782521  0.174042469976
  45  C  4.527328973452  2.121097527338  6.633841017867  -0.025651295146  -0.101260762624  -0.183813543114
  46  C  4.504990872025  6.599982725745  2.238815485985  0.149643607805  0.214199379324  0.145214896406
  47  C  4.556468895514  6.567151195501  6.667356753305  0.383828440018  -0.371900922889  0.365880285016
  48  C  2.241894473357  -0.035985798848  2.206308679618  -0.057118687960  -2.453552476390  -0.083986063331
  49  C  2.269110032648  -0.081334866404  6.644870388862  0.419296196588  -2.789002174376  -0.322253890131
  50  C  2.280835836895  4.393241127057  2.255553286867  0.293235359673  -0.059716612318  -0.471363153641
  51  C  2.321879465936  4.346664711367  6.668472108477  0.127532693401  0.022136206833  -0.022618838001
  52  C  6.795942278401  9.065402160900  2.161243560727  0.086273085557  -2.158514971889  0.138183013258
  53  C  6.720745569242  -0.111110960073  6.566992655542  0.407463648555  -2.604201370819  0.644887846837
  54  C  6.720354461823  4.369432633523  2.194994213057  -0.199104321313  -0.022325114107  0.132623554822
  55  C  6.754688389528  4.302092660376  6.625761940905  0.401293955296  0.466112138519  0.157625066400
  56  C  2.217562267738  2.187890657848  0.010134714903  -1.141766339412  2.073886483228  1.127764303280
  57  C  2.296020107731  2.153217367743  4.431646896764  -0.174049524736  0.268793423731  -0.127833513124
  58  C  2.255758150983  6.629982501311  0.048095798494  -1.520674392684  2.352548696562  1.498872589594
  59  C  2.306581818640  6.566205919438  4.488115915305  0.429091004342  0.752768419850  -0.393057786096
  60  C  6.848806196103  1.981592638964  8.766488683625  -0.877320542030  1.450864946615  0.962515174806
  61  C  6.718893676102  2.122385825054  4.404296215495  0.137876105212  0.227841180570  -0.462231421950
  62  C  6.686510911148  6.608595308672  0.014088230413  -1.298279522738  1.929545765208  1.321913911431
  63  C  6.728090169441  6.558904554516  4.436062682111  0.486764423307  0.201655663727  -0.126676955558


MDSTEP:  3
LATTICE_CONSTANT: 1.889726125458
LATTICE_VECTORS
  8.680056517994  0.000000000000  0.000000000000
  0.117510726499  9.136818813183  0.000000000000
  0.186982528237  -0.208319368957  8.804812227021
VIRIAL (KBAR)
  16.392363939643  -48.150967452469  -76.553247732769
  -48.150967452469  -106.683988316262  75.961081807735
  -76.553247732769  75.961081807735  10.321581869133
INDEX    LABEL    POSITIONS    FORCE (eV/Angstrom)
  0  Si  3.367147149350  1.055872375445  3.309912314581  -0.077886146931  -1.302198575624  -0.057971242665
  1  Si  3.399396317136  0.982907620245  7.747298916430  1.859509818858  -2.506271830997  -1.752444000472
  2  Si  3.409171865437  5.482916095908  3.368032543210  -0.265623058430  -0.165743390705  -0.327250462373
  3  Si  3.430129387286  5.445643722787  7.791817941482  1.961377012263  -2.016609048503  -1.980556963803
  4  Si  7.822493390921  1.032398012945  3.239815081939  -1.252067094652  -1.233291933536  0.747766223923
  5  Si  7.871783127317  0.962091107272  7.680627821170  -0.150637574455  -2.471092668325  -0.817969380383
  6  Si  7.838480139846  5.445814592196  3.301292377901  -0.924654168050  0.184938276884  0.372563874290
  7  Si  7.874711370602  5.412465747784  7.743216454552  0.759079609906  -1.768312556591  -1.529837112145
  8  Si  3.369064884017  3.277674038093  1.104306574461  -0.603782745175  0.157520067527  0.404226963043
  9  Si  3.387043560906  3.270881245263  5.538463319712  0.473166477375  -0.736591356928  0.210166041796
  10  Si  3.395743380794  7.728129446633  1.167675285507  -0.121156108994  3.072135186592  -0.261133954055
  11  Si  3.438578693611  7.662321500912  5.605563692514  -0.261752615904  3.427342348537  -0.566674304136
  12  Si  7.795175052111  3.264409130820  1.072438249816  -1.004103917088  -0.013653941973  0.256520177989
  13  Si  7.840666866548  3.204213777167  5.512019139493  -0.834463515109  -0.016581487394  -0.093154700756
  14  Si  7.849997895620  7.700341803444  1.112188149053  -1.100975692888  2.919177794789  0.176423781752
  15  Si  7.876454813992  7.644885618730  5.543741015242  -0.823252416602  3.224124922132  -0.368478531375
  16  Si  1.117057930896  1.086230939968  1.105436946480  3.067808432817  -2.659203439828  -1.151377826832
  17  Si  1.165672173879  1.058096521717  5.538448331777  3.553009310504  -3.283101512404  -1.774318692429
  18  Si  1.171498335997  5.503275807121  1.156928971258  2.918823467145  -1.345715845146  -1.210372586016
  19  Si  1.214885821531  5.471698501732  5.571592630874  2.854310360803  -1.699846427108  -1.178804422355
  20  Si  5.585624594393  1.069044938100  1.069076365424  -0.666830007214  -1.271087462359  0.126512579651
  21  Si  5.609054162687  1.003168204167  5.492830655765  -0.301249848029  -0.927074579837  0.262163718307
  22  Si  5.582961799810  5.476785630683  1.123418554335  -0.043916585181  0.263060424686  0.198198460814
  23  Si  5.642698690933  5.440293155145  5.557248062613  -0.207197015533  0.004010783021  -0.236378758616
  24  Si  1.164544237950  3.274641746874  3.355476733962  3.517751574319  -1.593310861868  -1.761510491610
  25  Si  1.221416874038  3.216678308800  7.792646052107  5.757955756383  -4.525564289101  -4.930073173396
  26  Si  1.200782148649  7.723062644868  3.391781837467  2.695935942110  2.042024630324  -0.907985974732
  27  Si  1.248256637406  7.662339533120  7.827956790021  4.679471177107  -0.980978489134  -3.547142719872
  28  Si  5.582151831821  3.241160368100  3.306923972089  0.334188330096  -0.058303359605  0.063344891074
  29  Si  5.652610847603  3.205711829038  7.724972037868  0.881401451304  -1.577127714170  -0.902636223374
  30  Si  5.614428224833  7.697239095803  3.351960105195  0.327589707003  2.845020787370  -0.284173831878
  31  Si  5.689199475742  7.638417128853  7.789821984405  0.957258153695  1.814119544300  -1.284351167074
  32  C  0.493500512258  8.865250520553  8.710946226109  -4.214207683226  1.958087055360  3.515842135912
  33  C  0.230948822584  -0.095138981495  4.342584980727  -1.803081720086  -1.313294488434  1.147745278712
  34  C  0.382022172305  4.180805851094  8.777317736667  -5.061187703560  4.791136848308  4.453257061092
  35  C  0.267884318286  4.334087757427  4.399872648089  -2.857991715793  1.577718185765  1.765506542303
  36  C  4.744303317445  8.891164322561  8.769513710521  -1.068861500612  -0.774568112963  1.099544545950
  37  C  4.485240791452  -0.085479373044  4.385954013676  -0.147297572931  -2.158790115927  0.265884751032
  38  C  4.450028038321  4.425718901935  0.022715313022  -0.999252332956  1.265465044007  0.572427918340
  39  C  4.519700549207  4.361783151919  4.437625711491  0.092415635328  0.146933182161  -0.016699055307
  40  C  0.220809395446  2.155142555462  2.161062083645  -2.411365562761  1.552049196777  1.391756249255
  41  C  0.258306031195  2.071627659920  6.602346329466  -2.239820121672  2.342697108071  1.666053721077
  42  C  0.267856207463  6.573388901058  2.210047893656  -2.560634070806  1.728306902552  1.425370505968
  43  C  0.298065030736  6.529603304224  6.620936596243  -2.310189403338  1.533506706132  1.879895370043
  44  C  4.468566383075  2.161847816226  2.180500955617  0.378300833435  0.112366030243  0.232763323322
  45  C  4.529521965902  2.124418982124  6.633772114385  -0.097460188113  -0.155745984121  -0.209936940631
  46  C  4.504765333401  6.595672143820  2.235647636832  0.164489206228  0.277807135363  0.231832124283
  47  C  4.556603427878  6.571352511555  6.662797461033  0.376965915788  -0.454460101019  0.400498497825
  48  C  2.237431340378  -0.040668628253  2.208487680318  -0.000536799113  -2.394941751859  -0.070431903371
  49  C  2.270629226478  -0.087902755020  6.649517444613  0.350625020697  -2.665123660774  -0.408440944099
  50  C  2.284977182717  4.389644107320  2.254918984475  0.178700779474  -0.029888423103  -0.420955406193
  51  C  2.324716533310  4.349632063142  6.663213685305  0.085605573799  -0.034414467865  0.100048932525
  52  C  6.796847146478  9.066181536822  2.163945111978  0.069113381957  -2.176649895245  0.101865560773
  53  C  6.725564358593  -0.117492709785  6.570568017398  0.260273039821  -2.490985426137  0.533302571394
  54  C  6.724939629925  4.365178878462  2.192708150986  -0.315431989095  0.081503013812  0.168240343089
  55  C  6.752240021588  4.305759313046  6.621584316881  0.428545593678  0.374860285805  0.209900634477
  56  C  2.219267547523  2.187188654917  0.007568205177  -1.252311896284  2.113457589646  1.236413686444
  57  C  2.300532704382  2.156205964539  4.427257378694  -0.259127219674  0.194768764272  0.019939353578
  58  C  2.259650231487  6.635542189141  0.047615597012  -1.655929685317  2.238590587023  1.513589465284
  59  C  2.308972183244  6.566348417902  4.487102893766  0.385233256792  0.747507987989  -0.374285433384
  60  C  6.849738591187  1.980887267053  8.768329999067  -0.874279543627  1.450890912548  0.894735668926
  61  C  6.715071489095  2.118118164382  4.402628146914  0.210166000672  0.312395868869  -0.443790704105
  62  C  6.681609240587  6.611844648286  0.011052261720  -1.200240253400  1.878573876273  1.332103858819
  63  C  6.732527429837  6.559942893890  4.432887718315  0.389684653244  0.168426151442  -0.107267905626


MDSTEP:  4
LATTICE_CONSTANT: 1.889726125458
LATTICE_VECTORS
  8.680056517994  0.000000000000  0.000000000000
  0.117510726499  9.136818813183  0.000000000000
  0.186982528237  -0.208319368957  8.804812227021
VIRIAL (KBAR)
  16.187350351141  -47.240684230066  -75.735755189552
  -47.240684230066  -108.012650553747  74.522776682328
  -75.735755189552  74.522776682328  9.128326299757
INDEX    LABEL    POSITIONS    FORCE (eV/Angstrom)
  0  Si  3.368517794758  1.055664804549  3.308334514091  -0.084265953077  -1.271485334501  -0.079606669832
  1  Si  3.403714682336  0.984273183567  7.743559509354  1.669173422010  -2.370536303323  -1.597775668886
  2  Si  3.405247384048  5.482983150333  3.367084126334  -0.238454602974  -0.155472577291  -0.399215153158
  3  Si  3.428408690724  5.444557831207  7.788316262758  1.977349979461  -1.954773017808  -1.798073493892
  4  Si  7.820471352793  1.031424395339  3.235966200430  -1.232360610189  -1.163568443420  0.807659528574
  5  Si  7.872974872326  0.958139143549  7.680030919258  -0.190304659200  -2.334891343976  -0.740485021423
  6  Si  7.834710466624  5.448204707523  3.303794120553  -0.843704893881  0.115982934484  0.267273768385
  7  Si  7.876505297913  5.415263862188  7.745739277620  0.572481290233  -1.745032682491  -1.464907050370
  8  Si  3.365226868071  3.273968959805  1.104670216071  -0.500303109600  0.270210837459  0.425618855678
  9  Si  3.384525742501  3.274180242194  5.535293877674  0.497103194745  -0.786928558436  0.174664670242
  10  Si  3.394771925614  7.729983430275  1.168734619364  -0.145936396695  3.023611612325  -0.286333989090
  11  Si  3.440151946117  7.663826156833  5.604593751116  -0.250411610027  3.381587742450  -0.529011423615
  12  Si  7.797506805982  3.265049308417  1.076026003602  -1.085335636859  -0.089357700737  0.222368620840
  13  Si  7.838070015181  3.206609320602  5.510942778516  -0.790587378451  -0.065246366423  -0.106003792764
  14  Si  7.848639114789  7.698003131193  1.114805371353  -1.100425038492  2.985602329398  0.166243807530
  15  Si  7.875236563539  7.648046100224  5.547218905105  -0.803305381502  3.174162387573  -0.466839552350
  16  Si  1.121011446846  1.088069103134  1.106821559858  2.957840042805  -2.648887558066  -1.148366371420
  17  Si  1.168015234760  1.057102600133  5.538873655012  3.414202423679  -3.175747731123  -1.810540172472
  18  Si  1.172521024632  5.503467774907  1.157939736619  2.791993331604  -1.342785065085  -1.221835714419
  19  Si  1.211960223545  5.473239329330  5.572015398410  2.925496487429  -1.853521531819  -1.257615341958
  20  Si  5.582398568110  1.065652338479  1.066595237190  -0.585899132371  -1.170819419987  0.210665052707
  21  Si  5.611253670041  1.005707859989  5.494874225794  -0.342436302778  -0.934252453274  0.185696216816
  22  Si  5.580323557453  5.478259971298  1.121934123786  0.005528900924  0.136671530113  0.233923703939
  23  Si  5.639353087155  5.443519220116  5.553864680349  -0.092056249491  -0.081791615203  -0.202467451271
  24  Si  1.165584865998  3.272187618859  3.352378742920  3.415978565148  -1.404617051558  -1.626728869172
  25  Si  1.221632836639  3.216432282657  7.794663246066  5.612204117025  -4.345370178919  -4.774556306938
  26  Si  1.199399748509  7.723821580837  3.393781639867  2.630497771564  2.002812009342  -0.960542999311
  27  Si  1.253486735316  7.659031465019  7.825033002441  4.436940824022  -0.705732840468  -3.306908549306
  28  Si  5.582773111400  3.242340111186  3.310045736302  0.336817120625  -0.089807981909  -0.054724402873
  29  Si  5.650695812448  3.206614489519  7.725735853240  0.895507993802  -1.588984239932  -0.909750022037
  30  Si  5.617301565600  7.700814928511  3.354131364488  0.254633413339  2.773751597538  -0.359933301800
  31  Si  5.685613652238  7.639790905313  7.790356891412  1.012662719413  1.815022205161  -1.220685660115
  32  C  0.493463586243  8.870307277834  8.711032165286  -4.058060050811  1.665069360624  3.351805178559
  33  C  0.224127444256  -0.091369899515  4.339352309134  -1.662579428034  -1.378696700221  1.223923042437
  34  C  0.373881344506  4.182874643162  8.780172019592  -4.791051296339  4.641505386462  4.231172202120
  35  C  0.264048749719  4.337227887018  4.396221754248  -2.726166376442  1.470960059067  1.785944711715
  36  C  4.741232168469  8.895231999102  8.771762926716  -1.054409656238  -0.863376696500  0.991975100347
  37  C  4.480097613083  -0.083331674212  4.389337684225  -0.065593569598  -2.208625379801  0.278253620737
  38  C  4.447940326092  4.425044491161  0.021832551111  -1.020257926324  1.269100629860  0.600908792830
  39  C  4.516882820106  4.363166131547  4.432131207753  0.105715235703  0.171741338918  0.066045965019
  40  C  0.223969829489  2.155528622440  2.167019678099  -2.435952997815  1.467822371657  1.217014523202
  41  C  0.258726413596  2.073010053984  6.603324648434  -2.213451634100  2.305058319304  1.590765336811
  42  C  0.263164233843  6.571278825645  2.207969378101  -2.478896443555  1.781591604721  1.511727981999
  43  C  0.297183181817  6.528311098318  6.617699961588  -2.335334740273  1.643964520531  2.012198532660
  44  C  4.472036857770  2.161686162579  2.180508507510  0.293275896155  0.114591580303  0.242182301812
  45  C  4.525539903501  2.128849532801  6.628949475398  -0.018406899056  -0.204704021114  -0.162422443870
  46  C  4.502271862012  6.591891142861  2.229522463610  0.198581700010  0.406793531042  0.398909641994
  47  C  4.561993887953  6.568305725193  6.667036953031  0.214663400896  -0.335097544942  0.289753490305
  48  C  2.239341329685  -0.040211919893  2.204310598848  0.015426244990  -2.402183282300  0.007329121613
  49  C  2.265131405769  -0.084207749636  6.652681088520  0.467111714205  -2.752403815268  -0.444713965364
  50  C  2.280207468141  4.394206215008  2.250864566407  0.254251676381  -0.143794519393  -0.344549575582
  51  C  2.331058924463  4.350062878048  6.665425585467  -0.107082510156  -0.019193932925  0.035451880256
  52  C  6.796468951631  9.068603784242  2.169007337756  0.007589318251  -2.237198259962  -0.005516034699
  53  C  6.728463500915  -0.120696330551  6.567105433133  0.195861699047  -2.431050262005  0.592401470887
  54  C  6.728976839074  4.360861036077  2.195047694839  -0.446129133761  0.205815733490  0.156505612228
  55  C  6.750348141409  4.304120658220  6.622165685914  0.417044667460  0.467188448625  0.180218836511
  56  C  2.217718730431  2.190668324767  0.011317317656  -1.136556164047  1.970343195730  1.062858646189
  57  C  2.299817617603  2.156884674650  4.421000269738  -0.234856737662  0.194829035248  0.130512357231
  58  C  2.255383548166  6.633425833515  0.051286234374  -1.506764014428  2.237583852236  1.347795377943
  59  C  2.308571981589  6.563602087650  4.488745602765  0.385275700027  0.831724211125  -0.378836963860
  60  C  6.845471057718  1.980140006675  8.769230935949  -0.766127531490  1.394944341411  0.835411375806
  61  C  6.714306140670  2.116382662684  4.396564992566  0.213665088436  0.346056466655  -0.310589967814
  62  C  6.675495129109  6.617280858217  0.016933766342  -1.060814665214  1.767727873377  1.146061933148
  63  C  6.739018216603  6.560348089187  4.430063067773  0.229404791538  0.222107363950  -0.011705329410


MDSTEP:  5
LATTICE_CONSTANT: 1.889726125458
LATTICE_VECTORS
  8.680056517994  0.000000000000  0.000000000000
  0.117510726499  9.136818813183  0.000000000000
  0.186982528237  -0.208319368957  8.804812227021
VIRIAL (KBAR)
  15.162638000790  -45.667175551216  -73.913755056421
  -45.667175551216  -110.158341598258  72.419861763514
  -73.913755056421  72.419861763514  7.281228068804
INDEX    LABEL    POSITIONS    FORCE (eV/Angstrom)
  0  Si  3.365462378528  1.053896217832  3.307729908812  -0.030116957944  -1.315652757519  -0.023502456808
  1  Si  3.407635539455  0.985191221162  7.745718422556  1.625381897052  -2.451375089993  -1.696895819175
  2  Si  3.404089650977  5.479526709570  3.366252055005  -0.297359046166  -0.053117664803  -0.323183214846
  3  Si  3.425335385211  5.444836284522  7.792123739805  1.984043300616  -1.970082053108  -1.828604869852
  4  Si  7.816350646747  1.034516885239  3.233020285763  -1.149298199743  -1.266208832773  0.906300139810
  5  Si  7.875772651429  0.955569421939  7.678789518645  -0.352935002568  -2.220306264560  -0.574749448784
  6  Si  7.834001368106  5.448550563744  3.306204146343  -0.896806043058  0.111545494617  0.205110180401
  7  Si  7.881149388501  5.419004967067  7.741342774421  0.355691796073  -1.696415934983  -1.206560371193
  8  Si  3.360518164801  3.269833085877  1.108581102989  -0.439499403692  0.343865099936  0.335010807616
  9  Si  3.388476684358  3.269554816906  5.534588843797  0.405767865010  -0.632332986690  0.137538139496
  10  Si  3.391729995481  7.728371508963  1.171270309466  -0.099370349003  3.031338682612  -0.274026127987
  11  Si  3.441227737395  7.660953764180  5.604047628696  -0.260988850072  3.469690351525  -0.554897091701
  12  Si  7.796272715848  3.264639539512  1.077065857367  -1.034962588988  0.004254925859  0.154774208047
  13  Si  7.840973133161  3.207186086598  5.508088960867  -0.960561013257  -0.027606820593  0.039951964327
  14  Si  7.851130118954  7.700661546199  1.110806444066  -1.168830241314  3.036354683632  0.243184250504
  15  Si  7.879337128669  7.648901582056  5.545965777897  -0.830156644085  3.139362565538  -0.491337511945
  16  Si  1.120686263987  1.091235716279  1.110371176791  2.909766163653  -2.666998306372  -1.230307017954
  17  Si  1.165434168351  1.059804757898  5.541805519817  3.403484237453  -3.208482440526  -1.859977706630
  18  Si  1.170563831814  5.506993686694  1.161576015324  2.655371632956  -1.368725654881  -1.185790984120
  19  Si  1.209082691881  5.475639072201  5.576015177198  3.005712361964  -1.842632487677  -1.354701737061
  20  Si  5.582280536848  1.060563957496  1.063717894663  -0.578698464598  -1.008818190975  0.327516613941
  21  Si  5.609122468916  1.006593440657  5.492685047626  -0.232087016065  -0.988526045775  0.246326765470
  22  Si  5.582678387040  5.473921368715  1.124113313942  -0.083569433736  0.195940042501  0.137570076515
  23  Si  5.637906981053  5.447011157439  5.551762260508  -0.044638790649  -0.114737262102  -0.195443295962
  24  Si  1.167257405540  3.273363285084  3.356150611666  3.224880794081  -1.352379708903  -1.563984520739
  25  Si  1.224734713783  3.216243329474  7.792387824111  5.301823690760  -3.990898685706  -4.406001172641
  26  Si  1.195653652625  7.729203057778  3.392162272770  2.710717215154  1.860758995170  -0.974704119299
  27  Si  1.259036243274  7.654997552252  7.821669854875  4.133278398211  -0.154316688943  -2.915426042887
  28  Si  5.585737033786  3.240332293436  3.307056219419  0.241535837393  0.040440911013  -0.003270306197
  29  Si  5.653176838366  3.204939926091  7.720758239553  0.836553677287  -1.460453669413  -0.756694325412
  30  Si  5.619263379694  7.705453294044  3.349387359874  0.253577392689  2.717079184396  -0.296409523276
  31  Si  5.689617039508  7.637355473700  7.791254588432  0.912788538277  1.808461204822  -1.234734229434
  32  C  0.485114192873  8.877799363338  8.716266701070  -3.687706135443  1.151483341332  3.014244150913
  33  C  0.228145929464  -0.095720003496  4.341025965764  -1.820035957436  -1.151570554313  1.233157362671
  34  C  0.365044001528  4.191357806579  8.779562903010  -4.361836778532  4.242432914320  3.932883536347
  35  C  0.256258268509  4.337724895063  4.402876364910  -2.510192249580  1.435188612796  1.618577625983
  36  C  4.741047578003  8.893977790817  8.777722463478  -1.048152570257  -0.911410469361  0.849436236415
  37  C  4.485969878219  -0.086745586327  4.396160373969  -0.232843305792  -2.153040993807  0.119457882372
  38  C  4.442406031043  4.421545408131  0.018657204804  -0.942028995260  1.281766491661  0.673273076196
  39  C  4.514944551479  4.369343100935  4.434034472043  0.189887010635  -0.016664506098  -0.014905829040
  40  C  0.220090435453  2.158378697935  2.168248929812  -2.344958016968  1.459285321036  1.229096254478
  41  C  0.255194756787  2.074888278586  6.607410697161  -2.138950345829  2.266535668395  1.474559224739
  42  C  0.254199145289  6.574881191026  2.210912289296  -2.286668898964  1.713372513138  1.457940398333
  43  C  0.298109592612  6.529922785144  6.625036486956  -2.323942202170  1.643249447651  1.858134986812
  44  C  4.468531151870  2.164314805965  2.183943604414  0.338453674468  -0.008713548754  0.176626412769
  45  C  4.525009941303  2.132855321269  6.624140756057  0.042862315575  -0.323894825589  -0.097978414824
  46  C  4.499901987212  6.589816407183  2.231838184303  0.225685803256  0.417724141877  0.343526658075
  47  C  4.557565438312  6.564325810635  6.660391111500  0.286563597285  -0.238598145069  0.504399363228
  48  C  2.234117828686  -0.043332884770  2.200153492033  0.086806368080  -2.342167587671  0.100405665146
  49  C  2.263846855502  -0.082399070478  6.646965691228  0.557935163465  -2.760529795358  -0.298830410167
  50  C  2.273367965677  4.388953665021  2.254134764088  0.319981340703  -0.028999908078  -0.384477458253
  51  C  2.331414943772  4.350391015098  6.661793426124  -0.114908382468  -0.044184682966  0.095413337429
  52  C  6.792491093619  9.067410578532  2.174747637515  0.010718912819  -2.227271980834  -0.098313034785
  53  C  6.733599581674  -0.126477025806  6.566382953192  0.098843397355  -2.292276437115  0.577289029985
  54  C  6.732083146054  4.360691427380  2.189277478423  -0.491174133625  0.193354190791  0.323138395658
  55  C  6.750154223111  4.310880005585  6.627818916462  0.450813475024  0.382417806162  -0.013146880779
  56  C  2.218832718160  2.188871601259  0.008043894118  -1.209253809599  2.021735296305  1.176113541643
  57  C  2.296417051533  2.156294946405  4.420501326555  -0.185094387255  0.182125828514  0.170595303166
  58  C  2.251316816173  6.636475341509  0.057808039544  -1.399804884848  2.158417497425  1.218199544832
  59  C  2.309096313950  6.571096642892  4.490665927652  0.297431155829  0.666656954467  -0.461840521255
  60  C  6.846946473314  1.988277425323  8.774223805933  -0.775152681627  1.118846819701  0.637701308036
  61  C  6.712881438571  2.116885372209  4.393746657652  0.246154153930  0.349117626739  -0.246634568396
  62  C  6.676620159146  6.622175821540  0.023123692057  -1.003278606101  1.611836089882  0.955046039659
  63  C  6.739690251047  6.561746018526  4.424260966628  0.223349219638  0.234752277498  0.094830530393


MDSTEP:  6
LATTICE_CONSTANT: 1.889726125458
LATTICE_VECTORS
  8.680056517994  0.000000000000  0.000000000000
  0.117510726499  9.136818813183  0.000000000000
  0.186982528237  -0.208319368957  8.804812227021
VIRIAL (KBAR)
  14.467941101532  -44.545281747796  -73.594276598823
  -44.545281747796  -110.777851293902  71.881852573220
  -73.594276598823  71.881852573220  6.851787080244
INDEX    LABEL    POSITIONS    FORCE (eV/Angstrom)
  0  Si  3.370183736857  1.051594667341  3.308524428356  -0.148129490262  -1.347315856820  -0.013278808212
  1  Si  3.403402037912  0.987362974933  7.745321440270  1.658001344402  -2.486430795964  -1.696850995459
  2  Si  3.408438150539  5.478745479462  3.369122887122  -0.384974010409  -0.039880174221  -0.336194063728
  3  Si  3.422226944831  5.446313938137  7.788688997123  1.940757300140  -1.977834800600  -1.828911229546
  4  Si  7.816974942418  1.028917450851  3.236680376437  -1.103067863834  -1.166116365579  0.747610439263
  5  Si  7.875368534126  0.955045164550  7.681645051526  -0.350229501575  -2.186543251476  -0.599267576936
  6  Si  7.829776871475  5.445096828142  3.309169970365  -0.784544832359  0.230641175095  0.237957286121
  7  Si  7.885737007177  5.419019371951  7.738739490476  0.279579671969  -1.640456124138  -1.131535695267
  8  Si  3.357722228263  3.266735402855  1.103780752779  -0.337346383760  0.360258441463  0.488754779235
  9  Si  3.384545956949  3.271722669990  5.535852320673  0.405905498666  -0.681870548541  0.134784245409
  10  Si  3.388671264939  7.731282583942  1.175789960392  -0.015491750383  2.908392555537  -0.327822285347
  11  Si  3.444163204419  7.664470664044  5.606237576734  -0.344639245208  3.409791742481  -0.656381082916
  12  Si  7.793881140527  3.266169427543  1.073489501943  -1.015887055061  -0.088466207618  0.250473628296
  13  Si  7.836341851708  3.210162102993  5.511874755906  -0.890305737815  -0.072363587302  -0.057104069745
  14  Si  7.848867884110  7.700462184700  1.114744754613  -1.170768532473  3.004312930449  0.173184098529
  15  Si  7.875292850540  7.653701868598  5.544643140842  -0.723802259649  3.081051733382  -0.397087745415
  16  Si  1.126226940008  1.095371969465  1.110549739448  2.806113502586  -2.741982538781  -1.172569930988
  17  Si  1.168792691430  1.062973280009  5.537117837354  3.281529274066  -3.202680194014  -1.670989886843
  18  Si  1.166229442012  5.502902177082  1.159151258342  2.739966817667  -1.239857545186  -1.088611718708
  19  Si  1.205200345834  5.472561752755  5.570670353328  3.036396683688  -1.610924850480  -1.199245163399
  20  Si  5.583630129699  1.059995627953  1.066067786584  -0.686080810073  -1.092003099536  0.281003538825
  21  Si  5.609957803618  1.003810084038  5.492084816809  -0.344835251959  -0.981467643183  0.166525830297
  22  Si  5.580698198555  5.474756042847  1.119757018912  -0.095550710758  0.187665011146  0.171177128217
  23  Si  5.637557766817  5.448684943302  5.555524187701  -0.072946827754  -0.116725873225  -0.271781307099
  24  Si  1.166556368057  3.277998323275  3.352952760001  3.280618584065  -1.579697443121  -1.526977454398
  25  Si  1.223354842199  3.210965704184  7.786688245094  5.196051403419  -3.713977831538  -4.184850945325
  26  Si  1.197476901511  7.725229659879  3.387446872223  2.739864685861  1.977735903364  -0.789936849384
  27  Si  1.256702313016  7.657768273398  7.825805639511  4.185733392617  -0.276844253809  -3.067717984213
  28  Si  5.583264541223  3.243170414969  3.303324052124  0.303779119266  -0.004950711058  0.160132360737
  29  Si  5.654138508235  3.207594596496  7.719570074816  0.722414687286  -1.595779390634  -0.828625821068
  30  Si  5.620392477275  7.705844420149  3.353382699323  0.209468653290  2.636624169187  -0.363441545825
  31  Si  5.687962854347  7.633102386732  7.787236690379  0.780776450997  1.965301986318  -1.127893965499
  32  C  0.486119189356  8.876310257257  8.722389777973  -3.738559994113  1.278517356290  2.998314983640
  33  C  0.231941177804  -0.091546118035  4.340314413395  -1.825309682807  -1.312456657387  1.177756437656
  34  C  0.364628994128  4.189075015840  8.780794538444  -4.290918997939  4.120998061475  3.748028072725
  35  C  0.261285944727  4.336315385646  4.404298813853  -2.725637030703  1.454240510145  1.603931007340
  36  C  4.732825274953  8.900070818374  8.779497251071  -0.886099737686  -1.082643902294  0.779643144695
  37  C  4.479727648238  -0.095413823219  4.393643056895  -0.079362819119  -2.062747170534  0.232451493558
  38  C  4.435426274320  4.419752299724  0.012879816158  -0.864077305214  1.317231227487  0.742874733710
  39  C  4.511192377387  4.375561613258  4.440554453462  0.308695269364  -0.190120714161  -0.096510760015
  40  C  0.220906245269  2.159352589569  2.166915345389  -2.401876777692  1.442400349872  1.259118759188
  41  C  0.254417606856  2.081525239597  6.606844280161  -2.125677203610  2.008307745963  1.427190817898
  42  C  0.255831643202  6.577017550572  2.215942020584  -2.341641999539  1.538320481548  1.305042185732
  43  C  0.295390261460  6.529236511504  6.627463048629  -2.239954889785  1.671393162955  1.710933858241
  44  C  4.474271985661  2.157366787067  2.187352228891  0.200117588881  0.153262502183  0.081693461957
  45  C  4.520562045960  2.124674647636  6.616742781956  0.131400446699  -0.108888582616  0.041625851770
  46  C  4.503746788377  6.582874766659  2.239643644264  0.163551908311  0.551112360847  0.172108247351
  47  C  4.554527972783  6.558825355802  6.653363519062  0.321073728443  -0.125216260674  0.658063039261
  48  C  2.236330217697  -0.048722570873  2.198002207046  0.065406220083  -2.218559411750  0.152035501268
  49  C  2.268143071337  -0.084005942297  6.642701996529  0.451866796333  -2.687119846056  -0.227570791424
  50  C  2.275981387360  4.384216983763  2.257627504917  0.316357816297  0.078475598288  -0.484009218123
  51  C  2.323334489344  4.354606819931  6.662464303479  -0.016794341129  -0.157945963819  0.061017013583
  52  C  6.790784214677  9.065318489672  2.167999288333  0.082112763496  -2.230608142395  0.064536611883
  53  C  6.727798451315  -0.121450224981  6.566194611554  0.202782343130  -2.381557105094  0.602524375713
  54  C  6.734765557849  4.365160305623  2.189967555928  -0.587349381607  0.115266201632  0.247552475386
  55  C  6.748836480212  4.319042032538  6.628341966464  0.472448790473  0.227601071296  0.001198421026
  56  C  2.216885763103  2.193990410678  0.010268683848  -1.174471723776  1.908312018167  1.030810136350
  57  C  2.294798714297  2.148644720313  4.424633188341  -0.127458536038  0.387496958584  0.005406372108
  58  C  2.249313512320  6.640578941381  0.051249644490  -1.407882208849  2.093433918617  1.388680399889
  59  C  2.314248070201  6.569826323437  4.491392225625  0.195700483993  0.696732305015  -0.463450074716
  60  C  6.839189373563  1.981703132165  8.779143588019  -0.621966842620  1.285231803047  0.527197376856
  61  C  6.717769956012  2.109728201703  4.394183745445  0.127665215495  0.511323056618  -0.258681037169
  62  C  6.673075629674  6.622341112036  0.016199594454  -0.927084290364  1.587955917284  1.042452698711
  63  C  6.738485306637  6.562948154911  4.431537654429  0.244587584944  0.212644587870  -0.006492805661


MDSTEP:  7
LATTICE_CONSTANT: 1.889726125458
LATTICE_VECTORS
  8.680056517994  0.000000000000  0.000000000000
  0.117510726499  9.136818813183  0.000000000000
  0.186982528237  -0.208319368957  8.804812227021
VIRIAL (KBAR)
  13.525381126193  -42.432517701473  -72.391102295303
  -42.432517701473  -110.931109837272  70.229001260795
  -72.391102295303  70.229001260795  6.235563407121
INDEX    LABEL    POSITIONS    FORCE (eV/Angstrom)
  0  Si  3.374398798928  1.048329423175  3.311006883730  -0.216917499803  -1.234558888330  -0.001683406622
  1  Si  3.402827374940  0.988226397656  7.747105256359  1.634510794649  -2.428264457655  -1.661897021874
  2  Si  3.413258789712  5.474037356196  3.368147258430  -0.489449028445  0.089844657151  -0.331827195686
  3  Si  3.423041657590  5.445609838752  7.787362341088  1.857466626352  -1.953987863890  -1.794261569128
  4  Si  7.813873383118  1.033582986993  3.232210395377  -1.101713074981  -1.183060991969  0.870324504801
  5  Si  7.872872332522  0.957143656969  7.681142608518  -0.310674015512  -2.237325701839  -0.495030261970
  6  Si  7.833630259444  5.448659297799  3.309347414691  -0.845376202483  0.112475363573  0.265820824007
  7  Si  7.887379447162  5.419564339612  7.738863970274  0.133530315862  -1.482672015139  -0.987498754122
  8  Si  3.353888370284  3.271733372533  1.109374037635  -0.325061966853  0.294959214363  0.471486842626
  9  Si  3.381204215139  3.269659283169  5.536329223994  0.516821010032  -0.698546641814  0.041276306692
  10  Si  3.384598287555  7.729001620076  1.179022512683  0.066002568650  2.870384502520  -0.402918615213
  11  Si  3.448181120252  7.666934643368  5.605357929102  -0.474282042174  3.295800493708  -0.729390135697
  12  Si  7.794318261953  3.266667532183  1.073943932893  -1.020204487876  -0.133731890554  0.246336104440
  13  Si  7.841678939777  3.205096756874  5.506481946065  -0.996035296160  -0.016477658995  0.160958084923
  14  Si  7.847693327699  7.699448172701  1.120214165540  -1.181063406819  2.999221997836  0.047699604507
  15  Si  7.875261981254  7.656055292455  5.547049356139  -0.711680443345  3.020023767139  -0.448755691929
  16  Si  1.132829151026  1.094130868353  1.110455819801  2.721305586003  -2.707853807619  -1.137116812109
  17  Si  1.169936971317  1.057403344960  5.532244275100  3.186421783798  -2.912616593420  -1.426322633666
  18  Si  1.161983931723  5.500005554502  1.153635020724  2.862259268962  -1.094625512510  -0.961112203904
  19  Si  1.200765094032  5.471773415147  5.569003929501  3.091209028938  -1.504386440490  -1.104662386126
  20  Si  5.584063583159  1.061034862925  1.067346717646  -0.803096617086  -1.110419629879  0.299930362282
  21  Si  5.608136712126  1.003306655202  5.488900020389  -0.334065614165  -0.946452235140  0.228410152544
  22  Si  5.584025552047  5.469723439311  1.122819271064  -0.174679340055  0.244135519587  0.138589755340
  23  Si  5.635544313559  5.443473763609  5.559110730551  -0.006940117819  -0.126965097125  -0.342041296320
  24  Si  1.166038784799  3.277229155283  3.348344994484  3.302029996499  -1.515336716232  -1.304061914667
  25  Si  1.223188260986  3.215398054666  7.788179265034  5.003212776202  -3.568788056405  -4.013939436709
  26  Si  1.193292184102  7.731538607779  3.384088151441  2.854444164893  1.779040666194  -0.819190561079
  27  Si  1.259040187066  7.657602632254  7.822911683889  4.225099574486  -0.235075323551  -3.006969102389
  28  Si  5.585686235914  3.243628317377  3.304785296422  0.211470626237  -0.027931097264  0.152432308140
  29  Si  5.657278729659  3.207744530146  7.714739771494  0.409479609527  -1.616041991758  -0.598728585296
  30  Si  5.616385097395  7.702400585445  3.355843552110  0.264481028346  2.690302054441  -0.387837508326
  31  Si  5.691051092429  7.633442250510  7.783551715644  0.692870679749  1.957866977579  -1.017922276427
  32  C  0.491212706868  8.873220722222  8.720703900058  -3.796185272521  1.410580436668  3.074885497226
  33  C  0.234422284686  -0.091015504697  4.338000787129  -1.966319099422  -1.222208319592  1.161445884169
  34  C  0.362014535095  4.200197520718  8.788941360126  -4.129332843990  3.688303916510  3.328808826313
  35  C  0.262427164330  4.333569254279  4.410709999309  -2.747438538205  1.414392968940  1.412473678817
  36  C  4.731180595948  8.896190455354  8.785112554247  -0.882865911201  -1.040630799138  0.675631468412
  37  C  4.482752077719  -0.089963441418  4.389968913273  -0.050062922176  -2.207505550838  0.268657226632
  38  C  4.426264610890  4.422719341386  0.019060527784  -0.610634808568  1.172212789284  0.544787919753
  39  C  4.513865167399  4.372998092386  4.438386434550  0.258119495808  -0.184267407315  -0.021317544111
  40  C  0.223192730377  2.160604624220  2.167927129957  -2.389193085906  1.356903720327  1.147634988418
  41  C  0.252137854231  2.078802027038  6.616220371552  -1.937029945060  1.925252745526  1.105131535471
  42  C  0.257078106619  6.573271493907  2.212361381400  -2.387855730979  1.670219352122  1.401099349421
  43  C  0.301365994620  6.538286774943  6.634535414893  -2.321628405627  1.419993624243  1.478017925233
  44  C  4.470206090130  2.157287962593  2.192185860813  0.279514098348  0.174527343966  0.012140884391
  45  C  4.512834922286  2.118973948999  6.608887863555  0.295741195671  -0.011309830597  0.210639330669
  46  C  4.509910258259  6.585513413318  2.237624906365  0.039110902889  0.431859982538  0.231175384622
  47  C  4.557064960968  6.555266854695  6.650100523844  0.279867419206  -0.047453993582  0.700611785283
  48  C  2.361053709382  9.083130629657  2.204983646476  -0.078355734441  -2.141777986046  0.056399874199
  49  C  2.272508207806  -0.078181109971  6.638225669703  0.427349502862  -2.786880038316  -0.183125476709
  50  C  2.269405147139  4.387737339559  2.261780553224  0.414414240309  0.047997552173  -0.588965597921
  51  C  2.325232980921  4.348623045894  6.653976644166  -0.105744146623  0.021887217301  0.254583205593
  52  C  6.792249747321  9.069539282739  2.163274685687  0.105709306100  -2.262357997576  0.153544420859
  53  C  6.733473959729  -0.118317615084  6.560867769212  0.107146423718  -2.387333925674  0.638237108852
  54  C  6.736762277862  4.357329950425  2.192895650876  -0.570332213126  0.248990016863  0.251445435085
  55  C  6.747710520661  4.312211268367  6.634200965959  0.606976836621  0.357543986983  -0.154389535263
  56  C  2.215290493602  2.203283891655  0.010408681854  -1.113772144400  1.761722622119  1.028264540600
  57  C  2.300629554707  2.150253556404  4.429233588186  -0.285826797252  0.310712651422  -0.161617276893
  58  C  2.241582126607  6.641976362892  0.045035780853  -1.260383506657  2.030190377089  1.426856940374
  59  C  2.305922132281  6.565361882548  4.482931917220  0.356429183870  0.817467063601  -0.332992519225
  60  C  6.834655110126  1.979623094688  8.783678420005  -0.525304695476  1.334771511759  0.424571316339
  61  C  6.709637703814  2.117680490432  4.400972410832  0.303850006430  0.345290486403  -0.419658181120
  62  C  6.664301444893  6.623815808525  0.021304097018  -0.693865596864  1.484989174761  0.876971794262
  63  C  6.734617919360  6.560088635297  4.432103233404  0.336526501050  0.246979705563  0.047952329203


MDSTEP:  8
LATTICE_CONSTANT: 1.889726125458
LATTICE_VECTORS
  8.680056517994  0.000000000000  0.000000000000
  0.117510726499  9.136818813183  0.000000000000
  0.186982528237  -0.208319368957  8.804812227021
VIRIAL (KBAR)
  12.782438540970  -41.849647843048  -71.660113832073
  -41.849647843048  -111.699964343078  70.054897499100
  -71.660113832073  70.054897499100  4.885220989012
INDEX    LABEL    POSITIONS    FORCE (eV/Angstrom)
  0  Si  3.373527302705  1.053661004756  3.311984238542  -0.295208655725  -1.391682134727  0.022111634997
  1  Si  3.398361256211  0.985937612617  7.748728395175  1.835299892931  -2.418719742333  -1.699973772608
  2  Si  3.418335773264  5.478306038597  3.369536736593  -0.584735343973  -0.033721479039  -0.316821003514
  3  Si  3.422289793056  5.447200061588  7.783011382912  1.809894779029  -1.845438350086  -1.548889635744
  4  Si  7.809187743738  1.036944919882  3.234725844827  -0.945662619276  -1.329292686623  0.873435161897
  5  Si  7.869452395466  0.960325554454  7.685804952638  -0.115263095536  -2.264734325413  -0.619943573879
  6  Si  7.830486799508  5.443658649083  3.305930175509  -0.616572177398  0.230610873990  0.451691389787
  7  Si  7.881314071787  5.414372571008  7.734171476607  0.218183381341  -1.218772920729  -0.731759337744
  8  Si  3.358739241986  3.267653683503  1.111473847081  -0.439037855868  0.586376674473  0.421884486088
  9  Si  3.383195693479  3.268529890358  5.542300050761  0.527691375928  -0.739333596261  -0.058092942294
  10  Si  3.380685508792  7.734452346664  1.184445450734  0.041328341597  2.729725613447  -0.557670648696
  11  Si  3.451211659001  7.673654867686  5.603063149659  -0.474922920450  3.191283456892  -0.715207686864
  12  Si  7.793204331862  3.271303684777  1.070071180368  -1.092509351543  -0.168224108328  0.357692572686
  13  Si  7.835925791757  3.202232202045  5.510992369852  -0.935892115935  0.172131109243  0.028794869851
  14  Si  7.844293066930  7.699463502050  1.122303052266  -1.075546949633  2.994962038632  0.037204585386
  15  Si  7.880390425236  7.658915560019  5.546767213940  -0.675770996446  2.924321173047  -0.428038054048
  16  Si  1.137818400708  1.098321303656  1.111048901379  2.624236867783  -2.728560963211  -1.171876390693
  17  Si  1.165426451519  1.061563182895  5.534206597793  3.225183759647  -3.024443665536  -1.435006621643
  18  Si  1.159159803288  5.503601506477  1.157727141399  2.791706267246  -1.064044994067  -1.022222116079
  19  Si  1.206108449763  5.470891523093  5.566006327204  2.930320920748  -1.400749760770  -0.932198065063
  20  Si  5.587874709566  1.062503860998  1.063145275510  -0.859514209540  -1.202193631376  0.310124297386
  21  Si  5.611519334813  1.001874463196  5.484110971079  -0.383476644851  -1.025267182706  0.281179776228
  22  Si  5.579267734319  5.474087826516  1.128832457691  -0.132157362537  0.173899912177  0.055204172181
  23  Si  5.633037739234  5.448450695067  5.555948906050  0.088889645196  -0.211603162649  -0.217504733494
  24  Si  1.162973127515  3.272583608124  3.349988622933  3.359902059768  -1.492460322592  -1.420647528539
  25  Si  1.228930537723  3.209268992089  7.784563671455  4.663474729448  -3.153430447128  -3.676524987254
  26  Si  1.192017286179  7.737452127398  3.380539818501  2.991966919754  1.592374675366  -0.856599903298
  27  Si  1.265370906684  7.663369999219  7.817621207337  4.137402930765  -0.151872777831  -2.820881143685
  28  Si  5.586939418538  3.239508400715  3.310703228836  0.124146451684  0.080976561610  -0.051549857907
  29  Si  5.656871248201  3.201209403971  7.713883582754  0.338313802566  -1.393504539440  -0.560279884755
  30  Si  5.619460701188  7.707582917719  3.350759296446  0.288838114729  2.516067798075  -0.314672931036
  31  Si  5.696120383602  7.635719349059  7.783294952830  0.607994639807  1.935007785373  -0.954368066926
  32  C  0.497513498875  8.879029460373  8.720455866901  -3.849033953096  1.389418456879  3.005951062876
  33  C  0.241909483446  -0.100556710598  4.334487059488  -2.189832736564  -0.852153477198  1.368805872316
  34  C  0.353703232876  4.197584223987  8.790266793121  -3.740947298295  3.502024197777  3.041933458211
  35  C  0.267830098959  4.325875966596  4.412404367739  -2.967161922233  1.567978894304  1.493286328323
  36  C  4.725255509201  8.892481742880  8.784917286797  -0.773967166384  -0.969116323671  0.732142573620
  37  C  4.481906177291  -0.096554274139  4.388983587495  -0.037760403279  -2.077594177092  0.266366736814
  38  C  4.427863915437  4.430054407215  0.021417502884  -0.585904927003  0.952857150734  0.473651436669
  39  C  4.515725881342  4.368999533184  4.440550225287  0.215243263977  -0.129714323220  -0.023215625532
  40  C  0.212526391615  2.153002446791  2.168135419934  -2.208748360176  1.534561517481  1.109040569631
  41  C  0.243669684347  2.088449828771  6.609442248056  -1.863700009662  1.678489235532  1.255363540600
  42  C  0.257795650743  6.582658976237  2.219902364361  -2.446209926051  1.462139206957  1.230001768396
  43  C  0.308824373123  6.547134261659  6.642984535024  -2.340469735878  1.107031881179  1.167280525782
  44  C  4.465901515060  2.150735033534  2.184475547748  0.433958799802  0.279936331715  0.192844085249
  45  C  4.516600503701  2.110475963000  6.601913270608  0.249850458089  0.082923522357  0.326033042327
  46  C  4.504623659708  6.581561299704  2.237199788965  0.118925977225  0.619802495706  0.286729439065
  47  C  4.560639501563  6.559529764967  6.654640725799  0.206510724049  -0.049810986050  0.546029546559
  48  C  2.353733601706  9.078395241147  2.205994022036  0.043263120755  -1.977900694543  0.126003221991
  49  C  2.276919424676  -0.072375604229  6.644598841793  0.275844039556  -2.824409309527  -0.339970560786
  50  C  2.266581143440  4.396478785922  2.268541267599  0.479020209827  -0.186153612574  -0.691902327047
  51  C  2.330683261315  4.341025633356  6.660110474657  -0.166963101408  0.174505690511  0.143675772118
  52  C  6.799609750873  9.072148390263  2.167967388926  -0.081231275642  -2.259296597627  0.028564028193
  53  C  6.737844842386  -0.115891286760  6.564250880166  0.059100085647  -2.390365271064  0.555747551772
  54  C  6.738445009496  4.366750691270  2.198680665906  -0.683418060720  -0.006809423965  0.110943006935
  55  C  6.752024672264  4.315841476902  6.640576814887  0.395704298043  0.263631067549  -0.342843290985
  56  C  2.220484298616  2.212129815470  0.004029790751  -1.224063843794  1.650322057977  1.190390291693
  57  C  2.296471887181  2.151877849375  4.435605631496  -0.178166126995  0.271290799762  -0.268581624623
  58  C  2.231213240973  6.647130505931  0.040263229929  -1.024391611651  1.923627844327  1.432186749948
  59  C  2.307222858186  6.564204015002  4.475384148437  0.387111324783  0.926898317186  -0.168595784644
  60  C  6.832362065989  1.985129620753  8.776036352564  -0.579770935197  1.307699772314  0.617980072400
  61  C  6.705838815702  2.118521639679  4.394442917749  0.366817700782  0.288794424553  -0.253259948585
  62  C  6.656224661540  6.623441827773  0.029648417625  -0.484027286159  1.449143387525  0.678525774928
  63  C  6.741343962302  6.553599218689  4.434719942991  0.215914096398  0.420561062729  -0.019701354934


MDSTEP:  9
LATTICE_CONSTANT: 1.889726125458
LATTICE_VECTORS
  8.680056517994  0.000000000000  0.000000000000
  0.117510726499  9.136818813183  0.000000000000
  0.186982528237  -0.208319368957  8.804812227021
VIRIAL (KBAR)
  12.927215457798  -41.836255240505  -71.912868731268
  -41.836255240505  -111.640538082463  70.619059229287
  -71.912868731268  70.619059229287  5.107763858442
INDEX    LABEL    POSITIONS    FORCE (eV/Angstrom)
  0  Si  3.373370380634  1.056569779879  3.313660018081  -0.307571883863  -1.547876624442  -0.033454992745
  1  Si  3.396271600320  0.984604526222  7.745586452784  1.854124485380  -2.418946359367  -1.766712323342
  2  Si  3.413389152167  5.475479997130  3.365493260770  -0.373910214659  0.069148276874  -0.154167286704
  3  Si  3.419699959303  5.447569885000  7.786059248361  1.939163746477  -1.937961901943  -1.767579156641
  4  Si  7.803627071520  1.037526452900  3.234505458845  -0.714642141712  -1.278542108414  0.872657914857
  5  Si  7.866607645929  0.954736449608  7.690363043409  -0.007082304980  -2.281838685609  -0.863767191781
  6  Si  7.828951408011  5.444178939660  3.307391023480  -0.640457913784  0.169676701037  0.540151354467
  7  Si  7.881057107290  5.418133104205  7.729062368446  0.275100176106  -1.270562939534  -0.683367411530
  8  Si  3.360496400485  3.273349269506  1.112225227901  -0.465663111614  0.485244059383  0.430964957262
  9  Si  3.384054029149  3.271713679620  5.544781095659  0.572587271836  -0.854987216397  -0.279462847394
  10  Si  3.376617538810  7.732216047941  1.183585380951  0.129499691021  2.714405979979  -0.514594018144
  11  Si  3.455190885298  7.675413337588  5.608203186458  -0.562603545235  3.199578820680  -0.871221096602
  12  Si  7.787857097132  3.273718638012  1.066208982726  -1.069076077255  -0.133886362745  0.489265391797
  13  Si  7.833254099459  3.208108835077  5.514577368861  -0.835387177701  0.039413607944  -0.200878779737
  14  Si  7.838597008996  7.694517748672  1.120372778449  -0.847610632041  3.023672934771  0.159932286012
  15  Si  7.880867626836  7.657696756790  5.546422415567  -0.635398681806  2.922224236538  -0.460828499736
  16  Si  1.137644011830  1.100393268261  1.104333254374  2.480382982510  -2.680920086204  -0.860562070082
  17  Si  1.160207817085  1.056645207158  5.538136162260  3.402164981376  -2.892182979318  -1.625218842326
  18  Si  1.155490904453  5.507821378939  1.160736284912  2.955059264733  -1.164384866178  -1.121197366529
  19  Si  1.209649985013  5.469116400453  5.565927813684  2.854256001833  -1.175759609478  -0.957413201215
  20  Si  5.586058890041  1.063271153394  1.066875839788  -0.863277224570  -1.176285816528  0.217600398719
  21  Si  5.615754942977  1.000288553109  5.481937334899  -0.452702378187  -0.983651301640  0.169691293709
  22  Si  5.582419057139  5.474498350719  1.122497564532  -0.176115019641  0.251068506549  0.211866086128
  23  Si  5.638836290043  5.452934981462  5.561894192193  -0.292595262156  -0.328314165279  -0.370627930392
  24  Si  1.166914162459  3.277857672671  3.342989538413  3.248908561797  -1.716415278752  -1.277612898560
  25  Si  1.224819986302  3.208125425921  7.781122510476  4.598095407788  -3.054957906065  -3.583775967504
  26  Si  1.193691115591  7.743419401173  3.374520419491  3.034193445978  1.579284718281  -0.633605312298
  27  Si  1.267681565277  7.668967773896  7.813604418334  4.187837225949  -0.212988955024  -2.794986004262
  28  Si  5.585737521061  3.234001818409  3.305666888388  0.196555030060  0.252183001220  0.098864523718
  29  Si  5.652546882610  3.204287469065  7.713934940447  0.376965071884  -1.524235278970  -0.614472384190
  30  Si  5.621917448778  7.703927200091  3.345518964620  0.206608205390  2.536146642610  -0.200682519038
  31  Si  5.695754428625  7.642787730211  7.783157542981  0.568720258156  1.873951564473  -0.931665536770
  32  C  0.500096651777  8.884800250532  8.713672588981  -3.863891134879  1.321250864415  3.050288614395
  33  C  0.246135153548  -0.097792100738  4.343382536657  -2.346370312606  -0.976628480609  1.112624142998
  34  C  0.355862710121  4.198082295015  8.799329517635  -3.680852658609  3.418934550472  2.728555431619
  35  C  0.270680502463  4.326110532785  4.410105361035  -2.995957541970  1.575711332903  1.582966275715
  36  C  4.716511481949  8.901691602760  8.780269510642  -0.622550941617  -1.050428932622  0.806098253364
  37  C  4.475024654286  -0.096900666827  4.382575606353  0.191618345834  -2.086989593062  0.380657544678
  38  C  4.425907342002  4.440264925371  0.016738768988  -0.559422538094  0.783448990338  0.516978067639
  39  C  4.516764296768  4.361524504106  4.430885587799  0.238639015638  0.056975945397  0.192028183117
  40  C  0.201964846786  2.160494937282  2.162494067676  -1.955443332095  1.330600159234  1.079059736745
  41  C  0.235563035416  2.085153325136  6.603684853630  -1.823467578370  1.794238815399  1.443618494737
  42  C  0.259537924803  6.574838171118  2.228804872892  -2.583166091960  1.733673791428  1.143763852117
  43  C  0.311479224660  6.555038591308  6.645260193957  -2.317519811050  0.871589576359  1.020331918233
  44  C  4.468555374628  2.153113942848  2.193678920024  0.365901947655  0.223068268547  -0.082892063087
  45  C  4.515699968392  2.107904940849  6.600173015534  0.277712126387  0.132162072845  0.385084388395
  46  C  4.510144993352  6.581324878880  2.235390702994  0.009329833065  0.587065154933  0.201085673056
  47  C  4.550969664802  6.561929865086  6.664388107759  0.461536927854  -0.112227001489  0.461946128431
  48  C  2.347336287622  9.067734964699  2.214823458523  0.029580243110  -1.803873364724  -0.050015291220
  49  C  2.275675339160  -0.072824762183  6.635657513296  0.336439650614  -2.807532402248  -0.158699453899
  50  C  2.265879898827  4.399387333467  2.275602611812  0.488688691028  -0.168211505508  -0.956770652934
  51  C  2.332956456995  4.347639992415  6.653172582298  -0.244983741480  0.020489580544  0.341368450195
  52  C  6.805211594536  9.070489374340  2.161967290315  -0.168963829895  -2.291333969033  0.081021277888
  53  C  6.741448238098  -0.123146239163  6.555663698539  -0.003888076284  -2.286209793011  0.715904446044
  54  C  6.732764292570  4.373741340324  2.201915820087  -0.624423452466  -0.164821605233  -0.053639936677
  55  C  6.746233665294  4.311922514574  6.630784187757  0.499911132381  0.402867544261  -0.057483565815
  56  C  2.221415576307  2.204724975580  0.004760124923  -1.186970082879  1.876125521086  1.178933371197
  57  C  2.306229540573  2.143555111335  4.427578460219  -0.473106003972  0.490982314703  -0.034972400385
  58  C  2.239574251382  6.643728650959  0.034556500412  -1.385732367932  2.114502344589  1.709317566581
  59  C  2.315420340303  6.568561422974  4.480236825577  0.271080698029  0.869705802321  -0.262386275620
  60  C  6.841140233002  1.978681268062  8.774553361813  -0.887631707980  1.488680293006  0.717701656655
  61  C  6.712968922615  2.123687727371  4.388708614619  0.209806668269  0.190669844769  -0.136434956676
  62  C  6.665643586426  6.625181513499  0.034844134745  -0.676616236403  1.419389808072  0.500528944348
  63  C  6.735276494764  6.548042940619  4.444045630957  0.384583921607  0.564823463469  -0.179708390984


MDSTEP:  10
LATTICE_CONSTANT: 1.889726125458
LATTICE_VECTORS
  8.680056517994  0.000000000000  0.000000000000
  0.117510726499  9.136818813183  0.000000000000
  0.186982528237  -0.208319368957  8.804812227021
VIRIAL (KBAR)
  12.429668776755  -39.884561562855  -70.038713534550
  -39.884561562855  -113.174511805481  68.169286203723
  -70.038713534550  68.169286203723  4.035628499848
INDEX    LABEL    POSITIONS    FORCE (eV/Angstrom)
  0  Si  3.369632271987  1.055345819165  3.318016674277  -0.161608764780  -1.537034544693  -0.003366555085
  1  Si  3.402391405391  0.985791838937  7.739550931119  1.556688137209  -2.340310045851  -1.584561159530
  2  Si  3.419095351976  5.471908948653  3.360907954299  -0.591021522109  0.116416512136  0.000170311475
  3  Si  3.419106370085  5.443222904962  7.781947297831  1.910426213117  -1.825082912109  -1.655226258960
  4  Si  7.803654081902  1.032823524092  3.234815062350  -0.740054710796  -1.133936846688  0.906254640792
  5  Si  7.869070387010  0.948208502200  7.685638212967  -0.132963815534  -2.150506196557  -0.637491367198
  6  Si  7.827710414774  5.437952227996  3.304897129785  -0.565425809448  0.305186094842  0.585075276621
  7  Si  7.885698918119  5.423080077043  7.722624618414  0.063717914388  -1.412357988720  -0.527624850568
  8  Si  3.354118068269  3.278748671885  1.113506722720  -0.387514286916  0.344832973885  0.446279460849
  9  Si  3.388188906268  3.265395608751  5.548677674758  0.467791420193  -0.702063187656  -0.408430963231
  10  Si  3.380126770495  7.730429886801  1.179770891817  0.046797658456  2.784766176510  -0.411280229430
  11  Si  3.455892398746  7.672338584293  5.613222611813  -0.595551537254  3.223903057265  -0.972638770797
  12  Si  7.789894138473  3.268395239880  1.061162897686  -1.175272901907  -0.050251018067  0.603193589681
  13  Si  7.837777178890  3.208523287678  5.512551085784  -1.036918055790  0.089409040621  -0.108812133160
  14  Si  7.832673087920  7.689291861512  1.121144859488  -0.839980567027  3.091994878332  0.114538132605
  15  Si  7.881964512482  7.661839289018  5.548175305593  -0.545876314904  2.799668669131  -0.471998809730
  16  Si  1.142321327794  1.094651792275  1.106601911016  2.302495670193  -2.336362257666  -0.639174141263
  17  Si  1.155584249889  1.062316550928  5.538587496791  3.624186607450  -3.042517964686  -1.913264722417
  18  Si  1.151448851907  5.500929850469  1.159655375122  3.025715907767  -1.050852639373  -1.086179158213
  19  Si  1.213644837391  5.473097228178  5.565816926770  2.788286257527  -1.177308854796  -1.052009932253
  20  Si  5.585831084210  1.063778445132  1.071388035314  -0.918062564229  -1.208072351591  0.239252215239
  21  Si  5.618968584869  0.994818720643  5.475321013903  -0.381666827675  -0.937963131347  0.334348725945
  22  Si  5.584108353212  5.478795119994  1.117556428363  -0.256426579349  0.088606467564  0.344527519819
  23  Si  5.642209496450  5.454904682188  5.564091951584  -0.315732684012  -0.399004433765  -0.553548577192
  24  Si  1.162608673470  3.280655865917  3.345549141498  3.435382028581  -1.810472758131  -1.277251541936
  25  Si  1.228633241128  3.204840844011  7.779090349996  4.239421750504  -2.686783070696  -3.343909733183
  26  Si  1.191940204940  7.738613990187  3.375619426483  2.989725451749  1.732388995342  -0.640608995665
  27  Si  1.275829383806  7.664692358139  7.813687736593  3.744725526169  0.303392131475  -2.467964596564
  28  Si  5.586585721900  3.231767053752  3.307190971475  0.045966679555  0.242538412304  0.038171896296
  29  Si  5.645823239696  3.197518603667  7.712660617684  0.498418449680  -1.493805412078  -0.628131847963
  30  Si  5.622291407632  7.705560136123  3.352236297378  0.170703748449  2.535130837697  -0.286360075409
  31  Si  5.693752131959  7.640624239861  7.777553749141  0.585299456758  1.979548598257  -0.769689878785
  32  C  0.494035095387  8.894853914531  8.725091154590  -3.499401803542  0.658707139715  2.549487294552
  33  C  0.244234969054  -0.094881852984  4.345819655028  -2.300587995984  -1.079581410045  1.047210878379
  34  C  0.345836581756  4.206842405007  8.797635915020  -3.329460101966  2.963422765053  2.369457406426
  35  C  0.276399053583  4.326196113471  4.414683108269  -3.136676528385  1.675209201715  1.600883839244
  36  C  4.712302488951  8.906005567738  8.786654724052  -0.528655323381  -1.217487071225  0.622119396565
  37  C  4.484092411793  -0.093769550707  4.392802567013  0.008110442525  -2.189090031505  0.188753497362
  38  C  4.425358152789  4.436286316321  0.012916154083  -0.643679759065  0.849032776708  0.608983722417
  39  C  4.508525466087  4.357092213520  4.427861448314  0.470674985216  0.144707763091  0.312188599333
  40  C  0.200947008077  2.168158388327  2.171956489288  -1.801718876444  1.011356416378  0.776039810176
  41  C  0.234419058126  2.079219326862  6.598538066171  -1.947897948586  2.061505119911  1.674290860816
  42  C  0.260313449196  6.576507188317  2.221800171488  -2.633720137839  1.649090988309  1.250812304432
  43  C  0.310827058984  6.545390430058  6.652460451314  -2.267119816768  1.136868317945  0.867847195080
  44  C  4.460992828710  2.146484879315  2.195397272119  0.463690453822  0.365984935988  -0.111359672635
  45  C  4.514790439537  2.098718745704  6.590477764774  0.354605327391  0.221081231455  0.546924136285
  46  C  4.501716677826  6.579404549433  2.241314758935  0.249435480966  0.634680453795  0.044235345990
  47  C  4.559251611240  6.557752286228  6.664719993162  0.242085971975  -0.032743320602  0.444208504289
  48  C  2.354583083778  9.072708004794  2.220745454054  -0.067583881026  -1.936581203842  -0.148494111211
  49  C  2.268321398617  -0.066479168042  6.626404810320  0.501810061517  -2.913380884732  0.041362992920
  50  C  2.266079195844  4.397796764989  2.282912714399  0.418383899116  -0.106212105049  -1.129744220072
  51  C  2.330552662567  4.357131168514  6.643540834116  -0.127165445146  -0.229982971314  0.481567317893
  52  C  6.807171742536  9.070364714365  2.163012079497  -0.250696662826  -2.344200969230  0.065557097496
  53  C  6.746226829243  -0.132666599677  6.557479510389  -0.114780682872  -2.166218758292  0.676303288069
  54  C  6.732815688338  4.368677960872  2.206914527258  -0.661640030403  -0.127690102842  -0.223777267964
  55  C  6.738363855302  4.316791878874  6.637096777323  0.696635397838  0.231711134410  -0.205915972732
  56  C  2.399777950452  2.004631971615  8.803876909208  -0.941050664694  1.661426429545  1.112946262158
  57  C  2.314554693025  2.147970639048  4.427429783861  -0.708611963682  0.422691018287  0.035420006825
  58  C  2.236517753073  6.646062066491  0.031621798012  -1.214297832193  1.965353723833  1.677715067813
  59  C  2.309047613410  6.572880011181  4.473709812647  0.440920469682  0.778229459182  -0.172175464253
  60  C  6.835320817281  1.972694480906  8.777967549744  -0.727925321754  1.482460357953  0.507264976220
  61  C  6.705500438825  2.125060573584  4.390302053047  0.406960560153  0.130064579454  -0.162234625402
  62  C  6.658166392518  6.619027945486  0.028055904560  -0.549321776756  1.584297796144  0.557748707557
  63  C  6.740240806891  6.556593939552  4.439636461713  0.347007567094  0.372189988917  -0.077914644819


