0.005 0 0
0.015 0 0
0.025 0 0
0.035 0 0
0.045 0 0
0.055 0 0
0.065 0 0
0.075 0 0
0.085 0 0
0.095 0 0
0.105 0 0
0.115 0 0
0.125 0 0
0.135 0 0
0.145 0 0
0.155 0 0
0.165 0 0
0.175 0 0
0.185 0 0
0.195 0 0
0.205 0 0
0.215 0 0
0.225 0 0
0.235 0 0
0.245 0 0
0.255 0 0
0.265 0 0
0.275 0 0
0.285 0 0
0.295 0 0
0.305 0 0
0.315 0 0
0.325 0 0
0.335 0 0
0.345 0 0
0.355 0 0
0.365 0 0
0.375 0 0
0.385 0 0
0.395 0 0
0.405 0 0
0.415 0 0
0.425 0 0
0.435 0 0
0.445 0 0
0.455 0 0
0.465 0 0
0.475 0 0
0.485 0 0
0.495 0 0
0.505 0 0
0.515 0 0
0.525 0 0
0.535 0 0
0.545 0 0
0.555 0 0
0.565 0 0
0.575 0 0
0.585 0 0
0.595 0.370404 0.0164786
0.605 0 0.0164786
0.615 0.173352 0.0247179
0.625 0 0.0247179
0.635 0.162605 0.0329572
0.645 0 0.0329572
0.655 0 0.0329572
0.665 0.148265 0.0411965
0.675 0 0.0411965
0.685 0 0.0411965
0.695 0 0.0411965
0.705 0.263836 0.0576752
0.715 0.128254 0.0659145
0.725 0.249481 0.0823932
0.735 0.121369 0.0906325
0.745 0.236266 0.107111
0.755 0.115024 0.115351
0.765 0 0.115351
0.775 0.109164 0.12359
0.785 0.106401 0.131829
0.795 0.207482 0.148308
0.805 0.809436 0.214223
0.815 0.394847 0.247181
0.825 0.578 0.296617
0.835 0.752318 0.362532
0.845 0.459136 0.403729
0.855 0.358767 0.436686
0.865 0.52578 0.486123
0.875 1.02766 0.584995
0.885 1.172 0.700347
0.895 0.572977 0.758022
0.905 0.800549 0.840416
0.915 1.33135 0.980486
0.925 0.613045 1.0464
0.935 0.900002 1.14527
0.945 0.734213 1.22767
0.955 0.934593 1.33478
0.965 1.12655 1.46661
0.975 0.758699 1.55724
0.985 0.608214 1.6314
0.995 0.529822 1.69731
1.005 0.843912 1.80443
1.015 0.700079 1.89506
1.025 0.374447 1.9445
1.035 0.734492 2.04337
1.045 0.720502 2.14224
1.055 1.00145 2.28231
1.065 0.751503 2.38942
1.075 0.453899 2.45534
1.085 0.668357 2.55421
1.095 0.820257 2.6778
1.105 0.751779 2.79316
1.115 1.00205 2.94971
1.125 0.777093 3.0733
1.135 0.916152 3.22161
1.145 1.10027 3.40287
1.155 0.786399 3.5347
1.165 0.917886 3.69125
1.175 0.854838 3.83956
1.185 0.98055 4.01259
1.195 1.19378 4.22682
