MDSTEP:  0
LATTICE_CONSTANT: 1.889726125458
LATTICE_VECTORS
  9.432525403818  0.000000000000  0.000000000000
  -4.653506726270  7.884708210320  0.000000000000
  0.001919054434  0.296936594393  10.139772659780
VIRIAL (KBAR)
  -35.488838210330  -26.155918070087  2.887396609998
  -26.155918070087  141.694411328255  -49.013204832630
  2.887396609998  -49.013204832630  29.359884013340
INDEX    LABEL    POSITIONS    FORCE (eV/Angstrom)
  0  Si  0.009971901249  1.814237360527  2.487139542730  -1.428334299871  -0.440372934462  -0.112911787700
  1  Si  3.098384778036  7.120821269618  2.422199878269  0.352748601106  -2.158042308618  0.555586539307
  2  Si  -3.033691887002  7.139381713318  2.408697318426  -1.747663617438  -3.121449657394  1.057890351125
  3  Si  4.621311679945  6.270568555645  4.937169769864  1.818150072624  -0.072087540966  0.034623329475
  4  Si  1.534412117779  0.957662433801  5.024035825485  -0.200714080529  0.840050900545  -0.725457848858
  5  Si  7.681744710385  0.927951051281  5.015888240319  1.563750004701  2.253360030035  -0.232860055576
  6  Si  0.008326514371  1.886563109497  7.540799259558  -1.498563051399  -0.368746914649  -0.375792436072
  7  Si  3.095651308473  7.187239202770  7.445569262988  0.629118715913  -2.136485102887  0.850069717640
  8  Si  -3.040647003348  7.228659960255  7.454130823203  -1.510202584957  -3.803514899390  0.913848590536
  9  Si  4.619885261851  6.331466096672  9.982383625326  1.614072281499  0.723348497174  0.833355562989
  10  Si  1.542793043893  1.031766088347  10.057328193518  -0.565957621265  0.990721818559  0.401731333183
  11  Si  7.683014139149  1.007515649962  10.057314634217  1.526235501017  1.915345279300  0.397293894547
  12  Si  -1.521131163349  4.470941829135  2.454819706205  -1.479690695329  -0.817593663723  -0.343045160116
  13  Si  1.546962391275  4.479952550025  2.459144410366  0.250698063969  -0.680316631430  -0.283641045013
  14  Si  0.037181173670  7.124596343639  2.421852083060  -0.214204310249  -2.427434518458  0.735229571147
  15  Si  6.153092541997  3.606611344420  4.996202737130  1.604251752701  0.230261840166  -0.491635318113
  16  Si  3.072993826792  3.605812096852  4.984164419416  0.493771886047  -0.052648956220  -0.261578960774
  17  Si  4.611393467075  0.943544110728  5.018804935285  0.131863562854  1.335440122066  -0.309577536669
  18  Si  -1.519283787624  4.542834057986  7.469173126829  -1.642923329721  -0.470160368375  0.337726677799
  19  Si  1.564560492430  4.542484297611  7.492586806715  -0.416200863938  -0.074909626043  -0.291336856562
  20  Si  0.036542066132  7.198447801317  7.437493913555  -0.402227772110  -2.284969717709  1.106437701256
  21  Si  6.151595150710  3.662226555015  10.015245889648  1.588790421986  1.309298585323  0.840458064195
  22  Si  3.085234418501  3.680479629246  10.015634875783  0.010345906114  0.380804636897  0.992101160792
  23  Si  4.617059260121  1.022816863906  10.040570786226  -0.221489001422  1.407814375783  0.826278242569
  24  Si  3.081177314277  1.791972096788  2.481109542131  -0.055741654111  0.313500680705  0.086464061152
  25  Si  6.135363148652  1.782790059344  2.485446123062  0.676601065089  0.600668134397  -0.142614907808
  26  Si  4.615502540100  4.448635234147  2.456007644360  0.604287244222  0.115304975278  -0.301623895973
  27  Si  1.562388780386  6.275846106100  4.940322481326  -0.022877276839  -0.640082389183  0.115981473437
  28  Si  -1.499912260754  6.289899473182  4.927749823440  -0.765280828434  -0.914407609745  0.134594506236
  29  Si  0.006827639924  3.626910056002  4.983431269261  -0.368666041272  -0.623271916636  -0.321201195272
  30  Si  3.076574743082  1.868008890319  7.526399943407  0.154122117137  0.501592743819  -0.004472072818
  31  Si  6.163121367931  1.858834078467  7.528082014432  0.143889157744  0.858254084746  -0.192988968415
  32  Si  4.611540786813  4.522669591155  7.495113478578  0.687614601067  0.366105576234  -0.499005341437
  33  Si  1.548764137586  6.346838834099  9.977048450617  -0.043757015182  -0.020467255088  0.907772313521
  34  Si  -1.508821052634  6.361080553348  9.988528836630  -0.435901550047  -0.323676150700  0.653713934631
  35  Si  0.016009712116  3.687190142832  10.000690432240  -0.454403911036  0.505331690275  1.119879060482
  36  C  0.007701031842  1.834805169300  4.374039636043  -1.431390996730  -0.288137163215  0.645042106531
  37  C  3.096387728599  7.153302265868  4.313903466060  0.158120295459  -1.333936200243  -0.065562005201
  38  C  -3.030657075862  7.171881340908  4.307115813964  -1.697548539640  -1.765999584401  0.395348299258
  39  C  4.635802482082  6.276555009901  6.832394448336  1.167625317329  0.842332164885  0.439999319934
  40  C  1.538611718432  0.981765790182  6.911530194307  -0.292202463904  2.587473790208  -1.225632524002
  41  C  7.669938988602  0.962280322948  6.921224125023  1.876522157529  2.837028347830  -1.040659366300
  42  C  0.005442387203  1.924113145156  9.415497450713  -1.314051514669  -0.838115870358  0.627681361725
  43  C  3.090033396716  7.196170849539  9.334580505986  0.230493138338  -0.396976967593  0.459414208519
  44  C  -3.035316606545  7.235264639094  9.341306014889  -1.765010094074  -1.556467763360  0.775379314390
  45  C  4.621477476659  6.206572548217  1.813171370955  1.508421534384  0.280902348294  -0.663223830679
  46  C  1.539023444801  0.906787350242  1.868995852438  -0.246882578173  1.908321256842  -2.021636332644
  47  C  7.690023945887  0.895682110784  1.889853558903  1.372494662552  2.530599364518  -1.879938487399
  48  C  -1.525039128452  4.494296336830  4.343146794207  -1.358182358874  -0.373970043166  0.415244424578
  49  C  1.558802623920  4.478287955529  4.345684481003  -0.199891128557  0.541593530855  0.104487440230
  50  C  0.034240751653  7.156092509587  4.307750028558  0.003464257669  -1.152235017698  0.245044810176
  51  C  6.150365564743  3.625262184904  6.874174373809  1.459162641976  0.438466825364  0.554946024772
  52  C  3.075678514933  3.640181738852  6.863741334043  0.059579056541  -0.414026435305  0.385481597095
  53  C  4.624239210601  0.979397128278  6.911409059307  -0.237568497499  2.088664300342  -1.046205245700
  54  C  -1.510906414872  4.579091582544  9.384923937180  -1.560588413865  -0.642559119522  0.184006878654
  55  C  1.556134211604  4.563640622725  9.369170648994  0.013092915997  0.108960492154  0.408958651193
  56  C  0.020508331395  7.241559619817  9.335252171331  0.084743243545  -1.470056198430  0.341848797972
  57  C  6.145978804314  3.542220626345  1.844754307870  1.507012987767  0.287020493165  -0.707856883646
  58  C  3.087695473021  3.550263708293  1.848671144519  -0.300302862326  -0.244472190007  -0.969807864901
  59  C  4.605588383421  0.884791173524  1.865239200057  0.130750691830  2.113090543984  -1.876381217887
  60  C  3.076354729115  1.828870879500  4.380201058824  0.140606051320  0.176728035619  0.166641095350
  61  C  6.145226350894  1.810126652079  4.379790401618  0.440553044749  0.588556444698  0.073123175084
  62  C  4.636253598809  4.473608324180  4.347881513588  -0.184077797623  0.390084027121  -0.060844651436
  63  C  1.569093273661  6.299076485113  6.836330823894  -0.301893231195  -0.273495375366  -0.004931125283
  64  C  -1.513802140508  6.297655041760  6.830521777699  -0.204350176414  0.123290809589  -0.052892188647
  65  C  0.006015597488  3.636793024094  6.873340646344  0.024970256123  -0.027772582097  -0.009714245614
  66  C  3.063670853578  1.889948102528  9.421291677559  0.504544910242  0.683360682389  0.051398058679
  67  C  6.134409937188  1.888247099994  9.414998770403  0.838540143080  0.450618715826  0.103155862622
  68  C  4.623493001657  4.557827973897  9.372678827929  0.237419954751  -0.056262496823  0.256048165532
  69  C  1.560167445012  6.215939793435  1.807073152550  -0.055099465570  -0.171937387962  -0.818472438368
  70  C  -1.499932626715  6.235252301598  1.816143919348  -0.484099057343  -0.705999684891  -1.042048458758
  71  C  0.024082382440  3.571117207586  1.847095763838  -0.500489535367  -0.481237902873  -1.158735424671


MDSTEP:  1
LATTICE_CONSTANT: 1.889726125458
LATTICE_VECTORS
  9.432525403818  0.000000000000  0.000000000000
  -4.653506726270  7.884708210320  0.000000000000
  0.001919054434  0.296936594393  10.139772659780
VIRIAL (KBAR)
  -35.498887446174  -26.033664595915  2.794074500853
  -26.033664595915  140.727612888710  -48.900240508794
  2.794074500853  -48.900240508794  29.381319108729
INDEX    LABEL    POSITIONS    FORCE (eV/Angstrom)
  0  Si  0.010599859493  1.813441595452  2.487703668315  -1.443869250709  -0.412949893768  -0.145908280241
  1  Si  3.098317089641  7.119874218371  2.422511571353  0.360564553261  -2.076610710571  0.520675850087
  2  Si  -3.033942744679  7.139558120318  2.409098052800  -1.739018218857  -3.122686307616  1.042478771337
  3  Si  4.622443028758  6.269455433010  4.937463709796  1.793883586306  -0.027641015184  0.032649302029
  4  Si  1.534381980550  0.958596986638  5.024191278880  -0.210893987484  0.808403539304  -0.742089802949
  5  Si  7.682571607708  0.928758375473  5.015514496735  1.551535665399  2.229174643587  -0.236754474050
  6  Si  0.008067347227  1.886511977552  7.540455359632  -1.505240015514  -0.362414213925  -0.370168037026
  7  Si  3.096563607649  7.187691627033  7.445764594249  0.612576429325  -2.111697612364  0.840828878776
  8  Si  -3.040371007649  7.228255519604  7.453814125654  -1.525091181028  -3.760422054396  0.916035812401
  9  Si  4.619910596339  6.331904919636  9.982767756470  1.618878448228  0.694553099150  0.818121848444
  10  Si  1.542607945125  1.032873276628  10.057305837824  -0.569001212483  0.948930281678  0.387647434382
  11  Si  7.683164890439  1.007086027051  10.057353646803  1.522070890223  1.927371255305  0.396999178274
  12  Si  -1.521149416533  4.470117453096  2.454579565238  -1.479172568048  -0.815287441450  -0.346162364883
  13  Si  1.547069978725  4.480543634472  2.459287163885  0.239478889725  -0.687903337478  -0.306695174825
  14  Si  0.036613635108  7.123646259514  2.421478452671  -0.226083326364  -2.367524114758  0.740929337734
  15  Si  6.152861898275  3.606027773056  4.996282733839  1.604939868612  0.244550239165  -0.503807784347
  16  Si  3.072806078534  3.606997129034  4.984652252277  0.502122981474  -0.062952916208  -0.288625855076
  17  Si  4.611339485654  0.944230801482  5.019357125075  0.134795772879  1.314650738950  -0.321155697126
  18  Si  -1.519564659288  4.542616831250  7.468819337083  -1.637673971036  -0.479760754617  0.340154398649
  19  Si  1.564893069968  4.543021729717  7.491809979559  -0.433867599440  -0.086914949585  -0.268097447998
  20  Si  0.036066701077  7.197272663928  7.437094461262  -0.391085219719  -2.215762742989  1.109907040242
  21  Si  6.152263825673  3.662579142400  10.014945645775  1.572366274055  1.307036562153  0.847087685138
  22  Si  3.084861402954  3.680136061138  10.015386463724  0.013382271470  0.379737310630  0.999789627062
  23  Si  4.617891515130  1.023355412389  10.040406366529  -0.242098738376  1.382182144243  0.822511098601
  24  Si  3.081407566667  1.792665116876  2.481054239057  -0.050438698227  0.305009446180  0.090191863793
  25  Si  6.135157465659  1.783331433647  2.485907972907  0.684163309934  0.582307060741  -0.160706753830
  26  Si  4.615621254483  4.448468056098  2.455984390467  0.608795212865  0.113213996785  -0.306654623680
  27  Si  1.561786206138  6.276755015702  4.939918145019  0.000232787129  -0.648544061695  0.122547267232
  28  Si  -1.500243959619  6.289140130963  4.928338341057  -0.768941078867  -0.892838001913  0.124426121495
  29  Si  0.006676704015  3.627406088815  4.982719727820  -0.361368969357  -0.624298742756  -0.323884549284
  30  Si  3.076815964799  1.867481234554  7.526653225032  0.130937434356  0.521959432348  -0.019546724370
  31  Si  6.161819565832  1.859388989864  7.528842489309  0.198262594184  0.846778587319  -0.202712038500
  32  Si  4.611730448672  4.521985041239  7.495865941648  0.682030326921  0.383063725425  -0.532110401463
  33  Si  1.548772348126  6.346059286036  9.976837108282  -0.049204867439  -0.016869786115  0.924973906478
  34  Si  -1.508192277893  6.360923089886  9.988037052659  -0.456311329421  -0.328299106320  0.669114224156
  35  Si  0.015945514307  3.687703678808  10.000395791358  -0.481252770062  0.486201816646  1.120937200435
  36  C  0.005931624282  1.834704494931  4.373589925111  -1.398406005984  -0.283030530783  0.656229786499
  37  C  3.096702586106  7.153147510060  4.312873947760  0.164125659316  -1.321972795825  -0.025630044242
  38  C  -3.031979726686  7.170577576127  4.307198349464  -1.679731597499  -1.724233321797  0.414842873377
  39  C  4.636857927202  6.277615889368  6.832977938323  1.162209894972  0.807925621077  0.438617161180
  40  C  1.537652419321  0.982675277209  6.911107959373  -0.265352629580  2.541422395186  -1.206718174413
  41  C  7.671232954485  0.963838263555  6.921153906850  1.848240242952  2.804108851775  -1.025091614591
  42  C  0.004586460446  1.924085012853  9.415201941289  -1.304057126213  -0.835217813892  0.627990051905
  43  C  3.089217079975  7.195396622550  9.335121469263  0.248256894365  -0.384629307139  0.449357987728
  44  C  -3.034914275371  7.234305326788  9.341179148465  -1.774330379615  -1.513402538160  0.783026550708
  45  C  4.622401845718  6.205929250148  1.812751651470  1.487363980077  0.297579218629  -0.658547314604
  46  C  1.539792305732  0.907344894084  1.868701623692  -0.252325953447  1.887750507387  -2.009087733890
  47  C  7.690233663577  0.897432031936  1.888676135169  1.377965478614  2.439205421280  -1.841737293516
  48  C  -1.525064774804  4.494940195283  4.342824940294  -1.358002374161  -0.394372719468  0.418662099438
  49  C  1.559427792258  4.479186100900  4.344223104180  -0.218977408161  0.528960714817  0.138870697712
  50  C  0.033928145539  7.155684956025  4.308574856432  -0.011195025185  -1.126023310092  0.232169179273
  51  C  6.151104941346  3.624777197153  6.873323260075  1.438148362793  0.454833666325  0.576017662772
  52  C  3.074729692068  3.640368301915  6.862569625637  0.087048443784  -0.413406223550  0.419042273056
  53  C  4.624695406668  0.980853785369  6.911619966090  -0.251292338546  2.014385884587  -1.030339743647
  54  C  -1.512972953073  4.578826423770  9.384743979055  -1.527567613764  -0.647989841044  0.183464006061
  55  C  1.555668122048  4.562852117348  9.370124104360  0.020864950075  0.121080933398  0.369473888917
  56  C  0.020810588481  7.240271962431  9.335293574791  0.084332287985  -1.431089589317  0.339234339188
  57  C  6.145908340762  3.541409053693  1.844665077254  1.504026048827  0.310104303590  -0.708691360350
  58  C  3.087361681279  3.550474853418  1.848637816923  -0.292555201576  -0.236064560572  -0.971814999859
  59  C  4.605779211811  0.885708185794  1.864496022779  0.126100343973  2.061624259051  -1.851704277685
  60  C  3.076953904076  1.829242619072  4.380698312277  0.122924281148  0.184953248266  0.155923524161
  61  C  6.144750944777  1.810382400674  4.379510088940  0.452233034575  0.580756359060  0.081990804312
  62  C  4.636767423058  4.474980915754  4.347854259742  -0.189439298300  0.349676909164  -0.058268611789
  63  C  1.568722824045  6.299622984826  6.836780974969  -0.279156798463  -0.272980444918  -0.021862775255
  64  C  -1.513738571055  6.297809777003  6.831370410823  -0.210456285842  0.112645331129  -0.074420253704
  65  C  0.005962434997  3.636338731731  6.872461781829  0.027569232559  -0.006084341335  0.002860451415
  66  C  3.063240675600  1.890101364103  9.420682404342  0.519252929490  0.674870906431  0.060872810288
  67  C  6.134536390739  1.888721068710  9.415397187996  0.843962861313  0.443044693988  0.091748593997
  68  C  4.622608275541  4.556575891165  9.372010156384  0.252957076980  -0.028063169223  0.281866923137
  69  C  1.559451538900  6.216871293217  1.808235985174  -0.038136722995  -0.194500924997  -0.848314387712
  70  C  -1.500443465430  6.234155842449  1.816452020562  -0.481453996278  -0.689779514774  -1.051365069803
  71  C  0.024258200458  3.571032847958  1.845787826098  -0.495549542111  -0.485834394157  -1.131594847157


MDSTEP:  2
LATTICE_CONSTANT: 1.889726125458
LATTICE_VECTORS
  9.432525403818  0.000000000000  0.000000000000
  -4.653506726270  7.884708210320  0.000000000000
  0.001919054434  0.296936594393  10.139772659780
VIRIAL (KBAR)
  -36.062899781726  -25.639404406420  2.254385765543
  -25.639404406420  138.995741221341  -48.936399656631
  2.254385765543  -48.936399656631  29.296931571268
INDEX    LABEL    POSITIONS    FORCE (eV/Angstrom)
  0  Si  0.012130547126  1.811648217159  2.485848713527  -1.508104721149  -0.364255730420  -0.087270369309
  1  Si  3.098459179323  7.120892444394  2.423615095723  0.369153210454  -2.035153455861  0.479204694319
  2  Si  -3.032412617903  7.136859333476  2.408900950827  -1.754160851262  -3.009981236378  0.990169372116
  3  Si  4.624144053282  6.271387962698  4.937724425933  1.762483759742  -0.028550920304  -0.022458115054
  4  Si  1.535567417000  0.961151321812  5.022531466724  -0.259614124488  0.759388912044  -0.694212457779
  5  Si  7.685350139796  0.929794999276  5.017714694831  1.509245039469  2.185574234832  -0.313287902865
  6  Si  0.007520783804  1.886664192642  7.542639776940  -1.496011349157  -0.319516018407  -0.412735305593
  7  Si  3.098351399470  7.188619793677  7.446550894843  0.583912146063  -2.079222183030  0.790825051375
  8  Si  -3.040067438817  7.229570908889  7.456423162336  -1.541041215782  -3.759078872297  0.901611398434
  9  Si  4.619543138988  6.334113905929  9.983518143138  1.653844433203  0.629159058513  0.828862768842
  10  Si  1.543137696333  1.034564365265  10.058888838909  -0.646038911847  0.917138463312  0.362465983460
  11  Si  7.685240208562  1.006499461913  10.058039487397  1.507218569665  1.910415048232  0.396555527829
  12  Si  -1.521812533000  4.468084203582  2.456016111429  -1.478937522911  -0.815117107814  -0.365707202106
  13  Si  1.549074070773  4.482270901349  2.460047281393  0.139309847561  -0.735769140556  -0.337293434798
  14  Si  0.036075270876  7.123422372557  2.422243075853  -0.261822504439  -2.329593494319  0.736285927900
  15  Si  6.154179721031  3.606314750143  4.994258514724  1.581481379989  0.226729001544  -0.455264613315
  16  Si  3.073394552803  3.604517008713  4.985610693037  0.502825862863  0.088328834920  -0.319467195662
  17  Si  4.611481339979  0.946433309202  5.019326011674  0.091633083970  1.230910235170  -0.349710027481
  18  Si  -1.522166309177  4.542398370334  7.468990673747  -1.622795382857  -0.448643197314  0.338631635618
  19  Si  1.562367306339  4.544646624497  7.491110714226  -0.359946174987  -0.142246324495  -0.284019460462
  20  Si  0.036656971570  7.196259415677  7.435601678626  -0.377888359925  -2.228540054334  1.123204455459
  21  Si  6.152346447216  3.661696543840  10.014745877217  1.624053609956  1.348654665186  0.853446143758
  22  Si  3.082325879209  3.681411953889  10.016118008965  0.066025051431  0.360052405429  0.917153369868
  23  Si  4.619455704116  1.024265498841  10.040408589196  -0.245806503857  1.305771398535  0.768934972262
  24  Si  3.081271068521  1.795376462877  2.478762331722  -0.082282546148  0.190589918768  0.129063972012
  25  Si  6.133151403750  1.784272481330  2.486364845769  0.756797568721  0.609168760883  -0.206007236283
  26  Si  4.614370175951  4.447031906222  2.456564643528  0.675601407054  0.181197177186  -0.353999622381
  27  Si  1.564015668242  6.277784724741  4.939764699058  -0.036454228292  -0.658338431022  0.172456204544
  28  Si  -1.500831539544  6.290678895221  4.930763913363  -0.808469954228  -0.935240376427  0.109525473717
  29  Si  0.008915635133  3.629292412609  4.984014025183  -0.438689344915  -0.646651240756  -0.325358621474
  30  Si  3.075984852037  1.867853965750  7.525168034596  0.133335550134  0.539599700990  0.017814204650
  31  Si  6.161769507491  1.862047764413  7.528594758741  0.173391562083  0.811588374775  -0.196932376060
  32  Si  4.613987817405  4.524576399835  7.494018468998  0.618855552771  0.400207192934  -0.459816138103
  33  Si  1.548534560044  6.347528596702  9.978557467729  -0.095655316944  -0.045670596931  0.873216599887
  34  Si  -1.506218261850  6.359534226581  9.989644059841  -0.585517450409  -0.359191339602  0.589267132446
  35  Si  0.018220082493  3.686985543933  10.000267005561  -0.571028618664  0.518095323521  1.091334307022
  36  C  0.005297555723  1.834915411660  4.375100452197  -1.379171621145  -0.256276934390  0.609669381350
  37  C  3.094347375082  7.151908156968  4.311727283418  0.238034580781  -1.247914353914  0.030793284830
  38  C  -3.032090420244  7.172545261252  4.305202824762  -1.640517243671  -1.725609006540  0.448122266055
  39  C  4.638649143835  6.281206437184  6.830189211476  1.158171814774  0.778002261880  0.503066555368
  40  C  1.536421454859  0.982293961010  6.911317999243  -0.250211228002  2.593095893856  -1.231468354674
  41  C  7.673463777421  0.967511985510  6.921105930377  1.805301390163  2.721406126641  -0.974753817688
  42  C  -0.000012024449  1.923904059893  9.416218495110  -1.208417132192  -0.858448344085  0.629735773131
  43  C  3.087344788591  7.191215147769  9.334225452339  0.277089824777  -0.269972648481  0.482291943545
  44  C  -3.040291292200  7.236500084990  9.342624588009  -1.666463724754  -1.577070761596  0.809569523610
  45  C  4.625775526052  6.209285017037  1.815710237045  1.417568967251  0.224314877582  -0.681377283555
  46  C  1.536957963846  0.908442618397  1.866988867203  -0.139448546052  1.778654611515  -1.947970574421
  47  C  7.693717039905  0.900510409889  1.890945130153  1.315023413432  2.372367006038  -1.846110575639
  48  C  -1.528930017405  4.492956266017  4.346237785058  -1.293323999296  -0.359878255820  0.374527746681
  49  C  1.558173485994  4.482826217258  4.346328005429  -0.148705041635  0.456057776640  0.077827534664
  50  C  0.033724401362  7.152953086545  4.312356565684  -0.021136309028  -1.034361510511  0.156607688334
  51  C  6.149220150680  3.628086079871  6.874777625754  1.488524949185  0.399041882379  0.494185686663
  52  C  3.076559760266  3.643453515156  6.860363155282  0.041429555266  -0.461816672588  0.494941777228
  53  C  4.622741047775  0.979792823738  6.908401417458  -0.186028196103  2.043477200751  -0.944031407203
  54  C  -1.513184822613  4.575699792142  9.381886253353  -1.520540983783  -0.589844571279  0.245178500633
  55  C  1.553491828137  4.566546876034  9.366507800857  0.074930970290  0.046359049226  0.461053607137
  56  C  0.018148159626  7.236063484278  9.335258980248  0.151846941558  -1.277866986735  0.335784073880
  57  C  6.148312241119  3.545000456150  1.840882902274  1.445448859863  0.231135604243  -0.611553714156
  58  C  3.088046130585  3.546828444906  1.847001866247  -0.325131386736  -0.094579949391  -0.950619319949
  59  C  4.605851780398  0.886853847791  1.861343728647  0.109776583352  1.997963866251  -1.766014957751
  60  C  3.074992546481  1.832710706481  4.381356153951  0.185915979976  0.115301455349  0.084569937493
  61  C  6.142624609153  1.807103653563  4.379027331176  0.514091850790  0.658396214874  0.100993726565
  62  C  4.639141993965  4.477301402572  4.346651415847  -0.243933092378  0.293839833310  -0.030567335366
  63  C  1.572506954335  6.295666072275  6.836952963683  -0.336197031218  -0.129322110072  -0.042452655166
  64  C  -1.516314842465  6.299202597504  6.832918803340  -0.171444265417  0.087582623988  -0.081551538546
  65  C  0.004596987765  3.639467841146  6.873645027767  0.041240447752  -0.072792572802  -0.012009901219
  66  C  3.062381817124  1.887022596072  9.422878098929  0.550274497568  0.774891083563  -0.007629225750
  67  C  6.137655990371  1.890676498316  9.416935258489  0.785932802061  0.354912720727  0.048697699605
  68  C  4.626064958100  4.555047617187  9.374268894445  0.152670934572  0.024128997297  0.221820079261
  69  C  1.557794378933  6.219205310026  1.805051664039  0.026423864355  -0.230492892634  -0.782408847663
  70  C  -1.500096831636  6.230007174516  1.812399380196  -0.457388513719  -0.618508013696  -0.949267730366
  71  C  0.021101378133  3.568583113101  1.841950183796  -0.370542465506  -0.417982488084  -1.036138663717


MDSTEP:  3
LATTICE_CONSTANT: 1.889726125458
LATTICE_VECTORS
  9.432525403818  0.000000000000  0.000000000000
  -4.653506726270  7.884708210320  0.000000000000
  0.001919054434  0.296936594393  10.139772659780
VIRIAL (KBAR)
  -35.717399820397  -25.124472431291  1.627412961238
  -25.124472431291  135.781027407667  -48.209398704752
  1.627412961238  -48.209398704752  29.018044969769
INDEX    LABEL    POSITIONS    FORCE (eV/Angstrom)
  0  Si  0.012231895212  1.808451149565  2.488526472127  -1.574863873684  -0.192028411374  -0.130943105363
  1  Si  3.101682632286  7.117107233423  2.426735378656  0.294626239262  -1.822773895439  0.324693265325
  2  Si  -3.033230384972  7.134135982052  2.409845925839  -1.743545396832  -2.834430816360  0.907788890631
  3  Si  4.622447674409  6.271966096036  4.937552354478  1.800107605170  -0.046612995041  -0.050707770476
  4  Si  1.537671572607  0.964373755036  5.022477327190  -0.331268404511  0.604516096872  -0.721866752746
  5  Si  7.686440348234  0.932140364763  5.015697209132  1.550589728271  2.061042116436  -0.330994708458
  6  Si  0.005367618629  1.887482956851  7.542763334873  -1.456904050928  -0.357584297796  -0.409402214654
  7  Si  3.095192293819  7.190904915762  7.445762889810  0.653572999650  -2.049602000425  0.703826355236
  8  Si  -3.042642406622  7.228436776880  7.456044668858  -1.527932718777  -3.664040767871  0.798325896767
  9  Si  4.618770961751  6.335580542429  9.984811706428  1.641499525863  0.593458970361  0.780423918944
  10  Si  1.542521906254  1.033273946262  10.060425687702  -0.731356147342  0.927447011061  0.321283155068
  11  Si  7.684596460920  1.005171468372  10.059977451372  1.539377500406  1.927590986490  0.379850128159
  12  Si  -1.524001956314  4.469080174395  2.452527478146  -1.461584463127  -0.847117254694  -0.277723063829
  13  Si  1.551520840331  4.484467699967  2.460631794888  0.016984027578  -0.798575434785  -0.436400607513
  14  Si  0.034744433100  7.123789519124  2.422682518461  -0.230708715021  -2.193529741514  0.724447332770
  15  Si  6.157141943903  3.604656382368  4.992407677456  1.497605588801  0.373179081249  -0.443049764978
  16  Si  3.070600906645  3.604647322751  4.988210485043  0.519854826339  0.093562437636  -0.411188764843
  17  Si  4.612287225065  0.947071890261  5.021439403639  0.071361347824  1.246163584717  -0.454120901725
  18  Si  -1.519533658744  4.543889841471  7.468022389491  -1.715155305345  -0.476008734900  0.425787964065
  19  Si  1.561270122179  4.541427563092  7.487703567135  -0.335060488537  0.003761568833  -0.134967082598
  20  Si  0.033086989793  7.195405211965  7.434547923426  -0.343196303318  -2.098057887571  1.123481301836
  21  Si  6.154351995101  3.664385170510  10.015090579259  1.625469711145  1.246364239552  0.849310934730
  22  Si  3.082122455669  3.678604167207  10.014285156137  0.063311638256  0.466496812345  0.995442561243
  23  Si  4.619257599501  1.027656964751  10.037498943057  -0.207428536781  1.306502943856  0.841795771396
  24  Si  3.078354088469  1.793668478489  2.480275775074  -0.086243550805  0.289828138220  0.069879506076
  25  Si  6.134184624345  1.781651764445  2.489502359798  0.709498781812  0.700211789259  -0.267950903300
  26  Si  4.617156512851  4.444773213642  2.456275840705  0.618005971636  0.158143993003  -0.360950672093
  27  Si  1.565791481084  6.279487460167  4.936397020528  -0.163709811017  -0.683320557985  0.220932428766
  28  Si  -1.500562860085  6.292001215710  4.932495659810  -0.899810445861  -1.019100123532  -0.009187950367
  29  Si  0.011702174858  3.626264908089  4.985901618699  -0.568974595411  -0.554190773314  -0.382861294826
  30  Si  3.079133779746  1.865269278610  7.523609485948  0.008462529982  0.611600931495  0.106533920084
  31  Si  6.160017123936  1.864479570323  7.525712291163  0.295673129899  0.761772606660  -0.166932091625
  32  Si  4.615915418116  4.523165327219  7.491589650098  0.667338526331  0.494390739577  -0.348205871117
  33  Si  1.551544197517  6.349326128908  9.976054036917  -0.166287187785  -0.079307290442  0.966088746329
  34  Si  -1.503075283444  6.361810780862  9.988745061309  -0.644679738167  -0.425472723267  0.596879342258
  35  Si  0.019361698895  3.686861269128  10.000185939068  -0.625363450762  0.495150183322  1.151936007617
  36  C  0.005826810131  1.832838680074  4.376658324008  -1.377106897073  -0.234956630699  0.606325272317
  37  C  3.090605646118  7.146455010981  4.310455265223  0.329189205011  -1.036434623303  0.088199893613
  38  C  -3.037267012893  7.172858388057  4.301464932790  -1.553421632640  -1.709538752867  0.571474593622
  39  C  4.643625750746  6.282707760035  6.827520125291  1.031551036721  0.766979566773  0.576706544658
  40  C  1.538009571802  0.984684027891  6.908334171384  -0.259424559891  2.506006539132  -1.137207869097
  41  C  7.679624947428  0.972548838768  6.916306100392  1.687516387455  2.621885540505  -0.881184787888
  42  C  -0.005890486343  1.923373214581  9.415654036362  -1.092124559823  -0.890826802391  0.650286881692
  43  C  3.084501638443  7.190494997086  9.331000779768  0.374692059660  -0.233118238883  0.539278261897
  44  C  -3.043668097570  7.234529138051  9.338018243869  -1.586712079202  -1.527028287308  0.932341400317
  45  C  4.628506334172  6.205492364956  1.814758442526  1.382484824069  0.298779349815  -0.678924056443
  46  C  1.532426288825  0.912850176207  1.868463190667  -0.061991338167  1.522793178941  -1.953788533524
  47  C  7.696736316999  0.906776401509  1.893365035493  1.306656800413  2.033510993695  -1.783683432173
  48  C  -1.534617243871  4.487854227652  4.346826422651  -1.178487776839  -0.276207077419  0.378957189968
  49  C  1.554622312646  4.487740309429  4.342240205281  -0.078775896854  0.333881786162  0.225723918965
  50  C  0.032516945813  7.153144583208  4.313953508179  0.006032661547  -0.993523572489  0.126775173730
  51  C  6.152545281085  3.628825553978  6.874182030612  1.449904311657  0.406071147268  0.478406414596
  52  C  3.080020069367  3.643908167896  6.865241364250  -0.037535944462  -0.490714762762  0.383693518625
  53  C  4.619633864082  0.984508703252  6.906305964820  -0.095444677428  1.852649385202  -0.869096564956
  54  C  -1.515661687368  4.570947737918  9.385356471621  -1.483088551933  -0.446117610814  0.171328230864
  55  C  1.552354384622  4.569212397536  9.371493031470  0.108015320079  -0.011912512869  0.282699219096
  56  C  0.021982508317  7.238560034412  9.337807888190  0.070980400464  -1.300839848292  0.223475700051
  57  C  6.150910448230  3.545357664122  1.841716614308  1.426809214766  0.194110898708  -0.612498918676
  58  C  3.087810472945  3.547590157576  1.848064703033  -0.312362572351  -0.133363591018  -0.959208290023
  59  C  4.600938820069  0.891179243026  1.860984845529  0.223289130868  1.859927466567  -1.732412041062
  60  C  3.071304874067  1.829018824346  4.378191822083  0.294476217832  0.235909917216  0.184352197172
  61  C  6.145986145382  1.811291874939  4.381609557633  0.419178647454  0.526922189675  0.067961086147
  62  C  4.635587580849  4.479309357389  4.344639147653  -0.168548969641  0.201708480341  0.049169035568
  63  C  1.568044599343  6.299690796269  6.832691042957  -0.253312294910  -0.228567215563  0.017896946385
  64  C  -1.516667511426  6.296831715553  6.829661690628  -0.199100403327  0.171822221988  0.016406631180
  65  C  0.002373990410  3.641084936655  6.878386503457  0.132574593116  -0.123281203772  -0.130220610018
  66  C  3.059868149266  1.887718566885  9.425831719609  0.586041488328  0.720652985700  -0.125831604551
  67  C  6.142925242846  1.887157720620  9.414791217878  0.661077006280  0.477323455644  0.072959214538
  68  C  4.626836040128  4.556603085444  9.378416057922  0.135163463487  -0.016952953357  0.093322276065
  69  C  1.554976077899  6.220869538127  1.805798094957  0.129965004117  -0.205689059651  -0.810064646355
  70  C  -1.496929568830  6.232837131269  1.814541711653  -0.554880773884  -0.646607911752  -1.009644085268
  71  C  0.015791693327  3.569208271778  1.842367613871  -0.222545339113  -0.444684972757  -1.005228067823


MDSTEP:  4
LATTICE_CONSTANT: 1.889726125458
LATTICE_VECTORS
  9.432525403818  0.000000000000  0.000000000000
  -4.653506726270  7.884708210320  0.000000000000
  0.001919054434  0.296936594393  10.139772659780
VIRIAL (KBAR)
  -37.060719218857  -24.732152649117  1.726182521392
  -24.732152649117  135.528460691474  -48.147199963087
  1.726182521392  -48.147199963087  28.262608319092
INDEX    LABEL    POSITIONS    FORCE (eV/Angstrom)
  0  Si  0.013880566364  1.810663458307  2.486690702385  -1.570847315774  -0.230632076245  -0.178248848818
  1  Si  3.098270146707  7.119635776058  2.424129934760  0.501347529630  -1.869329068012  0.385622597940
  2  Si  -3.036494359973  7.131998192970  2.409684946283  -1.730908303881  -2.683191693103  0.879345182700
  3  Si  4.622059176636  6.273174780648  4.934219911254  1.874548486119  -0.029599809950  -0.013707425497
  4  Si  1.536110859692  0.967648445562  5.023122606978  -0.357872524435  0.539369588533  -0.718811209355
  5  Si  7.683686987175  0.935387025342  5.017656610175  1.614500744853  1.866275647466  -0.472933527254
  6  Si  0.004026758768  1.886254281174  7.541744678417  -1.445759958741  -0.339169247386  -0.312722147715
  7  Si  3.093525590967  7.191028007672  7.442420264521  0.785907743744  -2.190310094733  0.792488496257
  8  Si  -3.039833752364  7.226615137124  7.459483836080  -1.643509217195  -3.626112629956  0.763328489601
  9  Si  4.620786458369  6.335457761998  9.984844370268  1.641730139431  0.573303232737  0.795299133674
  10  Si  1.540547463271  1.031304723979  10.058428000706  -0.714638552646  0.985322575740  0.331022548814
  11  Si  7.685762231537  1.004183033059  10.057003742663  1.527740066888  1.896437995576  0.409563150795
  12  Si  -1.522433255497  4.468624404763  2.452314727697  -1.574014397708  -0.819273216291  -0.202950949946
  13  Si  1.548973757506  4.487172580781  2.457438335722  0.035681077301  -0.832748756012  -0.263173007204
  14  Si  0.032948127259  7.120417366780  2.418803982249  -0.238856899667  -2.177254912865  0.866191259110
  15  Si  6.160983564709  3.603030847762  4.994817539859  1.385216277019  0.447390453244  -0.494261011568
  16  Si  3.072028843360  3.606236276010  4.985374570777  0.486629257851  0.099265812486  -0.438914384864
  17  Si  4.608532181768  0.951316474280  5.023566861087  0.205418130120  1.177891444123  -0.532025386358
  18  Si  -1.523335984006  4.546725455405  7.465738374796  -1.560580165603  -0.546788974095  0.474199261182
  19  Si  1.565257723116  4.541728670885  7.489051138799  -0.393000864023  -0.067967353417  -0.164462264739
  20  Si  0.032685453171  7.197411951712  7.438190881280  -0.293448519200  -2.094022666803  1.057282744697
  21  Si  6.156669619217  3.664026905161  10.012837798846  1.605805100462  1.253541612730  0.907141037895
  22  Si  3.084950093325  3.675897910838  10.016068727886  -0.074655978046  0.615571841716  0.949087866541
  23  Si  4.617723991804  1.026837266408  10.038058065233  -0.258651230139  1.379358287573  0.830398779333
  24  Si  3.077969472469  1.794933351658  2.482102030189  -0.005666246327  0.271688227004  -0.078319685558
  25  Si  6.134096859192  1.782233852437  2.485307921080  0.817913027660  0.683644044780  -0.293912329754
  26  Si  4.615448492676  4.442267523875  2.457757156166  0.673608890238  0.269733032782  -0.504628938256
  27  Si  1.565271146955  6.277064022117  4.937743814405  -0.172090356852  -0.519406211676  0.209911805885
  28  Si  -1.503203503993  6.290400227019  4.932611648033  -0.874728109439  -0.877020763061  0.050198855899
  29  Si  0.010895789576  3.624775453930  4.982038154122  -0.590124552972  -0.466611860913  -0.242736731469
  30  Si  3.075768816786  1.868047590391  7.526792567415  0.002320034030  0.506294817774  0.005770041657
  31  Si  6.164158714173  1.864917777756  7.523864079893  0.207583507219  0.733928869425  -0.081124950815
  32  Si  4.613489240265  4.522166669598  7.490963536503  0.628040743809  0.623513540795  -0.303519895221
  33  Si  1.554424113866  6.350818926564  9.978761795643  -0.192682542002  -0.118876317395  0.941938700258
  34  Si  -1.504240685863  6.358678773210  9.988340388802  -0.646138475107  -0.425306060160  0.601102095201
  35  Si  0.015854286876  3.687864921295  10.004464380763  -0.482091264818  0.420253598331  1.051808200023
  36  C  -0.000240058073  1.837335385931  4.372820647055  -1.248972253286  -0.323359648125  0.645242359831
  37  C  3.094711521349  7.143250917867  4.309201868801  0.180542329724  -0.877513471741  0.119513686041
  38  C  -3.039077381009  7.171895670579  4.305034286159  -1.568765594257  -1.626319370669  0.467503201715
  39  C  4.650421402781  6.289147575091  6.822759926505  0.912715902535  0.587072161204  0.688973673055
  40  C  1.531714216196  0.981023563112  6.912471613575  -0.127768751214  2.616028653760  -1.212714510983
  41  C  7.686052303032  0.968811907244  6.914571801726  1.532733867429  2.824147198130  -0.848663258251
  42  C  -0.010781821687  1.919101255351  9.419710475513  -1.064435311804  -0.804817116120  0.563005840686
  43  C  3.086361418743  7.184895231776  9.330945102757  0.355277003535  -0.099977686923  0.489404075756
  44  C  -3.046098202936  7.232793874745  9.340059852974  -1.524426993059  -1.554947415496  0.899861041366
  45  C  4.633876348532  6.206536284720  1.810433014411  1.251296233080  0.286806478136  -0.583922289832
  46  C  1.536225834263  0.916264030656  1.861451799344  -0.103115219428  1.371404510509  -1.785576435772
  47  C  7.703657868479  0.908094651046  1.890466076733  1.193492453819  2.071988563358  -1.763472090394
  48  C  -1.537363578831  4.493101873971  4.352422600105  -1.126883197704  -0.409913710968  0.272234255550
  49  C  1.549522364551  4.493097740693  4.347189680609  0.025943657892  0.175659160415  0.044947928223
  50  C  0.028608957057  7.157696045423  4.319497242335  0.066395795160  -1.094735538218  -0.008868037878
  51  C  6.148500831336  3.633225778780  6.880512424616  1.565661250561  0.298187112999  0.336166191067
  52  C  3.080101614874  3.637226670917  6.861592019786  -0.022631483648  -0.341256570756  0.421197222502
  53  C  4.616855646560  0.987615738809  6.902585048536  -0.023520819209  1.796608552967  -0.720739522395
  54  C  -1.513696189268  4.564705365724  9.388310049460  -1.585516959707  -0.319817523806  0.066303067813
  55  C  1.550543377174  4.573925583006  9.368992679137  0.150988693890  -0.148053376089  0.405857375765
  56  C  0.022709010446  7.239739855161  9.343797848030  0.042792305459  -1.352291078357  0.125361014900
  57  C  6.153631502492  3.547262990860  1.840372441296  1.365486676017  0.145513900930  -0.592418603237
  58  C  3.081321021570  3.553780078019  1.845564237917  -0.189828058687  -0.297972471547  -0.882947044963
  59  C  4.606518723417  0.887586418638  1.856605178277  0.067763188771  1.950438135981  -1.664066139118
  60  C  3.075362808750  1.826555883245  4.374354169312  0.145158535160  0.367073295108  0.259350500670
  61  C  6.149238845755  1.810200840969  4.375405128459  0.304181964525  0.566901734735  0.207679861788
  62  C  4.637966938472  4.484416078663  4.338479623914  -0.167849215290  0.050161762338  0.216647100443
  63  C  1.572745601072  6.295403024377  6.834472490159  -0.390462427945  -0.113078282832  -0.007986366340
  64  C  -1.521293028893  6.302369756949  6.831905241433  -0.057340234636  0.061534979171  0.012373952447
  65  C  0.007178161933  3.638140838923  6.878887718981  -0.016159026407  -0.029611451255  -0.163380711658
  66  C  3.055961843975  1.892469194176  9.422213952441  0.634265207472  0.581228844110  -0.028565642499
  67  C  6.138542350886  1.886940463975  9.419429840273  0.766499748795  0.440343937612  -0.086724177100
  68  C  4.627525833243  4.556097548106  9.383020787098  0.139582634604  -0.023389920988  -0.031472052489
  69  C  1.560279072446  6.219265617807  1.810937512308  -0.015067135052  -0.123153020609  -0.924248435493
  70  C  -1.501512027238  6.228353093933  1.810521052673  -0.464666545551  -0.564321329374  -0.934586270743
  71  C  0.013837761591  3.574149715111  1.843183491271  -0.177093503342  -0.515732908330  -1.006518313541


MDSTEP:  5
LATTICE_CONSTANT: 1.889726125458
LATTICE_VECTORS
  9.432525403818  0.000000000000  0.000000000000
  -4.653506726270  7.884708210320  0.000000000000
  0.001919054434  0.296936594393  10.139772659780
VIRIAL (KBAR)
  -36.939962896571  -24.167099452702  1.359295953785
  -24.167099452702  131.900217592419  -47.967859358535
  1.359295953785  -47.967859358535  28.789996970008
INDEX    LABEL    POSITIONS    FORCE (eV/Angstrom)
  0  Si  0.012083615481  1.811676971197  2.486794012049  -1.565349145510  -0.248404763210  -0.259706738877
  1  Si  3.097295612395  7.119010938625  2.426098853604  0.470439717454  -1.828009427148  0.323723810218
  2  Si  -3.041649589646  7.132496271423  2.411117434789  -1.610794532910  -2.665743490624  0.852142102641
  3  Si  4.624535836734  6.273354965597  4.937955936378  1.726603418920  -0.012266060563  -0.156682914303
  4  Si  1.533541248573  0.969492578164  5.024994857257  -0.373096935255  0.534324975759  -0.777821578708
  5  Si  7.683904739206  0.938755349448  5.014434742240  1.578878400285  1.883723879508  -0.486540486423
  6  Si  0.001875942950  1.884567260870  7.542942076281  -1.407699291376  -0.221132697969  -0.391222993870
  7  Si  3.090786780975  7.187848858179  7.438194178523  0.761819727178  -1.835147834892  0.767562115058
  8  Si  -3.043822449395  7.224590348823  7.457023636285  -1.568442312955  -3.389358733431  0.754594867435
  9  Si  4.620265034602  6.338283452507  9.981613564329  1.610770591079  0.442867258465  0.804033984607
  10  Si  1.535695611298  1.028283801810  10.060861309935  -0.618860587996  1.106648763190  0.231226329572
  11  Si  7.686576159387  1.005059221431  10.054750529544  1.495804166638  1.825907707520  0.445521420294
  12  Si  -1.525579357873  4.468737907325  2.456001838871  -1.472652160406  -0.914826354244  -0.335674630951
  13  Si  1.552241923692  4.484383247739  2.456564241441  -0.087988942899  -0.921124892776  -0.338389601218
  14  Si  0.035131840732  7.119450337543  2.415245841414  -0.272474760976  -2.236827552644  0.880404374541
  15  Si  6.161113549772  3.607359473189  4.998250059790  1.320704971926  0.320567645790  -0.559241245470
  16  Si  3.073521598609  3.604060305022  4.982524735039  0.338979876780  0.218345525124  -0.411048884975
  17  Si  4.606502290190  0.951233125940  5.022989233086  0.147565230877  1.062421981068  -0.588406925985
  18  Si  -1.525740052513  4.547356394100  7.469458255510  -1.482455489564  -0.526714801034  0.493540611513
  19  Si  1.565263204289  4.546169541981  7.490449472629  -0.420733840295  -0.127000937499  -0.239554901356
  20  Si  0.033951976708  7.201281307402  7.441380385432  -0.364005628825  -2.040079695117  1.031433823804
  21  Si  6.156177343265  3.664604514123  10.011469524294  1.708441708630  1.193680024161  0.956782858564
  22  Si  3.086217452354  3.678381863207  10.019840695903  -0.078327195432  0.541681738270  0.872496638570
  23  Si  4.617954103971  1.028108653361  10.034555143240  -0.235644817692  1.320956109895  0.885040774863
  24  Si  3.082233685237  1.793359103485  2.482798751397  -0.104221288279  0.225242340374  -0.131303585064
  25  Si  6.130057421679  1.785186098570  2.485374631475  0.959260327581  0.693785979499  -0.319608821333
  26  Si  4.619692672030  4.441672276895  2.460272272170  0.611358449849  0.235764721478  -0.669108153098
  27  Si  1.561794870534  6.278828076303  4.935285528988  -0.137978364153  -0.652055558240  0.296739679814
  28  Si  -1.502585151616  6.285442618031  4.935648150430  -0.872031707867  -0.714998543403  -0.042145950200
  29  Si  0.010438017367  3.624830205554  4.984707370183  -0.657414016569  -0.436302100720  -0.335049354511
  30  Si  3.072238541471  1.865073048202  7.529405038535  0.152586710245  0.712787380824  0.011208740051
  31  Si  6.168256104329  1.865708362931  7.521862786430  0.138428827740  0.758580617752  -0.019788220750
  32  Si  4.611320286770  4.519481458565  7.486427444000  0.551525979062  0.718823677035  -0.137020075507
  33  Si  1.550688244390  6.352928510825  9.980181959431  -0.111494904998  -0.320930710571  0.881248669807
  34  Si  -1.507189671898  6.360218373547  9.992706743395  -0.547841534942  -0.513213737125  0.610187911999
  35  Si  0.018416156743  3.690105452257  10.006972086082  -0.585831233104  0.247581351456  0.988456027223
  36  C  -0.004050405411  1.839182856822  4.368334976551  -1.211593444016  -0.346498891247  0.749712148583
  37  C  3.088926410151  7.146662088762  4.314498394866  0.332918485086  -1.004845529248  0.026650481548
  38  C  -3.042902894268  7.168876222068  4.310724366496  -1.531399877929  -1.543840096729  0.421967190737
  39  C  4.645971982969  6.294750342659  6.821722595735  1.003934289017  0.434603222481  0.741066802250
  40  C  1.537872262698  0.990090866912  6.912326343412  -0.302149467740  2.244786096113  -1.127572284769
  41  C  7.690301880719  0.976968663337  6.908308167298  1.525688041318  2.521922434141  -0.711346094356
  42  C  -0.018870381419  1.913462101816  9.417381395497  -0.968163990495  -0.700858653442  0.629207732661
  43  C  3.079870615853  7.181445000086  9.324611030753  0.470403058174  -0.030638339476  0.584732557145
  44  C  -3.045188016380  7.231239045322  9.343867366861  -1.579553462834  -1.532369116882  0.753644525060
  45  C  4.636143119775  6.203397499817  1.809019740683  1.159214385514  0.377845258857  -0.542117303727
  46  C  1.533452514590  0.918423641889  1.853946286823  -0.024327079244  1.254343576384  -1.575161404513
  47  C  7.704156294097  0.912121073667  1.894328573970  1.165727643398  1.921897716811  -1.795570604995
  48  C  -1.540762777495  4.499803423133  4.348973211891  -1.068863972416  -0.627978542156  0.407959517975
  49  C  1.545129602537  4.487852904394  4.341454710541  0.133727040187  0.303952677539  0.164257404442
  50  C  0.029892071367  7.150457206531  4.313450700944  -0.058899577313  -0.876984953901  0.115993155504
  51  C  6.144583059772  3.637358375424  6.887865318801  1.675114981410  0.251578461513  0.162200203358
  52  C  3.076560228302  3.640846275971  6.856786412785  0.017437284268  -0.409579000322  0.493024729096
  53  C  4.617766368043  0.993410676399  6.900726365674  -0.034312355698  1.664653989667  -0.659474796766
  54  C  -1.513533275495  4.563700763399  9.394012044265  -1.601242032927  -0.271745855157  -0.030609356993
  55  C  1.547951718398  4.567086386600  9.364364092523  0.246786392535  0.027262972725  0.540079937771
  56  C  0.026320401300  7.236476968493  9.347236057715  -0.133773439905  -1.238891688332  0.081130188752
  57  C  6.159468446939  3.551977155538  1.838361862997  1.274227284950  0.074275143128  -0.520026750164
  58  C  3.083953508365  3.548409852509  1.843116942611  -0.152079132971  -0.182302352795  -0.817170035567
  59  C  4.612924228391  0.886842924452  1.855378628868  -0.064385391075  1.945054470356  -1.672551560886
  60  C  3.068825239670  1.833004407709  4.375547454165  0.263845048062  0.137321230196  0.193674945028
  61  C  6.144023772970  1.804400241051  4.373215797404  0.362373604400  0.782130424912  0.279327757094
  62  C  4.632221359721  4.481911340408  4.332957066054  -0.031690050668  0.130730052674  0.403946452237
  63  C  1.568911406875  6.300930939357  6.840355360484  -0.370837738598  -0.196563772207  -0.202819962403
  64  C  -1.518905161826  6.302240342065  6.829822607574  -0.119935772125  0.089619587736  0.115458083644
  65  C  0.008013673993  3.642459425560  6.877177805298  -0.072868982501  -0.106257052613  -0.080656565311
  66  C  3.059599401020  1.893621319581  9.425669924666  0.461376948790  0.523093154342  -0.062530064447
  67  C  6.138389469933  1.885485285178  9.420202196367  0.802037039465  0.478333288638  -0.148422130540
  68  C  4.632568830313  4.549820656315  9.385940834846  -0.001908566649  0.174847987529  -0.159059188714
  69  C  1.556225651551  6.212025486649  1.803595921421  0.133743894683  0.005462772637  -0.808933117362
  70  C  -1.498582238224  6.221338562250  1.816558978333  -0.589496555377  -0.335795914071  -1.001989884207
  71  C  0.010749337596  3.568948959693  1.835673467894  -0.108903943015  -0.378118545756  -0.836052385138


MDSTEP:  6
LATTICE_CONSTANT: 1.889726125458
LATTICE_VECTORS
  9.432525403818  0.000000000000  0.000000000000
  -4.653506726270  7.884708210320  0.000000000000
  0.001919054434  0.296936594393  10.139772659780
VIRIAL (KBAR)
  -37.280670612046  -23.600670802749  1.517072830817
  -23.600670802749  130.985116117312  -47.768245398467
  1.517072830817  -47.768245398467  29.003808543619
INDEX    LABEL    POSITIONS    FORCE (eV/Angstrom)
  0  Si  0.012947059734  1.809297400037  2.485245186001  -1.631922333618  -0.272827862956  -0.205649096238
  1  Si  3.099973690264  7.118782293768  2.423578759921  0.476077485308  -1.766361217275  0.248767742426
  2  Si  -3.040661992342  7.128498088602  2.413896283337  -1.571986820308  -2.687012541604  0.804031581662
  3  Si  4.619905063319  6.276130938514  4.938290712832  1.805326846291  -0.087867925997  -0.080673860904
  4  Si  1.532291207554  0.969478055862  5.020366123331  -0.383387226536  0.432411136338  -0.714379730091
  5  Si  7.680601515378  0.943894040185  5.013841155763  1.569794803409  1.767805691167  -0.487213262439
  6  Si  0.003404556159  1.887312191714  7.543089201961  -1.443144987786  -0.147029909336  -0.477600081163
  7  Si  3.089949921672  7.192355155423  7.438806833582  0.751232628952  -1.847873990789  0.724686014838
  8  Si  -3.044999257546  7.225711366722  7.458119952282  -1.512979688347  -3.402985282122  0.725316122263
  9  Si  4.619857315796  6.333336966261  9.984502248480  1.595875195071  0.615470366836  0.723230056992
  10  Si  1.534908282033  1.030213698968  10.056011847782  -0.741634418104  1.088180168044  0.367763139345
  11  Si  7.690302840322  1.004505550206  10.055621178084  1.420969031324  1.816176701007  0.378924703977
  12  Si  -1.530750917519  4.463536518351  2.458768863122  -1.371518175725  -0.931205342998  -0.386357776040
  13  Si  1.555279286180  4.479202879038  2.456863392443  -0.152943199552  -0.732914255113  -0.442494407046
  14  Si  0.033247300645  7.117943225615  2.410518490155  -0.188676581820  -2.094903930346  0.956152290414
  15  Si  6.160661954194  3.608132431621  5.002766792175  1.391363636847  0.235591663724  -0.653745290509
  16  Si  3.077553424648  3.601563242358  4.984666151465  0.286211157375  0.315558072849  -0.364449492314
  17  Si  4.605502758104  0.953174590458  5.024959348490  0.117989780834  1.068070393404  -0.645341153702
  18  Si  -1.521703485155  4.542866813522  7.468838366446  -1.532101510920  -0.435851509584  0.547530074780
  19  Si  1.565254472794  4.546103314782  7.489726225935  -0.358572134381  -0.099402985315  -0.240259157316
  20  Si  0.031328067096  7.205230253237  7.437396367024  -0.205975305787  -2.045107931424  1.074306305890
  21  Si  6.154583645355  3.667630083358  10.011526030338  1.725776526083  1.040681233455  0.970991262970
  22  Si  3.089974633159  3.681764933603  10.020228270177  -0.134430688981  0.505685364788  0.815380345265
  23  Si  4.619292455673  1.029579904768  10.035330235668  -0.245988249652  1.287092248141  0.881835615685
  24  Si  3.078785463545  1.797910120707  2.487733152978  -0.058281462689  0.028964919512  -0.214543555672
  25  Si  6.127191871826  1.783745635101  2.485660042183  1.152263139239  0.696298303450  -0.353340533177
  26  Si  4.616169332208  4.438742704487  2.463112666077  0.735180847527  0.316285316365  -0.762728023037
  27  Si  1.565543856657  6.279790395364  4.934787082212  -0.269940403725  -0.664711191043  0.275376721386
  28  Si  -1.502163213930  6.285682046673  4.935971778687  -0.734579601940  -0.827105844904  0.031161664559
  29  Si  0.015391370194  3.620054062649  4.979660648490  -0.668370929711  -0.269147690117  -0.266209785896
  30  Si  3.071582092154  1.863439942786  7.534374209912  0.129478660108  0.743027396984  -0.079982433248
  31  Si  6.168503553844  1.867157488681  7.524189665195  0.130703829213  0.737240126426  -0.057669818793
  32  Si  4.616684588003  4.519453888413  7.486663897782  0.422629047328  0.643073635530  -0.155576408679
  33  Si  1.550665469634  6.348715915313  9.976538549786  -0.052739497223  -0.222814399251  0.898489580324
  34  Si  -1.512138440669  6.357774430385  9.988196719987  -0.382530859084  -0.426028719775  0.711532810194
  35  Si  0.013186719866  3.689974904466  10.006160331318  -0.519151978552  0.337414958657  1.052524577242
  36  C  -0.004084545795  1.840889571706  4.370596684529  -1.225695101163  -0.468313349666  0.635373435176
  37  C  3.086804256032  7.145621563643  4.309969730326  0.414747199172  -0.845652086915  0.107100747743
  38  C  -3.039417152147  7.160482427971  4.315278594335  -1.655076991450  -1.351335911068  0.356960822842
  39  C  4.643987792250  6.287841984649  6.827482564129  1.012064742203  0.621197531796  0.573097146502
  40  C  1.535321346184  0.991576279106  6.905689921498  -0.250481098172  2.151523127851  -0.977646969233
  41  C  7.688788357189  0.987005964806  6.911847113601  1.604490737830  2.294212726009  -0.820569407219
  42  C  -0.026842312252  1.920799960347  9.413553839139  -0.823070574944  -0.861052427288  0.674043562032
  43  C  3.081511448347  7.181321398129  9.322498287936  0.477371431982  -0.050553321020  0.647123240005
  44  C  -3.043204566364  7.230653123348  9.346446384982  -1.665264140960  -1.451668378659  0.664639062410
  45  C  4.641133226992  6.204680874566  1.802204575778  1.080643454379  0.248380127660  -0.376022807193
  46  C  1.527707719072  0.913326656310  1.856309929437  0.147055863548  1.314194222395  -1.604687348913
  47  C  7.709050536460  0.913194348724  1.888258235488  1.080532199548  1.890304570270  -1.671720214280
  48  C  -1.534190072678  4.495520691246  4.345542968934  -1.146731564696  -0.550887865605  0.540418087485
  49  C  1.548860016602  4.489551740661  4.338594821354  0.168749259776  0.237640451350  0.208376448301
  50  C  0.030608811546  7.156922788727  4.318257799145  -0.072074441591  -1.046929415767  -0.024055422237
  51  C  6.148985711335  3.633967821476  6.892697358556  1.641007628986  0.353050279179  0.076267800198
  52  C  3.075718031536  3.637754011272  6.861761470313  0.107906640510  -0.362018082757  0.424256107987
  53  C  4.620573196298  1.001271212080  6.896653022402  -0.104108217591  1.514211262149  -0.524214897715
  54  C  -1.522591235677  4.565234492293  9.399112514162  -1.485650901203  -0.362427565995  -0.136240124982
  55  C  1.550375502465  4.564895613775  9.362879250737  0.145305932409  0.019741008584  0.581924631666
  56  C  0.030082400234  7.235567430349  9.347301528645  -0.275256187477  -1.209274098020  0.054419008836
  57  C  6.159966885176  3.548056699275  1.845497420017  1.218881153457  0.158678519650  -0.638259167344
  58  C  3.086701840230  3.543691017317  1.838211930685  -0.208302659959  -0.067693866568  -0.740858845771
  59  C  4.620008644900  0.895479600308  1.859264750949  -0.329974312035  1.663404603852  -1.726410667748
  60  C  3.065157888270  1.832929373283  4.380079200988  0.320003658789  0.157881556290  0.098714622776
  61  C  6.137125890860  1.799876606482  4.366200101517  0.479766289219  0.931854809712  0.457272050829
  62  C  4.637732265964  4.484031826308  4.331301829883  -0.155607227373  0.104358745942  0.505608330636
  63  C  1.570705280930  6.297599299872  6.836712411745  -0.377587270060  -0.045832004198  -0.131064574334
  64  C  -1.512429719198  6.299390524611  6.836210957748  -0.301414109845  0.145995790516  -0.009817146244
  65  C  0.011628384869  3.649701397154  6.873172342283  -0.083442003698  -0.289036766057  -0.048724393699
  66  C  3.053700984139  1.897214713498  9.429788294960  0.635108588446  0.467613954437  -0.111125165617
  67  C  6.140788605731  1.880493965755  9.412247847427  0.744521164533  0.639367701066  0.073013774591
  68  C  4.633851849556  4.555479642527  9.381429150175  0.005536050317  0.018543996150  -0.049569844818
  69  C  1.561392667676  6.216660942774  1.797612788005  0.042332003380  -0.205346298259  -0.707517219749
  70  C  -1.496790110865  6.213796983209  1.818259014869  -0.641277603660  -0.229776876517  -1.054068853723
  71  C  0.009280095388  3.562208002538  1.840378476998  -0.075026153079  -0.248231837229  -0.925822553145


MDSTEP:  7
LATTICE_CONSTANT: 1.889726125458
LATTICE_VECTORS
  9.432525403818  0.000000000000  0.000000000000
  -4.653506726270  7.884708210320  0.000000000000
  0.001919054434  0.296936594393  10.139772659780
VIRIAL (KBAR)
  -38.515352444720  -22.051306038604  1.848345761260
  -22.051306038604  131.118156997787  -48.657801057238
  1.848345761260  -48.657801057238  29.505622606926
INDEX    LABEL    POSITIONS    FORCE (eV/Angstrom)
  0  Si  0.011960159955  1.814278754167  2.484724571274  -1.594445598226  -0.454551311596  -0.084351020853
  1  Si  3.104017350263  7.119024017841  2.426669868942  0.327724635347  -1.815805611721  0.136482343672
  2  Si  -3.045518468865  7.127389084540  2.409379358137  -1.550572345870  -2.496226409876  0.847182388740
  3  Si  4.614977625421  6.272815161999  4.932973744483  1.980823433064  0.088612165484  0.158848137488
  4  Si  1.529521000207  0.967591170693  5.022809353114  -0.205727400987  0.482701571632  -0.772249647073
  5  Si  7.675755565277  0.949433243383  5.018249196213  1.762859123033  1.463622340105  -0.627302224187
  6  Si  -0.002342186534  1.887391870557  7.545715639255  -1.276553099906  -0.181923363094  -0.596977019697
  7  Si  3.087550392342  7.189738597744  7.439429075398  0.972974379011  -1.852193364871  0.743663544191
  8  Si  -3.046259774011  7.229891840675  7.459278058125  -1.457966793826  -3.394104318090  0.617970386454
  9  Si  4.615732699130  6.332196488855  9.986789966408  1.738929449607  0.587127655732  0.685242095880
  10  Si  1.539528506190  1.034526316071  10.057535575753  -0.967083330833  0.904261347447  0.339319373828
  11  Si  7.689499102767  1.007231419737  10.052280339549  1.494267825720  1.643724260368  0.423460280891
  12  Si  -1.535225314546  4.466719061214  2.460696179299  -1.228082951246  -1.090785342546  -0.410284987325
  13  Si  1.552147332868  4.482622844928  2.461202786971  -0.160820082650  -0.714963018443  -0.605640908802
  14  Si  0.030530771829  7.112539834291  2.407585993429  -0.160230098299  -2.073903280666  1.092823730852
  15  Si  6.155459943190  3.603861380538  4.998496144251  1.532824696902  0.418499225431  -0.423557935598
  16  Si  3.082264116436  3.597785663010  4.986342034554  0.111627649928  0.491348712593  -0.499865802256
  17  Si  4.607229219723  0.952714875082  5.030273960061  0.122749470403  1.158718473889  -0.795309321390
  18  Si  -1.525887583644  4.546866647124  7.474195392237  -1.445678366927  -0.384623081088  0.401052144273
  19  Si  1.568099416252  4.551262812794  7.487743734656  -0.468877698002  -0.234102722494  -0.175908636614
  20  Si  0.030547735330  7.208879366597  7.434087313225  -0.181776151207  -2.238013106978  1.188189388197
  21  Si  6.150147391929  3.665330449898  10.016000363596  1.752791165650  1.128095285736  0.872059139008
  22  Si  3.087145247215  3.680995241733  10.022434645971  -0.050080436042  0.621798606441  0.817505560448
  23  Si  4.624201746434  1.031716206669  10.035514244895  -0.380646914010  1.179040738258  0.834034305536
  24  Si  3.082533699060  1.802679440577  2.488573765003  -0.085263107411  -0.039566432595  -0.142105049547
  25  Si  6.122378052727  1.788781159025  2.487817936597  1.354735977852  0.594114525029  -0.358310589782
  26  Si  4.612883123782  4.442543087044  2.466960881744  0.813020431040  0.267403259973  -0.755540758047
  27  Si  1.569430383955  6.279222732134  4.932448334214  -0.412263072536  -0.609679444664  0.394825428248
  28  Si  -1.498616949064  6.287117797666  4.931981746799  -0.836873307143  -0.893943502366  0.040028338451
  29  Si  0.018412350528  3.618932674905  4.975045149424  -0.824860024722  -0.267818969626  -0.077963084467
  30  Si  3.067260266960  1.867673669180  7.539891347008  0.287270170754  0.595264102860  -0.316930735425
  31  Si  6.166220974426  1.872077041306  7.521340357411  0.317972393648  0.592848198235  -0.158808811804
  32  Si  4.612926096894  4.515840934078  7.488554489427  0.531271951221  0.753910379731  -0.320651214798
  33  Si  1.554386874732  6.344082333192  9.974768434132  -0.150174477728  -0.038443136847  0.925726635447
  34  Si  -1.514366231146  6.362556246159  9.985404791226  -0.468128121243  -0.627495109388  0.773471681400
  35  Si  0.017543265120  3.695526276947  10.002564908220  -0.662785950503  0.148101449511  1.080075328145
  36  C  -0.003391338386  1.834671628671  4.379443446807  -1.278376776949  -0.346532740057  0.422150744031
  37  C  3.086358364004  7.136443329391  4.309131253998  0.398469731534  -0.483469113757  0.147334540108
  38  C  -3.036504659565  7.165448643018  4.308528773872  -1.666602449992  -1.442435542963  0.402808782676
  39  C  4.651667156741  6.290621342944  6.828075029411  0.861202464668  0.539460587543  0.519439041982
  40  C  1.543810626655  0.997650288549  6.902378262119  -0.474706088782  2.035555115106  -0.817502212451
  41  C  7.698504219801  0.980893518140  6.907055000816  1.322208690921  2.493985686701  -0.626795081715
  42  C  -0.032145256297  1.914925611257  9.412841844980  -0.734724140797  -0.688010745130  0.745524019835
  43  C  3.088967900353  7.173074358890  9.323538348319  0.251705770630  0.189666328742  0.627394242600
  44  C  -3.049390102203  7.226816937556  9.346294364592  -1.601267162682  -1.277324475976  0.745329375997
  45  C  4.641252484320  6.200402820851  1.800786131997  1.055939746414  0.356923132827  -0.355113202081
  46  C  1.529768213523  0.920324626476  1.856804777109  0.167930599706  1.160602872343  -1.594768217984
  47  C  7.711455231230  0.911134020851  1.888942349696  0.979987396726  2.012991157247  -1.658954071185
  48  C  -1.543241096692  4.486999333395  4.345313833109  -1.005154600311  -0.407864333321  0.559980090640
  49  C  1.542571188529  4.497272209053  4.331637269541  0.358295757393  0.041726861264  0.437026110498
  50  C  0.033000650342  7.163559816228  4.324201238347  -0.026420834427  -1.224983234728  -0.223241940408
  51  C  6.158969403472  3.641414396147  6.899508013670  1.438659290738  0.257837075313  -0.094104047370
  52  C  3.071595198789  3.631242370654  6.854926977465  0.203615943874  -0.183115242190  0.602474018842
  53  C  4.623768622335  0.994597706136  6.889592216621  -0.174939732294  1.903514345136  -0.276323024085
  54  C  -1.528727421787  4.560947681874  9.398435351732  -1.391437724349  -0.227992023269  -0.015200021949
  55  C  1.553605576382  4.568909000877  9.367043446264  0.125295440595  -0.089797840205  0.413413500008
  56  C  0.023116221393  7.231793873715  9.348242213037  -0.080271709762  -1.066687853286  0.019627952797
  57  C  6.164726892975  3.555660754565  1.851044877640  1.051242211268  0.047237778367  -0.692631366377
  58  C  3.083600369912  3.551725410127  1.844340173887  -0.118068804599  -0.199463755487  -0.823509716426
  59  C  4.624888207394  0.889738181488  1.863388832940  -0.453368236028  1.873715073497  -1.833650681132
  60  C  3.072176670934  1.837170323623  4.384405423016  0.192092791074  0.043501155421  -0.001096570449
  61  C  6.141493744904  1.804662723626  4.369235291930  0.301820356690  0.826738850659  0.409525405556
  62  C  4.639597078180  4.492685725020  4.336897050578  -0.235302680581  -0.136667326947  0.374772814529
  63  C  1.573958504239  6.300669575971  6.842648335586  -0.447588604077  -0.100944496112  -0.306940480590
  64  C  -1.507012975300  6.306414175831  6.829506580644  -0.435815969334  0.021227174752  0.130909752561
  65  C  0.007910477418  3.650746901879  6.879176269916  -0.012923873593  -0.225660367846  -0.166671185980
  66  C  3.045514994646  1.900865008037  9.424197927548  0.909946153738  0.442262780773  0.058232399879
  67  C  6.142329507581  1.879321072698  9.405539957637  0.673391416063  0.661143979929  0.191935713013
  68  C  4.632117264920  4.559615928164  9.373969529631  -0.028833352429  -0.167325466748  0.198300759361
  69  C  1.557668991863  6.217019978759  1.791289019672  0.140255259092  -0.213940656624  -0.606574479476
  70  C  -1.504294045116  6.212156085074  1.824513012192  -0.535663943210  -0.170016531265  -1.204563544186
  71  C  0.015219989161  3.555792703419  1.842031016597  -0.263545760792  0.033091018783  -0.958741904551


MDSTEP:  8
LATTICE_CONSTANT: 1.889726125458
LATTICE_VECTORS
  9.432525403818  0.000000000000  0.000000000000
  -4.653506726270  7.884708210320  0.000000000000
  0.001919054434  0.296936594393  10.139772659780
VIRIAL (KBAR)
  -39.904027684424  -21.355978236602  2.406661639825
  -21.355978236602  130.243260284022  -49.193384698430
  2.406661639825  -49.193384698430  30.394307111227
INDEX    LABEL    POSITIONS    FORCE (eV/Angstrom)
  0  Si  0.011360320324  1.817300071227  2.486260634176  -1.554843789972  -0.392713802372  -0.191561806963
  1  Si  3.101577955618  7.117929107750  2.424316989097  0.340051623240  -1.729572848449  0.107327412334
  2  Si  -3.050503477632  7.123891070574  2.405979045937  -1.477024533562  -2.357227077806  0.849559974775
  3  Si  4.612645084085  6.273787358319  4.936386952738  1.977926049944  0.074861501855  -0.044457803864
  4  Si  1.524538253224  0.968731018285  5.022055775529  -0.174846734519  0.648191718160  -0.927204285191
  5  Si  7.673729478494  0.945422467211  5.022509769590  1.719209018266  1.617431821987  -0.869808890919
  6  Si  -0.004022478001  1.887743165636  7.546735492075  -1.294650472320  -0.094349697947  -0.596020546627
  7  Si  3.087573256477  7.193023123926  7.435127191147  0.922202046904  -2.061607502413  0.867443687780
  8  Si  -3.044970634327  7.233880247622  7.460059308071  -1.491069261217  -3.314396818685  0.643657165700
  9  Si  4.616965291250  6.335623426276  9.989371748157  1.743606715362  0.434112439372  0.570240756402
  10  Si  1.535366494505  1.031859134023  10.057024995945  -0.675494762388  1.028937248860  0.372801655689
  11  Si  7.693898720677  1.008417292274  10.057478568753  1.387908350810  1.670106220142  0.406283741179
  12  Si  -1.540311718461  4.468664184249  2.456816537712  -1.097651398506  -1.353679987643  -0.279665485169
  13  Si  1.549887222472  4.487835030561  2.464348782921  0.007275135684  -0.962277992104  -0.819169777680
  14  Si  0.025478502855  7.106222092139  2.406138511372  -0.038305097992  -1.842869130206  1.091924817739
  15  Si  6.156652042904  3.601919181909  4.998165111465  1.567554604214  0.393877333437  -0.456408693290
  16  Si  3.081293051453  3.600777754160  4.980247583085  0.204446870297  0.355178921979  -0.464456170233
  17  Si  4.601335920576  0.949473843059  5.034149849599  0.409660919244  1.323806324107  -1.002151829634
  18  Si  -1.530726082036  4.551036422191  7.477485733019  -1.272032375637  -0.487724791247  0.327784867859
  19  Si  1.570316440640  4.549968488709  7.487910095783  -0.421242639893  -0.296386135819  -0.263031733886
  20  Si  0.029058763693  7.209217829398  7.437895465609  -0.192392322727  -2.293771056402  1.150388576779
  21  Si  6.154846881224  3.664560598641  10.014170088187  1.693507397042  1.100379442933  0.842812763963
  22  Si  3.090127117812  3.681537951933  10.016754490509  -0.150663552355  0.521516793737  0.780889406864
  23  Si  4.629482360191  1.036396492455  10.041448574733  -0.464457241139  0.885883862132  0.685307606000
  24  Si  3.085118855667  1.808094852517  2.482416488807  -0.067683522924  -0.209715236405  -0.008926147606
  25  Si  6.117484000749  1.788928774628  2.485651408362  1.528596937604  0.654759757764  -0.201376887815
  26  Si  4.613768443965  4.447720045206  2.461330178137  0.959288162883  0.021390487262  -0.614850346998
  27  Si  1.570123035078  6.284313899212  4.929724726850  -0.496955220711  -0.756297815705  0.559109451885
  28  Si  -1.500072053423  6.281618469384  4.927287163463  -0.922329675070  -0.786213393608  0.210914131345
  29  Si  0.013962936037  3.622177553705  4.975247129392  -0.731681283571  -0.296378834799  -0.125025883885
  30  Si  3.069570713486  1.863637537200  7.534967558701  0.279886438759  0.683348458786  -0.336799160254
  31  Si  6.165790924114  1.878288399703  7.521464483821  0.284938521043  0.500205064614  -0.269167014599
  32  Si  4.616590453791  4.518955702863  7.482801110634  0.470370879432  0.637866367236  -0.218681936724
  33  Si  1.558007112981  6.346185277384  9.979869472283  -0.149276955396  -0.188205086951  0.701116253033
  34  Si  -1.511358423040  6.360920273994  9.989731529807  -0.513066452201  -0.570021223054  0.680824546489
  35  Si  0.020526740338  3.694948288713  10.000789491151  -0.775483391608  0.166384605775  1.065612365818
  36  C  -0.012038370312  1.843764046812  4.374870381816  -1.094427352653  -0.521610820255  0.529249007889
  37  C  3.080250868405  7.137295737267  4.303037080664  0.560525343806  -0.528221451865  0.265747455698
  38  C  -3.039237493232  7.173151027295  4.304105936910  -1.615410907449  -1.632041780652  0.427984096822
  39  C  4.653170962625  6.284139596150  6.819442709843  0.776125640080  0.774764418335  0.729270054984
  40  C  1.535185354931  1.005158197377  6.895593184862  -0.329504593629  1.787396724190  -0.639483613584
  41  C  7.693365493531  0.978539293886  6.900203977752  1.355376674042  2.609960980152  -0.478190088521
  42  C  -0.029257352820  1.905933746225  9.420865829066  -0.850646650551  -0.483023926961  0.550414454111
  43  C  3.093424674184  7.179808030674  9.325297587360  0.211037801692  0.065771775327  0.568093408499
  44  C  -3.048513685856  7.227811706507  9.355382097433  -1.607362998410  -1.353871762793  0.544084155116
  45  C  4.641067574908  6.198214986306  1.798622498162  1.033501844523  0.484546560019  -0.336207522208
  46  C  1.534993442525  0.920568036228  1.853610364842  0.050051411585  1.129615675419  -1.534286088695
  47  C  7.703014864805  0.915040315975  1.896342903490  1.141920797314  1.864368058464  -1.787498822620
  48  C  -1.550082925749  4.478161152972  4.353952231637  -0.978409534861  -0.215039361704  0.281248855010
  49  C  1.541483957825  4.499012928987  4.323856053909  0.325130318168  0.077192611080  0.608619988487
  50  C  0.031960530020  7.165444786619  4.331168101748  -0.054539412755  -1.383498701824  -0.447987127511
  51  C  6.162383565980  3.647695405613  6.892815208273  1.430923903051  0.145478144003  0.065743251752
  52  C  3.077075472766  3.631241527825  6.849760302303  0.135697584250  -0.188797998812  0.633084663523
  53  C  4.626964154025  0.991121900131  6.880895163876  -0.208924991410  1.946800287733  -0.029388224754
  54  C  -1.534659608155  4.567328091995  9.401374659000  -1.253312556080  -0.461426298641  -0.069901465737
  55  C  1.547975052360  4.564961524945  9.358446763551  0.322291323639  0.010489980153  0.603427364767
  56  C  0.024847939828  7.222746239081  9.348046033231  -0.080242072460  -0.734574771482  0.183616953359
  57  C  6.174859986556  3.547686091926  1.843160034287  0.827720390329  0.286534436242  -0.595405846822
  58  C  3.092121606314  3.546923934224  1.837245399842  -0.304422024069  0.038461098454  -0.736303298661
  59  C  4.631922912830  0.894632797965  1.866595550486  -0.649388495687  1.522706868045  -1.880191060329
  60  C  3.081003342890  1.830170074625  4.382547508417  -0.081631626166  0.258688842466  -0.026451963170
  61  C  6.148149012269  1.809955876983  4.364375375191  0.069469380762  0.637882620879  0.555863625684
  62  C  4.648609404578  4.493115930014  4.341561216668  -0.418943527243  -0.081086773278  0.126617955174
  63  C  1.567743907946  6.295058794592  6.851165708071  -0.278880760471  0.061685166365  -0.518825945389
  64  C  -1.512287450123  6.305492846530  6.835533494394  -0.366455105198  0.132281466852  -0.034738828007
  65  C  0.015332977341  3.653301816064  6.871683049184  -0.255993532755  -0.245425351897  0.068604962771
  66  C  3.054155806891  1.896346926264  9.418100361965  0.697196207435  0.454714859169  0.155681907913
  67  C  6.141162601728  1.874861697906  9.400942932672  0.843445440443  0.772465828651  0.253814750584
  68  C  4.632463554109  4.553701374848  9.374142117405  0.031182149465  0.054280562754  0.112289415552
  69  C  1.561123613417  6.209061133749  1.784798747698  0.037574620351  0.021425964523  -0.480936775358
  70  C  -1.506108436629  6.203499142182  1.819912922245  -0.570522694903  0.062168315618  -1.098688291073
  71  C  0.021172903324  3.563117476021  1.832851680069  -0.385430981202  -0.095892183244  -0.794206145550


MDSTEP:  9
LATTICE_CONSTANT: 1.889726125458
LATTICE_VECTORS
  9.432525403818  0.000000000000  0.000000000000
  -4.653506726270  7.884708210320  0.000000000000
  0.001919054434  0.296936594393  10.139772659780
VIRIAL (KBAR)
  -40.771638629901  -21.845868211409  2.176952679050
  -21.845868211409  128.397160212485  -47.848624328109
  2.176952679050  -47.848624328109  31.056195311796
INDEX    LABEL    POSITIONS    FORCE (eV/Angstrom)
  0  Si  0.004949931261  1.822109955321  2.487265900906  -1.443254810197  -0.476768024368  -0.229061059950
  1  Si  3.105416271443  7.111642029181  2.428126780405  0.326115347290  -1.451937549751  -0.097055458717
  2  Si  -3.047736789909  7.120512143484  2.402833351200  -1.514476440408  -2.375932627740  1.005048703214
  3  Si  4.614170158762  6.269868764385  4.941397778650  1.962485549029  0.072814457159  -0.196033464202
  4  Si  1.526750221152  0.963966658759  5.016809945112  -0.228667233949  0.806541103256  -0.750142918268
  5  Si  7.678865536572  0.946356985835  5.020361364700  1.694890044170  1.434443327632  -0.976255183993
  6  Si  -0.009790070920  1.881790766281  7.547208411378  -1.183612118442  0.021354669841  -0.571225771338
  7  Si  3.089132891864  7.195280790933  7.437231252624  0.957508695301  -1.852195625330  0.639721474086
  8  Si  -3.041868158222  7.228186359361  7.462703649659  -1.595510861805  -2.925648040352  0.567586760355
  9  Si  4.612090621885  6.342070810550  9.990521775490  1.816010935560  0.274134439733  0.516018753485
  10  Si  1.530355420595  1.026078272156  10.056495623614  -0.408908368773  1.230312003992  0.399736954500
  11  Si  7.697223970372  1.013134564122  10.057824180397  1.227282502220  1.687124459279  0.458803284443
  12  Si  -1.540623826600  4.469060388227  2.460913755043  -1.137530111878  -1.417951708640  -0.416029375203
  13  Si  1.553073519921  4.482654893375  2.457759972781  0.021241153585  -0.795572003904  -0.684383939608
  14  Si  0.027118870761  7.109567836161  2.401775578384  -0.134988160642  -1.954782105702  1.173857420620
  15  Si  6.160473177447  3.604022412737  5.000205476917  1.518942120189  0.301383377760  -0.556582016870
  16  Si  3.076239939791  3.604101240807  4.982921567921  0.455140014075  0.358197418846  -0.460682292725
  17  Si  4.603587360013  0.947816544555  5.033048667341  0.348085682147  1.371823883950  -0.986390761624
  18  Si  -1.533802700011  4.545815136151  7.478842580430  -1.299925528388  -0.381775488366  0.267554192491
  19  Si  1.576511693922  4.545895625697  7.488805846050  -0.569826272987  -0.235670926749  -0.273147771114
  20  Si  0.029730390715  7.206236130568  7.439698811956  -0.251414636282  -2.142781225861  1.090895265856
  21  Si  6.148952586771  3.659037018664  10.013454909278  1.718951984625  1.286958203194  0.864513991180
  22  Si  3.090361667294  3.682436862114  10.023435664885  -0.093757807438  0.523443297039  0.540218873234
  23  Si  4.627246032505  1.034048008195  10.036690993183  -0.508435133791  0.985169973678  0.809716211528
  24  Si  3.083267821752  1.813579875541  2.487955631664  -0.084216636044  -0.266876883369  -0.161296033567
  25  Si  6.117999673689  1.791437021270  2.486535980799  1.325996852805  0.624163969380  -0.109403188508
  26  Si  4.609729325997  4.451443720583  2.458717798949  1.108038676349  -0.113553555906  -0.561477405134
  27  Si  1.574973546001  6.283324733598  4.931959939635  -0.648150165909  -0.664959530976  0.499140479593
  28  Si  -1.502680944309  6.284535781467  4.930905395017  -0.927441211340  -0.779324925979  0.164154643241
  29  Si  0.019220149542  3.625046747310  4.981335279149  -0.889861987489  -0.337189913072  -0.261037171975
  30  Si  3.069605192570  1.861024666469  7.532232904426  0.282262267010  0.783382811046  -0.228963529785
  31  Si  6.160678902476  1.875692886111  7.519407821900  0.246876397978  0.687462553298  -0.235761367700
  32  Si  4.617093781851  4.523250161810  7.488037907077  0.388390882946  0.464623250427  -0.338495399117
  33  Si  1.558154094830  6.341562807230  9.976213065793  -0.135420984804  0.023989293116  0.807384915030
  34  Si  -1.509773067342  6.360895220366  9.985068852435  -0.636037520303  -0.761159123041  0.813262412883
  35  Si  0.021007782977  3.688610383088  10.005098682141  -0.783968134384  0.427220068563  0.857051333229
  36  C  -0.020341753326  1.836911361081  4.376982265592  -0.947364902778  -0.320809756579  0.527654760075
  37  C  3.079630841050  7.128090308411  4.293796409156  0.678225345880  -0.325981659266  0.619552026931
  38  C  -3.048506844427  7.169579674292  4.309895213325  -1.492755721307  -1.648464245870  0.300075652652
  39  C  4.661270354040  6.280899430490  6.819991495240  0.603337898702  0.919339085704  0.781243979848
  40  C  1.541746290859  1.012662792912  6.900713622826  -0.550174652567  1.381126043859  -0.758156475372
  41  C  7.687249549402  0.988763586495  6.891196686764  1.479537118707  2.197727664061  -0.244269468264
  42  C  -0.030123320219  1.904170363743  9.428942182801  -0.871339684120  -0.525590143731  0.382504814631
  43  C  3.091508632194  7.188814292053  9.316392986523  0.206059372630  -0.020150755079  0.806391910303
  44  C  -3.047824327810  7.228345704890  9.356744966014  -1.642213239726  -1.417342121790  0.515451257425
  45  C  4.646416423480  6.191343152191  1.799524877394  0.914648793811  0.734286590780  -0.425505289787
  46  C  1.535556223391  0.916815785643  1.857142262999  -0.042738953642  1.272956026536  -1.557832005078
  47  C  7.696115870351  0.920833612091  1.900915905513  1.293543418573  1.557936111753  -1.814571737526
  48  C  -1.558113729421  4.484337982268  4.347901135948  -0.705950042344  -0.370568598862  0.525679572589
  49  C  1.549971387159  4.502874818145  4.324231014421  0.114986308932  -0.041987032868  0.523860083122
  50  C  0.030080309036  7.164933304863  4.326737432317  -0.011871626476  -1.409131401062  -0.310875030297
  51  C  6.157305152315  3.651233050218  6.886899297745  1.471954489412  0.054296710865  0.218726409197
  52  C  3.072359053077  3.624302393081  6.852950391714  0.317430595395  -0.008208946261  0.543423936207
  53  C  4.619579482020  0.993838353231  6.882480894162  -0.077706994657  1.717297218677  -0.069634615085
  54  C  -1.542218582675  4.560064947309  9.394523802065  -1.098562965885  -0.409947301458  0.112909505447
  55  C  1.552633190019  4.572621719200  9.354901338883  0.196186370464  -0.256534403875  0.730630312230
  56  C  0.020329560456  7.220304875320  9.349529308763  0.064466376188  -0.729550665120  0.147023714047
  57  C  6.165809765431  3.548274301058  1.838287534347  0.947883839324  0.244991153027  -0.523483636211
  58  C  3.098196456051  3.550093640331  1.828583671742  -0.469358039435  -0.030475189631  -0.590149795411
  59  C  4.621418007284  0.897195443215  1.870840424855  -0.452412434818  1.552374953543  -1.957119124982
  60  C  3.080866188411  1.839906531983  4.378855781862  -0.081982265229  0.073423131329  0.086560605339
  61  C  6.154088056469  1.803743441915  4.374597824174  -0.018967697571  0.793354957706  0.316311843065
  62  C  4.658212996706  4.491526131154  4.334625761319  -0.637731457578  -0.080865292625  0.278864055074
  63  C  1.570115925165  6.296392460658  6.854889953119  -0.271288890017  -0.007298301020  -0.583339097675
  64  C  -1.518402060157  6.310356660023  6.842779748862  -0.171233650158  -0.084245185805  -0.149844562048
  65  C  0.012538013522  3.652235837342  6.876638471858  -0.182773894177  -0.227508192130  0.040483759062
  66  C  3.058122001301  1.901415071209  9.411248843568  0.488160770126  0.320272593985  0.337300913175
  67  C  6.136556437705  1.880495575715  9.404553895206  0.936931375347  0.558045448516  0.107431773233
  68  C  4.632836303151  4.555052107129  9.370752585417  -0.033980942237  0.132514994485  0.255522043341
  69  C  1.563456863551  6.210427842914  1.792297732504  0.043293730864  -0.035712884306  -0.702719290536
  70  C  -1.508534046028  6.194801384587  1.826418697209  -0.445181314990  0.273742477012  -1.277184552977
  71  C  0.025251118156  3.570201602384  1.822851580703  -0.473871414670  -0.263776386585  -0.574159805311


MDSTEP:  10
LATTICE_CONSTANT: 1.889726125458
LATTICE_VECTORS
  9.432525403818  0.000000000000  0.000000000000
  -4.653506726270  7.884708210320  0.000000000000
  0.001919054434  0.296936594393  10.139772659780
VIRIAL (KBAR)
  -42.564130424286  -22.104249589842  2.727161851198
  -22.104249589842  129.133445794749  -48.492678726188
  2.727161851198  -48.492678726188  32.382441011467
INDEX    LABEL    POSITIONS    FORCE (eV/Angstrom)
  0  Si  0.007317849615  1.826842791111  2.486591258000  -1.547724061572  -0.419598814732  -0.118934434255
  1  Si  3.110460168540  7.110898309223  2.421448044410  0.161790324557  -1.316372746294  -0.004483933611
  2  Si  -3.047397580324  7.122361267771  2.406763739022  -1.470892396292  -2.238419989940  0.970270582178
  3  Si  4.613799759859  6.263829144485  4.937376180083  1.948983997945  0.238654524270  -0.107235506564
  4  Si  1.522080157282  0.967474375418  5.022790640961  -0.153515550755  0.814155295540  -0.939471559940
  5  Si  7.676966352301  0.953361991269  5.022795706710  1.867253667206  1.090713290653  -1.060737371826
  6  Si  -0.003382239642  1.881612832753  7.543748383697  -1.316659541345  -0.053955202013  -0.553748764859
  7  Si  3.086930096316  7.189114913756  7.442059242440  1.200975246121  -1.793220969264  0.606974263957
  8  Si  -3.046429197502  7.227228350741  7.468391224592  -1.487903572662  -2.980966290056  0.398149776550
  9  Si  4.606876522220  6.338310524692  9.994209322727  1.846681961830  0.387746379835  0.546910954347
  10  Si  1.524836128425  1.032448320708  10.058101753069  -0.310434329678  1.123260507555  0.432509770906
  11  Si  7.698608935121  1.017655312775  10.052267593516  1.285325629372  1.623913026101  0.585162164220
  12  Si  -1.539758581994  4.466435802649  2.464660088862  -1.153978304281  -1.261257054510  -0.643879024710
  13  Si  1.550983865686  4.486137616818  2.462287576646  0.048683434220  -0.969079399568  -0.868586385093
  14  Si  0.027959390189  7.114998907900  2.403234110025  0.018352467778  -2.176912624533  1.147819501208
  15  Si  6.161182207869  3.600809027217  5.000643629549  1.417736891348  0.437307208978  -0.641109667029
  16  Si  3.072415138087  3.600783733951  4.976269299145  0.408143632163  0.611339765558  -0.255679858348
  17  Si  4.603400093081  0.949253618888  5.027624330047  0.432777296868  1.251784932111  -0.919836318051
  18  Si  -1.536886019065  4.549574957951  7.480834219885  -1.195492405844  -0.515515813144  0.117347930277
  19  Si  1.572233682894  4.550805753687  7.493695362452  -0.497095442611  -0.519869875487  -0.287888177556
  20  Si  0.036010137169  7.212050360835  7.444066222209  -0.390102173497  -2.292875253863  1.016211801973
  21  Si  6.150439950578  3.660054764105  10.014747590899  1.683383567722  1.197536245771  0.791344878401
  22  Si  3.092450169743  3.677510246434  10.029417581282  -0.204374984212  0.660535450379  0.489391648111
  23  Si  4.626143235637  1.034121163500  10.039583437059  -0.444123946798  0.951075502551  0.720765935795
  24  Si  3.080135388455  1.807171690183  2.489679021094  0.072890119486  -0.087021315405  -0.204968805820
  25  Si  6.123345069145  1.792460250194  2.491898370549  1.190464332818  0.666310378901  -0.395119944036
  26  Si  4.608691109749  4.455170442480  2.453546217609  1.047904979548  -0.298219697954  -0.441971425366
  27  Si  1.573776090868  6.279617073041  4.935056616281  -0.470260934063  -0.498220579588  0.420845952111
  28  Si  -1.502121716939  6.285090195421  4.930839870290  -1.030922051887  -0.862798923911  0.115619932257
  29  Si  0.014753911465  3.628608904399  4.979176675399  -0.800884940624  -0.336356063545  -0.232489312524
  30  Si  3.063586892524  1.864399814889  7.529697598757  0.315751045873  0.626996193392  -0.138644513650
  31  Si  6.165579179503  1.872993806312  7.524383892944  0.228871080956  0.787092001812  -0.409704976652
  32  Si  4.616100258365  4.529533336488  7.494810338555  0.386292061774  0.169496947057  -0.507068130115
  33  Si  1.555838845265  6.339828380326  9.976175766544  -0.078530441544  0.130249931108  0.997331667832
  34  Si  -1.516584131893  6.362725654591  9.985655169474  -0.420519819800  -0.815251261510  0.863319416413
  35  Si  0.022862797134  3.688800836968  9.999570744213  -0.846038729719  0.509399743427  0.927558432632
  36  C  -0.020206362934  1.845160114622  4.384870569169  -0.956038549921  -0.424046600701  0.317276099424
  37  C  3.084068295415  7.124234991474  4.285828990244  0.540963544504  -0.133273961597  0.837728985445
  38  C  -3.051949645456  7.176613681797  4.313537670483  -1.399740236432  -1.770519317093  0.244309196146
  39  C  4.669934260113  6.273024805417  6.819035324974  0.410263300955  1.096694711633  0.823772426183
  40  C  1.535710560876  1.006417343721  6.892661051552  -0.396651969100  1.453390333471  -0.498256581179
  41  C  7.689697075027  0.979928311526  6.889677835834  1.407194948600  2.293682509814  -0.185194416819
  42  C  -0.032440634186  1.902033487284  9.426681272903  -0.828031089916  -0.435804311237  0.339376179789
  43  C  3.089981296465  7.194223567900  9.322417133943  0.240926735783  -0.152897643521  0.732286678635
  44  C  -3.040708243869  7.233160989193  9.355124920881  -1.827835733801  -1.360078732351  0.620129200520
  45  C  4.645446450231  6.190525946434  1.807825085233  1.014815297500  0.824318867634  -0.656656399650
  46  C  1.535523270216  0.927937044565  1.862429994893  -0.108798600981  0.913905715796  -1.625500221155
  47  C  7.694011465350  0.925467096623  1.891794611088  1.386040009121  1.399865521399  -1.704695959975
  48  C  -1.559680119984  4.474569293458  4.338408681755  -0.769556242180  -0.134302949047  0.782276426961
  49  C  1.541856533074  4.512158653542  4.316733293595  0.221439972595  -0.304610930410  0.779023380495
  50  C  0.030889131638  7.156915800551  4.321823576599  -0.032286779642  -1.112010275965  -0.120007610116
  51  C  6.162471736742  3.656259462970  6.882419480872  1.348203940824  -0.080300971882  0.402053151005
  52  C  3.064666240541  3.617051902277  6.857626072668  0.424579916346  0.242888672689  0.381363199925
  53  C  4.619610405625  0.996890441447  6.881480231820  -0.057994681099  1.722138149753  -0.098897945029
  54  C  -1.548240685286  4.559234158334  9.389014292521  -1.010222630758  -0.374400362530  0.247621846381
  55  C  1.556226390099  4.580818782486  9.359090317360  0.144575482597  -0.486445188824  0.664308207117
  56  C  0.021849636338  7.217514008559  9.352738823768  -0.036097953274  -0.646410324510  0.127967910622
  57  C  6.163969314992  3.553732104890  1.833731076867  0.986576182176  0.142026550419  -0.433278574110
  58  C  3.098163221129  3.543721532400  1.825111984450  -0.478653263420  0.065065822111  -0.444949110880
  59  C  4.622092980340  0.894496958977  1.864978872977  -0.386021385858  1.756661493881  -1.802806646825
  60  C  3.084529521183  1.847447685930  4.378359726264  -0.192650837391  -0.180793475898  0.064914302015
  61  C  6.163747213722  1.805237742997  4.368659793311  -0.274172604501  0.758950113933  0.463176752404
  62  C  4.652110243116  4.494979689703  4.332023083798  -0.487213524728  -0.294144627864  0.270022696341
  63  C  1.579156014023  6.289389130388  6.863876564058  -0.522942739280  0.169079042342  -0.782549879449
  64  C  -1.520835652461  6.308761230806  6.841003781947  -0.019626453321  0.037773127467  -0.080122068853
  65  C  0.015104272205  3.643351594081  6.872809204421  -0.296176011562  0.060985447080  0.151446550596
  66  C  3.054219952573  1.905048485797  9.416062530140  0.550746570260  0.215742076130  0.187834786537
  67  C  6.146715631410  1.871108770534  9.403834594897  0.644691665317  0.802126264295  0.157097723916
  68  C  4.627470284680  4.556276605973  9.374413952063  0.091046084803  0.057334664622  0.257204941986
  69  C  1.565764636714  6.201946270432  1.801853150239  0.018338288244  0.244639651042  -0.929341829617
  70  C  -1.500298720190  6.200906921537  1.832385483428  -0.677720806341  0.125790544266  -1.338081105260
  71  C  0.022288474721  3.574940408673  1.819630773146  -0.414777956521  -0.334675056028  -0.566828792689


