MDSTEP:  0
LATTICE_CONSTANT: 1.889726125458
LATTICE_VECTORS
  8.668820027910  0.000000000000  0.000000000000
  -0.128476702403  8.689266240517  0.000000000000
  -0.187389917043  -0.233926021649  8.592438983979
VIRIAL (KBAR)
  108.301524509215  28.842829940295  54.838529346893
  28.842829940295  99.286495200830  70.861517973586
  54.838529346893  70.861517973586  125.436830248520
INDEX    LABEL    POSITIONS    FORCE (eV/Angstrom)
  0  Si  3.220107842585  1.068070459479  3.311641766806  -0.049969553761  -0.149890970866  0.320880197716
  1  Si  3.172950054927  1.012060946910  7.662867400514  -0.258420102895  -0.896203566323  -1.713392261216
  2  Si  3.190039020929  5.417336230903  3.372167669387  -0.170722360712  -0.119534809297  -0.081149113612
  3  Si  3.130841822394  5.345624420298  7.721662874909  -0.192101024700  -0.506112330557  -1.883473129390
  4  Si  7.571003180733  1.102962040998  3.367725727718  -0.328682703294  -0.272836462413  -0.212925602742
  5  Si  7.517173313917  1.045155657058  7.712407567736  -0.401681544603  -1.089374886900  -1.831725070300
  6  Si  7.528707093919  5.440412847648  3.423689578857  -0.042601366387  0.004917802251  -0.050700199914
  7  Si  7.495347222579  5.385949738651  7.764960654555  -0.712864125772  -0.848140024876  -1.763604449895
  8  Si  3.230255888519  3.278143162938  1.165228092171  -0.085353845615  -0.281011845217  0.499284363427
  9  Si  3.176012636648  3.212885985309  5.519402087285  -0.170381317798  -0.245752487818  -0.139636624903
  10  Si  3.191910813745  7.614049246876  1.231737497638  0.083122024631  0.015735668078  -0.550539541155
  11  Si  3.142298597939  7.562396048050  5.565157492258  -0.256128361969  -0.279812736341  -0.555141543168
  12  Si  7.575235711875  3.291403189620  1.207879837974  -0.337134679050  0.316632868037  0.407193952271
  13  Si  7.531755347634  3.241609998089  5.561635796183  -0.347589017876  -0.223797526064  0.068204581132
  14  Si  7.553901635787  7.651991996037  1.273314415245  -0.647298781360  -0.136821660433  -0.383931084835
  15  Si  7.489602967661  7.578032570014  5.623938353424  -0.178358404963  -0.039853624459  -1.029755512968
  16  Si  1.059247012679  1.084496046475  1.107001014038  1.175850074269  1.462502055565  2.340914124700
  17  Si  1.018270021122  1.018049088503  5.469508934618  0.716378149032  1.156576968808  1.570423253630
  18  Si  1.029347005858  5.434020367608  1.174175131557  0.932290691135  1.000699649819  1.927788423575
  19  Si  0.991268691308  5.372238145144  5.523407783648  0.670434804089  1.184338922450  1.420200944046
  20  Si  5.408735442410  1.125432241148  1.166950927426  0.190671329710  -0.228193465641  0.415480142251
  21  Si  5.371812908351  1.052449480441  5.507204095831  0.005229833681  -0.156554621345  0.195849871900
  22  Si  5.389957844581  5.448511701778  1.217909954602  -0.045942562406  0.205197718258  0.441942756030
  23  Si  5.326250093918  5.400113919052  5.577425755570  -0.014425088811  -0.143977464784  -0.199398141157
  24  Si  1.026054278078  3.228615415048  3.313778187590  0.817780809158  1.092869473902  1.615095288321
  25  Si  0.975313963448  3.168188155930  7.676158981571  0.649132190568  0.535084048453  -0.425828386295
  26  Si  1.000073289817  7.575086462016  3.368831331728  0.470616794477  1.172745376279  0.868524317045
  27  Si  0.939220806732  7.503497394096  7.728399359559  0.651177669852  0.776683177965  -0.890160489609
  28  Si  5.379304872729  3.248163682526  3.359290277020  -0.052026668878  0.285344558753  0.297758551477
  29  Si  5.330847457146  3.202999937908  7.711988077047  -0.285261984325  -0.884183258392  -1.765344846758
  30  Si  5.344825493271  7.601254403297  3.408840289080  0.081732336783  -0.180386571742  -0.431156190462
  31  Si  5.288907998756  7.549044405766  7.779359505263  0.161824774376  -1.231211435352  -2.761821956492
  32  C  0.032196897313  0.058626262267  0.105590871910  -0.459938743918  -0.499830542087  0.396896451767
  33  C  -0.018334489262  0.001916786541  4.438279873830  -0.596525660165  -1.286429289925  -0.573734243843
  34  C  0.004679276189  4.394832944508  0.148284462018  -0.477519962074  -0.198529773809  0.049613034367
  35  C  -0.048265367554  4.350225268915  4.510547071959  -0.800003478773  -1.275274295404  -1.811894353247
  36  C  4.360633626656  0.030164649457  0.043474947815  -0.258135754611  1.165278366218  2.639068338055
  37  C  4.312219162108  -0.041583181891  4.402496852346  -0.104743441004  0.411835030227  0.542707947557
  38  C  4.316907296935  4.376348426125  0.105712073408  0.336251960881  0.794796003533  1.405644943546
  39  C  4.262896005283  4.317503867216  4.450227224514  0.213668068498  -0.010051442234  -0.009197286431
  40  C  -0.033293731359  2.221929084811  2.294707848108  -0.165514451178  -1.507188352319  -1.402913429497
  41  C  -0.061964166954  2.145848530756  6.659515806959  -0.788416426159  -1.349181808937  -1.875336338363
  42  C  -0.049316532149  6.559351290708  2.353272480595  -0.626140571779  -1.452702214214  -1.528453550176
  43  C  -0.091066182453  6.496727916094  6.701582860517  -0.911914335642  -1.651972333438  -1.794818906016
  44  C  4.317287306684  2.178395036600  2.259665955261  -0.132309659071  0.115426982432  -0.218531097970
  45  C  4.264394591772  2.114481565169  6.595807491520  0.014091856067  0.006974570169  -0.061238096279
  46  C  4.291608001498  6.520835264553  2.301214456070  -0.245613064142  -0.021306534190  -0.080159704536
  47  C  4.221802207820  6.463907143159  6.649853263607  -0.090759490722  -0.150922652061  0.008267366635
  48  C  2.148050180385  -0.016330146909  2.204162360505  0.322921906081  0.489855158689  0.723327939170
  49  C  2.095750492864  -0.077630171248  6.557207610333  0.250757522194  0.131608284282  0.685318879784
  50  C  2.125087753985  4.322789960507  2.256093097040  -0.000248145254  0.581247115592  0.048080068113
  51  C  2.065551744001  4.273422209352  6.599137667086  0.037188968861  -0.021792796113  0.158476131538
  52  C  6.492920954691  0.017857081903  2.245320190666  0.460684869323  0.332324959908  0.759137874729
  53  C  6.458648489304  -0.052411805317  6.593806287693  -0.059950817895  0.285811359964  0.780713988509
  54  C  6.470826667314  4.367394801385  2.307610109723  0.105238190346  -0.116184769256  -0.270429376502
  55  C  6.418456435378  4.301166598354  6.650627512976  0.046973736907  0.064441981519  -0.181973845701
  56  C  2.158994274768  2.188387906337  0.052085343504  0.474188000081  0.969563425886  1.769937065264
  57  C  2.101143070440  2.121508957980  4.401744703418  0.279872493217  0.293429083804  0.117626337053
  58  C  2.127743844884  6.533531315072  0.117123959600  0.241575489892  0.828141179473  1.444164955846
  59  C  2.067429294495  6.478981536591  4.452260966418  0.295476217492  0.095956257929  -0.021971253397
  60  C  6.503476634758  2.220769862386  0.098348097616  0.281671187372  0.848757003403  1.543095771617
  61  C  6.462485393060  2.161965618988  4.438747258385  0.082319360921  0.044060446989  0.266873118194
  62  C  6.474958336101  6.563397886197  0.167950071848  0.419777046362  0.787393477201  1.059194719921
  63  C  6.429177066897  6.503097855231  4.510325388596  -0.174220858693  -0.001212423032  -0.287350072357


MDSTEP:  1
LATTICE_CONSTANT: 1.889726125458
LATTICE_VECTORS
  8.668820027910  0.000000000000  0.000000000000
  -0.128476702403  8.689266240517  0.000000000000
  -0.187389917043  -0.233926021649  8.592438983979
VIRIAL (KBAR)
  108.018302197089  28.811489974632  54.788806518445
  28.811489974632  99.141336158078  70.663813774565
  54.788806518445  70.663813774565  125.337257122707
INDEX    LABEL    POSITIONS    FORCE (eV/Angstrom)
  0  Si  3.220627473994  1.067744042296  3.312169484590  -0.061566571185  -0.147251578427  0.302650764381
  1  Si  3.172599639305  1.012294999509  7.663123316727  -0.254521949879  -0.892402580505  -1.712935133913
  2  Si  3.189654396960  5.417130429108  3.372071349225  -0.164991685768  -0.123331418816  -0.082199362484
  3  Si  3.130801950237  5.344615564124  7.721888955599  -0.205312340568  -0.472296644145  -1.871177465126
  4  Si  7.571347724494  1.102779140544  3.366871174121  -0.357184465401  -0.272680121994  -0.188481308896
  5  Si  7.516919015419  1.044995261199  7.712284521421  -0.393099618918  -1.091453144657  -1.817712879177
  6  Si  7.528529105717  5.440066852247  3.424046088361  -0.047129229186  0.026921641801  -0.074741953404
  7  Si  7.495199775972  5.385833000644  7.763807309821  -0.715155716164  -0.855573542333  -1.726317322749
  8  Si  3.231413833270  3.277564695860  1.165733035847  -0.108122499359  -0.258833776682  0.500675754788
  9  Si  3.175803281279  3.212244826395  5.519548284442  -0.175563065426  -0.226173248782  -0.145385204995
  10  Si  3.192493084025  7.615062370086  1.231917737879  0.060962098279  -0.000804095433  -0.538190759232
  11  Si  3.142680665680  7.561500250904  5.565045130757  -0.260894926930  -0.256381935527  -0.563423004234
  12  Si  7.574952146135  3.291608565196  1.208232254231  -0.331518320684  0.297586255161  0.401021409074
  13  Si  7.532319863244  3.242293937468  5.561153064599  -0.359120845374  -0.238504594232  0.094076336449
  14  Si  7.554076899910  7.651857799344  1.272493136376  -0.644820761022  -0.134486204843  -0.368854909406
  15  Si  7.490106301060  7.578418279094  5.624612841127  -0.195635780910  -0.055626950851  -1.066728025818
  16  Si  1.059403627278  1.085445635645  1.106948895698  1.179656676306  1.446369675029  2.350223370158
  17  Si  1.017851006000  1.018727801448  5.469954488107  0.714180981485  1.135269372510  1.534820205829
  18  Si  1.029460917150  5.434725649791  1.174239990689  0.917660123057  0.972542833853  1.913358720557
  19  Si  0.991291132146  5.372401785315  5.523503418577  0.664529220486  1.182704903319  1.392135681770
  20  Si  5.409125021410  1.124687497102  1.167100420350  0.186241446695  -0.209981574627  0.406102425742
  21  Si  5.371996560092  1.053164825674  5.507382914559  0.009374374585  -0.175335430316  0.196244781507
  22  Si  5.389368536937  5.448296530256  1.217672590964  -0.022771793082  0.218993169545  0.454532061005
  23  Si  5.326026231567  5.399775997196  5.577218417147  -0.012857000392  -0.133546847046  -0.194140101606
  24  Si  1.025984877360  3.229651376489  3.314554037830  0.804406602778  1.048047998227  1.577068472087
  25  Si  0.975717135360  3.168643418326  7.676831573545  0.621555275739  0.512475652640  -0.451287760800
  26  Si  1.000136014110  7.575253762385  3.368798862785  0.456345150797  1.166254560177  0.850089611012
  27  Si  0.939045841750  7.504333881867  7.727651821495  0.650666107768  0.742214774096  -0.880839378927
  28  Si  5.378965616600  3.247262968086  3.359082089003  -0.053058817810  0.305985817056  0.316074282780
  29  Si  5.330721260727  3.202609558460  7.710973969505  -0.277836508603  -0.877647328899  -1.738915193729
  30  Si  5.344299230777  7.600537150411  3.409044547351  0.092426790118  -0.162442916538  -0.442544672868
  31  Si  5.288851344197  7.548959730538  7.779002000262  0.145797774455  -1.210660844666  -2.740820162461
  32  C  0.032897959905  0.058571811485  0.106273352863  -0.471479132802  -0.489364206788  0.370202269028
  33  C  -0.019654934242  0.001882204449  4.437871673969  -0.556231694739  -1.281286904489  -0.553489860745
  34  C  0.004645933790  4.393551437658  0.148109730618  -0.474756794186  -0.151027347795  0.058603224930
  35  C  -0.048624792009  4.350260972006  4.509704433556  -0.780019809582  -1.263235775709  -1.785018299591
  36  C  4.359630797186  0.030514600919  0.044708038096  -0.221121427486  1.150444360864  2.596896387692
  37  C  4.312387349098  -0.040689682660  4.402142395944  -0.098689315931  0.390932419206  0.560562295804
  38  C  4.318118171360  4.376223689730  0.106111392221  0.309728138736  0.785834695544  1.391699580793
  39  C  4.261983442135  4.318390103304  4.451306947869  0.226874356002  -0.039660543869  -0.035265856979
  40  C  -0.033849875023  2.220215605301  2.294806956431  -0.131288846063  -1.443091120230  -1.392444865910
  41  C  -0.061361219864  2.144595691600  6.659287142986  -0.785899540205  -1.304925866607  -1.861519933270
  42  C  -0.048511024770  6.558699541939  2.351582272865  -0.642644252340  -1.438119634358  -1.485883968425
  43  C  -0.091723078887  6.495966264299  6.700341402961  -0.875198486515  -1.625752586663  -1.760554702337
  44  C  4.317272112553  2.177664839106  2.259284166897  -0.123672309206  0.117655973210  -0.205513206055
  45  C  4.264366818920  2.115218737666  6.595695230433  0.007646217815  -0.016333938272  -0.053598024286
  46  C  4.290595444956  6.520361121850  2.301651096828  -0.224288357164  -0.015433195844  -0.093565968075
  47  C  4.222549123452  6.464290559426  6.649750177888  -0.113201135677  -0.169073263929  0.017124125256
  48  C  2.148200410332  -0.015941998058  2.204450753963  0.323018386056  0.495336168182  0.721542039289
  49  C  2.095970751857  -0.077045797594  6.556656606912  0.250339713847  0.116249271496  0.687450527023
  50  C  2.124862587541  4.323295870241  2.256535430276  0.008920198567  0.562172777889  0.031120621051
  51  C  2.064364256759  4.273356100993  6.598761251661  0.061981030559  -0.022834588066  0.169816897522
  52  C  6.492991083930  0.018294671369  2.244564318367  0.460220610923  0.304355949720  0.775013898580
  53  C  6.459485660198  -0.053145328604  6.593490674261  -0.088623367281  0.309481624553  0.796836299078
  54  C  6.470909220712  4.366852692378  2.307591360571  0.093306411703  -0.106085042824  -0.265914661492
  55  C  6.417578791666  4.301563705578  6.651144519852  0.070293286534  0.051590872041  -0.206269412515
  56  C  2.159088237669  2.189540514821  0.052279314654  0.484505220641  0.952526574115  1.770104051213
  57  C  2.102202691095  2.121262569231  4.401283681134  0.251792748487  0.302073970604  0.131509041676
  58  C  2.127523481753  6.534244510568  0.118801643485  0.258719723232  0.819397715690  1.385918365253
  59  C  2.068063989553  6.478577089822  4.450855918022  0.274249852167  0.104745895618  0.013977993810
  60  C  6.503131717134  2.220999214441  0.098206055601  0.285903543581  0.839679489191  1.537932403932
  61  C  6.462604163555  2.162269832710  4.439997080661  0.088795004904  0.039509706986  0.231974063625
  62  C  6.475026236301  6.564007403463  0.167765320496  0.419657615677  0.767634675055  1.055443212605
  63  C  6.428434861610  6.503146109181  4.510630423722  -0.151478316142  -0.003349998617  -0.289067815794


MDSTEP:  2
LATTICE_CONSTANT: 1.889726125458
LATTICE_VECTORS
  8.668820027910  0.000000000000  0.000000000000
  -0.128476702403  8.689266240517  0.000000000000
  -0.187389917043  -0.233926021649  8.592438983979
VIRIAL (KBAR)
  107.429589489155  28.626375970745  54.976027444415
  28.626375970745  98.758363075108  69.951250138126
  54.976027444415  69.951250138126  125.231306033622
INDEX    LABEL    POSITIONS    FORCE (eV/Angstrom)
  0  Si  3.220779225126  1.065875911179  3.312565074579  -0.032309099053  -0.071390869571  0.305287121879
  1  Si  3.169956931826  1.011357863920  7.661914567290  -0.142511392890  -0.812015479452  -1.651281300188
  2  Si  3.188573377121  5.418337779502  3.370782085178  -0.083681230602  -0.160397956925  -0.052914948518
  3  Si  3.131519224486  5.344728702793  7.723454855238  -0.239885940569  -0.420177966391  -1.892936493743
  4  Si  7.572204051884  1.104316180016  3.367847900155  -0.354630122964  -0.227179063581  -0.229480851037
  5  Si  7.515794069438  1.045388259235  7.709059647204  -0.421332466416  -1.115033161818  -1.655602575332
  6  Si  7.528686416053  5.441886450491  3.424643917928  -0.088538952080  -0.005617437812  -0.100907488223
  7  Si  7.495705223413  5.385636533485  7.762691568028  -0.738403890727  -0.796410143956  -1.689658024754
  8  Si  3.230651064839  3.278627897124  1.167494233836  -0.079143587253  -0.304544862938  0.480404405245
  9  Si  3.176678976041  3.210339854246  5.517039472325  -0.104821028811  -0.162869386156  -0.088357181839
  10  Si  3.190216598841  7.616039738261  1.230088448456  0.143063177910  0.002705790444  -0.524502011689
  11  Si  3.143217235752  7.562466562064  5.565208632952  -0.310378514824  -0.279991472660  -0.579274289269
  12  Si  7.572212165268  3.289108840006  1.207344796025  -0.292665301577  0.407562639220  0.427061928778
  13  Si  7.530941388133  3.243029861685  5.563067564351  -0.322714443494  -0.190102129788  0.032585348046
  14  Si  7.552176997704  7.650976482719  1.273247302138  -0.618499510074  -0.152322120532  -0.366790362531
  15  Si  7.492034206607  7.579206169878  5.623263205056  -0.215038169671  -0.033775504075  -1.015754595910
  16  Si  1.061835620070  1.084291021506  1.105951480114  1.079067984779  1.462463046385  2.346948207160
  17  Si  1.018114579640  1.020849460092  5.471406418998  0.682029840683  1.114878342647  1.504815997951
  18  Si  1.031903738507  5.433433767724  1.174342077141  0.806812274494  0.934055942464  1.930131175436
  19  Si  0.992604170065  5.374750126034  5.524231182543  0.586439898133  1.038160933033  1.339623847303
  20  Si  5.410446892653  1.126891968854  1.165835066495  0.105838410384  -0.239998012226  0.476072546090
  21  Si  5.374245286885  1.053375386615  5.509731868365  -0.057344385636  -0.151736850868  0.138614363443
  22  Si  5.389331271419  5.448648486264  1.220140331735  -0.050905237519  0.218394714052  0.393151964531
  23  Si  5.327599157443  5.401383752128  5.577649156977  -0.067484830831  -0.130236128659  -0.215616691694
  24  Si  1.027088738787  3.232618702514  3.317390170476  0.702032400286  0.978303602290  1.477394508342
  25  Si  0.975007050360  3.170789852409  7.677145858012  0.611430667711  0.432798981487  -0.453369558599
  26  Si  1.001018020258  7.577019512183  3.370540734615  0.384578438315  1.093195772846  0.720204102634
  27  Si  0.940821791143  7.503340159461  7.727898664146  0.577025844519  0.773550031259  -0.873426297825
  28  Si  5.378792437612  3.245614928934  3.360746144783  0.010966073883  0.405717494877  0.283298850167
  29  Si  5.332547630485  3.204271639308  7.711242051741  -0.372045195297  -0.776348607411  -1.717278982330
  30  Si  5.343870289825  7.601070813070  3.409402591272  0.105332696762  -0.197990108866  -0.457295373701
  31  Si  5.289667882676  7.548746773836  7.776209261661  0.107609973020  -1.189789417324  -2.652292231987
  32  C  0.033155296138  0.054419318288  0.108187954963  -0.494341706996  -0.382063290071  0.308988792501
  33  C  -0.019955656534  0.003530254303  4.437548188160  -0.496445145180  -1.267922930682  -0.522183397392
  34  C  0.001146590824  4.393348092491  0.148240110894  -0.381858132541  -0.137700280084  0.061734907913
  35  C  -0.052885712594  4.351776558403  4.507342079906  -0.645407687434  -1.246649261182  -1.645306605892
  36  C  4.360561225435  0.031053373374  0.043928398439  -0.227998674260  1.151905752305  2.582731525566
  37  C  4.311608396425  -0.042411890269  4.401842222867  -0.079159575060  0.453081526013  0.599448880217
  38  C  4.314482773933  4.378606488612  0.107822769029  0.427200637842  0.719447145386  1.365038031228
  39  C  4.264684740321  4.319023789553  4.450849925647  0.172852901024  -0.012266057334  -0.026501943853
  40  C  -0.034137568201  2.223042159498  2.290136364226  -0.059144205853  -1.477298895776  -1.243224264086
  41  C  -0.065419504073  2.144680525213  6.658574817918  -0.671538341871  -1.251010150211  -1.811346658866
  42  C  -0.051260161357  6.555288738696  2.351437035837  -0.507595384274  -1.295305065457  -1.428241166114
  43  C  -0.089017091904  6.496575557071  6.698628117769  -0.901240799910  -1.616855250191  -1.736055911500
  44  C  4.316678222525  2.180581377730  2.262762754453  -0.101023752820  0.029156479947  -0.269653876892
  45  C  4.267986442123  2.118418036506  6.597801485377  -0.072942936231  -0.095502693602  -0.098724988217
  46  C  4.289075597911  6.520644480769  2.299315137022  -0.217884985471  0.024738584347  -0.031024020205
  47  C  4.222277488115  6.467775543545  6.649491609958  -0.118460898814  -0.249382346664  0.014576467505
  48  C  2.151553436663  -0.011782773050  2.202484861994  0.245579760832  0.399331755422  0.788443661397
  49  C  2.095834088918  -0.074696767766  6.559353595055  0.240377521646  0.061267480974  0.596717199041
  50  C  2.128128017840  4.321796165616  2.258666263488  -0.066375052992  0.608417059620  0.000872192272
  51  C  2.068145000470  4.271984210540  6.598111870593  -0.015110867644  0.013177674583  0.166322962500
  52  C  6.493850063853  0.018977439994  2.246170265607  0.433323396895  0.328907977400  0.760148259469
  53  C  6.456927414015  -0.053074122317  6.593004703204  0.010916180472  0.282457783728  0.787490221510
  54  C  6.472222821674  4.370120247960  2.305048978316  0.051046774027  -0.191677929132  -0.175068731005
  55  C  6.418492863628  4.304546684108  6.647837750860  0.049579713803  0.017369563414  -0.106485145723
  56  C  2.158459639553  2.187882826880  0.054880657792  0.488121881131  1.024129384538  1.688731510550
  57  C  2.103151075973  2.122926388097  4.402164810506  0.223644101207  0.239738013196  0.119438255639
  58  C  2.124180387037  6.535392722476  0.120427046715  0.351666597416  0.761509209095  1.334283618296
  59  C  2.066212578504  6.474788733754  4.449610157136  0.335121738216  0.231623904182  0.048643507965
  60  C  6.499409701424  2.225084220806  0.100257916589  0.406436771474  0.715719214469  1.433696651854
  61  C  6.464854363107  2.165418290455  4.443671028632  0.049132661957  -0.047112711210  0.172752706538
  62  C  6.472731703776  6.564205330460  0.168514324339  0.463020741268  0.757011434427  0.997260689215
  63  C  6.430689624448  6.504262364335  4.514146689560  -0.201387612449  0.007896308555  -0.372358439266


MDSTEP:  3
LATTICE_CONSTANT: 1.889726125458
LATTICE_VECTORS
  8.668820027910  0.000000000000  0.000000000000
  -0.128476702403  8.689266240517  0.000000000000
  -0.187389917043  -0.233926021649  8.592438983979
VIRIAL (KBAR)
  107.108287108674  28.011264912996  54.563509781153
  28.011264912996  98.436642542449  70.175634379706
  54.563509781153  70.175634379706  125.182287850616
INDEX    LABEL    POSITIONS    FORCE (eV/Angstrom)
  0  Si  3.218372407640  1.064411780718  3.315326613651  0.041124030916  -0.062892151003  0.193945581212
  1  Si  3.168976747827  1.013855299830  7.663068576135  -0.048823821818  -0.876157841863  -1.735294936781
  2  Si  3.188376456345  5.416704734412  3.373868453874  -0.037808678079  -0.170448469789  -0.164909485538
  3  Si  3.128811641829  5.347126145248  7.723660852796  -0.113609379354  -0.431489110152  -1.952871729490
  4  Si  7.573602144522  1.107189059340  3.365573042740  -0.423861920864  -0.325736012680  -0.130138417374
  5  Si  7.514136000895  1.042691696686  7.706426296086  -0.403940301770  -1.054647808455  -1.572661312758
  6  Si  7.529532680303  5.439634093102  3.422014271619  -0.043772083045  0.039221427684  -0.080497406656
  7  Si  7.493557790775  5.388469451701  7.758732030038  -0.726621651080  -0.899262749785  -1.607173235531
  8  Si  3.228266304249  3.275881860375  1.167394083721  0.017213995805  -0.250279132331  0.459213421546
  9  Si  3.177675485400  3.213170052192  5.514234719512  -0.058095934865  -0.211147735511  -0.057386582141
  10  Si  3.191059724697  7.613055657942  1.229169698334  0.128641728161  0.126484324291  -0.480052936689
  11  Si  3.143085798091  7.561929580650  5.563572024194  -0.290699570116  -0.211069405378  -0.552855596270
  12  Si  7.570332671573  3.292115336990  1.207951413890  -0.225521268663  0.262914825548  0.391393056987
  13  Si  7.528680675239  3.239730418694  5.562605010935  -0.322755054317  -0.159470185677  0.047570781825
  14  Si  7.554146422752  7.652685387175  1.272123026979  -0.711724053813  -0.181179487307  -0.345324694274
  15  Si  7.495421663180  7.575967036392  5.623077927430  -0.307569450742  0.030837790502  -1.060549891375
  16  Si  1.060127646515  1.085918041629  1.108146465689  1.050165188565  1.380932620467  2.286649816661
  17  Si  1.017150668275  1.023938755817  5.472943171718  0.747022848470  1.025294933316  1.477098219077
  18  Si  1.031079078591  5.430627928001  1.176858977911  0.905682275742  1.006517823307  1.849130492734
  19  Si  0.994914053464  5.376488015010  5.525955924033  0.471796156931  0.924944751693  1.204198729610
  20  Si  5.413292712158  1.125509283331  1.167753570791  0.006497730438  -0.198139281540  0.440488230823
  21  Si  5.372821043119  1.055473658378  5.507618205336  0.028914103685  -0.236645010341  0.265948110445
  22  Si  5.389947082523  5.445619523002  1.217505150977  -0.030235978372  0.262137939974  0.423294061746
  23  Si  5.325193731200  5.399560615842  5.575046144868  -0.003843608649  -0.005199184836  -0.233227672299
  24  Si  1.027949373438  3.229882867508  3.320605465416  0.659099138053  1.033725881204  1.376028066223
  25  Si  0.978313737081  3.167852499750  7.679945757610  0.547562599406  0.533679247456  -0.541628916374
  26  Si  1.000935011224  7.575705796001  3.371392963796  0.372668513366  1.139639281829  0.745772986712
  27  Si  0.938718151444  7.504193852388  7.727434244899  0.529137238205  0.661784105297  -0.897606674420
  28  Si  5.380989550306  3.248715859309  3.361027826586  -0.057183815567  0.245480730997  0.177556056711
  29  Si  5.332991526806  3.205599444301  7.708742228746  -0.374109916318  -0.771513288767  -1.604104195920
  30  Si  5.342267262019  7.601931327173  3.409510840716  0.156830709666  -0.237396510643  -0.495914071069
  31  Si  5.286345144716  7.551337458116  7.774238383098  0.132246911055  -1.207151862397  -2.643594975283
  32  C  0.029630256833  0.054352921537  0.107383752301  -0.369565836011  -0.343596502019  0.333930351242
  33  C  -0.022404040667  0.004423899370  4.438671327082  -0.404124082197  -1.251870098288  -0.518344055312
  34  C  0.000237596424  4.390782441307  0.150449346932  -0.367588002580  -0.043011730944  -0.038369372717
  35  C  -0.055180345128  4.347740823235  4.508775490362  -0.530593613765  -1.144626991524  -1.626980690250
  36  C  4.357807068401  0.033929895284  0.040860630167  -0.154415428171  1.111219700430  2.683201943583
  37  C  4.315213079477  -0.038302187628  4.403394759473  -0.202857863512  0.359002325448  0.570370264505
  38  C  4.312928452119  4.380969655585  0.109204489215  0.433372958301  0.631967004195  1.283019567684
  39  C  4.268522448502  4.316358949337  4.448237609871  0.111047691256  0.064800315431  -0.000975194091
  40  C  -0.038721109700  2.222008300980  2.293280948886  0.069441443271  -1.376060858354  -1.307373998799
  41  C  -0.064774781398  2.144005423284  6.660535138788  -0.685736915668  -1.220585999734  -1.829578839380
  42  C  -0.046789714979  6.556764567529  2.348631181532  -0.608247163108  -1.376647410850  -1.396058853485
  43  C  -0.091229723591  6.490429052022  6.692172726362  -0.725565546177  -1.460986324878  -1.542629862832
  44  C  4.311336579637  2.180469325267  2.260344743250  0.035460864083  0.022118638058  -0.187425597732
  45  C  4.270141444849  2.121744116792  6.597800934160  -0.155575909911  -0.146277428488  -0.127636368249
  46  C  4.288554820855  6.516181703588  2.296005713846  -0.181632535347  0.098635557608  0.075369358869
  47  C  4.222008527746  6.472075279676  6.644650112736  -0.117651324521  -0.359682372721  0.064426542787
  48  C  2.147333463583  -0.014173859492  2.205364691933  0.348855026982  0.417652870605  0.736559455779
  49  C  2.097209556056  -0.078975013728  6.564738867066  0.176811567989  0.191325842441  0.440836446150
  50  C  2.131980485963  4.318735862589  2.258411311236  -0.195087005609  0.633169354631  0.055973828226
  51  C  2.070867481218  4.274944365860  6.593005225763  -0.062387567600  -0.060395586057  0.295991650576
  52  C  6.495033720007  0.021754981133  2.249371446132  0.436064163941  0.239722687715  0.692507450089
  53  C  6.461427653857  -0.057136997422  6.596694618600  -0.107179769057  0.361740465082  0.636174718122
  54  C  6.477008937998  4.365730450531  2.302515744761  -0.060572567356  -0.073654832872  -0.144759272848
  55  C  6.415761961041  4.307852858555  6.643447965153  0.099775451737  -0.070284251719  -0.039458120107
  56  C  2.161474220577  2.186337546322  0.052764777165  0.360229108945  1.049681594193  1.789910793054
  57  C  2.107983142850  2.125891644468  4.397973927673  0.116995386404  0.156781977801  0.284675731646
  58  C  2.129576532880  6.539674316541  0.119814629697  0.115161118193  0.650484712223  1.355087494394
  59  C  2.068527456903  6.474512592981  4.448951957507  0.279459011827  0.230145368467  0.057719853199
  60  C  6.501373348234  2.223788300901  0.102477735589  0.368358309290  0.780659882952  1.343720761918
  61  C  6.460960887837  2.160929757292  4.442513047489  0.134870011495  0.060959136074  0.175446333400
  62  C  6.469244898719  6.566512764591  0.165217559316  0.524725660656  0.726104559909  1.053905687388
  63  C  6.434574087235  6.505145055388  4.510774368014  -0.296273324811  -0.042262059923  -0.351732888877


MDSTEP:  4
LATTICE_CONSTANT: 1.889726125458
LATTICE_VECTORS
  8.668820027910  0.000000000000  0.000000000000
  -0.128476702403  8.689266240517  0.000000000000
  -0.187389917043  -0.233926021649  8.592438983979
VIRIAL (KBAR)
  106.233134168417  27.360480564341  54.264516850600
  27.360480564341  97.994998708957  69.710083365091
  54.264516850600  69.710083365091  125.015951907757
INDEX    LABEL    POSITIONS    FORCE (eV/Angstrom)
  0  Si  3.219783938669  1.064629970156  3.313835358497  0.032416656745  -0.019732615511  0.179912350484
  1  Si  3.172639510223  1.015780884356  7.659335060573  -0.216334333038  -0.770136770680  -1.622651385954
  2  Si  3.184530239964  5.416770172420  3.372975808798  -0.012594122683  -0.168604851563  -0.240674679124
  3  Si  3.126378089365  5.346584817290  7.720168685259  -0.032639499706  -0.447322902958  -1.772913680339
  4  Si  7.571864634018  1.106527230090  3.361422559492  -0.385281069587  -0.239705318006  -0.067635775885
  5  Si  7.515240724444  1.039226348722  7.705570121823  -0.437237103195  -0.917548613360  -1.521684464850
  6  Si  7.526065631713  5.441974147804  3.424360366307  0.049804830869  -0.064792907318  -0.212865237295
  7  Si  7.494841309481  5.391566125790  7.761228284492  -0.866529103586  -0.945506764044  -1.627514013288
  8  Si  3.224641630035  3.272036683787  1.167776615778  0.117200415599  -0.116486292430  0.499014091599
  9  Si  3.174975153246  3.216649563843  5.510973360501  -0.041443550975  -0.269129767552  -0.095628454218
  10  Si  3.190174086881  7.613897671285  1.230153823173  0.107094843750  0.093765117087  -0.526325097679
  11  Si  3.144649105950  7.562184270162  5.562606830176  -0.372254202545  -0.181034899880  -0.444280963625
  12  Si  7.572931905384  3.292850529031  1.211585502885  -0.288607413121  0.144922664542  0.339007282011
  13  Si  7.526259619915  3.242076873107  5.561576995812  -0.265004868839  -0.226985242477  0.017696202581
  14  Si  7.552921368257  7.649281595657  1.274561004016  -0.686087121839  -0.000693272120  -0.383756382424
  15  Si  7.494380574200  7.578030472822  5.626318058070  -0.235714286317  -0.010148330679  -1.214927442394
  16  Si  1.063388006645  1.089144182492  1.110712204064  0.962280237392  1.294984943107  2.199171405422
  17  Si  1.018529740179  1.024424972052  5.474485510344  0.629846189842  1.047302862750  1.324952170407
  18  Si  1.031410158073  5.431627999232  1.178920827190  0.765069873275  0.920495902233  1.750816526445
  19  Si  0.991169949238  5.378930582441  5.527197365786  0.511221729079  0.732301987691  1.133859249653
  20  Si  5.410298005779  1.122485292123  1.165380308033  0.100212474266  -0.079324241487  0.546377104977
  21  Si  5.375133977397  1.058250509391  5.509663075482  -0.026463532059  -0.234914686910  0.189798409182
  22  Si  5.387313540102  5.447093546700  1.216098051406  0.031579018246  0.097127178843  0.473942314306
  23  Si  5.321917988929  5.402783516753  5.571663845151  0.119966389261  -0.116675724858  -0.210230978433
  24  Si  1.028007919257  3.228331250784  3.318585367167  0.679411587562  1.151035548941  1.420081734195
  25  Si  0.976739683358  3.169344562892  7.683470589595  0.559304076757  0.477404599552  -0.627735146437
  26  Si  0.998754458911  7.576154719951  3.373960910566  0.330387544468  1.103994493652  0.602647255323
  27  Si  0.942522413477  7.501450150884  7.725420698184  0.385503725381  0.693515357852  -0.844714408023
  28  Si  5.381476375055  3.249999966588  3.364188827733  -0.065012419321  0.204645256167  0.045572346506
  29  Si  5.330645164153  3.206778871415  7.709265056714  -0.347695885879  -0.813889486632  -1.595795111655
  30  Si  5.345081938999  7.604448203845  3.411609357229  0.009188536531  -0.274805928847  -0.539308529325
  31  Si  5.282475890855  7.551673285045  7.774306325611  0.185357713477  -1.135408877598  -2.581430464364
  32  C  0.032681759995  0.057560719426  0.104913638253  -0.376856734094  -0.470699904975  0.436580916183
  33  C  -0.028101625997  0.008242324017  4.434100273627  -0.252174849679  -1.298924783031  -0.352514328634
  34  C  -0.004132828088  4.388967926136  0.149695473185  -0.253392940459  0.074593412245  0.028006067201
  35  C  -0.057146297619  4.348694072849  4.502399386484  -0.460235390637  -1.131501294090  -1.453980583239
  36  C  4.355470500706  0.039512439096  0.044382010040  -0.118528016100  0.945731600858  2.528500376220
  37  C  4.310025269116  -0.034131927542  4.407023025482  -0.050343071153  0.246188295592  0.513536263735
  38  C  4.311991578363  4.379786351159  0.108892550822  0.380908210281  0.669162161869  1.294408699238
  39  C  4.265719686668  4.317675951027  4.442755737227  0.129539863723  0.101421225484  0.087044335597
  40  C  -0.033567825076  2.220042195536  2.297070312087  -0.060704221952  -1.390500696715  -1.454590248057
  41  C  -0.063105992486  2.142525405724  6.658705390316  -0.698855807539  -1.135330494439  -1.797912409577
  42  C  -0.049913321784  6.552160259396  2.344286190944  -0.484626399924  -1.237812299681  -1.226409510828
  43  C  -0.090838632468  6.486731347760  6.686186751923  -0.699629050328  -1.328339640052  -1.371466365433
  44  C  4.314531648454  2.180235175224  2.260014754280  -0.037235347274  0.037804372376  -0.164305461785
  45  C  4.266112697660  2.126182273630  6.593044407830  -0.055373929318  -0.194574952990  -0.078860576965
  46  C  4.285783307316  6.512256772778  2.289754852930  -0.121839415843  0.254081512193  0.282679617072
  47  C  4.227001658140  6.469104628963  6.648619635652  -0.280344569636  -0.237805299756  -0.040471282919
  48  C  2.149524121923  -0.011457773110  2.201835872579  0.299905386290  0.327895136762  0.859324371190
  49  C  2.091572109717  -0.072985401372  6.568584741769  0.373804657172  0.001906632703  0.332150762165
  50  C  2.126910504900  4.323830609485  2.254740013943  -0.110651465450  0.497396649339  0.130529239009
  51  C  2.077090988388  4.275354309942  6.595374528158  -0.297354974037  -0.040117024194  0.198186130535
  52  C  6.494950299432  0.026118318486  2.254908138899  0.412506348304  0.121237142458  0.524806054700
  53  C  6.464031618625  -0.058049002421  6.593314672289  -0.236570157613  0.380168556475  0.750765599608
  54  C  6.481250877602  4.361287968703  2.304603853711  -0.195731106019  0.072881385466  -0.168514183034
  55  C  6.413605977380  4.305856615836  6.643829022457  0.099025220186  0.056491434071  -0.062367687431
  56  C  2.161220769578  2.188962677063  0.056958517955  0.410805067716  0.972995449737  1.646721673040
  57  C  2.107570198137  2.126539839512  4.391929483404  0.133197568442  0.157563463234  0.407543985432
  58  C  2.126732579875  6.536282223743  0.123357941256  0.204534517268  0.726672390356  1.230286929275
  59  C  2.068042286017  6.471350661518  4.450941699542  0.268356688786  0.335664269035  0.050063929880
  60  C  6.498104034926  2.222502638989  0.103739345511  0.472917183530  0.765639604028  1.287090994743
  61  C  6.460135053589  2.158992274611  4.436947330825  0.154389460685  0.113313094842  0.316569095069
  62  C  6.464516465092  6.571023187412  0.170875585294  0.626875435937  0.661361147780  0.905516511133
  63  C  6.440513838893  6.505381003290  4.507753336947  -0.473265491077  0.016789035512  -0.231695140904


MDSTEP:  5
LATTICE_CONSTANT: 1.889726125458
LATTICE_VECTORS
  8.668820027910  0.000000000000  0.000000000000
  -0.128476702403  8.689266240517  0.000000000000
  -0.187389917043  -0.233926021649  8.592438983979
VIRIAL (KBAR)
  105.393368853464  27.969458484888  55.043440882935
  27.969458484888  97.799729995270  68.268917356146
  55.043440882935  68.268917356146  125.067617774320
INDEX    LABEL    POSITIONS    FORCE (eV/Angstrom)
  0  Si  3.216768608431  1.063291419664  3.313319910268  0.088339313917  -0.067280927321  0.248992688260
  1  Si  3.175912606307  1.017248734836  7.661485427790  -0.237447319942  -0.857320010328  -1.713623148758
  2  Si  3.183450100643  5.413309220099  3.372198203615  -0.090753325504  -0.068524024738  -0.162470661561
  3  Si  3.122614257462  5.347381150970  7.723984805891  0.009968932145  -0.510221120310  -1.843050894443
  4  Si  7.568034939832  1.109937110641  3.358175939516  -0.271036094350  -0.368942157666  0.055201737252
  5  Si  7.517953670581  1.037143551331  7.704060342278  -0.601417153190  -0.800731110580  -1.424674703579
  6  Si  7.525663496017  5.442257898979  3.426605441654  -0.000961463100  -0.097818237190  -0.294048508259
  7  Si  7.498991031983  5.395581905612  7.756775918116  -1.039462855418  -0.961320152284  -1.444077948274
  8  Si  3.220145068413  3.267767961118  1.171712717428  0.169525057198  -0.027601179704  0.413203988546
  9  Si  3.178741078841  3.212202026914  5.510175468160  -0.158963699234  -0.092194370958  -0.153228014830
  10  Si  3.187219084939  7.611279209220  1.232607064986  0.165302856806  0.143805499223  -0.497537672623
  11  Si  3.145683038539  7.558087948241  5.562089816674  -0.407773264859  -0.025372922796  -0.444896957127
  12  Si  7.571971529053  3.292521246505  1.212665427543  -0.200904052825  0.238411613119  0.257658077163
  13  Si  7.529343300329  3.242598074154  5.558765674959  -0.455386699922  -0.227623517166  0.171585409503
  14  Si  7.555554717081  7.650914076973  1.270373125668  -0.807269563354  0.071870310382  -0.231287281649
  15  Si  7.498676133699  7.577791993413  5.624807927313  -0.280040839340  -0.050666213363  -1.247476502583
  16  Si  1.062377254670  1.093665702252  1.115411858448  0.923109058177  1.221526603531  2.037165330835
  17  Si  1.014992115799  1.028577947303  5.478494564971  0.650970952117  0.971417634683  1.224233719957
  18  Si  1.028756621243  5.435931455008  1.183578352445  0.652279657679  0.768270758008  1.676000090593
  19  Si  0.987463000081  5.382218677912  5.532018729132  0.601350962422  0.671958071554  0.980970487951
  20  Si  5.410415686283  1.117771891325  1.162618298465  0.107978940929  0.118206392857  0.688820558149
  21  Si  5.373111327853  1.059376345637  5.507475306611  0.085242984999  -0.280773697613  0.259989722356
  22  Si  5.389677319135  5.442741358764  1.218359699300  -0.070252464610  0.161237463694  0.359398519799
  23  Si  5.320544722625  5.406263469736  5.569558758172  0.175702545526  -0.164877977263  -0.206347101062
  24  Si  1.028740318696  3.230384904472  3.323403959366  0.521298561888  1.049353655109  1.363702862847
  25  Si  0.978105650508  3.170812460798  7.682619796711  0.507636227241  0.489822443021  -0.602425609501
  26  Si  0.994218166447  7.581227410592  3.372878573207  0.390914087975  0.968654514570  0.617843234164
  27  Si  0.946680061296  7.497896946010  7.722903430683  0.302589973313  0.967337929236  -0.695607652178
  28  Si  5.384302250001  3.248093307444  3.361233767523  -0.166686326061  0.347961077647  0.095769766908
  29  Si  5.332699090777  3.205370589670  7.704051754112  -0.406637681103  -0.708117600727  -1.448126808731
  30  Si  5.346959431177  7.608039245775  3.406803728746  -0.072822331661  -0.364667436981  -0.410927829817
  31  Si  5.286195059752  7.548224240900  7.774736542474  0.018168130975  -1.090064295734  -2.590362424857
  32  C  0.027289504424  0.063337125713  0.107806352867  -0.119364872256  -0.600337642340  0.377341078116
  33  C  -0.022950152381  0.003956301405  4.434507566480  -0.405630469235  -1.081215188202  -0.383220218024
  34  C  -0.009325036612  4.393782455452  0.145709922220  -0.055635447295  0.012441289700  0.147985777739
  35  C  -0.063116539741  4.347100504478  4.506451341240  -0.287255291534  -0.997055144227  -1.492441166145
  36  C  4.356037710870  0.039711500861  0.051575848898  -0.083836194329  0.833456837795  2.296437978213
  37  C  4.315909785090  -0.035573869711  4.414034719511  -0.202290297115  0.258582717892  0.318173771730
  38  C  4.307582850415  4.375805333129  0.106274298109  0.453435007158  0.697307443882  1.373734867877
  39  C  4.263800556542  4.323796431749  4.444675869663  0.227296170371  -0.100143415827  0.000896814192
  40  C  -0.035539164236  2.220596159011  2.296153443965  0.032246568247  -1.307237270056  -1.352952426077
  41  C  -0.065420963287  2.141639940595  6.660069289195  -0.647544640132  -1.073122474441  -1.816213000695
  42  C  -0.057276398490  6.553337115332  2.345029536079  -0.326114559027  -1.210085391938  -1.179264988973
  43  C  -0.088598247218  6.485955360713  6.690805154301  -0.747267022194  -1.279705277785  -1.502836370359
  44  C  4.310760440433  2.182802134879  2.263123316563  0.029947499581  -0.092012766265  -0.234053032168
  45  C  4.265553039573  2.130196198852  6.588302814353  0.030662397399  -0.337119725764  0.021124148497
  46  C  4.283156035868  6.510059362408  2.291977205186  -0.074192703333  0.259516758930  0.225502053115
  47  C  4.222175564942  6.465202869984  6.641708522123  -0.192430311100  -0.130252927685  0.222529060420
  48  C  2.144529145118  -0.012385645840  2.198363179837  0.373597194316  0.360430103678  0.936925240184
  49  C  2.090212605203  -0.068964164299  6.563493405648  0.479240967618  -0.081797273326  0.484483706512
  50  C  2.119777873048  4.319093133097  2.258391845943  -0.027826101272  0.614345293754  0.067584494478
  51  C  2.077294160422  4.275665639318  6.591873094439  -0.305624088090  -0.054638582531  0.257572302763
  52  C  6.491297714259  0.026819661344  2.261074450308  0.519125026686  0.121872065526  0.313706650732
  53  C  6.468820323682  -0.061571424847  6.592719407422  -0.341532704792  0.473709925025  0.744638332604
  54  C  6.484558331166  4.361011572863  2.298572546495  -0.234253297028  0.056914068241  0.022176900448
  55  C  6.413156591712  4.312286047257  6.649287381460  0.134689283058  -0.022658814094  -0.273499455354
  56  C  2.163577764007  2.186364776748  0.054154115897  0.297251130229  1.042114285950  1.732485689670
  57  C  2.104465292808  2.125920175558  4.391653081773  0.180248679363  0.157910817935  0.448417821136
  58  C  2.124040546625  6.538118005406  0.129785351021  0.252247319513  0.672337282392  1.131253841190
  59  C  2.068472696473  6.478446728147  4.453206563683  0.162233088580  0.167292162406  -0.065787375941
  60  C  6.500574784288  2.230134532496  0.109095053068  0.427382229276  0.508586149357  1.093847944032
  61  C  6.458662734940  2.159308019668  4.434632797415  0.197860887668  0.139942558078  0.382888149116
  62  C  6.466997229046  6.575029398178  0.176872279095  0.611798789752  0.530721659555  0.761664675762
  63  C  6.440621413112  6.506613998900  4.501774516362  -0.461027348922  0.034183460472  -0.101469739237


MDSTEP:  6
LATTICE_CONSTANT: 1.889726125458
LATTICE_VECTORS
  8.668820027910  0.000000000000  0.000000000000
  -0.128476702403  8.689266240517  0.000000000000
  -0.187389917043  -0.233926021649  8.592438983979
VIRIAL (KBAR)
  105.354782129412  28.447162404664  54.349892347592
  28.447162404664  97.829803979485  68.815169092461
  54.349892347592  68.815169092461  125.153307185118
INDEX    LABEL    POSITIONS    FORCE (eV/Angstrom)
  0  Si  3.221530662088  1.061418743901  3.314208044774  -0.049028810825  -0.096648365728  0.270190486623
  1  Si  3.171039134880  1.019968121871  7.661082698876  -0.181907407373  -0.904098125442  -1.736589150797
  2  Si  3.187869579035  5.412522697179  3.375124248090  -0.208496417565  -0.068410942799  -0.177705086596
  3  Si  3.118827629230  5.349360335818  7.720545100317  -0.009726452098  -0.545408456072  -1.842496842941
  4  Si  7.568960960048  1.104645929766  3.361543637661  -0.209438774712  -0.262268555977  -0.123446360980
  5  Si  7.517464187915  1.037106985106  7.706623885662  -0.570177777135  -0.807016601050  -1.420084753097
  6  Si  7.521746764343  5.438732237039  3.429399781073  0.126430713953  0.019301479808  -0.251165410638
  7  Si  7.503099349092  5.395848850643  7.754091035657  -1.072317379083  -0.965241665347  -1.363200276825
  8  Si  3.217558360564  3.264542661871  1.166939230272  0.272336227030  0.010485906471  0.596916759771
  9  Si  3.174616339447  3.214555443142  5.511339053119  -0.164560126213  -0.153109975338  -0.145553244599
  10  Si  3.184251282152  7.613198280068  1.237049929132  0.293862666345  0.007057364693  -0.593917803803
  11  Si  3.148568078179  7.560404128673  5.564317554957  -0.530112099682  -0.116811387475  -0.527845545060
  12  Si  7.569866492262  3.294131578425  1.209124417591  -0.161113871257  0.116306635182  0.346507775206
  13  Si  7.524885570130  3.245505375361  5.562596692308  -0.370891449121  -0.275769807849  0.041228418350
  14  Si  7.553416695419  7.649696274973  1.274148432817  -0.764371970697  0.038607014947  -0.337502225349
  15  Si  7.494820846351  7.581496354290  5.623225520775  -0.158566834136  -0.033091137878  -1.137434596996
  16  Si  1.067235420075  1.099137847539  1.116712952297  0.819441249174  1.074119305378  2.042346150595
  17  Si  1.017405020464  1.033182462656  5.474866454911  0.636097578884  0.837644901304  1.324017725298
  18  Si  1.023734074669  5.432574104671  1.182136755962  0.866293998124  0.829926440954  1.697028066785
  19  Si  0.982754642250  5.380005239178  5.527476319069  0.759837581213  0.842103421499  1.081771687408
  20  Si  5.412001185279  1.117590747996  1.165092315368  -0.009041465999  0.022422944897  0.627287440892
  21  Si  5.374055680409  1.056836135402  5.506879769666  -0.046438107227  -0.267349048481  0.170044215452
  22  Si  5.387701705659  5.443564110919  1.214079612825  -0.079291964296  0.133879991103  0.390809386605
  23  Si  5.320271206053  5.407920029893  5.573316939392  0.138289078378  -0.178533825120  -0.297409108557
  24  Si  1.027110472929  3.235845051594  3.321211906697  0.585414285730  0.788641540012  1.433433814940
  25  Si  0.975078748929  3.167074175001  7.678226925680  0.622429961640  0.614450259257  -0.513740541153
  26  Si  0.995244453312  7.576947532638  3.368710287950  0.527733587270  1.083583568065  0.801943915345
  27  Si  0.943030108504  7.501053008534  7.727801827858  0.366716262819  0.895766870760  -0.932866179855
  28  Si  5.381689513829  3.251037076689  3.357535625175  -0.086856430155  0.272921981865  0.286450084880
  29  Si  5.333233665654  3.208283723075  7.702626049636  -0.500411741938  -0.900128760722  -1.490283284112
  30  Si  5.347976395025  7.607371646254  3.410759725744  -0.096153061748  -0.380919405395  -0.503021824224
  31  Si  5.284233530196  7.542975373421  7.770252922061  -0.209543837763  -0.834724954910  -2.463246734906
  32  C  0.031160975784  0.060440768904  0.111811186066  -0.220421745995  -0.448217794904  0.370783615810
  33  C  -0.018018701670  0.008186703851  4.432497566068  -0.486628353361  -1.255348840451  -0.362931084691
  34  C  -0.006280840696  4.388101681216  0.143901121345  -0.209137591757  0.094743196229  0.113159213900
  35  C  -0.056303161855  4.343737155698  4.505374685822  -0.578821319839  -1.018185496742  -1.537952413465
  36  C  4.348590050283  0.047206193206  0.054513023672  0.171188497165  0.567265620030  2.193504650745
  37  C  4.309692098567  -0.042304831473  4.411677032377  0.011012820780  0.375860759360  0.381612307210
  38  C  4.301724080226  4.373542724455  0.101059595591  0.528001312833  0.744725451756  1.424320817135
  39  C  4.260078433503  4.329947884848  4.451208545462  0.367525504100  -0.286311046856  -0.083111361781
  40  C  -0.032813728428  2.219347682626  2.292745680778  -0.055993011949  -1.257160445213  -1.284670439005
  41  C  -0.065000056006  2.145594129568  6.656859370575  -0.771345108199  -1.231411618626  -1.764951034274
  42  C  -0.054068972804  6.553125039562  2.347940780812  -0.537169198225  -1.335146448574  -1.274750462039
  43  C  -0.090051023559  6.482921055965  6.690531822873  -0.713206968198  -1.097779008789  -1.532258498990
  44  C  4.316253448936  2.175787201105  2.266202039211  -0.105709300889  0.096806528267  -0.317299267212
  45  C  4.261095343946  2.122004901560  6.581000516221  0.131488726486  -0.081691314317  0.168214114482
  46  C  4.286759942415  6.502990632725  2.299687855110  -0.122130451188  0.403829672712  0.032792693514
  47  C  4.218753320071  6.459789449663  6.634454501190  -0.148554192396  -0.000004760895  0.412664764911
  48  C  2.146971915317  -0.015604315267  2.196883877199  0.300685514160  0.489302212286  1.013597109845
  49  C  2.094445605409  -0.068419190509  6.559858952961  0.295654683786  -0.055838519386  0.589153445474
  50  C  2.122111898446  4.314873255789  2.262247731475  -0.012800349128  0.729721710833  -0.047098429517
  51  C  2.069060502660  4.279873046456  6.592674235288  -0.209831611003  -0.170435029926  0.227107127804
  52  C  6.489999241702  0.026614657238  2.254657079581  0.546170828229  0.054682543372  0.532162791393
  53  C  6.462665435949  -0.054322686759  6.592665498715  -0.200647205298  0.289231974605  0.758072266623
  54  C  6.487447129366  4.365370847748  2.299020859409  -0.338051761960  -0.019557129278  -0.056984879660
  55  C  6.411584903916  4.320122673172  6.649601288317  0.169955102614  -0.187983764210  -0.253765518241
  56  C  2.162840995489  2.190696649378  0.056825843480  0.265062408269  0.966540158820  1.591149195985
  57  C  2.103140438354  2.118250497370  4.396008120439  0.236022937523  0.421283142509  0.236208751805
  58  C  2.123364348503  6.541027826071  0.123157111842  0.228785340597  0.593097154682  1.360323008240
  59  C  2.073515847118  6.476775265268  4.454251014071  0.033897657528  0.202316169858  -0.081683818789
  60  C  6.493783689708  2.223070012437  0.114381261113  0.557101696837  0.750439590336  0.937389952968
  61  C  6.463512458044  2.151982817285  4.435575585455  0.045617907065  0.359687205118  0.341330885368
  62  C  6.464750103169  6.574326221471  0.169792836816  0.695632943098  0.510884942700  0.888377446170
  63  C  6.438866703953  6.507655016873  4.508893514707  -0.409792923219  -0.003035425921  -0.226933909380


MDSTEP:  7
LATTICE_CONSTANT: 1.889726125458
LATTICE_VECTORS
  8.668820027910  0.000000000000  0.000000000000
  -0.128476702403  8.689266240517  0.000000000000
  -0.187389917043  -0.233926021649  8.592438983979
VIRIAL (KBAR)
  105.294031337417  29.505831198090  54.928334494760
  29.505831198090  98.297943670773  68.887415258564
  54.928334494760  68.887415258564  125.449352034139
INDEX    LABEL    POSITIONS    FORCE (eV/Angstrom)
  0  Si  3.225779769927  1.058583163133  3.316787885249  -0.131087058101  0.036876747973  0.284143807258
  1  Si  3.169832376287  1.021375150657  7.662852863030  -0.159031812046  -0.901435521097  -1.682545922244
  2  Si  3.192750846603  5.407804772245  3.374203067853  -0.321604694354  0.073967749417  -0.165928059686
  3  Si  3.118972258628  5.349148342586  7.719213776982  -0.093162003897  -0.559044670533  -1.851003612641
  4  Si  7.566166404578  1.109621980352  3.356774407419  -0.224201788361  -0.271333326165  0.041290204965
  5  Si  7.514892423682  1.039679410134  7.705839453157  -0.475165818011  -0.918932590264  -1.273415329643
  6  Si  7.525913115470  5.442222101522  3.429409188635  0.058022799773  -0.132223496942  -0.221350646034
  7  Si  7.504277348541  5.396625786385  7.754135927721  -1.175727379406  -0.858329790713  -1.308786355744
  8  Si  3.213933957379  3.269420468151  1.172569673881  0.270662330057  -0.060451072794  0.593537713515
  9  Si  3.171078615731  3.212673710571  5.511719647262  -0.053374238246  -0.149480891786  -0.241471624422
  10  Si  3.180284582633  7.609920570430  1.240191065035  0.381051057411  -0.032325633192  -0.693070441943
  11  Si  3.152522275319  7.561656553133  5.563482065358  -0.681361843113  -0.166565053308  -0.643786321031
  12  Si  7.570597268678  3.294700032216  1.209611840809  -0.148166569406  0.053239049983  0.321313336303
  13  Si  7.530401101558  3.240370149590  5.557237664324  -0.472351729970  -0.236594942389  0.272200229286
  14  Si  7.552381755436  7.647663402815  1.279442398853  -0.721684172009  0.097242562582  -0.518659125699
  15  Si  7.494984162150  7.582779922878  5.625377391935  -0.113438707789  -0.081216594143  -1.247129849405
  16  Si  1.073155115272  1.099207757782  1.117723508280  0.779314479566  1.001195619955  1.967786357178
  17  Si  1.017640469525  1.029000570246  5.471021819333  0.721236253381  1.006979423592  1.425375548165
  18  Si  1.018844869206  5.430388550720  1.177577517276  1.098810763861  1.016828748947  1.872320729718
  19  Si  0.977537284792  5.380059632726  5.526593532344  0.949242376675  0.866794984086  1.108521628251
  20  Si  5.412667233755  1.119012840990  1.166490211317  -0.150825961731  0.001407762889  0.648975114435
  21  Si  5.372337102441  1.056578040056  5.503696181977  -0.039135680759  -0.214190079554  0.242073555171
  22  Si  5.391034644799  5.438513029687  1.217217319038  -0.163383473148  0.173014374600  0.362753445461
  23  Si  5.318330322313  5.402687616248  5.576894677881  0.210368259674  -0.211354734001  -0.381880036969
  24  Si  1.025666959603  3.235889519984  3.317621182377  0.716636700592  0.754196193692  1.619739495224
  25  Si  0.973340912574  3.172993545120  7.680979145563  0.617316548944  0.505953034028  -0.624209899603
  26  Si  0.990299764311  7.582949296948  3.365898453452  0.610711400264  0.871733119070  0.787170685920
  27  Si  0.944055969661  7.501290214736  7.725641294736  0.537715841295  1.089805204434  -0.895682886147
  28  Si  5.383977006746  3.251590441501  3.359040265582  -0.205683213469  0.234011085356  0.264530560586
  29  Si  5.335953788402  3.208672645596  7.697568435701  -0.804499032014  -1.003199314968  -1.272630369597
  30  Si  5.343864019641  7.602891142705  3.413172626107  0.033327394495  -0.209408184817  -0.598421452696
  31  Si  5.286981546450  7.542353295599  7.766109190533  -0.326538986969  -0.751349173107  -2.341464310934
  32  C  0.039080639721  0.055964134775  0.108014592807  -0.389719379306  -0.298800717882  0.516177685130
  33  C  -0.014462222195  0.008763192320  4.428946294143  -0.693329759200  -1.242338206491  -0.400544256801
  34  C  -0.005616374593  4.395989865840  0.149128026041  -0.364923069096  -0.165149435038  -0.090625485407
  35  C  -0.053437389344  4.339004906268  4.509261973134  -0.709711959960  -0.956855497609  -1.672353918959
  36  C  4.347794698721  0.044651214684  0.061264092232  0.188317917743  0.592268578052  2.001274344805
  37  C  4.312789127467  -0.034895497921  4.408122710738  0.011819899696  0.134744008278  0.452659293598
  38  C  4.293680683826  4.376049868001  0.107787717886  0.780329543353  0.634934973214  1.247435646095
  39  C  4.262798482278  4.327307093571  4.449051290385  0.315925904537  -0.273889533699  0.001490902341
  40  C  -0.028642777575  2.218431140162  2.291714020704  -0.139887097080  -1.250523264130  -1.330789776294
  41  C  -0.066191863661  2.140268426528  6.663671190852  -0.705447139042  -1.076623791271  -1.882616724204
  42  C  -0.051372963065  6.547070705701  2.342287775150  -0.576766876229  -1.171704621944  -1.147633759768
  43  C  -0.082848842524  6.489746822957  6.694998908776  -0.999994957333  -1.340107491419  -1.736126253781
  44  C  4.311941880407  2.175663025130  2.270715157328  0.001308520037  0.136872098187  -0.386968219074
  45  C  4.253368291188  2.116326050689  6.573247287106  0.329346328024  0.038031325845  0.371803849970
  46  C  4.292693921549  6.505510966114  2.297557203998  -0.252827663795  0.256274931235  0.095250583428
  47  C  4.220913052681  6.456331531879  6.630994375727  -0.184934383544  0.085209761947  0.470298971818
  48  C  2.154373682097  -0.018394682689  2.204557415430  0.141364042795  0.571549139944  0.883989263234
  49  C  2.098685255535  -0.060480630469  6.556038706743  0.257875250316  -0.267936760116  0.658863517846
  50  C  2.115271243041  4.318916762394  2.266751753444  0.087143936514  0.699303926265  -0.170557109033
  51  C  2.070803925973  4.273879239860  6.584319997389  -0.293506114463  0.034563779820  0.422314042144
  52  C  6.491837555615  0.032671241182  2.250308124497  0.503143065993  -0.091220711718  0.709534162615
  53  C  6.468016866429  -0.049044612280  6.587463609142  -0.345595056729  0.216970554895  0.841798112214
  54  C  6.489644111996  4.357432187973  2.301704317252  -0.295759318348  0.143452549843  -0.056246673525
  55  C  6.410215948953  4.312958066634  6.655255473397  0.336960160401  -0.025578378803  -0.415351377965
  56  C  2.162402114383  2.199233598068  0.057415965990  0.288295355553  0.846748400847  1.631251210537
  57  C  2.109263266114  2.119886474152  4.400793925539  0.041236812589  0.355516273067  0.046960426296
  58  C  2.116947709914  6.541220015985  0.116920468503  0.378723137931  0.535595205831  1.481244240694
  59  C  2.065059931793  6.471913656248  4.446097381318  0.227882048887  0.350879501228  0.068112742977
  60  C  6.490196580732  2.220560372428  0.119245603823  0.630409867845  0.854311296845  0.802984305057
  61  C  6.455314296638  2.159813295815  4.442846244848  0.278687641766  0.156477095570  0.135087016767
  62  C  6.457279459120  6.574935698895  0.174773569591  0.909483800322  0.458774299038  0.759936550280
  63  C  6.434473647983  6.504622239913  4.509282011717  -0.279842503368  0.032440119337  -0.158949480031


MDSTEP:  8
LATTICE_CONSTANT: 1.889726125458
LATTICE_VECTORS
  8.668820027910  0.000000000000  0.000000000000
  -0.128476702403  8.689266240517  0.000000000000
  -0.187389917043  -0.233926021649  8.592438983979
VIRIAL (KBAR)
  104.899246443449  29.522839839927  54.586449081141
  29.522839839927  98.412247406069  69.133548978352
  54.586449081141  69.133548978352  125.640460185109
INDEX    LABEL    POSITIONS    FORCE (eV/Angstrom)
  0  Si  3.224937760517  1.064351542950  3.317863435219  -0.228852681634  -0.140965939432  0.317307747409
  1  Si  3.164750090900  1.019610903524  7.664468907974  0.102414741525  -0.859582358441  -1.713576320340
  2  Si  3.197885492617  5.412068000178  3.375649540211  -0.430080853521  -0.071901935139  -0.132910544346
  3  Si  3.117550260962  5.351217794343  7.714843325231  -0.099445035503  -0.517864786883  -1.624153182175
  4  Si  7.561782231801  1.113297134787  3.359005044402  -0.018700445583  -0.442127338447  0.073113223173
  5  Si  7.511415975917  1.043314237967  7.710234385215  -0.241917500089  -0.960662189116  -1.368139956451
  6  Si  7.523080015792  5.437137387182  3.425824583026  0.332985028253  -0.018374669879  -0.023244728688
  7  Si  7.497762181265  5.391648508845  7.749333056577  -0.960918489887  -0.630494428744  -1.092887634975
  8  Si  3.218989488534  3.265218678889  1.174711413570  0.114496776439  0.283520823852  0.569802122431
  9  Si  3.172874205053  3.211732947797  5.517593336750  -0.048605421097  -0.189511092030  -0.337692730452
  10  Si  3.176480037917  7.614374078887  1.245514322219  0.345079896398  -0.190542341093  -0.856862296162
  11  Si  3.155481672369  7.567187291234  5.561216694871  -0.791022709383  -0.281955412754  -0.566603291081
  12  Si  7.569782924829  3.299400418165  1.205764846508  -0.199601747531  -0.009010526940  0.447786801174
  13  Si  7.524827863595  3.237429974070  5.561786305045  -0.399187538100  -0.030310113569  0.090529115952
  14  Si  7.549139313146  7.646681765064  1.281336714586  -0.525387034662  0.157581417013  -0.586141105182
  15  Si  7.500318130444  7.584574767795  5.624820970478  -0.116075222283  -0.158043785396  -1.196831641689
  16  Si  1.077477199218  1.104672426875  1.119383270853  0.694993650303  0.927043947201  1.881263963169
  17  Si  1.012283041978  1.034506974677  5.473963835141  0.749968382896  0.840987121552  1.360832746690
  18  Si  1.015414912858  5.434709887034  1.182643056089  1.033397275663  0.923285403703  1.675043435864
  19  Si  0.982144773736  5.379992353568  5.524356263364  0.907573727422  0.795802057839  1.139082075447
  20  Si  5.416702445962  1.120863804323  1.162408682552  -0.209936344156  -0.109145758439  0.648586618508
  21  Si  5.375821047500  1.055397414712  5.498911826691  -0.097865702439  -0.300912041116  0.296087885142
  22  Si  5.386280707735  5.442852983417  1.223307516489  -0.120694073692  0.070601050052  0.281380537152
  23  Si  5.315898403687  5.407635555876  5.573719166890  0.300807363559  -0.322593675254  -0.249820123636
  24  Si  1.021713097521  3.232023664651  3.320269274807  0.721200574490  0.775002920366  1.480018694187
  25  Si  0.977576426655  3.168264348703  7.678528084298  0.411494062036  0.650312828950  -0.613719287467
  26  Si  0.988254038132  7.588551113539  3.362901981526  0.736601588166  0.739504528779  0.890740269537
  27  Si  0.949119898678  7.507512740784  7.721076144792  0.522905583161  1.132961934467  -0.739003942553
  28  Si  5.385086877308  3.247560514360  3.364996709044  -0.317079623748  0.356795003541  -0.002165923706
  29  Si  5.335129247900  3.202348059848  7.696480729846  -0.914046790079  -0.743880808946  -1.315744082038
  30  Si  5.346860211235  7.607077287454  3.408016024905  0.019440881389  -0.389215466754  -0.498855774193
  31  Si  5.291700622219  7.543699650347  7.765397728472  -0.453211188947  -0.721992825108  -2.225194447363
  32  C  0.048117870926  0.060399714427  0.105711130777  -0.589125882244  -0.284583474368  0.562898699350
  33  C  -0.005952421701  -0.000794184067  4.424177808292  -0.870572544059  -0.897566315527  -0.243391278612
  34  C  -0.010903698652  4.390281061586  0.147706602212  -0.131236242637  0.012682100159  -0.045160214883
  35  C  -0.046397533912  4.329406777188  4.508478276783  -0.915498167669  -0.813449966361  -1.591017469403
  36  C  4.342730101852  0.042254222334  0.062133723491  0.355423853428  0.631537437070  2.009431563189
  37  C  4.311992937966  -0.039604784281  4.407285195178  0.094734100600  0.294057331131  0.374151255939
  38  C  4.296397360304  4.382953334594  0.110709135091  0.772008986075  0.453464399349  1.185637222492
  39  C  4.264705632535  4.323236540254  4.451233403315  0.273278309282  -0.209303829086  -0.003082031741
  40  C  -0.037502232232  2.208734397389  2.289931373773  0.063501127780  -0.937244793645  -1.291016678404
  41  C  -0.073670693986  2.147504798679  6.654492987124  -0.600452095327  -1.247082445435  -1.613261601747
  42  C  -0.049200557895  6.554175249524  2.347781341991  -0.769343273357  -1.359262031893  -1.286120140920
  43  C  -0.074328786115  6.496377100072  6.700866083162  -1.243063031031  -1.569928517100  -1.937492219866
  44  C  4.307413820742  2.169079847334  2.262684236974  0.198869666040  0.286475864706  -0.170750772103
  45  C  4.257160867853  2.107867700805  6.566402158806  0.273477230769  0.137214472460  0.517134958651
  46  C  4.287172806592  6.501417803732  2.297022897202  -0.139279062598  0.478090002084  0.160020285239
  47  C  4.224114214556  6.460701011924  6.635349565699  -0.250623367032  0.062316220316  0.301010033954
  48  C  2.147230076940  -0.020950435489  2.206232599655  0.307517818136  0.781587200485  0.908981217960
  49  C  2.102960332487  -0.052651638998  6.563088254808  0.138872034435  -0.349903663958  0.402622980881
  50  C  2.112184340692  4.328181407975  2.273848578446  0.174236611170  0.409042921110  -0.300494690333
  51  C  2.076103375793  4.266292010498  6.590588567299  -0.373057248291  0.209933810826  0.281047774866
  52  C  6.499516820640  0.037024439315  2.255447458399  0.292122238293  -0.102296797613  0.551159737596
  53  C  6.472024058512  -0.044526226942  6.591010242152  -0.351303641395  0.136164003740  0.709378795512
  54  C  6.491547410063  4.366768149793  2.307242160940  -0.440482950464  -0.151820788327  -0.204389869723
  55  C  6.414313194167  4.316280510144  6.661421689751  0.084125795204  -0.128892926458  -0.636866317321
  56  C  2.168722210569  2.207344516337  0.051521458529  0.156479237319  0.693463895327  1.830417471181
  57  C  2.105368331201  2.121546758202  4.407333520857  0.144742989261  0.340553370657  -0.066847037486
  58  C  2.107895530748  6.545173539689  0.112191607299  0.618341294133  0.457614486099  1.594633767214
  59  C  2.066257394836  6.470380975469  4.438871823353  0.255685340907  0.490304291555  0.251719131958
  60  C  6.488831930635  2.225680941256  0.111907518330  0.612460285075  0.765939923383  1.041110154917
  61  C  6.451495195413  2.160502769871  4.436762382678  0.360857869649  0.107264487413  0.327192071983
  62  C  6.450490658173  6.573737352158  0.183023874923  1.073972111128  0.508443507047  0.597616701470
  63  C  6.440704557154  6.497960482071  4.511732515553  -0.397400521945  0.230874281018  -0.224301725143


MDSTEP:  9
LATTICE_CONSTANT: 1.889726125458
LATTICE_VECTORS
  8.668820027910  0.000000000000  0.000000000000
  -0.128476702403  8.689266240517  0.000000000000
  -0.187389917043  -0.233926021649  8.592438983979
VIRIAL (KBAR)
  105.504120763121  29.406350769757  53.371954098761
  29.406350769757  98.541133971958  70.698132937825
  53.371954098761  70.698132937825  125.750636831983
INDEX    LABEL    POSITIONS    FORCE (eV/Angstrom)
  0  Si  3.224803634860  1.067689998202  3.319640628576  -0.251756776125  -0.313672310264  0.248873013869
  1  Si  3.162065107052  1.018813454514  7.661322292464  0.100056519169  -0.802628952142  -1.813767371796
  2  Si  3.192992002647  5.409228841920  3.371669246323  -0.208734261573  0.050424310572  0.055123187622
  3  Si  3.114304478736  5.352043702023  7.717865334095  -0.034083592783  -0.550050184642  -1.832512074236
  4  Si  7.556540014904  1.114183451035  3.358509710006  0.253093395759  -0.420796642543  0.076927061041
  5  Si  7.508527714605  1.038173143538  7.714535435164  -0.136572392318  -0.949480963827  -1.647989030066
  6  Si  7.521870842077  5.437572139456  3.427122267992  0.309414695246  -0.095214336311  0.074245327167
  7  Si  7.497100139544  5.395611143510  7.744099883777  -0.823719538361  -0.801336799065  -1.033581400288
  8  Si  3.220936812343  3.270810219592  1.175513611090  0.063126725503  0.179859394477  0.573693212458
  9  Si  3.173534555534  3.215105627077  5.519978325906  -0.014089715207  -0.313880927971  -0.559824399865
  10  Si  3.172516420951  7.611134530093  1.244551465964  0.428646915089  -0.091417914429  -0.791178983711
  11  Si  3.159352303448  7.567752539418  5.566407784304  -0.864203406625  -0.229657781359  -0.745379935617
  12  Si  7.564742446066  3.301870068792  1.201933600492  -0.166769654165  0.032193490579  0.567773723578
  13  Si  7.522340554687  3.243237058974  5.565392512687  -0.284618653506  -0.166868848873  -0.165188261660
  14  Si  7.543632261147  7.640761237331  1.279192292061  -0.144525639924  0.278295490333  -0.491431277381
  15  Si  7.500987613997  7.582297026512  5.624212055170  -0.040875489665  -0.151446239417  -1.271103501569
  16  Si  1.076640024108  1.108000264552  1.113716521868  0.683253214824  0.838420079189  2.107075225829
  17  Si  1.006214054069  1.030916957118  5.478853902578  1.008732301815  1.085094132204  1.188202844517
  18  Si  1.011141951777  5.439612501420  1.186578837808  1.202338760620  0.842194710522  1.607795632597
  19  Si  0.984991399718  5.378971850299  5.524989332473  0.885401884200  0.918129785112  0.982435048732
  20  Si  5.415109787137  1.122006610327  1.166255524635  -0.221352375101  -0.080950708363  0.543870002556
  21  Si  5.380154776523  1.054060354853  5.496743312152  -0.178018375162  -0.251566187238  0.170384857916
  22  Si  5.389435968736  5.443228019578  1.217050325601  -0.163880669339  0.142077924253  0.441329148428
  23  Si  5.321769758248  5.412081711784  5.579653351169  -0.157723804737  -0.459693091467  -0.414364978094
  24  Si  1.024747613784  3.238076709996  3.314266706237  0.600268651584  0.429871278244  1.582941869640
  25  Si  0.972005118900  3.168427548138  7.676139141843  0.529212861661  0.505115983450  -0.641821013529
  26  Si  0.989153042950  7.594225386107  3.357482876455  0.709651244156  0.549059819222  1.227855940920
  27  Si  0.950188806590  7.513551916913  7.717774579009  0.690539312058  1.009264928511  -0.689861663606
  28  Si  5.383733397819  3.242148688725  3.359977334311  -0.221922239769  0.540652960339  0.166117297876
  29  Si  5.330374637252  3.205649301398  7.696272549879  -0.808165100584  -0.973418642353  -1.314027643990
  30  Si  5.349224408141  7.602423467704  3.402712417567  -0.089099205781  -0.269438772163  -0.346495462796
  31  Si  5.290970092881  7.549855226203  7.764823729694  -0.479190570913  -0.796905561976  -2.128124713705
  32  C  0.053319732046  0.064825766477  0.096965330859  -0.709828817331  -0.473598712386  0.756904243892
  33  C  -0.000666980148  0.001933945324  4.431778195588  -1.153344439003  -1.059841741136  -0.560946257104
  34  C  -0.005844513870  4.387976118349  0.154289441590  -0.318963719857  0.155418632130  -0.288505568035
  35  C  -0.041899013770  4.327728323993  4.503701626070  -0.981840278521  -0.739461396186  -1.433872876453
  36  C  4.334893322743  0.052749899196  0.058512003010  0.564908120299  0.407787406294  2.138549067761
  37  C  4.305217848774  -0.038046011805  4.400963798137  0.392186326698  0.210418982735  0.469945755220
  38  C  4.295531609140  4.392762686867  0.106602344632  0.815508421541  0.229117065479  1.267590122570
  39  C  4.265790667942  4.315697576338  4.441584939292  0.312988124384  0.021400566109  0.239671492575
  40  C  -0.046238462274  2.214241267624  2.282362037810  0.265574708162  -0.972396119944  -1.118526567927
  41  C  -0.080762566542  2.141858161718  6.646431204945  -0.488789324188  -1.070253777918  -1.339544567010
  42  C  -0.046111244475  6.544087991963  2.354662631219  -0.905353183914  -1.057676704259  -1.408877401973
  43  C  -0.070792379672  6.502131007672  6.700647655229  -1.324236435466  -1.744001077820  -1.966391220298
  44  C  4.309878831474  2.171464009903  2.271595530817  0.126234456538  0.215404179232  -0.483066100957
  45  C  4.256279312105  2.105340290975  6.564815417313  0.314531459030  0.196196882255  0.577404587538
  46  C  4.292486722222  6.501067544217  2.295112024832  -0.251776507488  0.435634575395  0.067901073230
  47  C  4.214077158605  6.463191184656  6.644900121676  0.060722186042  -0.020007989847  0.210275500504
  48  C  2.141045040605  -0.029393994941  2.215691008146  0.438213990875  1.042261911832  0.543951784855
  49  C  2.101606216349  -0.051113008301  6.554743457185  0.178694866683  -0.357532403720  0.598273806512
  50  C  2.111238261164  4.331568081289  2.281224343303  0.192013421978  0.416713819906  -0.617811447667
  51  C  2.078211014523  4.272934829229  6.583761026885  -0.450116612308  0.023191423295  0.499716598613
  52  C  6.505418581936  0.037098157254  2.249867164780  0.155286720445  -0.180041017915  0.649438723104
  53  C  6.475297773881  -0.049751599728  6.582546473638  -0.451156242881  0.243617874878  0.910311206767
  54  C  6.486061844705  4.373642310147  2.310224005893  -0.374625307210  -0.313171704707  -0.375662471903
  55  C  6.408271893885  4.312046230394  6.651392871754  0.229721158924  0.032430834983  -0.298708622662
  56  C  2.170762488708  2.199171025222  0.052765931259  0.116919454657  1.045600634023  1.759452272169
  57  C  2.115385379870  2.113279659297  4.399468404464  -0.205811522032  0.571415861902  0.176641017474
  58  C  2.117576160626  6.540594025365  0.106615372670  0.182596794760  0.665594227298  1.758497462965
  59  C  2.074349301489  6.474387664237  4.444062142568  0.106177234300  0.438329393026  0.132042056898
  60  C  6.498567825788  2.218797388879  0.110764431098  0.205236090604  1.015348031559  1.049414844809
  61  C  6.458620514749  2.165523033225  4.431494360940  0.187841056219  0.029005615250  0.450610635519
  62  C  6.461161135476  6.574721366726  0.188154597187  0.777945784611  0.527071970972  0.330810922870
  63  C  6.434144409456  6.492251827209  4.520893846531  -0.181893006592  0.383793334680  -0.423481756692


MDSTEP:  10
LATTICE_CONSTANT: 1.889726125458
LATTICE_VECTORS
  8.668820027910  0.000000000000  0.000000000000
  -0.128476702403  8.689266240517  0.000000000000
  -0.187389917043  -0.233926021649  8.592438983979
VIRIAL (KBAR)
  104.972658315571  30.296857122774  55.288002170871
  30.296857122774  98.815615850425  69.098294454138
  55.288002170871  69.098294454138  126.015937007136
INDEX    LABEL    POSITIONS    FORCE (eV/Angstrom)
  0  Si  3.221084701340  1.066890045006  3.324094277786  -0.092916080447  -0.303768736946  0.292930320796
  1  Si  3.167582306869  1.020556048655  7.655270605166  -0.186743240358  -0.782120098185  -1.646133489901
  2  Si  3.198754948204  5.405651360876  3.367155841022  -0.454309015799  0.099763707484  0.239439229193
  3  Si  3.113032985790  5.348173535261  7.713731076038  -0.002361481898  -0.499504994379  -1.749156255591
  4  Si  7.556899488184  1.109775198337  3.358545942352  0.215624431264  -0.238848223489  0.127581379447
  5  Si  7.510945969722  1.032102923983  7.709541187453  -0.261591287666  -0.817053200094  -1.454453909260
  6  Si  7.520956174977  5.431254425199  3.424468313556  0.396331463157  0.039249492850  0.123172700642
  7  Si  7.501364453864  5.400719317705  7.737541818686  -1.055406413253  -0.981038383127  -0.886015097136
  8  Si  3.214740144429  3.276104707904  1.176844139810  0.137027478718  0.015712432646  0.580051229026
  9  Si  3.177467881378  3.208973451793  5.523778587560  -0.138000998327  -0.135919347897  -0.695952357053
  10  Si  3.176128423847  7.608384435825  1.240641956821  0.270416236907  0.031711924479  -0.626012914836
  11  Si  3.159950203088  7.563499681265  5.571470442046  -0.902452074003  -0.098950638751  -0.885101463952
  12  Si  7.567089472311  3.296603726939  1.196914486775  -0.258333320507  0.106390939079  0.667154566955
  13  Si  7.527052849139  3.243580643801  5.563378490989  -0.494196833709  -0.130437652483  -0.082191251233
  14  Si  7.537949882998  7.634592183256  1.279740598929  -0.130449497584  0.388009407062  -0.571916780414
  15  Si  7.502288746461  7.585383607652  5.625686577434  0.087037448164  -0.296721511035  -1.299002500000
  16  Si  1.080699941053  1.103467848258  1.117004702190  0.701157475014  1.055794328750  2.170922499509
  17  Si  1.000768229620  1.037954683565  5.480271780437  1.151951083961  1.037250784865  0.970230095131
  18  Si  1.006497756894  5.433410327878  1.186435466101  1.335421871697  0.941939460646  1.604874850412
  19  Si  0.988309857647  5.383672028001  5.525544875122  0.802936788637  0.880165950288  0.857167735508
  20  Si  5.415102512832  1.122890201447  1.170879809191  -0.286982387697  -0.118462453928  0.572712336344
  21  Si  5.383462785353  1.048842028227  5.490127229428  -0.098960965108  -0.174852158076  0.376261270882
  22  Si  5.391129467888  5.447487345437  1.212188020840  -0.253406355884  -0.056725169281  0.615507074372
  23  Si  5.325189299376  5.414006277639  5.581836084816  -0.181927792526  -0.551569566713  -0.643103625018
  24  Si  1.019532191796  3.241612254121  3.317809045092  0.827095169809  0.371141445311  1.636728808721
  25  Si  0.974420520252  3.166366019879  7.675117681944  0.283855579748  0.656172804513  -0.797409177422
  26  Si  0.986603542182  7.589066044174  3.359221383371  0.737559969327  0.754430276012  1.090850738888
  27  Si  0.957135137982  7.509696403136  7.718581106980  0.357507528042  1.236003619093  -0.730594820222
  28  Si  5.384437831937  3.240013027134  3.361524521905  -0.406020921684  0.515966128634  0.083715618171
  29  Si  5.323243846107  3.199069667550  7.694757896819  -0.657588788266  -0.973608531697  -1.310716418156
  30  Si  5.349496777523  7.603092552537  3.409379656687  -0.127205510368  -0.232579123915  -0.487737568507
  31  Si  5.288607789315  7.546774170190  7.758808895575  -0.520265409264  -0.651161478559  -1.899587517347
  32  C  0.049791857198  0.073437614562  0.106541603873  -0.585339437650  -0.853770889135  0.516738327410
  33  C  -0.001608798151  0.004777347251  4.432870922503  -1.123991091299  -1.127633416599  -0.570537028554
  34  C  -0.013170012034  4.394114621913  0.150172211602  -0.193594927674  -0.077373929553  -0.328544202961
  35  C  -0.034562507384  4.325954109336  4.505855924143  -1.127979752938  -0.633035424825  -1.424134999109
  36  C  4.331638224375  0.058235260124  0.065967583995  0.720727641390  0.216604612560  1.872573259136
  37  C  4.314446724020  -0.033069370417  4.411262484675  0.143220219872  -0.001448363675  0.281298691545
  38  C  4.296086912116  4.388338778889  0.103382701932  0.695204350662  0.320748907889  1.337869046301
  39  C  4.257611562448  4.311236707787  4.438599072029  0.567202064542  0.129966709832  0.374448015326
  40  C  -0.045472140796  2.220054704758  2.290059122122  0.216648642426  -1.131155348185  -1.267864057477
  41  C  -0.080834386937  2.133623095397  6.639048682054  -0.478388179440  -0.814725921308  -1.143105470861
  42  C  -0.043987920588  6.543514696704  2.345607374251  -0.984445265684  -1.125905442127  -1.243759587406
  43  C  -0.070646633479  6.490381723142  6.705448655842  -1.216028453230  -1.334040732174  -2.073101864968
  44  C  4.302123758891  2.164828789751  2.272992420153  0.257195355725  0.396019045254  -0.496102373046
  45  C  4.255399360493  2.096205535465  6.555274658789  0.435059738490  0.291162090703  0.756705015908
  46  C  4.283848658045  6.499025569466  2.300929092601  0.045374643916  0.497577936443  -0.104042159290
  47  C  4.222037127602  6.459087686011  6.645029838206  -0.198877771428  0.055818004137  0.206726201626
  48  C  2.148620095267  -0.022134633368  2.222090141814  0.304167338125  0.737488659395  0.443203460824
  49  C  2.094125558256  -0.042799311075  6.546098836417  0.364475365603  -0.576329161869  0.815013263392
  50  C  2.111199236747  4.330447387644  2.288806734322  0.099752240031  0.473582637773  -0.804673130474
  51  C  2.075642435346  4.282428175737  6.574256480939  -0.323090815631  -0.254437683410  0.667651106888
  52  C  6.507639202797  0.038669514492  2.251368567891  0.055496698560  -0.309486035277  0.637575495540
  53  C  6.479717071206  -0.057239731001  6.584518453874  -0.581774145266  0.372118232634  0.875316770483
  54  C  6.486313905168  4.368459759965  2.314964029985  -0.417073671585  -0.257977574723  -0.574708844970
  55  C  6.400185038293  4.316618020151  6.657511683451  0.446488645549  -0.154171038076  -0.448979154933
  56  C  2.163189758706  2.206730223442  0.047536823642  0.395010348952  0.804844543089  1.807340984908
  57  C  2.123925251952  2.117759799873  4.399489718726  -0.487373041168  0.506082204051  0.252334660622
  58  C  2.115779512710  6.541763522311  0.103720176844  0.332462688888  0.507213952635  1.840263029645
  59  C  2.067844106427  6.478359724590  4.437851976829  0.325738216500  0.333950910672  0.245600305546
  60  C  6.493626318837  2.212430370423  0.114445086682  0.356447522634  1.068833143750  0.828290272631
  61  C  6.451134385820  2.166766013369  4.433559377426  0.439904452568  -0.038925900895  0.401544286194
  62  C  6.454852401977  6.567850993208  0.181230031263  0.923985525200  0.742833932818  0.394944624296
  63  C  6.438653666484  6.500657403304  4.516288852343  -0.201409296736  0.149189905041  -0.320099252118


