MDSTEP:  0
LATTICE_CONSTANT: 1.889726125458
LATTICE_VECTORS
  8.567384968634  0.000000000000  0.000000000000
  -0.118220556138  8.557703916124  0.000000000000
  -0.181335867257  -0.096978004640  8.591444050017
VIRIAL (KBAR)
  203.831721301467  32.077018213803  46.020889071471
  32.077018213803  203.995178211522  53.524105789370
  46.020889071471  53.524105789370  202.176876119472
INDEX    LABEL    POSITIONS    FORCE (eV/Angstrom)
  0  Si  3.257271124602  1.093798188041  3.333709337109  -0.426580279292  0.994915824332  0.482794575948
  1  Si  3.199037330916  1.085695481893  7.710996040130  -0.723956110359  1.170180175786  -2.981774296535
  2  Si  3.217566797818  5.505093041080  3.351764681419  0.004479633345  -0.319844956353  0.372952170176
  3  Si  3.180559761546  5.480127807057  7.754899394869  -1.040949493949  0.034183609858  -3.247983510741
  4  Si  7.638067359008  1.122691994027  3.386525045108  -0.572749614539  1.161484052981  0.028072408533
  5  Si  7.595878233837  1.125470289948  7.795856331144  -1.610709397396  0.660677062658  -4.060769325141
  6  Si  7.598372047634  5.523519633057  3.429853483635  -0.796038894386  -0.114914607614  -0.554702524653
  7  Si  7.577518216944  5.485519322212  7.770017394123  -1.902840505377  0.739034369368  -2.825587765773
  8  Si  3.261968957555  3.302134369332  1.174497263472  -0.497441553984  0.335411398289  0.130074405358
  9  Si  3.210239535519  3.297138632777  5.553391179964  -0.083147054897  -0.125743485994  -0.151556658570
  10  Si  3.236855235218  7.715792447786  1.183368813831  -0.382147965516  -4.031525820122  0.606892241246
  11  Si  3.189075145028  7.684470120769  5.543162655257  -1.388907437039  -3.789136583674  0.982815311378
  12  Si  7.645873426295  3.354416111104  1.173495097586  -0.715802399866  -0.133753089325  1.306898764503
  13  Si  7.602624633763  3.293624841309  5.599098454170  -0.741656456296  0.491141145032  -0.184190063796
  14  Si  7.608474783618  7.728394446814  1.237056858094  -0.729575065600  -3.809214109084  -0.023881896696
  15  Si  7.578559544532  7.701281632500  5.636331738569  -0.998038574223  -3.586495979776  -0.442604938634
  16  Si  1.080301332720  1.103332390159  1.110128062822  4.729771310738  3.597550755036  3.905297143466
  17  Si  1.044041427974  1.079587037942  5.504777695798  3.918510626617  3.240564518117  2.468004497524
  18  Si  1.056865219451  5.505502487117  1.144124642523  4.281046632188  2.130995818731  3.276027864360
  19  Si  1.024801905823  5.454510766801  5.541348663833  3.775428557033  2.688186950388  2.139602899026
  20  Si  5.450897100566  1.127193150241  1.171400514160  0.230992012952  0.994474624624  0.537295031060
  21  Si  5.435700030881  1.108454656463  5.541978323147  -0.257765262590  0.760560212468  0.576480436450
  22  Si  5.420153691177  5.506225672250  1.168671178791  0.529012178230  0.610707933782  1.163435236631
  23  Si  5.416491413195  5.533878128970  5.582284362549  -0.896455991981  -0.794056009119  0.296000235880
  24  Si  1.032496615470  3.290705869237  3.321540486937  4.210003747646  2.343762847040  2.833474514430
  25  Si  1.001557933889  3.276068938918  7.719489014569  3.141029221816  2.130858290938  -1.438155935144
  26  Si  1.008630290453  7.671140538058  3.345831439989  3.478542496637  -2.259966218978  1.689034417366
  27  Si  0.981196332915  7.655870620446  7.749779734832  3.795541089596  -2.818440338571  -2.399228511461
  28  Si  5.430160913072  3.299591887737  3.369137561871  -0.383519909125  0.432012910044  0.256023065506
  29  Si  5.380892272581  3.282647573470  7.751278871549  -0.973155682426  0.443933812223  -2.929867495883
  30  Si  5.404909694185  7.709662013706  3.397591394781  -0.491838588965  -3.926126805412  0.095424338991
  31  Si  5.343492028381  7.668902774440  7.785895340707  -0.017098043435  -3.624888977155  -3.561364930785
  32  C  0.230773282406  0.081164239908  0.094819826149  -4.494216452323  1.070950426066  1.933261236325
  33  C  0.172363825567  0.046576711694  4.482484070387  -3.564190957463  0.909040133990  -1.813040295180
  34  C  0.196431319839  4.461695574128  0.135704373925  -3.065990875460  -2.427199663424  0.034369150879
  35  C  0.141354762265  4.441111839825  4.507409899731  -3.752362738549  -2.839248518355  -2.353238338834
  36  C  4.400386158515  0.032072782542  0.036375664549  0.213672349309  3.451066467223  3.227610784600
  37  C  4.358369239407  0.009941374734  4.444473909652  0.716911612077  3.301726960036  -0.530156118785
  38  C  4.374996547281  4.421682046892  0.076823436869  0.519600203441  -0.753714370454  2.407525017502
  39  C  4.318898989730  4.386604778879  4.480983420920  0.373324097249  0.285111948864  -0.554408835804
  40  C  0.181211649968  2.244653675582  2.310502849533  -3.842502147322  -2.635678748773  -3.056301602084
  41  C  0.131062948754  2.223380965861  6.696666245457  -3.605676557114  -2.280281534249  -2.645436310694
  42  C  0.126858704959  6.614430143884  2.316671613436  -3.194150758029  -1.852764098815  -1.853734935981
  43  C  0.118847102227  6.615508036701  6.709119789053  -3.845146124684  -2.838955747307  -2.566405934094
  44  C  4.336457195765  2.195042125037  2.247024934522  0.672521834403  0.076257112523  0.224344822835
  45  C  4.323390154293  2.195063723152  6.632092755617  -0.205538886913  -0.331806696230  -0.098095105662
  46  C  4.339051408260  6.600093119624  2.280706757313  -0.001097128488  -0.104023417267  -0.270378253703
  47  C  4.262011902678  6.589212860747  6.679977334829  0.373713715103  -0.478386307940  -0.784934296202
  48  C  2.187479792247  0.002743071037  2.234801693810  0.586331398415  3.479080190391  -0.270645114479
  49  C  2.107297993758  -0.004538894523  6.612863407964  1.660979759679  2.991244302895  -0.671490177790
  50  C  2.134401037398  4.379492942918  2.255267772591  0.662799957841  0.457478808490  -0.187607694347
  51  C  2.102802193778  4.369929774986  6.629507643399  0.323597432068  -0.009457841072  0.271496225721
  52  C  6.565563036464  0.043706557636  2.266209593385  0.380538993192  3.154257774692  -0.003299027389
  53  C  6.514778540945  0.009124119343  6.651424275048  0.446256038135  3.218996763437  0.079962042371
  54  C  6.519305881031  4.411578845429  2.281388983816  0.355415814914  0.019045393047  0.004457840794
  55  C  6.487033338296  4.374463195993  6.690613057031  0.147720185123  0.328045827793  -0.626400133245
  56  C  2.167442972512  2.214395264570  0.021331175148  1.983871842263  -0.335166448383  3.470994761518
  57  C  2.139509073708  2.188126701346  4.424201944412  0.411940189751  0.076836686291  0.124839919301
  58  C  2.163801905513  6.597011939930  0.057120315321  1.158790033546  -0.218559719004  3.304378007347
  59  C  2.107662581160  6.575379579148  4.433592607491  0.323393907536  -0.109788779968  0.256554735175
  60  C  6.570297833235  2.232413117911  0.077924273700  0.750056211005  -0.155751766839  3.002357758581
  61  C  6.528243831957  2.210308892265  4.470059121002  0.250978251833  -0.178027506198  -0.250931369362
  62  C  6.555211214247  6.631345638013  0.114799798618  0.733270638618  -0.809910957637  2.193423878912
  63  C  6.505025724878  6.612393688819  4.507683237692  0.061204935286  -0.086946004338  -0.344004342247


MDSTEP:  1
LATTICE_CONSTANT: 1.889726125458
LATTICE_VECTORS
  8.567384968634  0.000000000000  0.000000000000
  -0.118220556138  8.557703916124  0.000000000000
  -0.181335867257  -0.096978004640  8.591444050017
VIRIAL (KBAR)
  203.112158775670  31.723988916603  45.813038148592
  31.723988916603  203.344983228690  52.838110920224
  45.813038148592  52.838110920224  201.339750283650
INDEX    LABEL    POSITIONS    FORCE (eV/Angstrom)
  0  Si  3.257726064219  1.093668418481  3.334264867514  -0.427397092123  1.005132057368  0.462761741901
  1  Si  3.198606948482  1.086284484734  7.711034081753  -0.705060566164  1.169722655462  -2.973175481563
  2  Si  3.217212268931  5.504852831282  3.351746363884  0.017856942491  -0.328927028647  0.368688608376
  3  Si  3.180374079604  5.479211759480  7.754891088654  -1.031589794676  0.049183816277  -3.221828689867
  4  Si  7.638369978509  1.122755472018  3.385711888615  -0.610876623750  1.162814142352  0.040586165111
  5  Si  7.595416256233  1.125610506870  7.795350393799  -1.606504480698  0.656557321201  -4.033449970764
  6  Si  7.598064638731  5.523153053608  3.430123418829  -0.807577687404  -0.102142295206  -0.576531014624
  7  Si  7.577166363771  5.485675218917  7.768681628656  -1.897524668505  0.703707554590  -2.775437636847
  8  Si  3.263056116503  3.301661787514  1.174938786612  -0.506464932959  0.344982451707  0.139117811558
  9  Si  3.210045164697  3.296518088246  5.553535329573  -0.080506137976  -0.110665098601  -0.161561042566
  10  Si  3.237357584380  7.716110358187  1.183747870333  -0.404248525000  -4.023581847866  0.629187444879
  11  Si  3.189262631191  7.682971514316  5.543314474193  -1.353320857263  -3.726075691293  0.938083520025
  12  Si  7.645524815425  3.354544122248  1.174002059407  -0.724308050712  -0.158484838966  1.298409410497
  13  Si  7.603121458977  3.294431588300  5.598572367841  -0.762218256471  0.468550887692  -0.166846391297
  14  Si  7.608635914844  7.727629429928  1.236297426182  -0.750894533397  -3.779330318824  0.005602778959
  15  Si  7.578922078490  7.701058121938  5.637107083259  -1.017274149081  -3.573513890422  -0.489692696937
  16  Si  1.081068417281  1.104648724401  1.110344664237  4.696688607882  3.561067290051  3.889332395978
  17  Si  1.044172454780  1.080623725000  5.505377430078  3.876838625833  3.186699640396  2.391422916779
  18  Si  1.057554358717  5.506401924379  1.144421093641  4.216621880726  2.043927799083  3.214014090707
  19  Si  1.025357702718  5.454932728412  5.541567873049  3.724061631545  2.635508655141  2.070594961284
  20  Si  5.451293605596  1.126658428334  1.171570931670  0.231755467481  1.014900109433  0.532587775735
  21  Si  5.435838506998  1.109327537843  5.542222524170  -0.249462367674  0.749313301501  0.566918223513
  22  Si  5.419663145598  5.506080156690  1.168557748538  0.551125595323  0.609815813817  1.178756612047
  23  Si  5.416116041191  5.533428540761  5.582162120505  -0.887087576072  -0.789157057989  0.291232904561
  24  Si  1.033009909209  3.291956701177  3.322525622603  4.137826259008  2.230204952077  2.728844336951
  25  Si  1.002389148007  3.276798313253  7.719987715362  3.085028225016  2.056686534447  -1.483680357691
  26  Si  1.009209697071  7.670718189085  3.345939913046  3.428487394021  -2.239929877267  1.661335557980
  27  Si  0.981561486661  7.656089560790  7.748772978672  3.734846818975  -2.811211181274  -2.370239283016
  28  Si  5.429764715144  3.298716367052  3.368922204798  -0.376180728050  0.446665172267  0.271729732676
  29  Si  5.380647914163  3.282485329517  7.750064729720  -0.947386331098  0.428097675262  -2.890426232785
  30  Si  5.404284907330  7.708301341412  3.397886105703  -0.453792049923  -3.868784088867  0.060310862877
  31  Si  5.343404639600  7.668406928524  7.785400495305  -0.037770680725  -3.570439793323  -3.529469193335
  32  C  0.229853962467  0.081740699100  0.096119393689  -4.407985737870  1.039823125214  1.859678547770
  33  C  0.169851406866  0.047423948000  4.481578098676  -3.465609855966  0.903898811973  -1.777027886635
  34  C  0.195358308544  4.459518913791  0.135523519762  -3.020217247114  -2.309562736076  0.076481842836
  35  C  0.139809511816  4.440519366897  4.506349828519  -3.683565485129  -2.776354743584  -2.281291138481
  36  C  4.399572832511  0.033340829231  0.037845145076  0.271156070125  3.406641413155  3.157967290938
  37  C  4.358867447182  0.011995609726  4.443688533438  0.687140449309  3.236854536135  -0.479021071985
  38  C  4.376281064204  4.420935345590  0.077625164511  0.479350983953  -0.733644347008  2.376732268039
  39  C  4.318050553015  4.387609568432  4.481844158044  0.379219672590  0.259056834566  -0.571038134647
  40  C  0.179178630625  2.242486933739  2.309937868393  -3.735911703687  -2.499956497640  -2.964535413737
  41  C  0.130534332914  2.221754147063  6.696128267987  -3.554553406562  -2.190881408244  -2.590625872646
  42  C  0.126632761569  6.613617708782  2.314850755236  -3.174683037154  -1.814588622863  -1.781563220833
  43  C  0.117012062419  6.614269628636  6.707568420719  -3.762427566122  -2.779814416533  -2.499529567699
  44  C  4.336765265174  2.194296194820  2.246821028906  0.669164189182  0.085912827290  0.235206464762
  45  C  4.323274165943  2.195664822904  6.631965690776  -0.212110329198  -0.344139922090  -0.094575729830
  46  C  4.338137062446  6.599585753380  2.281066996089  0.013116854970  -0.103690857435  -0.278296899005
  47  C  4.262945375688  6.589464750028  6.679555656735  0.340452085579  -0.497940252450  -0.769162853330
  48  C  2.187735821588  0.004331853155  2.234690854322  0.581611793545  3.444360341436  -0.256153605250
  49  C  2.108084673717  -0.002805937507  6.611767437178  1.639258876861  2.935401563858  -0.646265688281
  50  C  2.134442186672  4.379949140655  2.255615440967  0.668196260148  0.443508926212  -0.198132674804
  51  C  2.101729743552  4.369868621007  6.629176622912  0.348258681787  -0.007255208540  0.277009004180
  52  C  6.565600974816  0.045277586832  2.265147485490  0.362991855339  3.077365488179  0.036030005932
  53  C  6.515819031691  0.009568720799  6.650827202011  0.400620061414  3.206056279521  0.112072476612
  54  C  6.519488919194  4.411091052115  2.281480644129  0.338129311752  0.031156070504  0.009125353441
  55  C  6.486196159767  4.374966180675  6.690951558447  0.163611890507  0.318696181310  -0.649207661919
  56  C  2.168143305500  2.215023823484  0.022208382401  1.975235245083  -0.328010950927  3.448615662243
  57  C  2.140621739840  2.187793317461  4.423743819491  0.388395512285  0.093546479567  0.137420711074
  58  C  2.163949944989  6.597304724146  0.059545160644  1.161006215086  -0.215591711773  3.221169957021
  59  C  2.108308489461  6.574892494125  4.432299430086  0.305834473175  -0.101941441653  0.291808601268
  60  C  6.570141044185  2.232239005311  0.078368349648  0.735955287478  -0.138182874096  2.974761839602
  61  C  6.528430344919  2.210523903541  4.471100965194  0.249733923273  -0.171054717576  -0.275750113751
  62  C  6.555405030306  6.631313592058  0.115070614595  0.720677160036  -0.814133055473  2.175365143131
  63  C  6.504378079231  6.612407507560  4.507965517422  0.074256156747  -0.096829936538  -0.344447497114


MDSTEP:  2
LATTICE_CONSTANT: 1.889726125458
LATTICE_VECTORS
  8.567384968634  0.000000000000  0.000000000000
  -0.118220556138  8.557703916124  0.000000000000
  -0.181335867257  -0.096978004640  8.591444050017
VIRIAL (KBAR)
  201.928077530596  31.058655204646  45.773135586817
  31.058655204646  201.585272037875  50.978591370946
  45.773135586817  50.978591370946  199.651338407891
INDEX    LABEL    POSITIONS    FORCE (eV/Angstrom)
  0  Si  3.257752135276  1.092196185611  3.334715463192  -0.375440230474  1.090849885237  0.452783613309
  1  Si  3.195809459694  1.086055786632  7.709392380190  -0.561398915856  1.227745637138  -2.890241580905
  2  Si  3.216194066239  5.505989549867  3.350612001167  0.105964419004  -0.371558828124  0.379332092474
  3  Si  3.180807488492  5.479504051335  7.755992975757  -1.033490039727  0.083029550737  -3.226038019811
  4  Si  7.639139150651  1.124785671620  3.386767310154  -0.635520697157  1.201648282606  -0.017694739101
  5  Si  7.593874448330  1.126604029123  7.791364309163  -1.619016291067  0.612167066199  -3.829112676929
  6  Si  7.597960699078  5.524928312289  3.430548860135  -0.860439552837  -0.143900478668  -0.603133137225
  7  Si  7.577265611591  5.486014438515  7.767205464448  -1.921508739933  0.721043643893  -2.723284988457
  8  Si  3.262156498618  3.302932428192  1.176575772358  -0.451360039592  0.283699176377  0.141800608351
  9  Si  3.210953516006  3.294652798606  5.551020960291  0.002554032093  -0.054966593839  -0.114223576061
  10  Si  3.234921277359  7.715705712064  1.182319630501  -0.276686558540  -3.952668973378  0.606489078177
  11  Si  3.189423901322  7.682745821672  5.543993814849  -1.349686127479  -3.682490332933  0.890450334915
  12  Si  7.642649892720  3.351887715080  1.173422896395  -0.702026856786  -0.080405333119  1.331922963307
  13  Si  7.601604500853  3.295410419495  5.600397228303  -0.756599731118  0.498417838096  -0.237995192887
  14  Si  7.606699571284  7.725495937074  1.237180235859  -0.766143631415  -3.741425350641  0.026072211932
  15  Si  7.580567712423  7.700637452282  5.635955686098  -1.071177761866  -3.491236523817  -0.442197588287
  16  Si  1.084708676778  1.104220608846  1.109876005350  4.521793736559  3.532098302196  3.839348768404
  17  Si  1.045522550807  1.083450146904  5.507123644488  3.766799588944  3.117197886381  2.303430597569
  18  Si  1.061130529366  5.505478113688  1.144970016689  4.010039120930  1.918964828608  3.166305031146
  19  Si  1.027721834632  5.457780175887  5.542528719845  3.558162359975  2.379775447281  1.909719535203
  20  Si  5.452631113056  1.129283704840  1.170349031511  0.164917552961  0.990963524040  0.597716767772
  21  Si  5.437998311137  1.109855759328  5.544698821823  -0.302414216879  0.784251137562  0.494500208394
  22  Si  5.419823040959  5.506566378749  1.171274294673  0.525515697594  0.579897772597  1.120822599237
  23  Si  5.417388627543  5.534811062597  5.582759608905  -0.916072496468  -0.799622086983  0.256921306319
  24  Si  1.035258957845  3.295330153991  3.325757444698  3.924516931643  2.023514123151  2.515771393081
  25  Si  1.002525382404  3.279475256763  7.719947324175  3.044045246021  1.863470283549  -1.490409293682
  26  Si  1.011112774561  7.671313753532  3.347960486204  3.323324762299  -2.261862544904  1.448988853898
  27  Si  0.984396997904  7.653875068612  7.748508142059  3.516664755630  -2.657538724781  -2.307773290577
  28  Si  5.429480528508  3.297116657908  3.370571026129  -0.306808709647  0.529431837141  0.230617334473
  29  Si  5.382244261909  3.284595995490  7.749937213487  -1.014744181898  0.500547324314  -2.859662720865
  30  Si  5.403668314389  7.707561700695  3.398416904269  -0.404063922769  -3.826435175082  0.012750364564
  31  Si  5.344158113638  7.667383276216  7.782336818485  -0.090567967979  -3.511419288382  -3.398987980442
  32  C  0.226949073884  0.078816613374  0.099230503078  -4.261914969827  1.081220524976  1.692991261566
  33  C  0.167213559621  0.050827373670  4.480271735738  -3.301244334777  0.902456019077  -1.709127335518
  34  C  0.189814178406  4.457581601213  0.135668262065  -2.832260124961  -2.194757750794  0.138779307356
  35  C  0.133216151557  4.440819453657  4.503588815234  -3.441439117526  -2.639948035770  -2.045876585108
  36  C  4.400898710908  0.035692021434  0.037516217817  0.250112678932  3.334707074345  3.135662710786
  37  C  4.358719757359  0.012559552361  4.442553255367  0.663267984112  3.217713957542  -0.406112253711
  38  C  4.372781926061  4.422097535741  0.080127825348  0.576055974813  -0.757674065432  2.344159519246
  39  C  4.320874231319  4.388483216556  4.480956745997  0.317078472821  0.279581446957  -0.546471059804
  40  C  0.175995317296  2.244464500177  2.304004404247  -3.527828591721  -2.372704519038  -2.707970134984
  41  C  0.124251968616  2.221127286050  6.694830246736  -3.346008798441  -2.062252039073  -2.465494927381
  42  C  0.121849619535  6.609904485222  2.314467996882  -2.950842900761  -1.632887620767  -1.672972064439
  43  C  0.117398716969  6.613951855021  6.705261511563  -3.709943077341  -2.719304230984  -2.432044944661
  44  C  4.336808266558  2.197187233940  2.250653649827  0.671032060439  0.025475368204  0.175320054710
  45  C  4.326717257089  2.198600792777  6.634039028027  -0.292912582095  -0.398478698152  -0.149082237273
  46  C  4.336807924760  6.599798214267  2.278582640562  0.005858097245  -0.078598206314  -0.212077546362
  47  C  4.263038163332  6.592685552867  6.678665458671  0.308370349383  -0.577383871028  -0.753365384238
  48  C  2.191296577913  0.010860051051  2.231939572225  0.438875159593  3.252752260861  -0.115168267032
  49  C  2.109063739794  0.001807738168  6.613393041240  1.601736613134  2.816578058345  -0.699204888867
  50  C  2.138237218298  4.378354112482  2.257562113315  0.593737173731  0.496781982137  -0.225364430702
  51  C  2.105740456213  4.368509245584  6.628613350054  0.267706630892  0.035424032426  0.267048067061
  52  C  6.566381850161  0.048187934490  2.266159801515  0.323507911017  3.017816174603  0.054320121441
  53  C  6.513653798365  0.011966766888  6.649791155120  0.515406785700  3.115576010799  0.091809719733
  54  C  6.520999188200  4.414468854497  2.279159203548  0.282845619098  -0.046554365731  0.094186768193
  55  C  6.487185195252  4.378163726871  6.687288973890  0.129078356788  0.291082445194  -0.553844440620
  56  C  2.168712221817  2.212337470296  0.026158086306  1.905521288809  -0.186237402957  3.300249430302
  57  C  2.141679858727  2.189289624654  4.424629697750  0.362388589178  0.050350499401  0.126445264020
  58  C  2.161331663672  6.597621521407  0.062644835025  1.255100446447  -0.278286027767  3.144249343008
  59  C  2.106482450571  6.570938104593  4.431276852578  0.359250450396  0.018226144950  0.326761214993
  60  C  6.566780558363  2.235538487621  0.081574426328  0.837837000692  -0.229994434927  2.854396717266
  61  C  6.530809827892  2.213503213329  4.474367054586  0.198388593469  -0.235475619127  -0.316767520156
  62  C  6.553352309003  6.630240873359  0.116719259991  0.734383905183  -0.794922045133  2.097096681672
  63  C  6.506814176237  6.613448669589  4.511437296353  0.017722821412  -0.093466379276  -0.417521037794


MDSTEP:  3
LATTICE_CONSTANT: 1.889726125458
LATTICE_VECTORS
  8.567384968634  0.000000000000  0.000000000000
  -0.118220556138  8.557703916124  0.000000000000
  -0.181335867257  -0.096978004640  8.591444050017
VIRIAL (KBAR)
  201.015269433388  30.348691361466  45.282871078580
  30.348691361466  200.291063196850  49.950704644684
  45.282871078580  49.950704644684  197.848099810449
INDEX    LABEL    POSITIONS    FORCE (eV/Angstrom)
  0  Si  3.255227436027  1.091131339784  3.337527674280  -0.286733250866  1.118449723455  0.339641037814
  1  Si  3.194685368032  1.089253976897  7.710120747618  -0.459999123237  1.163960376220  -2.950861258264
  2  Si  3.216062297707  5.504283961037  3.353846867152  0.167313706719  -0.391991713470  0.261250211602
  3  Si  3.177827265317  5.482074369357  7.755740989931  -0.859293348347  0.027495954185  -3.254869202455
  4  Si  7.640440744101  1.128149420673  3.384565211279  -0.725574495974  1.114661767091  0.055051442000
  5  Si  7.591804918782  1.124500841490  7.787984254592  -1.632217016048  0.672995990658  -3.745778292671
  6  Si  7.598541778987  5.522628448139  3.427746675578  -0.831646176218  -0.120879707882  -0.579694987607
  7  Si  7.574711726517  5.489368673832  7.762890826741  -1.872474754615  0.550353425786  -2.601739765838
  8  Si  3.259643864083  3.300388481075  1.176359295835  -0.341438544428  0.317438700612  0.139256768141
  9  Si  3.211986913775  3.297520066261  5.548207321149  0.062257711010  -0.106826719548  -0.093019037980
  10  Si  3.235620199341  7.711362773559  1.181789429276  -0.278405168781  -3.750577595030  0.640887071646
  11  Si  3.188935412371  7.681039921078  5.542862125967  -1.259136054272  -3.537474229274  0.843810725129
  12  Si  7.640629763982  3.354726572002  1.174340376795  -0.667582720799  -0.228345229432  1.293993549926
  13  Si  7.599194727855  3.292347515657  5.599841717682  -0.772563441366  0.518539164610  -0.235663259264
  14  Si  7.608618273598  7.725971814928  1.236190927563  -0.932363685194  -3.720474557761  0.101688072235
  15  Si  7.583661044579  7.696210517516  5.635967452414  -1.191291613974  -3.377932117085  -0.492749399441
  16  Si  1.084183442241  1.106558646502  1.112583701058  4.398014085610  3.386275706620  3.714358735820
  17  Si  1.045618403655  1.087227334034  5.508934759070  3.748354612949  2.971264117542  2.209521835346
  18  Si  1.061406329275  5.503010636719  1.147911601608  4.018093580358  1.898195268529  3.033261134928
  19  Si  1.031052645158  5.459978972862  5.544449316150  3.364866726946  2.141790688035  1.660186742637
  20  Si  5.455497229039  1.128323912787  1.172309326347  0.080350547034  1.037559248253  0.568569803781
  21  Si  5.436489874300  1.112275587205  5.542707422404  -0.211331253360  0.711683160448  0.601135352555
  22  Si  5.420636879899  5.503661608875  1.168889103172  0.544441527982  0.600024490035  1.153251868663
  23  Si  5.414691671327  5.532757960595  5.580318935933  -0.825067225171  -0.687483656638  0.212323359994
  24  Si  1.037226668247  3.292953398202  3.329329471178  3.807019621076  1.986453622897  2.340045508933
  25  Si  1.006667787212  3.277029407318  7.722390951608  2.911816484749  1.914070256294  -1.578441877122
  26  Si  1.012039363791  7.668847416239  3.349063087394  3.206706172313  -2.156592410243  1.522507512506
  27  Si  0.983303263116  7.653550020378  7.747550956824  3.308652476616  -2.738106050820  -2.275116863590
  28  Si  5.431568470544  3.300260090007  3.370834609342  -0.348794001084  0.382673290204  0.140255553011
  29  Si  5.382467360750  3.286362474590  7.747044927682  -0.962066295802  0.446223725190  -2.710856136127
  30  Si  5.401890284767  7.707175672415  3.398686636640  -0.313638819131  -3.796964208701  -0.058082440540
  31  Si  5.340767292188  7.669176370902  7.780109414639  -0.070151426988  -3.483982192340  -3.370527817706
  32  C  0.220397515167  0.079925683314  0.099538079815  -3.906753603869  1.063968336377  1.645291606630
  33  C  0.162512059594  0.053464500169  4.480441393833  -3.072185088573  0.888044427263  -1.697408426287
  34  C  0.186936757997  4.453363500578  0.137939388437  -2.755121927883  -1.998507008579  0.034107026995
  35  C  0.128675446336  4.435664471299  4.504700444868  -3.223880540141  -2.438724114624  -1.931414951342
  36  C  4.398528624253  0.040322003758  0.034892623248  0.302021347667  3.210978997525  3.244184688839
  37  C  4.362920837951  0.018890104642  4.443298017292  0.475217543762  3.040594329033  -0.357854632125
  38  C  4.371347180838  4.423274120340  0.082296081054  0.548607711319  -0.785716952251  2.231567744421
  39  C  4.324827796966  4.386052819595  4.477926735192  0.248229735590  0.355875702369  -0.506470260569
  40  C  0.168625356025  2.242711355712  2.305972347736  -3.294948813292  -2.188401377598  -2.666254705858
  41  C  0.122748269431  2.219800507523  6.696265085473  -3.278305292616  -1.966850453387  -2.437097894586
  42  C  0.124357387148  6.611109131496  2.311465548440  -2.989810504911  -1.697723871881  -1.617630903667
  43  C  0.112929834010  6.606919744568  6.698247027028  -3.447539999308  -2.452979695746  -2.124400842469
  44  C  4.332086821805  2.197072224413  2.248593089467  0.769725693266  0.015799839797  0.239773488863
  45  C  4.328695556575  2.201683490202  6.633998024460  -0.373348840185  -0.429928889977  -0.183438179964
  46  C  4.336466882174  6.595252425880  2.275127775752  0.022552020995  -0.012307484730  -0.107424879977
  47  C  4.263112079656  6.596721802952  6.673207068090  0.283718287257  -0.686219685359  -0.684689797441
  48  C  2.187231880453  0.010761138364  2.234093524031  0.587643223836  3.207242329650  -0.196936026124
  49  C  2.111532796740  -0.000257146468  6.617737289471  1.534276699014  2.890500230913  -0.848664723043
  50  C  2.142619959445  4.375204132173  2.257125423514  0.463912649810  0.525240070526  -0.166498739885
  51  C  2.108690126346  4.371487271568  6.623587618445  0.225073910678  -0.027804712339  0.391227633137
  52  C  6.567477290725  0.053125495432  2.268793985086  0.331105815306  2.838801446533  -0.001294631081
  53  C  6.518559299235  0.010179756568  6.652922225234  0.417163943229  3.134106324443  -0.045385541937
  54  C  6.525971510246  4.410195635898  2.276842264923  0.162600577607  0.072766637331  0.128397240612
  55  C  6.484518154512  4.381689776896  6.682539821159  0.159375465736  0.212133167578  -0.485961852974
  56  C  2.172865410249  2.209819893163  0.025336749920  1.761773670793  -0.118493608866  3.357862606915
  57  C  2.146623380075  2.192102744637  4.420444443699  0.267905206298  -0.012663994318  0.276015194241
  58  C  2.167453544595  6.601067840283  0.063486376835  1.000062673149  -0.342123512259  3.121787505134
  59  C  2.108816711743  6.570490539825  4.430842066956  0.309239088096  0.013768570935  0.337894933682
  60  C  6.569090752162  2.233482868961  0.084935504178  0.746164386374  -0.096960681149  2.713480526837
  61  C  6.527036251013  2.208863366852  4.472815838231  0.274157284107  -0.110893107804  -0.300658387220
  62  C  6.550083491978  6.631301627871  0.114306001340  0.773595775124  -0.803681294569  2.133496116270
  63  C  6.510874652053  6.614249935248  4.508028695358  -0.098346935939  -0.162318253279  -0.379196884090


MDSTEP:  4
LATTICE_CONSTANT: 1.889726125458
LATTICE_VECTORS
  8.567384968634  0.000000000000  0.000000000000
  -0.118220556138  8.557703916124  0.000000000000
  -0.181335867257  -0.096978004640  8.591444050017
VIRIAL (KBAR)
  199.006317672752  28.936872748547  45.212439656044
  28.936872748547  199.169328203545  48.552146228014
  45.212439656044  48.552146228014  196.218191830078
INDEX    LABEL    POSITIONS    FORCE (eV/Angstrom)
  0  Si  3.256526332583  1.091755375992  3.336086472401  -0.277722143091  1.169162273926  0.318164377091
  1  Si  3.198206872277  1.091880438459  7.705969627570  -0.599911042814  1.262071730054  -2.838878367356
  2  Si  3.212286550561  5.504273288469  3.353100628074  0.212196152826  -0.404378009556  0.184733841490
  3  Si  3.175137535164  5.481690724462  7.751801524722  -0.739747794257  -0.043943646717  -3.059456276627
  4  Si  7.638599581066  1.127982436142  3.380478349500  -0.705805410806  1.207491270957  0.110064457269
  5  Si  7.592487671225  1.121629020829  7.786381511933  -1.699838579795  0.824314666283  -3.681027957973
  6  Si  7.594804058406  5.524913500534  3.429921272302  -0.752674362112  -0.241761069740  -0.705962739708
  7  Si  7.575601590522  5.492963359595  7.765045400583  -2.009650385280  0.463135057029  -2.617160497133
  8  Si  3.255895975770  3.296738342396  1.176631907658  -0.229636590010  0.409460978589  0.187342462608
  9  Si  3.209327928786  3.301035417112  5.544933720706  0.093816177391  -0.168172682470  -0.134546704081
  10  Si  3.234594721676  7.710872832880  1.183158649990  -0.254712529944  -3.731462298749  0.571462268877
  11  Si  3.190166016524  7.680151833307  5.542376752845  -1.337903470508  -3.464173836842  0.948310455328
  12  Si  7.643077128790  3.355292992994  1.178284551721  -0.755725843003  -0.346211269107  1.237143480796
  13  Si  7.596619142089  3.294926898329  5.598716398279  -0.737025043310  0.430395644140  -0.267968582875
  14  Si  7.607317418961  7.721352108265  1.238782474614  -0.919673671029  -3.451140475885  0.063795606292
  15  Si  7.582316355266  7.697102880364  5.639402649360  -1.075882099372  -3.352848472624  -0.710971712600
  16  Si  1.088593946707  1.110473717499  1.115639924928  4.227058951010  3.227709237078  3.559123558217
  17  Si  1.048028574881  1.088382082662  5.510728719827  3.555775798892  2.918127373170  1.982901246521
  18  Si  1.062806669151  5.504317041300  1.150380255732  3.802566164468  1.681355750700  2.837201514147
  19  Si  1.028302447416  5.462839584387  5.545847411339  3.330774432088  1.826322297551  1.486643207539
  20  Si  5.452527894593  1.125724442431  1.169980065664  0.180203325144  1.157116262574  0.676868628985
  21  Si  5.438720272942  1.115378233768  5.544867445211  -0.256698146153  0.723967933919  0.508500334193
  22  Si  5.418200766364  5.505251712573  1.167732778610  0.592496252895  0.425328718103  1.195378351318
  23  Si  5.411133799928  5.535746464542  5.577089704055  -0.694494052130  -0.787192321302  0.217573928912
  24  Si  1.038366673541  3.291729088488  3.327640558486  3.763044680970  2.070868503497  2.356741927400
  25  Si  1.005905966448  3.278995700017  7.725559589335  2.875710860099  1.750292011226  -1.692148498908
  26  Si  1.010832437368  7.668163928803  3.351897879186  3.149044920709  -2.143864882180  1.289813436108
  27  Si  0.988062420010  7.649638295907  7.745064170249  2.990406218919  -2.641063557725  -2.115028412492
  28  Si  5.431955113410  3.301591329415  3.373982796003  -0.339418743320  0.334911662995  0.013428972156
  29  Si  5.379919007291  3.287960251926  7.747187534047  -0.900502621561  0.364202715515  -2.670900817051
  30  Si  5.404543333227  7.708469669337  3.400935569013  -0.464372565469  -3.754216692073  -0.064314624455
  31  Si  5.336828504931  7.668729998996  7.779927621362  0.007349431936  -3.332034243099  -3.326084812875
  32  C  0.220607569284  0.084264188427  0.098121391944  -3.707662024886  0.817180909921  1.702573934233
  33  C  0.154671201162  0.059001933951  4.474923189265  -2.855580947317  0.834800749674  -1.462438146536
  34  C  0.180648409859  4.449978121615  0.137243735517  -2.544448023267  -1.751848008939  0.179097287816
  35  C  0.124545956575  4.435578163141  4.498079786701  -3.043812041933  -2.320290289362  -1.686620127950
  36  C  4.396558715589  0.047591299714  0.038864644701  0.353983759660  2.984702014226  3.079276441002
  37  C  4.358277730570  0.025214507380  4.446180633389  0.647569153619  2.866503374165  -0.441932208019
  38  C  4.370502876010  4.420951979928  0.082746118413  0.473544062935  -0.681206467828  2.205838210372
  39  C  4.322135234481  4.387603644292  4.472038794629  0.249543985509  0.392236456968  -0.414783411524
  40  C  0.171076001120  2.240092691132  2.308670112033  -3.335946889208  -2.170273158508  -2.746530693871
  41  C  0.122334429028  2.217721010218  6.693947312460  -3.195823400916  -1.790462190973  -2.340347715697
  42  C  0.119320652930  6.606246900272  2.306942567389  -2.801840513276  -1.478155087453  -1.373025587073
  43  C  0.111134342961  6.602425164709  6.691793711667  -3.354991148282  -2.223976511690  -1.864656114177
  44  C  4.335871730979  2.196832998432  2.248606272678  0.675197424488  0.043395723297  0.253126057004
  45  C  4.324491870783  2.205893787726  6.629196672123  -0.276206056569  -0.464909284519  -0.133507046813
  46  C  4.333859391596  6.591238373705  2.268730074875  0.061588222013  0.120651683523  0.087958008292
  47  C  4.268427633222  6.593488842406  6.676574820320  0.111683640819  -0.574506711257  -0.775851396894
  48  C  2.189614359115  0.015718122551  2.229814820866  0.455897700984  3.018787736445  0.016301199524
  49  C  2.106985812161  0.007900732599  6.620547298366  1.742639571707  2.657110962385  -0.972210483509
  50  C  2.138079357670  4.380212178678  2.253275412364  0.534737594433  0.402915951073  -0.087726397285
  51  C  2.115144553443  4.371923396139  6.626033424607  0.001069430181  0.007686295850  0.293603821585
  52  C  6.567309556334  0.059576691938  2.273773341520  0.332653326258  2.648293225059  -0.181205014353
  53  C  6.521584473178  0.011494813529  6.648994776535  0.205704963880  3.066578235247  0.152070331699
  54  C  6.530392726485  4.405870775518  2.279149802517  0.029159806517  0.215221653465  0.108511230473
  55  C  6.482410047982  4.379920402176  6.682562198719  0.156637591507  0.335166182678  -0.499689130027
  56  C  2.173737830342  2.211506620140  0.030790037977  1.765557383056  -0.128813964791  3.187044142106
  57  C  2.146331662335  2.192614822481  4.414393042356  0.290305970031  0.005776094632  0.395073675605
  58  C  2.165320439541  6.596878377971  0.068448891554  1.061014486303  -0.258233351146  2.959667401430
  59  C  2.108355463412  6.567154791283  4.433056875701  0.298427887553  0.119096439746  0.326449753203
  60  C  6.566124933264  2.231492207972  0.087297452231  0.810099498773  -0.077086747435  2.609683328674
  61  C  6.526322307259  2.206787833995  4.466867663130  0.279611430953  -0.043033502282  -0.154848443053
  62  C  6.545554977552  6.634583162422  0.120831270279  0.845076541758  -0.835742637018  1.973115259046
  63  C  6.516973399440  6.614389441123  4.504985602261  -0.294440660666  -0.121336404389  -0.254760216400


MDSTEP:  5
LATTICE_CONSTANT: 1.889726125458
LATTICE_VECTORS
  8.567384968634  0.000000000000  0.000000000000
  -0.118220556138  8.557703916124  0.000000000000
  -0.181335867257  -0.096978004640  8.591444050017
VIRIAL (KBAR)
  197.236443883210  29.469097982534  45.985191578833
  29.469097982534  198.084319429729  45.793982182105
  45.985191578833  45.793982182105  195.306995227571
INDEX    LABEL    POSITIONS    FORCE (eV/Angstrom)
  0  Si  3.253404455009  1.090825267089  3.335618520279  -0.201339057670  1.125221255094  0.382501135008
  1  Si  3.201348191631  1.094046448613  7.707702163333  -0.591345483100  1.158559033887  -2.896137568413
  2  Si  3.211283637324  5.500731336925  3.352469170826  0.155960443004  -0.315081118642  0.266284901344
  3  Si  3.171130778140  5.482625637984  7.755175657163  -0.654598765996  -0.129367348688  -3.098634520029
  4  Si  7.634659771619  1.131889497124  3.377292777954  -0.620568912697  1.091372732175  0.212025360134
  5  Si  7.594766854077  1.120144635806  7.784129895834  -1.911059705405  0.988516590880  -3.596494093430
  6  Si  7.594126233178  5.525136454781  3.431996945350  -0.806122338848  -0.278022669292  -0.776996154353
  7  Si  7.579358596833  5.497463074463  7.760253043863  -2.180854731844  0.426158689186  -2.443150260267
  8  Si  3.251280259243  3.292650307474  1.180460935373  -0.159592193023  0.470473864567  0.116125633621
  9  Si  3.213140322491  3.296622563713  5.544122458107  -0.006670988807  -0.005061852331  -0.191904055765
  10  Si  3.231515421800  7.706940224394  1.185989033651  -0.173098486017  -3.623640210770  0.574241416132
  11  Si  3.190868202947  7.674927597980  5.542338160317  -1.325820666387  -3.261055258073  0.890908833301
  12  Si  7.641956275199  3.354794982748  1.179673028615  -0.692347944187  -0.275176384769  1.154755541258
  13  Si  7.599540661263  3.295673940782  5.595806938069  -0.920652264593  0.432861189965  -0.146157308877
  14  Si  7.609870519764  7.721799197878  1.234748351528  -1.142764339399  -3.321039875076  0.302615471441
  15  Si  7.586323277410  7.695716025461  5.638065651217  -1.139825569718  -3.329912174923  -0.757966256094
  16  Si  1.088704800533  1.115659219407  1.120806787156  4.128837886638  3.086478255112  3.335359843999
  17  Si  1.045496145619  1.093177774558  5.514963811060  3.496833168197  2.789998615482  1.797934803718
  18  Si  1.061196655867  5.508881888396  1.155411005579  3.586714107990  1.420590802964  2.692796690635
  19  Si  1.025564147882  5.466503527544  5.550789972648  3.339320518459  1.667577187757  1.257082758590
  20  Si  5.452673055736  1.121435817387  1.167262886101  0.188030143530  1.349558930788  0.820426546029
  21  Si  5.436618526926  1.116833491516  5.542789165514  -0.142920630450  0.687053386124  0.561026724128
  22  Si  5.420757246980  5.501012277378  1.170242273882  0.491219498994  0.445166512220  1.087507702742
  23  Si  5.409480727966  5.538996063381  5.575131588282  -0.638139880407  -0.831735828112  0.201321235221
  24  Si  1.040158446698  3.294098748274  3.332780937733  3.510342516240  1.862662866512  2.207102626257
  25  Si  1.008067728815  3.280900894912  7.724343120154  2.777079232611  1.702698920614  -1.645809996635
  26  Si  1.007264486939  7.672120826235  3.351051615889  3.193559438329  -2.281043804490  1.205694984719
  27  Si  0.993114974959  7.644939505563  7.742110489845  2.694880258264  -2.099428601308  -1.782565427101
  28  Si  5.434686716815  3.299729422938  3.371016693025  -0.423255909770  0.456401114987  0.052388671070
  29  Si  5.381783018673  3.286956700536  7.741604881820  -0.927786145860  0.425910674897  -2.509515162490
  30  Si  5.406258134783  7.710865369212  3.396293123387  -0.602948607647  -3.822004050011  0.115094749902
  31  Si  5.340486519570  7.664526310213  7.780102014259  -0.191592218606  -3.213346306996  -3.316487910746
  32  C  0.212539653234  0.091075158880  0.102031088095  -3.063094664240  0.491671362326  1.434583447634
  33  C  0.157731339443  0.056429948810  4.474438872122  -2.940930157227  1.082716126498  -1.356846024970
  34  C  0.173615779874  4.453325457055  0.133379557245  -2.214010546803  -1.733934860779  0.357988441428
  35  C  0.116500308258  4.433029631795  4.501944860393  -2.797029956444  -2.128730971358  -1.641514786139
  36  C  4.397505497951  0.049428281463  0.046500926037  0.413739802345  2.799732291580  2.810503824176
  37  C  4.364722884586  0.025877483656  4.452424792542  0.477474751416  2.798688306773  -0.588144300001
  38  C  4.366168563126  4.415886200808  0.080860023754  0.531664524636  -0.592480892155  2.262187074400
  39  C  4.320312504552  4.393957739036  4.473555805132  0.324430211321  0.212427441134  -0.485976545358
  40  C  0.166473635348  2.240020257632  2.306715418615  -3.142006504241  -1.948407961211  -2.527955927749
  41  C  0.118013625727  2.216309272962  6.694875469053  -3.076686100175  -1.665116286423  -2.293891147245
  42  C  0.110096141021  6.607230687072  2.307568134747  -2.581219707453  -1.431818370416  -1.291424040159
  43  C  0.111241656236  6.600929705951  6.696015931079  -3.361154122000  -2.167488252452  -1.969863010080
  44  C  4.332672825462  2.199404449661  2.252050160781  0.725897091041  -0.065561456400  0.190314394335
  45  C  4.323754816619  2.209690551385  6.624411180733  -0.189315042779  -0.583979872400  -0.043221700535
  46  C  4.331379468924  6.588933778169  2.270796005825  0.091971691061  0.118172823101  0.041126334848
  47  C  4.263916459180  6.589316608697  6.669072970518  0.191601148619  -0.466734208893  -0.501407022382
  48  C  2.184744692087  0.016951863710  2.225664921387  0.523205147383  2.993757723230  0.107683280178
  49  C  2.106725902839  0.014054914911  6.614408159228  1.775814937323  2.487174307136  -0.749250752432
  50  C  2.131465171614  4.375398805248  2.256751918000  0.607239799225  0.528547376817  -0.143396707248
  51  C  2.115587452004  4.372273126275  6.622608640624  -0.011466163853  -0.003675677954  0.344806236856
  52  C  6.563592824639  0.062308037602  2.279372509025  0.535304365518  2.597080432563  -0.478263295925
  53  C  6.526728461105  0.010130403829  6.647918575340  0.069717038504  3.080592751535  0.172729926163
  54  C  6.533880836580  4.405708722665  2.273341031861  -0.025126629857  0.202688861523  0.282382717841
  55  C  6.482006942758  4.386573695079  6.687669254179  0.181503193834  0.261996826912  -0.693474218685
  56  C  2.177183107307  2.208023628190  0.029222988328  1.609545830364  0.003913306648  3.212608325469
  57  C  2.143352963344  2.191873226613  4.414106623233  0.335147342408  0.025518300629  0.434053495447
  58  C  2.163316422973  6.597922977581  0.076265525418  1.106042407849  -0.293439484429  2.841356313156
  59  C  2.108810030284  6.574076887376  4.435543762614  0.215757762599  -0.059499678963  0.202145709892
  60  C  6.568866543669  2.238447133180  0.093715607972  0.756135068253  -0.284908371192  2.384928008968
  61  C  6.524950580344  2.206977984676  4.464174436533  0.313310288484  0.000369755231  -0.079596164425
  62  C  6.548211024065  6.637386738666  0.127685574035  0.804745255737  -0.936308675016  1.812057599859
  63  C  6.517224624965  6.615511479548  4.498988253331  -0.297680434676  -0.124308113325  -0.118606402364


MDSTEP:  6
LATTICE_CONSTANT: 1.889726125458
LATTICE_VECTORS
  8.567384968634  0.000000000000  0.000000000000
  -0.118220556138  8.557703916124  0.000000000000
  -0.181335867257  -0.096978004640  8.591444050017
VIRIAL (KBAR)
  196.091847639559  29.220546693392  45.343369177920
  29.220546693392  198.030328977583  46.277408293848
  45.343369177920  46.277408293848  194.606338619701
INDEX    LABEL    POSITIONS    FORCE (eV/Angstrom)
  0  Si  3.258066990454  1.089362272190  3.336552521247  -0.320435217740  1.101509885294  0.393484188601
  1  Si  3.196353139457  1.097458385382  7.706893184823  -0.512243624800  1.108279796557  -2.912928449955
  2  Si  3.215787873557  5.499860109989  3.355542513103  0.062964367271  -0.332397360837  0.256441640706
  3  Si  3.167115839492  5.484735664103  7.751304599266  -0.635996641353  -0.195489033687  -3.069361353900
  4  Si  7.635465710791  1.127100003437  3.380714352425  -0.583777387304  1.187150444048  0.030579589601
  5  Si  7.593827447292  1.120722760736  7.785947316604  -1.867514280440  0.946991738982  -3.537344073381
  6  Si  7.589932890687  5.521548884100  3.434625369426  -0.700014678947  -0.184900447657  -0.746610345423
  7  Si  7.583074791884  5.498206684057  7.757224932843  -2.193272965445  0.374317027842  -2.338291982484
  8  Si  3.248580484062  3.289596120546  1.175585387760  -0.035248696557  0.467587630175  0.304894288891
  9  Si  3.209067902842  3.299005914080  5.545272756018  0.000709453045  -0.072075926410  -0.192931505202
  10  Si  3.228431362158  7.707564999570  1.190800104572  0.021261084561  -3.695939470982  0.419426361065
  11  Si  3.193437849913  7.676132168593  5.545024811028  -1.422870131630  -3.321366175037  0.811994952255
  12  Si  7.639682404203  3.356228872916  1.176440214044  -0.679045234548  -0.398664571381  1.226396138090
  13  Si  7.594923090351  3.298808149704  5.599528795776  -0.863114281996  0.357310734998  -0.270701062845
  14  Si  7.607617239790  7.719415770861  1.238707079508  -1.083394446797  -3.299448653660  0.169054948569
  15  Si  7.582172613369  7.698293810353  5.636651414585  -1.012966546791  -3.222405870630  -0.693915093013
  16  Si  1.094664285312  1.121772063734  1.122553872180  3.943924777209  2.875148513857  3.250934285868
  17  Si  1.048886738467  1.098407058435  5.511532794439  3.430460704319  2.650770519167  1.869683454950
  18  Si  1.057182226226  5.505748640827  1.154318726788  3.708918742559  1.439415551505  2.696646013084
  19  Si  1.021796412005  5.464632131035  5.546342420201  3.436981327322  1.816853823401  1.353242588631
  20  Si  5.454286056104  1.121677701857  1.169782115881  0.087122313962  1.269359431436  0.753007715543
  21  Si  5.437484494496  1.114625775630  5.542297049008  -0.265744174777  0.716873432457  0.464381207501
  22  Si  5.418974525662  5.501932572582  1.166212327326  0.470226447085  0.389476814049  1.112877539966
  23  Si  5.408927618054  5.540423526347  5.579029822844  -0.671958129251  -0.850836302768  0.116732793265
  24  Si  1.039555478809  3.299838305551  3.330878632747  3.482245429109  1.508204524471  2.159462200215
  25  Si  1.005820488175  3.277579289513  7.719591797270  2.872638308787  1.779523691069  -1.532974163231
  26  Si  1.009253614951  7.666724523309  3.347085285494  3.257524015970  -2.048980002951  1.442103929561
  27  Si  0.990286886953  7.647041988830  7.746635465649  2.786288999733  -2.120931898188  -2.171147035235
  28  Si  5.431985836864  3.302710446462  3.367303647219  -0.343002090226  0.370983765714  0.221829818297
  29  Si  5.382138554419  3.290259426254  7.739814540276  -0.974543598145  0.182741983782  -2.518666054561
  30  Si  5.407092975198  7.709010011151  3.400429834004  -0.551744986439  -3.745773119158  -0.030298641473
  31  Si  5.338452927419  7.658547995004  7.775368935420  -0.486144911922  -2.876511113220  -3.148830806258
  32  C  0.214046404722  0.089056020966  0.106885211894  -3.136678080318  0.701560687520  1.482844451584
  33  C  0.160626165199  0.062398653255  4.471646750912  -2.947581490928  0.794989534017  -1.322574583286
  34  C  0.174926137140  4.446241805966  0.131739453060  -2.315769581172  -1.569218351909  0.331634009922
  35  C  0.121297565628  4.428757199468  4.500748453037  -3.028444047855  -2.091609493419  -1.665122140720
  36  C  4.390457543835  0.058502497395  0.049851053700  0.726789943881  2.435610590409  2.670234539178
  37  C  4.359051258344  0.021187007464  4.449339053411  0.684705879129  2.868657197576  -0.547890311228
  38  C  4.360372635285  4.412587495644  0.076359021452  0.586001093323  -0.498967198213  2.290571822621
  39  C  4.316668410005  4.400360282612  4.479697371967  0.438726364231  0.055009857782  -0.562178368703
  40  C  0.166649170231  2.238256724098  2.302363766441  -3.103956109648  -1.797573234079  -2.340818245161
  41  C  0.116483185742  2.219787908935  6.691281828051  -3.132413544408  -1.806145226576  -2.246779912602
  42  C  0.111492024095  6.606840491564  2.310389281287  -2.735375384142  -1.588977031913  -1.402665550920
  43  C  0.107689125093  6.597182238587  6.695367433704  -3.233030507553  -1.930561889759  -1.937961679647
  44  C  4.338724895410  2.192410764419  2.255469780915  0.569147679404  0.145393625332  0.095865593220
  45  C  4.319120411490  2.201300949515  6.617057193105  -0.085239303419  -0.315477946063  0.100136987385
  46  C  4.335116856556  6.581751505859  2.278358545373  0.047682665186  0.244437041866  -0.135368423104
  47  C  4.260802709615  6.583632890479  6.661237406385  0.238861524248  -0.347657836292  -0.303784197501
  48  C  2.187307643459  0.015848565798  2.223519482562  0.418959923557  3.069107036731  0.247871019860
  49  C  2.112000450486  0.016663562534  6.609782638543  1.477493890182  2.392866884956  -0.529650911751
  50  C  2.134309350138  4.371110005840  2.260438320776  0.612628160223  0.649349880927  -0.247453900482
  51  C  2.107590093474  4.376521472291  6.623479857137  0.084324006662  -0.109267676218  0.309650142137
  52  C  6.562307349064  0.064091386649  2.272318942994  0.472766176128  2.451317639017  -0.180016703270
  53  C  6.520903933327  0.019473270135  6.647405248388  0.198360699769  2.835128318856  0.197429417589
  54  C  6.536937627775  4.410185099518  2.273998370029  -0.121940619520  0.139946681500  0.218944280829
  55  C  6.480472860922  4.394638986971  6.687645792208  0.197466839132  0.105130066637  -0.675201618318
  56  C  2.177500514808  2.211521506309  0.033083709351  1.550900227883  -0.015219984647  3.043191255392
  57  C  2.142152540131  2.184097196538  4.418450122930  0.388552423004  0.287643409376  0.244480175197
  58  C  2.163326084748  6.600056982640  0.071011024179  1.081438056431  -0.375989471450  3.023799441180
  59  C  2.113896177695  6.572223240937  4.436803445628  0.093416785346  -0.029236724060  0.180686298484
  60  C  6.562339538671  2.230745193115  0.100038950164  0.816011084703  -0.000458522204  2.191120701378
  61  C  6.529893044804  2.199540662430  4.464745707509  0.163366814779  0.219028477790  -0.105055945792
  62  C  6.546118893508  6.635505085662  0.121449920145  0.886478414970  -0.936023708522  1.922674852769
  63  C  6.515601133589  6.616425180069  4.506093485668  -0.251883929029  -0.159571997206  -0.237785583943


MDSTEP:  7
LATTICE_CONSTANT: 1.889726125458
LATTICE_VECTORS
  8.567384968634  0.000000000000  0.000000000000
  -0.118220556138  8.557703916124  0.000000000000
  -0.181335867257  -0.096978004640  8.591444050017
VIRIAL (KBAR)
  194.752166102545  29.498206404826  46.348782440946
  29.498206404826  198.485056456417  47.153961890103
  46.348782440946  47.153961890103  194.489228340235
INDEX    LABEL    POSITIONS    FORCE (eV/Angstrom)
  0  Si  3.262222857363  1.086938315414  3.339174718936  -0.382695905329  1.243104198478  0.396964289970
  1  Si  3.195032894760  1.099556761101  7.708259220827  -0.444092430347  1.082443233595  -2.833264393049
  2  Si  3.220762400736  5.495051493243  3.354770482787  -0.036051878011  -0.207941522247  0.262695785641
  3  Si  3.167045315479  5.484643884732  7.749551789983  -0.682707987990  -0.218049483123  -3.053276149879
  4  Si  7.632542552314  1.132573997957  3.375998037377  -0.608532723949  1.177549049847  0.170110592627
  5  Si  7.590809986651  1.123897770534  7.784435505448  -1.722173068283  0.789332064119  -3.334355092390
  6  Si  7.593815318759  5.524968595569  3.434464568235  -0.757292565046  -0.338037783827  -0.707708786632
  7  Si  7.583867690106  5.499443821525  7.756934834817  -2.297069326356  0.437969303543  -2.275309406894
  8  Si  3.244850410917  3.294630962874  1.181115507848  -0.006351575632  0.385420864646  0.311789546987
  9  Si  3.205586957037  3.297152020535  5.545637073488  0.118401319746  -0.081351621694  -0.298347663650
  10  Si  3.224371011110  7.703015135492  1.194289372093  0.144906702798  -3.670528926731  0.292976632783
  11  Si  3.197085342472  7.676283677018  5.544649619968  -1.483933765488  -3.278279978081  0.636133085475
  12  Si  7.640235246715  3.356620409757  1.177229920504  -0.686855424855  -0.467906495258  1.199444905213
  13  Si  7.600269519970  3.293890417022  5.594062605272  -0.960428766061  0.382982230376  -0.061159173196
  14  Si  7.606472700507  7.716236118804  1.244175071876  -0.994482012884  -3.170388018211  -0.063451261457
  15  Si  7.582042402482  7.698481698584  5.638955655658  -0.922285696848  -3.194769728374  -0.867721375725
  16  Si  1.101657388282  1.122460712638  1.123979635313  3.796676739048  2.740484291946  3.096672685196
  17  Si  1.050082183339  1.094848060374  5.507875620830  3.454817136019  2.836019397496  1.973929016453
  18  Si  1.053269596722  5.503772475193  1.150102904114  3.944659831775  1.644370910391  2.903473006040
  19  Si  1.017498779962  5.465021397419  5.545552896563  3.552368924865  1.816111824690  1.360360911140
  20  Si  5.454985141383  1.123528176470  1.171223202687  -0.040437947044  1.253893758659  0.771222607180
  21  Si  5.435690574528  1.114705807227  5.539214579988  -0.252310160993  0.779571369306  0.518702417053
  22  Si  5.422496250349  5.496969300940  1.169598098079  0.384987145430  0.413757024576  1.083636909996
  23  Si  5.406708376101  5.534960145023  5.582749838652  -0.595360767205  -0.874382286401  0.020599399808
  24  Si  1.039107163903  3.300129977838  3.327537333494  3.537893683148  1.455084471387  2.303360138571
  25  Si  1.004855704746  3.283898917424  7.721993862228  2.792708522073  1.614416106629  -1.659245165034
  26  Si  1.005246737989  7.671650103968  3.344493376219  3.279562548968  -2.276560706758  1.326780598610
  27  Si  0.992143985708  7.646242816418  7.744049524524  2.990765985541  -1.806799545120  -2.190152323210
  28  Si  5.434185331639  3.303297500131  3.368786087511  -0.440525198511  0.329578908266  0.206328584839
  29  Si  5.384695790464  3.291020366059  7.734403628253  -1.227347653086  0.041974149851  -2.291265595741
  30  Si  5.402824082453  7.703373521308  3.403005137125  -0.315298143584  -3.491012771647  -0.242687363621
  31  Si  5.341105918131  7.657224467130  7.770989673360  -0.602157941893  -2.699392847533  -3.036365990787
  32  C  0.219623418419  0.085503012379  0.103981945314  -3.317355540628  0.908255081170  1.693744248506
  33  C  0.162205742853  0.064622193676  4.467324590281  -3.164048453357  0.756352814488  -1.261003684619
  34  C  0.173898330215  4.452793317995  0.137141860173  -2.446462368503  -1.866562135139  0.050405946607
  35  C  0.122195538119  4.423162660618  4.504533583968  -3.097189379971  -2.012524523758  -1.767047774873
  36  C  4.390108511017  0.057448374180  0.056985082899  0.751483706951  2.403537821927  2.432604099652
  37  C  4.362689469851  0.030598822797  4.445038055457  0.590931974525  2.557792530823  -0.390354059757
  38  C  4.352375830537  4.414095571703  0.083783009575  0.805929236772  -0.580040349756  2.124029682928
  39  C  4.319445654956  4.397993676937  4.477155278827  0.377588953118  0.065934373475  -0.472491760104
  40  C  0.168371669829  2.236906064052  2.300483695039  -3.097058372510  -1.757234479662  -2.326101836410
  41  C  0.113394714383  2.214000518146  6.697706591634  -2.976567420073  -1.617632777044  -2.316013955424
  42  C  0.112422198577  6.600582253722  2.304633520490  -2.711019453347  -1.361658608464  -1.205975246836
  43  C  0.112867113278  6.603339024942  6.699508615246  -3.460736503188  -2.204459771084  -2.196454545853
  44  C  4.334955444474  2.192325618819  2.260314797415  0.648875665120  0.196775722706  0.017700668370
  45  C  4.311219259505  2.195434296117  6.609249277131  0.112174187721  -0.179650530515  0.300882039484
  46  C  4.341187247819  6.584143797971  2.276092809195  -0.082229480058  0.091475488234  -0.055922129508
  47  C  4.263273656130  6.579895700413  6.657201752182  0.197719094916  -0.271452455892  -0.239730647985
  48  C  2.194804420945  0.015130574636  2.230577907372  0.275861671727  3.088295472159  0.152155699396
  49  C  2.117189480770  0.026569185702  6.605063648526  1.369555308899  2.082271653574  -0.373789397880
  50  C  2.127971106071  4.375088949161  2.264781395716  0.712035321318  0.624644890747  -0.360569223925
  51  C  2.109569814166  4.370576801881  6.615191926650  -0.007856133121  0.097805361146  0.498249477873
  52  C  6.564086696478  0.072073205256  2.267397888865  0.322879945009  2.203089356373  0.117081941501
  53  C  6.526575889802  0.026796481941  6.641752990276  -0.016877829417  2.690346315635  0.360567454303
  54  C  6.539308214082  4.402374570332  2.276903483803  -0.100587076435  0.289978349818  0.203821628914
  55  C  6.479126006339  4.387709840938  6.692961434559  0.351479873430  0.267326939038  -0.821275935674
  56  C  2.178094556714  2.219269799829  0.034840267965  1.550552974670  -0.094063919779  3.049799965696
  57  C  2.148397895952  2.185625819536  4.423242572525  0.202778344618  0.236845081801  0.067940316022
  58  C  2.157594388380  6.599470698113  0.066110663737  1.252847067475  -0.456550767246  3.121656058637
  59  C  2.105488074525  6.567175623768  4.428860576727  0.283266820932  0.104548363023  0.331073638547
  60  C  6.558960413518  2.227632351109  0.105910424039  0.833965796312  0.141756891653  2.027194521799
  61  C  6.521789471964  2.207258148766  4.471657781066  0.367357383554  0.050786111738  -0.289549122574
  62  C  6.538801557035  6.634952250686  0.127261511662  1.071340054107  -0.969611300316  1.781887113911
  63  C  6.511334927079  6.613266656126  4.506473265447  -0.139992970581  -0.135038443669  -0.175386553042


MDSTEP:  8
LATTICE_CONSTANT: 1.889726125458
LATTICE_VECTORS
  8.567384968634  0.000000000000  0.000000000000
  -0.118220556138  8.557703916124  0.000000000000
  -0.181335867257  -0.096978004640  8.591444050017
VIRIAL (KBAR)
  194.697069119528  29.135482307390  45.322545224356
  29.135482307390  198.204540377031  46.504325141883
  45.322545224356  46.504325141883  194.563904975552
INDEX    LABEL    POSITIONS    FORCE (eV/Angstrom)
  0  Si  3.261294408422  1.093121091374  3.340289028074  -0.460336739292  1.068518077752  0.419604151049
  1  Si  3.189852677577  1.098474070090  7.709479939586  -0.169405342482  1.114517055353  -2.829970939436
  2  Si  3.225995147639  5.499217872016  3.356364207694  -0.138615224710  -0.352846990543  0.280997719169
  3  Si  3.165420780901  5.486830484453  7.744768300789  -0.660015154852  -0.217969929030  -2.806660393185
  4  Si  7.628026343695  1.136746911972  3.378272930253  -0.423863972541  1.019826612667  0.184441792154
  5  Si  7.586905132954  1.128119468018  7.788122407286  -1.493165789534  0.704386205655  -3.373090646078
  6  Si  7.590702119715  5.519813174294  3.430712875616  -0.522054580256  -0.264055553960  -0.532037714294
  7  Si  7.576967288870  5.494911883995  7.751799917321  -2.060038660372  0.608316184064  -2.035324097190
  8  Si  3.249810774703  3.290582351697  1.183160453724  -0.145307716980  0.698504103366  0.282107193899
  9  Si  3.207441559382  3.296234663385  5.551491223369  0.136479611221  -0.122363543613  -0.398264489931
  10  Si  3.220485339646  7.706218749156  1.199951383053  0.148968584246  -3.756920904367  0.142998191826
  11  Si  3.199769018132  7.680745393963  5.542823962294  -1.614562263093  -3.349560124029  0.734873890977
  12  Si  7.639235837783  3.361141757578  1.173684605902  -0.769515934071  -0.532152998669  1.309658564505
  13  Si  7.594528604477  3.291163095547  5.598496721282  -0.926520758939  0.570475359111  -0.235544240953
  14  Si  7.603136539265  7.714131895501  1.246225773027  -0.763976945168  -3.020444702704  -0.189271886748
  15  Si  7.587098493605  7.699206890835  5.638529578945  -0.957771235014  -3.209233269390  -0.813767553191
  16  Si  1.107016078783  1.128522909599  1.126027223698  3.644385701013  2.610236042693  2.960348927566
  17  Si  1.045663870031  1.100982826486  5.511006090682  3.398087580145  2.587462501795  1.816404276570
  18  Si  1.050817324041  5.508309401901  1.155522692472  3.758137703689  1.431405282051  2.600214567742
  19  Si  1.023000565914  5.465280253466  5.543402146280  3.413725185500  1.703774749227  1.347884102676
  20  Si  5.459058277090  1.125809427944  1.167183671714  -0.103285678407  1.144934463243  0.775178228456
  21  Si  5.439101284077  1.113866585911  5.534525259792  -0.305690810546  0.702139067782  0.565470806788
  22  Si  5.417930704512  5.501391961149  1.175935953073  0.422847425874  0.302664442103  1.007443404305
  23  Si  5.403999651471  5.539680303349  5.579712598370  -0.507257249383  -0.985644139763  0.124966728124
  24  Si  1.036122536943  3.296504910756  3.330420281927  3.474838569074  1.339252442277  2.035193591940
  25  Si  1.009838568791  3.279550530466  7.719187217428  2.516915560229  1.747046763598  -1.648577525268
  26  Si  1.004117888325  7.676170332823  3.341682285803  3.403977197009  -2.432988813879  1.367976506857
  27  Si  0.998050653396  7.651470221823  7.739039663144  2.855449218818  -1.676921116809  -1.964334187092
  28  Si  5.435214522880  3.299300405055  3.374722535843  -0.517679919069  0.456705535927  -0.026215006878
  29  Si  5.383725981475  3.285054846797  7.732965973050  -1.344768859416  0.301594672376  -2.338959789758
  30  Si  5.405700504697  7.706432279774  3.397970747396  -0.345352700141  -3.604394456490  -0.143463845725
  31  Si  5.345730305761  7.657901576799  7.770039479726  -0.746585137945  -2.613100897896  -2.888196179151
  32  C  0.226308857884  0.090908228864  0.102624431196  -3.467537620940  0.871396594343  1.748899287988
  33  C  0.168730796781  0.056670380539  4.461864891020  -3.304651557549  1.187366741631  -0.895635014950
  34  C  0.166938890271  4.445717756359  0.135833727933  -2.092420573045  -1.558498607266  0.148350792626
  35  C  0.127317515315  4.412716504817  4.503673819343  -3.227128642933  -1.753147220769  -1.598158274843
  36  C  4.385496309383  0.056506387784  0.058201204534  0.927895745130  2.370365665135  2.396716378545
  37  C  4.362358485355  0.027835989201  4.443523341047  0.703758516218  2.665355138298  -0.497578551782
  38  C  4.355113071438  4.420023039651  0.087408601240  0.784435955168  -0.708248844022  2.025604254539
  39  C  4.321402339596  4.394196106673  4.478956637986  0.335067569749  0.122508064140  -0.458528226665
  40  C  0.157136697657  2.226802276418  2.297901506582  -2.782301832180  -1.326576790778  -2.143060770619
  41  C  0.104091476372  2.220802293785  6.688180236711  -2.808585322972  -1.716071207534  -2.003552019864
  42  C  0.112880142898  6.607534206105  2.310080221183  -2.855000051057  -1.583912781611  -1.360757934785
  43  C  0.119410437838  6.609274961491  6.705006004517  -3.635208705720  -2.475597433264  -2.442487419736
  44  C  4.330947580278  2.185790562046  2.252608950565  0.808702186770  0.322708544341  0.209020190518
  45  C  4.314837380187  2.186801080791  6.602347176818  0.062471351764  -0.059704893022  0.431419175591
  46  C  4.335803175643  6.579918250980  2.275437064243  0.025935732074  0.294793088416  0.005139288077
  47  C  4.266782206368  6.583978671066  6.660986570119  0.117864728870  -0.292742298844  -0.390406441068
  48  C  2.187768858726  0.014596542743  2.231665204292  0.498655515111  3.278045620308  0.146274868655
  49  C  2.122357578520  0.036286116940  6.611283658881  1.277006932959  1.978588184702  -0.655771414836
  50  C  2.125386183584  4.384293620588  2.271725582584  0.776191389604  0.352692509824  -0.471305761665
  51  C  2.115098728725  4.363040374949  6.621521496057  -0.087225127857  0.288651473078  0.353622648919
  52  C  6.571621154807  0.078269439604  2.272061301524  0.109024433325  2.144465552510  -0.015933128004
  53  C  6.530847142860  0.033301748286  6.644913047146  -0.005635545978  2.548929568716  0.226031983194
  54  C  6.541368295451  4.411828237408  2.282650242278  -0.220477644378  0.036344334600  0.086711627440
  55  C  6.483234915346  4.391267577452  6.698801568718  0.104578186624  0.155370543157  -1.025992549822
  56  C  2.185428633763  2.226624956616  0.030085291191  1.438622350351  -0.241750353857  3.225517066062
  57  C  2.144632728544  2.187190774143  4.429799021144  0.301505739700  0.233117163718  -0.046542534500
  58  C  2.149244399419  6.602627223634  0.062699557456  1.496736022274  -0.575512463349  3.222284744089
  59  C  2.106730028564  6.565445063368  4.421846257191  0.317009371185  0.225014775565  0.518860291591
  60  C  6.557759281400  2.232180519723  0.099555755650  0.830043769884  0.068379959250  2.248629995026
  61  C  6.518041599797  2.207862720475  4.465232805550  0.441979420147  0.019272635483  -0.096958826947
  62  C  6.532142776412  6.632606471253  0.136332757426  1.197363677081  -0.896700703512  1.613889256636
  63  C  6.517678178412  6.606470361518  4.508910565261  -0.266717633987  0.051935320713  -0.236387129139


MDSTEP:  9
LATTICE_CONSTANT: 1.889726125458
LATTICE_VECTORS
  8.567384968634  0.000000000000  0.000000000000
  -0.118220556138  8.557703916124  0.000000000000
  -0.181335867257  -0.096978004640  8.591444050017
VIRIAL (KBAR)
  194.673770046068  28.917535335802  43.843680602020
  28.917535335802  197.823776443006  48.144137252006
  43.843680602020  48.144137252006  193.597817723886
INDEX    LABEL    POSITIONS    FORCE (eV/Angstrom)
  0  Si  3.261080757049  1.096875061553  3.342101365081  -0.480612194470  0.917456552168  0.363486773531
  1  Si  3.187074310683  1.098354817537  7.705949789758  -0.171396953105  1.189980796150  -2.937487340434
  2  Si  3.221201789889  5.496282195852  3.352526110859  0.073949348362  -0.239032763040  0.446707086191
  3  Si  3.161982416344  5.487759420191  7.747384062534  -0.575694397375  -0.275673987768  -2.994247865435
  4  Si  7.622644933976  1.138135478502  3.377815842483  -0.176361019074  1.045244732054  0.188201091427
  5  Si  7.583587008714  1.123550396413  7.791734661908  -1.422251224485  0.732287958968  -3.641124508469
  6  Si  7.589199199481  5.520163523572  3.431835766143  -0.553816425568  -0.351331807155  -0.433034534740
  7  Si  7.575927647419  5.499300108659  7.746242973052  -1.877765438449  0.357590484532  -1.904984051535
  8  Si  3.251668843388  3.296316458771  1.183863814438  -0.164671192326  0.574479867260  0.317660478165
  9  Si  3.208165495320  3.299630411022  5.553855403262  0.184088813700  -0.253938816024  -0.629023795694
  10  Si  3.216454349175  7.701753980757  1.199332026135  0.254268063942  -3.553381985617  0.176612591489
  11  Si  3.203356724449  7.680256774936  5.548462170655  -1.608742121691  -3.240204416384  0.505499239422
  12  Si  7.633999566559  3.363431684039  1.170149453573  -0.746286264291  -0.524631553008  1.439195903847
  13  Si  7.591860131682  3.297176578657  5.601990907313  -0.842049831465  0.417748916030  -0.491908118314
  14  Si  7.597547520354  7.707119565584  1.244217693837  -0.332688655825  -2.819502027198  -0.171367977982
  15  Si  7.587478814794  7.695880921747  5.638052264257  -0.867166096984  -3.164461863447  -0.935016032803
  16  Si  1.107192159248  1.132429003318  1.120731191402  3.554165427619  2.522764412737  3.181352838521
  17  Si  1.040504636232  1.097992805770  5.516052668473  3.635457633995  2.847468702471  1.644042016698
  18  Si  1.047480440084  5.513386579482  1.159776314204  3.870637223139  1.278080876942  2.464776340037
  19  Si  1.026708173378  5.464571681733  5.544106948754  3.314093717543  1.765159412066  1.154827536229
  20  Si  5.457502257810  1.127383069779  1.171074003998  -0.116045245079  1.169063482601  0.679164847159
  21  Si  5.443363615352  1.112874121519  5.532449291018  -0.375207015675  0.760206364063  0.418092434162
  22  Si  5.421272697709  5.501846722054  1.169928199099  0.389757162387  0.354403103620  1.169302635013
  23  Si  5.409593397643  5.543898670083  5.585775539647  -0.905889821254  -1.145792532572  -0.011184144760
  24  Si  1.040103058011  3.302751802481  3.324608442175  3.291641548969  0.909934038914  2.047253229985
  25  Si  1.004990572835  3.280090509846  7.716442752255  2.622997383941  1.457367230699  -1.672212068059
  26  Si  1.005933262741  7.680754703978  3.336427133937  3.141155874049  -2.583479282104  1.819344064313
  27  Si  0.999920900296  7.656544070313  7.735317138506  3.054000812251  -1.819293084345  -1.875252558314
  28  Si  5.433792127708  3.293922903410  3.369694899113  -0.440374200305  0.608295137921  0.117253354008
  29  Si  5.378823397437  3.288715258590  7.732406270125  -1.185442805406  0.003645065005  -2.270898631575
  30  Si  5.407939377766  7.700673894072  3.392789233983  -0.444124476498  -3.406483343545  -0.010605683438
  31  Si  5.344898988605  7.663407467648  7.769237708516  -0.732328452839  -2.664193642907  -2.734672561708
  32  C  0.229198469607  0.096262888237  0.094831354307  -3.540928790542  0.592072243776  2.020366850353
  33  C  0.172060924694  0.061073352046  4.468941326108  -3.499313708475  0.867136260237  -1.296770786482
  34  C  0.170422641203  4.442150672062  0.142572016133  -2.254182481161  -1.319135977524  -0.118150858243
  35  C  0.129959085633  4.410283185881  4.498891432368  -3.218038655360  -1.592013297987  -1.391110066966
  36  C  4.378119401171  0.068398878197  0.054890592804  1.144459822030  2.036563268875  2.566289473853
  37  C  4.356072629971  0.031299642710  4.436501677016  0.969521173158  2.488359349401  -0.394953419441
  38  C  4.354257302950  4.428899179099  0.083976562499  0.841684545440  -0.909702480658  2.084238991397
  39  C  4.322537010771  4.386923689700  4.468942310672  0.349616888309  0.317787797602  -0.231367098664
  40  C  0.146114413089  2.231996393386  2.289647717311  -2.492122488438  -1.264025627217  -1.926674069346
  41  C  0.095225794094  2.214778914688  6.679804931358  -2.613029816275  -1.434376723000  -1.648029028236
  42  C  0.114294032833  6.597266484938  2.316901553320  -2.943836444929  -1.251288503443  -1.402102668475
  43  C  0.121025216002  6.614301338565  6.704381910213  -3.642495600118  -2.647878181922  -2.458023706692
  44  C  4.333902473974  2.188203830594  2.261825317225  0.738017559562  0.295297781114  -0.080628819114
  45  C  4.313786321859  2.184115484181  6.600691579203  0.101600309885  0.019522180830  0.490241903240
  46  C  4.341249809537  6.579420747700  2.273401774825  -0.086125602715  0.259219976160  -0.067852158118
  47  C  4.257041159625  6.586183622668  6.669981706137  0.413200969971  -0.342317090570  -0.463366237974
  48  C  2.181737364715  0.008158406768  2.240510925143  0.788735515269  3.526084578986  -0.330335428617
  49  C  2.121917734547  0.039695242328  6.602088645227  1.275059175921  1.904783448544  -0.408688415365
  50  C  2.124923658773  4.387635027201  2.278964133646  0.801876851294  0.369041728838  -0.764825683820
  51  C  2.117435978507  4.369746428158  6.614752255574  -0.166188172778  0.104710979985  0.571227848765
  52  C  6.577375832285  0.080147998323  2.266025458020  -0.084806248321  2.001347824671  0.162750000557
  53  C  6.534398535962  0.030014567889  6.636061002569  -0.176003360708  2.577040301762  0.472884002190
  54  C  6.536059461980  4.418853552195  2.285865931213  -0.170093255155  -0.113976195880  -0.082833480259
  55  C  6.477210044622  4.387261648646  6.688460162746  0.232582184356  0.326106770558  -0.711318940380
  56  C  2.188498866930  2.217700200991  0.032450457724  1.301072608383  0.192682511020  3.055798779878
  57  C  2.154775705887  2.178837370940  4.421950215508  -0.018461323196  0.466906309286  0.176634096083
  58  C  2.159630650266  6.597217790805  0.058430826872  0.991942669016  -0.270888032390  3.313525146805
  59  C  2.114871197263  6.569238643109  4.427251172871  0.177629495701  0.157177958282  0.405095930025
  60  C  6.567669962974  2.224736612277  0.099382678019  0.361683171408  0.419861797927  2.180226474174
  61  C  6.525232084674  2.212812299324  4.459624060264  0.260821678610  -0.049123905217  0.029910342832
  62  C  6.542912375071  6.632461723104  0.142279858935  0.836339353157  -0.806040168334  1.280655042534
  63  C  6.511223009243  6.600617963668  4.518062187946  -0.047517201032  0.209287087203  -0.452566603431


MDSTEP:  10
LATTICE_CONSTANT: 1.889726125458
LATTICE_VECTORS
  8.567384968634  0.000000000000  0.000000000000
  -0.118220556138  8.557703916124  0.000000000000
  -0.181335867257  -0.096978004640  8.591444050017
VIRIAL (KBAR)
  192.735690582534  29.738362903699  47.173046608163
  29.738362903699  198.104407029016  45.931029393129
  47.173046608163  45.931029393129  192.703370558544
INDEX    LABEL    POSITIONS    FORCE (eV/Angstrom)
  0  Si  3.257283200876  1.096498059311  3.346594389535  -0.307318049464  0.942759412229  0.411751878409
  1  Si  3.192498253401  1.100781967309  7.699512051537  -0.421236265817  1.208013756002  -2.772040253959
  2  Si  3.227061850627  5.492605272622  3.348147233136  -0.154294767961  -0.209172272136  0.626154180171
  3  Si  3.160524854486  5.483983514621  7.742850693322  -0.511052070917  -0.254262052329  -2.884181666267
  4  Si  7.622856869366  1.134230880310  3.377890302717  -0.220346487857  1.221009268230  0.223502598070
  5  Si  7.585563572383  1.118057943973  7.786055677953  -1.581465430540  0.885344810923  -3.447494766011
  6  Si  7.587987971690  5.513757820859  3.429007537097  -0.482643441516  -0.240797341979  -0.387316106766
  7  Si  7.579829847152  5.504806429154  7.739385539963  -2.113267155537  0.163739253067  -1.768187928286
  8  Si  3.245393916123  3.301746517867  1.185106383812  -0.065033115662  0.401381956404  0.350156459444
  9  Si  3.212166904856  3.293518828687  5.557631891653  0.068011932903  -0.094930401232  -0.772110413647
  10  Si  3.220006444694  7.697814538198  1.195754999142  0.049509086541  -3.401844252512  0.401439771962
  11  Si  3.203698839849  7.674969651718  5.553954564517  -1.566062811081  -3.018068223408  0.278437251158
  12  Si  7.636147501457  3.357974046465  1.165429714564  -0.853754516624  -0.462535739032  1.541344970851
  13  Si  7.596380922178  3.297721007318  5.599864641901  -1.054930967750  0.443167908437  -0.425576309493
  14  Si  7.591800499315  7.699886271641  1.244875957576  -0.332712392540  -2.656227151414  -0.255842727574
  15  Si  7.588496077379  7.697932389607  5.639642248452  -0.735580110765  -3.264752752852  -0.993563900901
  16  Si  1.112238370235  1.128475238914  1.124388436861  3.520334742238  2.795450046208  3.318894873567
  17  Si  1.035961216089  1.105635991182  5.517627148633  3.747201527028  2.734492835353  1.332102624346
  18  Si  1.043752931842  5.507334153441  1.159927355876  3.963974310707  1.321327963703  2.453704256938
  19  Si  1.030861001746  5.469562854147  5.544721716371  3.176781762600  1.666287166258  0.965728010388
  20  Si  5.457531161482  1.128696099856  1.175744768729  -0.165945746068  1.141390906802  0.707009612308
  21  Si  5.446603880564  1.108003386586  5.525918307556  -0.296474006447  0.844240363870  0.608325752470
  22  Si  5.423156397624  5.506178991648  1.165315987638  0.295349929318  0.137450798215  1.312974246640
  23  Si  5.412755908382  5.545587528350  5.588096784968  -0.894892491800  -1.220796210635  -0.221285726095
  24  Si  1.035812249823  3.306452270855  3.328310293928  3.486297404395  0.819034594842  2.061147496153
  25  Si  1.008125288136  3.278356124899  7.715067304326  2.247183783639  1.613659646746  -1.856428262466
  26  Si  1.004219098740  7.674519186801  3.338368844980  3.152620137034  -2.294259343835  1.649742587326
  27  Si  1.007679192425  7.651716813164  7.735716428676  2.453617459345  -1.336875200448  -1.784156919166
  28  Si  5.434421513252  3.291810480104  3.371225299633  -0.593388060479  0.583455780900  0.048989509582
  29  Si  5.371562993569  3.282471292307  7.730562886653  -1.010996315044  -0.033651892746  -2.233066454234
  30  Si  5.408089779186  7.700265255820  3.399571867119  -0.429329039982  -3.297560756833  -0.193594914954
  31  Si  5.342449720212  7.659684909919  7.763014496542  -0.818914046344  -2.458754634101  -2.457648485882
  32  C  0.223396351252  0.105730797668  0.105422576159  -3.133601113380  -0.084814639718  1.518566163207
  33  C  0.169234572260  0.065464709627  4.469442959746  -3.360923241263  0.758924914136  -1.314923777434
  34  C  0.161542567523  4.447104655023  0.138591633341  -2.038161730337  -1.559339106753  -0.180613309562
  35  C  0.135499237356  4.407824109988  4.501080082122  -3.312317231010  -1.412371359218  -1.316189481142
  36  C  4.375329860963  0.075192646798  0.062689780815  1.372980938903  1.821995047713  2.233772581067
  37  C  4.365765282561  0.038106170410  4.446105583663  0.640915628156  2.191749355325  -0.483479083721
  38  C  4.354833633399  4.423560448974  0.081412939864  0.709509216162  -0.769837124635  2.126629821487
  39  C  4.314387329435  4.382700911200  4.465578054632  0.569887738502  0.422364630397  -0.113899500732
  40  C  0.144665456053  2.237575562384  2.296695610769  -2.446330603437  -1.448644511017  -2.104605373147
  41  C  0.093447555630  2.206251345718  6.672174600622  -2.556895472010  -1.064676851810  -1.344637883977
  42  C  0.114779828068  6.596537659892  2.307851738546  -2.971330521697  -1.274852944178  -1.212240122170
  43  C  0.119308687495  6.601825962885  6.708787978820  -3.483137381210  -2.173097130851  -2.483384716406
  44  C  4.326638851274  2.181632789562  2.263545487401  0.837060249052  0.473263707133  -0.116339136844
  45  C  4.312735321083  2.174838804579  6.591080802251  0.213403870918  0.124104032664  0.669561093396
  46  C  4.332744813955  6.577237057800  2.279109791021  0.189251046729  0.313478058214  -0.237592780558
  47  C  4.265284277432  6.581821210744  6.669570281286  0.138020698012  -0.281697471324  -0.458893701960
  48  C  2.189593995905  0.017413041424  2.246207737439  0.608947593205  3.115316640436  -0.383146402001
  49  C  2.115317793997  0.049826274578  6.592635124272  1.395995333819  1.596928276856  -0.126450589818
  50  C  2.125374542151  4.386476038212  2.286428427044  0.717201746138  0.434209760581  -0.950475170745
  51  C  2.115095481141  4.379305259929  6.605305155143  -0.037188459272  -0.167256012432  0.738116291451
  52  C  6.579403584691  0.083471681321  2.267135900487  -0.216918289858  1.789753994239  0.187745184229
  53  C  6.539038865628  0.024400892076  6.637681594303  -0.313589829345  2.666088696641  0.456748477054
  54  C  6.536475824549  4.413831017235  2.290841186995  -0.204763039820  -0.056633906708  -0.264183408175
  55  C  6.469125487312  4.392069350449  6.694247521529  0.424674535791  0.157942438795  -0.853836000223
  56  C  2.181877375898  2.224574243786  0.028262714826  1.586212708020  -0.064247746607  3.118312808749
  57  C  2.163466077767  2.183233558220  4.421971524210  -0.277002254154  0.409816281856  0.245453090163
  58  C  2.158484155866  6.597635004639  0.056784796263  1.169033994514  -0.446082196331  3.385454718790
  59  C  2.108423400330  6.572984852439  4.421260353324  0.393783955432  0.050569842830  0.506814741476
  60  C  6.562854131117  2.217891235335  0.103971722932  0.479545154240  0.501984576101  1.924098426826
  61  C  6.517804581618  2.213992517448  4.461351125100  0.486592819557  -0.089980915681  -0.004328012245
  62  C  6.536650549557  6.624520450764  0.136118309804  0.958267953774  -0.575304871159  1.336674065594
  63  C  6.515840211348  6.608883357606  4.513433829685  -0.090370799684  -0.037371708193  -0.337640256713


