MDSTEP:  0
LATTICE_CONSTANT: 1.889726125458
LATTICE_VECTORS
  9.478527367986  0.000000000000  0.000000000000
  -4.853011426852  7.998852649969  0.000000000000
  -0.213846025732  0.144814790171  10.364395453215
VIRIAL (KBAR)
  -94.464185334974  20.043819754885  33.577451227807
  20.043819754885  28.768565822356  -25.162854048036
  33.577451227807  -25.162854048036  -95.070472160878
INDEX    LABEL    POSITIONS    FORCE (eV/Angstrom)
  0  Si  -0.042251921123  1.829071178644  2.547382984249  -0.272775148835  0.349255752477  0.295293923129
  1  Si  3.052351914202  7.267971991523  2.548253623172  -0.031136396532  -1.432656236801  0.543471312014
  2  Si  -3.210956623842  7.227263011344  2.481353804372  -0.417945106166  -1.886462764460  1.015366961475
  3  Si  4.600703388589  6.394233733439  5.133878767771  0.534655808197  -0.315650550075  -0.434559761509
  4  Si  1.504150468551  0.949017836851  5.140937907011  0.229249900170  1.007549787665  -0.445845276510
  5  Si  7.772765589836  1.004749562976  5.215173739100  0.720447317157  0.655923842864  -1.006140833127
  6  Si  -0.093905693574  1.867028400611  7.700172992142  -0.288918121489  0.280927732666  0.162422872253
  7  Si  3.004529103759  7.309141811702  7.689038082835  -0.108691531176  -2.040498301287  0.694749206840
  8  Si  -3.251895115271  7.264461351311  7.619878480170  -0.955880859726  -1.603508226494  1.069110239676
  9  Si  4.549379338767  6.436238341467  10.283961170247  0.080290560389  -0.277871530419  0.201850484276
  10  Si  1.450332330154  0.983519104600  10.284898437624  0.045307132391  1.108618199807  0.385993890303
  11  Si  7.717805639557  1.029082396460  10.349592767673  0.424752996786  1.129745509742  -0.029419166477
  12  Si  -1.618856267720  4.532798565132  2.521657799438  -0.511517320029  -0.035186584348  -0.088993381188
  13  Si  1.517941847591  4.556190923839  2.552075504470  -0.295628088611  -0.145011469670  -0.388330671832
  14  Si  -0.082731310733  7.243991676241  2.509624972239  -0.085342670598  -1.637277944755  0.667898447899
  15  Si  6.179425333622  3.695044312474  5.169130813784  0.620390789249  -0.144294205825  -0.589123625145
  16  Si  3.046424531712  3.669710599096  5.145368049685  0.203049070173  -0.006309591895  -0.191389518595
  17  Si  4.635767541259  0.969655126545  5.179590274673  0.344395994596  0.850472942952  -0.493807374924
  18  Si  -1.679220477893  4.557159695568  7.649963388200  -0.400542105852  0.273124325353  0.322429420724
  19  Si  1.449957848185  4.589310782252  7.686139765565  0.010364913501  -0.034660021471  -0.061028110764
  20  Si  -0.129253884914  7.284309384379  7.652485916411  -0.267309588279  -1.812770648653  0.757881480035
  21  Si  6.132250613010  3.733080203866  10.308678656405  0.249794344277  0.092261614557  0.393444734069
  22  Si  3.000487530188  3.713620361448  10.290342377920  -0.368301127617  0.003614616399  0.577070735197
  23  Si  4.581622019628  1.012463046654  10.312831437668  -0.058822099539  0.941911770284  0.543406510647
  24  Si  3.087169660504  1.844570292402  2.589167902380  0.149624722499  0.375766851401  -0.137465776570
  25  Si  6.228128745368  1.867669305456  2.624483429629  -0.062781797957  0.395807803635  -0.360280854844
  26  Si  4.640328717284  4.575029052243  2.586601152329  0.068545206960  -0.115323416912  -0.369256291585
  27  Si  1.470009790431  6.371802846469  5.104945848105  0.048976067984  -0.373821321328  -0.129608513710
  28  Si  -1.661550200339  6.350537190143  5.080159191938  -0.105430137904  -0.347524999984  -0.313360062075
  29  Si  -0.082417845907  3.656903146720  5.098241199547  -0.061155403630  -0.234063889490  -0.056557213358
  30  Si  3.034387469172  1.884949290841  7.719214658416  0.020616000401  0.287993200850  0.155523597453
  31  Si  6.169048561920  1.914198413141  7.764126926624  0.100293807349  0.002390603530  -0.139867256872
  32  Si  4.587131804157  4.603384982994  7.725516685943  -0.044501468305  0.113802582651  -0.206690074910
  33  Si  1.409332313192  6.401216410626  10.249546302247  -0.181401736410  0.081375703281  0.694906664203
  34  Si  -1.720969404308  6.383209965225  10.207297092559  -0.210155996298  -0.051995375957  0.765226002295
  35  Si  -0.135092984847  3.683200996621  10.242700628101  -0.237354255517  0.300296895233  0.772027418300
  36  C  -0.063864032359  1.838800417638  4.482453363217  -0.321650081057  0.298269432765  0.636613169920
  37  C  3.040220246611  7.283065796992  4.479975469097  -0.266106088516  -0.883973498437  0.288804758909
  38  C  -3.219574122751  7.239757565601  4.417944096706  -0.773527569732  -0.969775241543  0.716516008300
  39  C  4.581821347071  6.401969098104  7.063890683842  0.333754001115  -0.104048978495  -0.061639744592
  40  C  1.486271454859  0.971814779190  7.072863021156  0.004774043851  1.562570731285  -0.773757446906
  41  C  7.752346896806  0.999882394440  7.144458803553  0.414607400680  2.091976915205  -1.202326579258
  42  C  -0.103667649164  1.877886477617  9.617528186354  -0.591925193840  0.191478034114  0.902172911475
  43  C  2.982327212199  7.321028426192  9.613777864496  -0.230635709200  -1.053470257526  0.548980357106
  44  C  -3.283545399682  7.272069242369  9.552621685243  -0.678136856361  -0.871452318058  0.920715100376
  45  C  4.630608982256  6.373622847199  1.932660384919  0.629540913980  -0.406111244973  -0.979831209713
  46  C  1.542616272283  0.924505977058  1.942947670408  0.218280433150  1.730131066672  -1.732487152285
  47  C  7.801766157563  0.980743332024  2.001262871994  0.872277244408  1.181062500668  -1.917354515941
  48  C  -1.650793427724  4.540993963357  4.444918238912  -0.401624977238  0.016026405781  0.712988681792
  49  C  1.484182013196  4.550580736949  4.478765360476  0.104874027585  0.280536850717  0.107863137971
  50  C  -0.095008779979  7.255126437051  4.451146105020  -0.202429529211  -0.859843616706  0.223145756239
  51  C  6.166186084316  3.700008878575  7.102836913649  0.298748139959  -0.001399694614  -0.260974743102
  52  C  3.028806181713  3.681778737980  7.071433430067  0.089617517548  0.044815500472  0.167740019166
  53  C  4.613449414609  0.984916835017  7.106849595841  0.278630687711  1.830739227174  -0.758543254108
  54  C  -1.693455724204  4.579205266604  9.578601021384  -0.604460930401  -0.109993056512  0.715306405072
  55  C  1.432518966166  4.600959596452  9.613836497491  -0.004688453200  -0.057430456165  0.319168155305
  56  C  -0.148388770780  7.298698628633  9.583480625741  -0.283990319678  -0.948725189068  0.447032095251
  57  C  6.217344011649  3.672959246603  1.967046480718  0.700078232938  -0.312115753961  -1.003906283331
  58  C  3.081579827272  3.649750843969  1.931403580812  0.470311147038  -0.232862197409  -0.579743581327
  59  C  4.664743281450  0.950218228784  1.974383095315  0.612669433440  1.581637124833  -1.616041448105
  60  C  3.080186932862  1.860593309969  4.527466594161  -0.108183233621  0.263396848419  -0.058858564550
  61  C  6.201563898704  1.876175715320  4.546271258770  0.143645698688  0.339930508286  0.276482985585
  62  C  4.623015581439  4.584819884747  4.516960263058  -0.162726139300  -0.063081107959  -0.005332426866
  63  C  1.452635962932  6.385666563046  7.032443877205  -0.097600790902  -0.097808762809  0.236759626318
  64  C  -1.694140078529  6.367168307871  6.998460287642  0.150489203708  -0.284049549528  0.307741713704
  65  C  -0.100360333652  3.661975793633  7.038110625045  -0.097798362890  -0.004577605053  0.003167275071
  66  C  3.016725976876  1.890688137715  9.657543756552  0.036376906368  0.486690205386  0.210969278039
  67  C  6.147905373693  1.910252118515  9.686287249556  0.148942540751  0.471910464093  0.292475027740
  68  C  4.561634840699  4.615361422753  9.651871517064  0.086276277549  0.123821647178  0.231596864588
  69  C  1.508583174105  6.360194386221  1.902720354334  0.113969108019  -0.523724450074  -0.693576814376
  70  C  -1.619521069596  6.326305822821  1.854157337841  -0.136248923695  -0.331315116467  -0.538283152738
  71  C  -0.048461209927  3.625646151263  1.896212497237  0.368706528748  -0.135188023214  -0.659932547525


MDSTEP:  1
LATTICE_CONSTANT: 1.889726125458
LATTICE_VECTORS
  9.478527367986  0.000000000000  0.000000000000
  -4.853011426852  7.998852649969  0.000000000000
  -0.213846025732  0.144814790171  10.364395453215
VIRIAL (KBAR)
  -94.376728875509  20.176710786203  33.525225472774
  20.176710786203  28.323052751377  -25.097727955510
  33.525225472774  -25.097727955510  -95.055879196860
INDEX    LABEL    POSITIONS    FORCE (eV/Angstrom)
  0  Si  -0.041425468286  1.828411050957  2.548017228812  -0.290047026210  0.369325791438  0.265749846588
  1  Si  3.052218284486  7.267149542478  2.548563235180  -0.025291473723  -1.380764147326  0.519308371081
  2  Si  -3.210979070940  7.227651556529  2.481747234349  -0.414477748551  -1.898273918917  1.005871605705
  3  Si  4.601614266930  6.393078773100  5.134092114420  0.512548416671  -0.279406575957  -0.434718993819
  4  Si  1.504194187797  0.949981161581  5.141141390473  0.221858903200  0.981583348231  -0.457075746580
  5  Si  7.773447629991  1.005282489750  5.214667166267  0.702707821073  0.643137676677  -1.001128210907
  6  Si  -0.093957075615  1.867088865640  7.699921543415  -0.290413208790  0.289037759072  0.168992257946
  7  Si  3.005314666588  7.309610723966  7.689206734128  -0.121140442010  -2.025874599577  0.688888298601
  8  Si  -3.251523901716  7.264434813798  7.619588452478  -0.964066954825  -1.588993664352  1.080124731208
  9  Si  4.549141209996  6.436505181230  10.284236825469  0.089879083856  -0.297525240449  0.193333255093
  10  Si  1.450252230553  0.984646544371  10.284873378652  0.042329306236  1.073829897732  0.377400950448
  11  Si  7.717767185196  1.028517828222  10.349558482206  0.421792669264  1.141707351975  -0.025476936217
  12  Si  -1.618708214246  4.532108585999  2.521461297868  -0.514487084170  -0.034874352716  -0.092813446435
  13  Si  1.517955590614  4.556873959599  2.552200275072  -0.297349628352  -0.152897906485  -0.405573505212
  14  Si  -0.083276714263  7.243177320181  2.509239776138  -0.090417582978  -1.597013187041  0.675076481353
  15  Si  6.179025688528  3.694396402256  5.169194064572  0.628497551993  -0.129982037690  -0.600013540746
  16  Si  3.046186844940  3.670903591159  5.145867939242  0.211796985101  -0.016496997215  -0.215258121718
  17  Si  4.635750067306  0.970258512724  5.180110818634  0.344506375657  0.836916645187  -0.502334137397
  18  Si  -1.679287941220  4.557070145543  7.649606970789  -0.401723103987  0.261360274325  0.327908133350
  19  Si  1.450363698476  4.589855128180  7.685402499379  -0.007084820848  -0.045424771235  -0.045089984877
  20  Si  -0.129706074582  7.283215358339  7.652026591350  -0.255535368710  -1.760766328856  0.765758865085
  21  Si  6.132689283753  3.733223736388  10.308301627429  0.229937766377  0.089724573370  0.404087905591
  22  Si  3.000049473065  3.713212002040  10.290022674576  -0.364743931485  0.003591804399  0.586357123719
  23  Si  4.582482216522  1.012921565355  10.312618428066  -0.080041848702  0.925500102478  0.545943554621
  24  Si  3.087435189422  1.845274008177  2.589074134064  0.157505948147  0.368892929297  -0.134425716324
  25  Si  6.227796055894  1.868175490155  2.624907890202  -0.053480446863  0.379038624372  -0.377203552934
  26  Si  4.640355405311  4.574822258317  2.586566280974  0.075011385779  -0.116540485209  -0.373284969229
  27  Si  1.469419558692  6.372757492702  5.104499325914  0.065449893082  -0.383510940982  -0.123190191923
  28  Si  -1.661768554253  6.349875223410  5.080670762772  -0.107063037911  -0.330405549063  -0.319564522725
  29  Si  -0.082515959596  3.657466035209  5.097575116965  -0.053279026381  -0.234051406950  -0.058733229578
  30  Si  3.034605758058  1.884384944307  7.719495423079  0.002926745338  0.309158687778  0.141884016694
  31  Si  6.167739271289  1.914606309759  7.764896526410  0.140493928648  -0.001293340609  -0.148508170034
  32  Si  4.587195707779  4.602657094076  7.726319361068  -0.047874587055  0.128495408943  -0.233704551541
  33  Si  1.409316879998  6.400454356497  10.249298395206  -0.188800543906  0.084074363010  0.710263219940
  34  Si  -1.720301852434  6.383099169356  10.206824463421  -0.227260771623  -0.054437759433  0.780599050893
  35  Si  -0.135119899248  3.683679313025  10.242346235479  -0.256417054621  0.287861617774  0.778637127710
  36  C  -0.065187708383  1.838935275643  4.482000266770  -0.291787755832  0.304372400912  0.641990453304
  37  C  3.040364712025  7.283091770363  4.479088283516  -0.260168255623  -0.882537606892  0.314343432930
  38  C  -3.220525637143  7.238773607266  4.418155630402  -0.756697771080  -0.937083578604  0.725245627660
  39  C  4.582541864698  6.402649860092  7.064272688648  0.326137947696  -0.129279355555  -0.062334701953
  40  C  1.485431437459  0.972312610121  7.072622283515  0.027418087884  1.546539659172  -0.766140520497
  41  C  7.753053679231  1.001141082388  7.144323651148  0.394054724841  2.062349328454  -1.193669439393
  42  C  -0.104233531219  1.878271885507  9.617342927474  -0.586905196073  0.184111966247  0.900919986068
  43  C  2.981325681354  7.319990516250  9.614354802347  -0.212720150551  -1.036480669370  0.538009212505
  44  C  -3.282706521860  7.271385069044  9.552553193474  -0.696058872860  -0.840490118360  0.926765265907
  45  C  4.631180345671  6.372703607585  1.932113498912  0.616611009628  -0.386740797952  -0.974752411640
  46  C  1.543571967655  0.924991950152  1.942769579497  0.208840764669  1.719293879265  -1.725793626403
  47  C  7.801774961080  0.981951206713  2.000070419974  0.880120463155  1.127031101293  -1.889216037053
  48  C  -1.650434869273  4.541794465323  4.444715975078  -0.411079843056  -0.006112379943  0.713962584461
  49  C  1.484929591584  4.551374027941  4.477305339515  0.085447979676  0.273277229814  0.137242909182
  50  C  -0.095404084093  7.254836323575  4.451962137057  -0.210092865417  -0.841716546907  0.212367622983
  51  C  6.166459376152  3.699347216813  7.101658082328  0.286559814179  0.013203346458  -0.235926726686
  52  C  3.027869423907  3.682149596600  7.070174264952  0.109712288476  0.038555634096  0.198954815179
  53  C  4.614112943984  0.986269895550  7.107176043125  0.262529212507  1.773932086658  -0.747722251550
  54  C  -1.695138230272  4.579154014955  9.578634461675  -0.574240189427  -0.113782689255  0.707558891460
  55  C  1.432045734657  4.600104259537  9.614753888173  0.001878612013  -0.045056175409  0.288779637157
  56  C  -0.148234616891  7.297620365770  9.583564276461  -0.280583971136  -0.923868354375  0.442733829431
  57  C  6.216949439774  3.671907028667  1.966838340768  0.706647170324  -0.288584995745  -1.001670473437
  58  C  3.081555555491  3.649966652291  1.931526923975  0.469131315431  -0.227746001086  -0.584681548615
  59  C  4.665127674281  0.950921780827  1.973744484466  0.603844765907  1.548594488471  -1.601064729139
  60  C  3.080686180688  1.860999860390  4.527873274844  -0.119671965173  0.270938013490  -0.065173081383
  61  C  6.200969238656  1.876331602390  4.546072626311  0.156470508187  0.335696724460  0.279300193868
  62  C  4.623537981659  4.586010460871  4.516955305903  -0.170224391275  -0.096724589872  -0.006146706126
  63  C  1.452347568128  6.386283627936  7.032991104263  -0.084033364948  -0.101424440261  0.219577735749
  64  C  -1.693933986529  6.367159433355  6.999453770704  0.144245610205  -0.288835002044  0.284499453005
  65  C  -0.100462806613  3.661530817619  7.037236934440  -0.090957993689  0.015124177618  0.014658985164
  66  C  3.016107757492  1.890762405867  9.656998575704  0.054523028389  0.482944721144  0.219432973009
  67  C  6.147754847822  1.910734639140  9.686761707890  0.156729740233  0.463668794931  0.279581246479
  68  C  4.560689407167  4.614181671481  9.651193024564  0.100656713157  0.142599531625  0.250140663307
  69  C  1.507935175009  6.360984589432  1.903933351747  0.125019201254  -0.540837200232  -0.719220667141
  70  C  -1.619892193022  6.325359857112  1.854667778251  -0.133407393649  -0.319364135155  -0.550203780161
  71  C  -0.047936276102  3.625700783846  1.895104905514  0.365803933255  -0.140272093089  -0.640436085056


MDSTEP:  2
LATTICE_CONSTANT: 1.889726125458
LATTICE_VECTORS
  9.478527367986  0.000000000000  0.000000000000
  -4.853011426852  7.998852649969  0.000000000000
  -0.213846025732  0.144814790171  10.364395453215
VIRIAL (KBAR)
  -94.316299393074  20.651686755004  33.229845326345
  20.651686755004  27.625899316212  -25.160887135834
  33.229845326345  -25.160887135834  -95.149339845866
INDEX    LABEL    POSITIONS    FORCE (eV/Angstrom)
  0  Si  -0.039498388182  1.826886421337  2.546303698048  -0.324377106212  0.419396378089  0.315124537319
  1  Si  3.052227814386  7.268406824684  2.549666289756  -0.014851901125  -1.372743001349  0.491957659172
  2  Si  -3.208993901907  7.225373413216  2.481537556084  -0.415216539596  -1.804036035606  0.977654593320
  3  Si  4.602875092259  6.394924809418  5.134192267456  0.494180941031  -0.283465698998  -0.478783743055
  4  Si  1.505528295319  0.952594992204  5.139579494117  0.178702949354  0.941908266929  -0.416751180603
  5  Si  7.775934549595  1.005774234890  5.216604765856  0.658062698605  0.629554670885  -1.055092521820
  6  Si  -0.094086288609  1.867464885275  7.702291187768  -0.279817913132  0.325371895025  0.136996668395
  7  Si  3.006850391984  7.310568374871  7.689940835951  -0.142282649579  -2.017017656971  0.648802991836
  8  Si  -3.251027594544  7.266496191369  7.622253861460  -0.982557601230  -1.626592402672  1.072759810768
  9  Si  4.548248469094  6.438373341721  10.284772567724  0.118046159129  -0.352040905273  0.210547884492
  10  Si  1.450992002689  0.986380541929  10.286452859585  -0.024834283656  1.048307136812  0.363931949750
  11  Si  7.719464505744  1.027661350399  10.350099182286  0.399769813762  1.122222238810  -0.022185474369
  12  Si  -1.619039915653  4.530343445268  2.522984881387  -0.502477461730  -0.031819409269  -0.110846583405
  13  Si  1.519775256692  4.558785026129  2.552926423200  -0.362871119253  -0.199769868665  -0.427371646814
  14  Si  -0.083768470900  7.243218140146  2.509981775752  -0.114396722936  -1.587976490261  0.667519932520
  15  Si  6.180008057196  3.694554709803  5.167136794233  0.594436045614  -0.152295897726  -0.555919188448
  16  Si  3.046675578507  3.668439430642  5.146851585286  0.219083118107  0.113319386290  -0.238744668553
  17  Si  4.635963967135  0.972296896203  5.180017461875  0.304660440526  0.772900518190  -0.518993591609
  18  Si  -1.681464983568  4.557106294731  7.649774100281  -0.387554856013  0.286267893339  0.334135985409
  19  Si  1.447984554904  4.591494276797  7.684779847651  0.056163377877  -0.082520628556  -0.055920046960
  20  Si  -0.129069236308  7.282358422862  7.650415577549  -0.249447112461  -1.779078822388  0.786200531826
  21  Si  6.132310717652  3.731922933623  10.307949667507  0.283558103660  0.135224795933  0.414647065419
  22  Si  2.997384045096  3.714358671030  10.290612186212  -0.308593339415  -0.012036072678  0.522970224299
  23  Si  4.584102079709  1.013674759940  10.312525636710  -0.095528617542  0.871486493782  0.516298707040
  24  Si  3.087370130091  1.848007301174  2.586705059973  0.133936775931  0.277759340667  -0.105338993208
  25  Si  6.225536578489  1.869046705522  2.625290386181  0.018424204903  0.391394039313  -0.412685180802
  26  Si  4.638920946804  4.573307176917  2.587123643362  0.141889853151  -0.056943439611  -0.409761077261
  27  Si  1.471671425955  6.373878253146  5.104261457521  0.029103277982  -0.398044277548  -0.077318467202
  28  Si  -1.662128747786  6.351607209800  5.082943803306  -0.140130660909  -0.368756222499  -0.325576580188
  29  Si  -0.080171185021  3.659486427409  5.098960506339  -0.119104174548  -0.256924298767  -0.058538079930
  30  Si  3.033730667575  1.884684568389  7.718065691732  0.010689165527  0.327152540898  0.171271974867
  31  Si  6.167669366680  1.916973731515  7.764667417433  0.117026480401  -0.021974371999  -0.142525618234
  32  Si  4.589202319674  4.605160996423  7.724574404932  -0.100712650669  0.135902402748  -0.180789401742
  33  Si  1.409031134203  6.401958346250  10.250944991384  -0.234319313686  0.054346918639  0.664449984798
  34  Si  -1.718249146698  6.381804390368  10.208469770910  -0.330280000702  -0.079940165251  0.718170554314
  35  Si  -0.132768089367  3.682893038917  10.242099853427  -0.336698859945  0.323807341703  0.761548996519
  36  C  -0.064932822333  1.839618057483  4.483499355295  -0.278421919354  0.322261414989  0.605692181262
  37  C  3.037668662567  7.282205418803  4.478214722378  -0.188727476710  -0.839351090071  0.346036337215
  38  C  -3.219894850815  7.241373615590  4.416409454523  -0.734846660824  -0.948868033069  0.749204481239
  39  C  4.583661458565  6.405487544232  7.061081543471  0.330526317866  -0.139592922206  0.001576342085
  40  C  1.484435657876  0.971132097276  7.073186242666  0.038702739204  1.629636760254  -0.794603940201
  41  C  7.754116344205  1.004218943443  7.144140254864  0.366921441958  1.994918909334  -1.156383956468
  42  C  -0.108255922675  1.878909767683  9.618578727926  -0.491936599795  0.151459175145  0.892729140018
  43  C  2.979083083707  7.315285404458  9.613529999607  -0.183878406380  -0.919312446234  0.567946890989
  44  C  -3.287217355228  7.274120382761  9.554114099389  -0.608002799154  -0.894959395104  0.935770063288
  45  C  4.633854543716  6.375509655152  1.934818074598  0.534896395916  -0.452050510709  -1.001614365323
  46  C  1.541108084397  0.925954352012  1.941284395256  0.302906637534  1.643847522804  -1.689077302181
  47  C  7.804858414832  0.983975505349  2.002301274933  0.802909735004  1.089299577330  -1.907126224387
  48  C  -1.653539442015  4.540122428453  4.448366036902  -0.345498633784  0.028700145972  0.657685233162
  49  C  1.483919832482  4.554808751868  4.479408933149  0.139995956499  0.220537516815  0.082913711373
  50  C  -0.095767604373  7.252332839816  4.455727939574  -0.212878369906  -0.769413376971  0.147531686587
  51  C  6.163649505903  3.702301334635  7.102460207085  0.336664428615  -0.036558600104  -0.289850148445
  52  C  3.029717698138  3.685597874137  7.067790996718  0.065196277555  -0.025162452013  0.266575268971
  53  C  4.612571341736  0.985015775608  7.104184523210  0.302726052438  1.806895365986  -0.680687845650
  54  C  -1.694584284855  4.576456515875  9.576197745263  -0.583081968752  -0.070415189303  0.758537193910
  55  C  1.429854188881  4.603665559057  9.611072762382  0.049805749948  -0.108688851607  0.372750581562
  56  C  -0.151190185670  7.293819342179  9.583612823822  -0.212707544593  -0.808163339417  0.437776787375
  57  C  6.218712799793  3.675017499589  1.962820813504  0.647890183485  -0.359889891827  -0.921891127012
  58  C  3.082851873199  3.646326926139  1.930201960458  0.420692767409  -0.111389946360  -0.569868990547
  59  C  4.665584018489  0.951655322222  1.970793530934  0.580197080062  1.515731332497  -1.539215909587
  60  C  3.078529943738  1.864537019995  4.528353507982  -0.059279534633  0.214482418935  -0.115504041357
  61  C  6.198605314812  1.872855997065  4.545748368635  0.214346658417  0.410348258170  0.288560258581
  62  C  4.625927988043  4.587972350070  4.515794331919  -0.221585833235  -0.140059024046  0.010416851070
  63  C  1.456288442513  6.382464527590  7.033357043922  -0.141029475237  0.016810256926  0.196928085756
  64  C  -1.696225323288  6.368229741741  7.001290486071  0.177706046687  -0.299512431929  0.269054615981
  65  C  -0.101923467640  3.664676963994  7.038429658227  -0.073762212399  -0.043986990058  -0.000058334942
  66  C  3.014875578056  1.887529462115  9.659321642840  0.084856561965  0.574655243372  0.161826057127
  67  C  6.150322388015  1.912706636239  9.688450665740  0.113088035076  0.388869163491  0.237998887911
  68  C  4.564023745720  4.612790492111  9.653426276687  0.012169077697  0.179094908095  0.197322351108
  69  C  1.506409079401  6.363040391755  1.900852732550  0.181981220822  -0.561436967518  -0.664255821623
  70  C  -1.619265970822  6.321508746587  1.851017724448  -0.114495794857  -0.256738772346  -0.468625269676
  71  C  -0.050401166823  3.623528641736  1.891661814671  0.454273344235  -0.094344331187  -0.567917737032


MDSTEP:  3
LATTICE_CONSTANT: 1.889726125458
LATTICE_VECTORS
  9.478527367986  0.000000000000  0.000000000000
  -4.853011426852  7.998852649969  0.000000000000
  -0.213846025732  0.144814790171  10.364395453215
VIRIAL (KBAR)
  -93.494986168784  21.344207582234  32.968005497109
  21.344207582234  25.912122834116  -24.602082150775
  32.968005497109  -24.602082150775  -95.143265326582
INDEX    LABEL    POSITIONS    FORCE (eV/Angstrom)
  0  Si  -0.038990373711  1.823958575282  2.549119698318  -0.351267033589  0.581035295252  0.283009655839
  1  Si  3.055319343442  7.264849183014  2.552790953935  -0.089846607409  -1.234705403708  0.374636300322
  2  Si  -3.209351678318  7.223064360968  2.482478231678  -0.405993592777  -1.664234182078  0.926053200942
  3  Si  4.600742991420  6.395415367481  5.133863426579  0.534507777900  -0.302910099373  -0.502087851267
  4  Si  1.507783033558  0.955880129453  5.139620675646  0.115968835684  0.809329667755  -0.437614327602
  5  Si  7.776732336667  1.007585034110  5.214332435208  0.686709120548  0.555670710230  -1.042692422141
  6  Si  -0.095821633855  1.868505198963  7.702603604618  -0.220847116416  0.308739918191  0.153103033379
  7  Si  3.003441804096  7.312874867151  7.689104039627  -0.074812468485  -2.003052012062  0.575830855423
  8  Si  -3.253410696831  7.266094669257  7.621934165551  -0.932800639856  -1.585554323941  1.010013511353
  9  Si  4.546948672559  6.439502889657  10.285853710626  0.117431024438  -0.387684346377  0.173348220314
  10  Si  1.450589625762  0.985135185565  10.287990212007  -0.104209174442  1.066442696371  0.329142630463
  11  Si  7.718440297110  1.026062575373  10.351893288934  0.425844890810  1.142484758547  -0.038808252040
  12  Si  -1.620893878782  4.531608515864  2.519583804773  -0.461484858049  -0.058025045783  -0.018818508377
  13  Si  1.522049503352  4.561165965831  2.553479990571  -0.453481008946  -0.249313349134  -0.502406880199
  14  Si  -0.085048660952  7.243840067208  2.510397593990  -0.083700021768  -1.490748285686  0.665767680918
  15  Si  6.182631183343  3.692766129061  5.165251377360  0.507602288595  -0.037932246780  -0.533773789343
  16  Si  3.043784453305  3.668578330116  5.149479109296  0.248915739975  0.118129101604  -0.326379421928
  17  Si  4.636843037187  0.972778129275  5.182072696934  0.274970805091  0.791672261479  -0.602999376997
  18  Si  -1.678407969629  4.558850242564  7.648804271557  -0.483573296638  0.251208142738  0.412163937293
  19  Si  1.447030324043  4.588295733991  7.681451063490  0.079874998945  0.049585130066  0.068622958471
  20  Si  -0.132595092446  7.281658630327  7.649246045573  -0.212266671070  -1.681433876662  0.787077310023
  21  Si  6.133855741971  3.734194689779  10.308143621326  0.268046760255  0.052208125155  0.424218083186
  22  Si  2.997051922433  3.711423054369  10.288643912842  -0.308061819631  0.082816113511  0.602224201442
  23  Si  4.583955602651  1.016917028458  10.309529198073  -0.068566764827  0.867376078617  0.587077921895
  24  Si  3.084527431597  1.846329263602  2.588137974828  0.139250022009  0.363572365888  -0.150233761639
  25  Si  6.226316132934  1.866351172728  2.628356896568  -0.012810323413  0.471296526848  -0.463728541582
  26  Si  4.641523928560  4.570966671779  2.586815683844  0.092906248586  -0.076055527150  -0.413031780761
  27  Si  1.473469760899  6.375670411916  5.100807969585  -0.085420699642  -0.421783162403  -0.031805784608
  28  Si  -1.661630462191  6.353124144370  5.084526071632  -0.216564922785  -0.448248488052  -0.424860765225
  29  Si  -0.077274852685  3.656592812514  5.100939765322  -0.231885294903  -0.172359722280  -0.114688854579
  30  Si  3.036837460453  1.882026895609  7.716559863082  -0.094571899961  0.395690766980  0.239761873253
  31  Si  6.165897619056  1.919119169223  7.761803641148  0.211334539627  -0.047182830339  -0.110020103876
  32  Si  4.590882714696  4.603659122619  7.722241444904  -0.058996349907  0.215485471111  -0.094173039367
  33  Si  1.411993134038  6.403790239200  10.248369839372  -0.299665672577  0.023985944983  0.743859988753
  34  Si  -1.715018482164  6.384176880627  10.207615056796  -0.379833416159  -0.139139488157  0.729601224659
  35  Si  -0.131545969617  3.682702017008  10.241905490093  -0.386514704884  0.315923450555  0.826306604619
  36  C  -0.063519327565  1.838006070024  4.485054032192  -0.281068402717  0.333508967505  0.601382710047
  37  C  3.033584112491  7.277080474702  4.477195941254  -0.104686414401  -0.684842807829  0.375718144398
  38  C  -3.224343911598  7.242310704153  4.412913424118  -0.667395297655  -0.946244123312  0.846731825199
  39  C  4.587973211738  6.406251756098  7.058009606496  0.191169980948  -0.150809384749  0.055709641025
  40  C  1.486255861541  0.972748210323  7.070553351216  0.024667084732  1.603097717375  -0.734007494964
  41  C  7.759122052982  1.008672204156  7.139194520048  0.252633511723  1.892584785194  -1.094261499565
  42  C  -0.113558830468  1.879190188536  9.618225533691  -0.385514816725  0.108141206168  0.904441110731
  43  C  2.975869634376  7.314043634321  9.610374134287  -0.104069709766  -0.876093881076  0.618546314135
  44  C  -3.289743891124  7.272697380918  9.549609133074  -0.550775141671  -0.856445804826  1.035890813793
  45  C  4.635876294444  6.371173673763  1.933609031267  0.510308442884  -0.380491437585  -1.000001092837
  46  C  1.536931756561  0.930253618292  1.942966689597  0.366144613850  1.431200528294  -1.699978029016
  47  C  7.807466307228  0.989210799432  2.004672165952  0.763472370743  0.826197490141  -1.875349841992
  48  C  -1.658465273368  4.535332537987  4.449182136994  -0.228696070753  0.118545103831  0.647136135013
  49  C  1.480600574777  4.559533648876  4.475325218765  0.193002113036  0.124145695647  0.210957925710
  50  C  -0.097129087736  7.252737171271  4.457317591249  -0.180741005372  -0.740589934757  0.123002232036
  51  C  6.166049338249  3.702690887659  7.101234790169  0.318149443242  -0.029763879902  -0.289251627849
  52  C  3.033197099223  3.686403294436  7.072485757184  -0.009125957523  -0.062839120725  0.173373671147
  53  C  4.609856777938  0.989541607187  7.102300616400  0.370855618644  1.650934786011  -0.623519114115
  54  C  -1.696308081863  4.572121723108  9.580080348359  -0.533935747387  0.063293654506  0.667242810752
  55  C  1.428696562091  4.606206529436  9.615987058523  0.077008212469  -0.159681066017  0.223519768020
  56  C  -0.147648686289  7.296693208721  9.586243663263  -0.279540738919  -0.836672998085  0.334870975655
  57  C  6.220670322131  3.674899932418  1.963405229203  0.615919180757  -0.387537872373  -0.931968744204
  58  C  3.083215341607  3.647075135214  1.931570656794  0.418022293607  -0.146095350850  -0.584791265876
  59  C  4.661048950418  0.955593336503  1.970616837166  0.669930563108  1.410540364032  -1.513056686587
  60  C  3.074645303957  1.860924810661  4.525028455210  0.038104577825  0.313472234497  -0.022993464209
  61  C  6.201726063515  1.876844959686  4.548481268672  0.138455946214  0.293155449658  0.249362474976
  62  C  4.622391526646  4.589631750732  4.513814986624  -0.158946494962  -0.211197878023  0.070744619805
  63  C  1.451982867060  6.386606640794  7.029287419512  -0.074865483667  -0.071781979822  0.242477175495
  64  C  -1.696297517226  6.365547903474  6.998315017871  0.148070108921  -0.214406290905  0.357992192914
  65  C  -0.104238847480  3.666317199240  7.043180734699  0.010796726115  -0.090488935261  -0.101905719859
  66  C  3.011988036534  1.888064581999  9.662411388200  0.129679240575  0.535436359120  0.056940286483
  67  C  6.155051139321  1.909215136004  9.686458692171  0.002953157814  0.487170747743  0.248123641924
  68  C  4.564681961569  4.614470445628  9.657553760958  -0.002452478439  0.135662856666  0.087247733230
  69  C  1.503715738740  6.364438770037  1.901694076666  0.272949327078  -0.532652891720  -0.681879986515
  70  C  -1.615823259764  6.324629315242  1.853546159542  -0.205979350659  -0.287804935904  -0.526542145653
  71  C  -0.055048271000  3.624413781334  1.892455370073  0.569311902002  -0.122937508584  -0.555601220262


MDSTEP:  4
LATTICE_CONSTANT: 1.889726125458
LATTICE_VECTORS
  9.478527367986  0.000000000000  0.000000000000
  -4.853011426852  7.998852649969  0.000000000000
  -0.213846025732  0.144814790171  10.364395453215
VIRIAL (KBAR)
  -93.760446115882  21.814897184909  33.065958392291
  21.814897184909  26.332694617244  -24.520928669269
  33.065958392291  -24.520928669269  -95.583951409528
INDEX    LABEL    POSITIONS    FORCE (eV/Angstrom)
  0  Si  -0.036921339209  1.826436467947  2.547426140915  -0.341991869778  0.548582211834  0.249865364516
  1  Si  3.051774773268  7.267579754972  2.550202667833  0.103421361637  -1.292624926570  0.437535014754
  2  Si  -3.212156141053  7.221328589740  2.482323526775  -0.360650106892  -1.533228916364  0.920835522425
  3  Si  4.599919700287  6.396536001924  5.130375912962  0.597059308085  -0.285784987222  -0.461474748436
  4  Si  1.506375967774  0.959225183122  5.140363609578  0.095627026807  0.742678613403  -0.430664295542
  5  Si  7.773682191786  1.010314528458  5.216047334448  0.751456684531  0.419868656111  -1.159366284290
  6  Si  -0.096737849735  1.867505437148  7.701778195302  -0.189620819693  0.328125252486  0.238811801936
  7  Si  3.001524866408  7.313013951182  7.685717441834  0.047051521205  -2.142813198525  0.652062821450
  8  Si  -3.250397586574  7.264987087836  7.625446057474  -1.034341053682  -1.571179548310  0.985565777220
  9  Si  4.548440579610  6.439043040122  10.285677815270  0.106429665736  -0.410693559889  0.201189037440
  10  Si  1.448830637407  0.983213714870  10.285995225112  -0.095810728252  1.124903447220  0.356216728339
  11  Si  7.719223516644  1.024804418962  10.348775751283  0.400454523183  1.101028566662  0.003235900538
  12  Si  -1.618981596480  4.531423836702  2.519460000276  -0.565617603323  -0.033199448461  0.037572955326
  13  Si  1.519340793550  4.564059544133  2.550263855131  -0.427301186998  -0.266445843870  -0.356716790284
  14  Si  -0.086794462358  7.240709353512  2.506498898544  -0.079502293014  -1.485694412219  0.781629888696
  15  Si  6.186132691222  3.690999358282  5.167630071773  0.409249731374  0.023432109527  -0.587141464653
  16  Si  3.045119309638  3.670175723185  5.146672331047  0.226132978564  0.118646035028  -0.344712882144
  17  Si  4.633157943362  0.976866574043  5.184149007590  0.383069637670  0.725971702423  -0.666452715776
  18  Si  -1.681787188259  4.561935689868  7.646515576365  -0.352077917055  0.194714452908  0.475637066288
  19  Si  1.451160474933  4.588612584344  7.682868577956  0.016863258065  -0.008343863794  0.044542959555
  20  Si  -0.132951648551  7.283808500115  7.652773432755  -0.177461554182  -1.684811005395  0.733848026185
  21  Si  6.135707027143  3.733426175362  10.305744801426  0.241496812413  0.057796052514  0.487821258011
  22  Si  2.999751975752  3.708584985545  10.290292395499  -0.425205003341  0.213118492404  0.568292200821
  23  Si  4.582469700536  1.015946469281  10.310000812628  -0.111598853765  0.929362285432  0.586661225280
  24  Si  3.084220283297  1.847619471400  2.589888610632  0.207103316209  0.339449645867  -0.274277867692
  25  Si  6.225980220463  1.866854617507  2.624095198977  0.089276138190  0.452581078784  -0.482836316146
  26  Si  4.639635511810  4.568380523407  2.588279106983  0.150219605834  0.028120110513  -0.529921477964
  27  Si  1.472976322780  6.373336824323  5.102067935939  -0.098877023932  -0.288604165956  -0.034559020288
  28  Si  -1.664036378967  6.351719270198  5.084499256596  -0.195686044728  -0.321082744163  -0.360827447939
  29  Si  -0.077965431859  3.655234535369  5.097168430655  -0.242608902496  -0.091522334913  0.006722192445
  30  Si  3.033437100296  1.884731032042  7.719788714647  -0.092505873753  0.303453217126  0.154274967451
  31  Si  6.170010235001  1.919279462228  7.759974981835  0.116929128830  -0.054222511547  -0.031009756936
  32  Si  4.588207006485  4.602564647856  7.721702603594  -0.081017466172  0.315598266049  -0.065911186015
  33  Si  1.414827228574  6.405318522965  10.251001252016  -0.325722574064  -0.019224509605  0.717463784566
  34  Si  -1.716092897353  6.381143241975  10.207255980529  -0.374373644827  -0.134549552924  0.748465843604
  35  Si  -0.134971325803  3.683644096320  10.246072062696  -0.266963793478  0.273525985877  0.746056952697
  36  C  -0.068705739956  1.842959428493  4.481212384842  -0.181612680721  0.251473497801  0.638147611692
  37  C  3.037341452235  7.274158817889  4.476173510365  -0.223834880894  -0.572292631900  0.385891516129
  38  C  -3.225442528219  7.241961146886  4.416703893653  -0.681284919413  -0.881994870618  0.740875296817
  39  C  4.594093779468  6.411954304514  7.052830887051  0.062357304759  -0.305194379476  0.150206455205
  40  C  1.480188718850  0.968362432222  7.075014687244  0.147003786341  1.738938943196  -0.803545635024
  41  C  7.764396756579  1.004349419952  7.137289055285  0.111563125107  2.066392877017  -1.080736148352
  42  C  -0.117882540990  1.875720707681  9.622486136810  -0.352024921370  0.172042944820  0.815580511172
  43  C  2.977344821813  7.307927361932  9.610382133888  -0.120144201354  -0.742256002527  0.575987409939
  44  C  -3.291341820700  7.271500801470  9.551733924187  -0.499371393483  -0.880697982533  0.992809339363
  45  C  4.640545683078  6.371671930289  1.929025679598  0.368011938307  -0.398188054556  -0.930153941730
  46  C  1.541075226770  0.933593895689  1.936159186126  0.322768318979  1.310625604081  -1.567556886644
  47  C  7.813951514646  0.989559205120  2.001699570888  0.646928524946  0.877927008009  -1.868188719023
  48  C  -1.660448633639  4.540897291647  4.454993744574  -0.184796727257  0.003889130797  0.543145043514
  49  C  1.475718947963  4.564722597591  4.480262832462  0.278332915562  -0.003628799066  0.052273101750
  50  C  -0.101187113156  7.257491816944  4.462858294573  -0.122688100712  -0.833240815852  0.018668829900
  51  C  6.161095741460  3.706741002967  7.106948518801  0.426716438862  -0.127247917926  -0.400973804413
  52  C  3.033301466682  3.680065513119  7.068667461233  0.000923985423  0.066007550999  0.211946798531
  53  C  4.607453142886  0.992486603919  7.098776974295  0.418300845083  1.605156315455  -0.502061149756
  54  C  -1.693580122309  4.566288564744  9.583432298040  -0.620303952494  0.169305917572  0.560498517902
  55  C  1.426860646405  4.610801011337  9.613439166900  0.117511973194  -0.271463754274  0.325486641277
  56  C  -0.147203760379  7.298245898128  9.592323107751  -0.297475914192  -0.882118263206  0.245158774269
  57  C  6.222739982443  3.676338016404  1.961804423722  0.569585608796  -0.435110699116  -0.907274856212
  58  C  3.077312613787  3.653254828140  1.929370963637  0.517368130797  -0.293863937893  -0.529602419753
  59  C  4.666987644125  0.951639516138  1.966413379689  0.525517704917  1.505702182601  -1.470067178851
  60  C  3.078497293409  1.858524175942  4.521024240139  -0.082767109266  0.430038784504  0.044253192578
  61  C  6.204753257270  1.875566139168  4.542422560573  0.044551713126  0.335144170451  0.371370812467
  62  C  4.624778598008  4.594406781281  4.507672794712  -0.174043100284  -0.339422018788  0.205037919698
  63  C  1.456827216429  6.382444815639  7.031249273670  -0.187701513535  0.022720391738  0.213525631468
  64  C  -1.700644150057  6.370775684654  7.000832966879  0.277223545365  -0.306554752028  0.344405921665
  65  C  -0.099532501017  3.663399443779  7.043704695784  -0.113962342328  -0.017786152170  -0.129715651555
  66  C  3.007715132081  1.892666423407  9.658940443042  0.188113247577  0.418890064036  0.138517273006
  67  C  6.150139571616  1.909005789761  9.691238025443  0.105384771086  0.452840003183  0.106328263488
  68  C  4.565261206782  4.614087505697  9.662153610409  0.004391516224  0.125568273061  -0.020693730737
  69  C  1.509133593649  6.362572197256  1.906936465700  0.128910239358  -0.470724803304  -0.785765515347
  70  C  -1.620125443083  6.320433506985  1.849913579916  -0.124293339541  -0.219315353257  -0.469071924091
  71  C  -0.056366097969  3.629613686780  1.893632436039  0.601933078129  -0.188493123273  -0.563142335779


MDSTEP:  5
LATTICE_CONSTANT: 1.889726125458
LATTICE_VECTORS
  9.478527367986  0.000000000000  0.000000000000
  -4.853011426852  7.998852649969  0.000000000000
  -0.213846025732  0.144814790171  10.364395453215
VIRIAL (KBAR)
  -93.033088105366  22.521803092805  32.923068832936
  22.521803092805  24.169235509967  -24.412421202421
  32.923068832936  -24.412421202421  -95.294035753374
INDEX    LABEL    POSITIONS    FORCE (eV/Angstrom)
  0  Si  -0.038296120163  1.827717677776  2.547676528047  -0.325656023847  0.544478909920  0.180037625829
  1  Si  3.050663532509  7.267153042670  2.552189421045  0.069662912577  -1.284418382807  0.385860985837
  2  Si  -3.216840622269  7.222221734761  2.483770269174  -0.255726544466  -1.522417674962  0.909585561136
  3  Si  4.601957482470  6.396628175155  5.133958108847  0.453456813977  -0.285836307938  -0.577448414791
  4  Si  1.503962155187  0.961139161983  5.142334851941  0.089231617727  0.743785557060  -0.477645817861
  5  Si  7.773603447391  1.013185943397  5.212589644416  0.708025067150  0.431826119682  -1.161166554189
  6  Si  -0.098457122387  1.866047664046  7.703165071146  -0.125636952813  0.444153012666  0.192370909158
  7  Si  2.998532224382  7.309851119119  7.681443112980  0.021992854719  -1.856668016399  0.635406465615
  8  Si  -3.254177005548  7.263668266176  7.623062206691  -0.937533518706  -1.425664123530  0.999387048408
  9  Si  4.547391707563  6.441530681223  10.282242904432  0.086065160801  -0.524052112281  0.226756541450
  10  Si  1.444191382040  0.980240745328  10.288437189733  -0.023118989313  1.232534311322  0.300241722932
  11  Si  7.719650168627  1.025407346599  10.346382945549  0.347927519190  1.028621948413  0.040387001419
  12  Si  -1.621781266895  4.531807392758  2.523229742780  -0.438919952112  -0.093501882538  -0.068087229490
  13  Si  1.522449903445  4.561464762908  2.549357624139  -0.516730038809  -0.343608857643  -0.415957067126
  14  Si  -0.084556003046  7.239979907994  2.502911706881  -0.105940226134  -1.556524703261  0.808198866661
  15  Si  6.185927385646  3.695182333980  5.171030682878  0.360980213456  -0.093385925968  -0.657350799802
  16  Si  3.046522572102  3.668006410219  5.143854857979  0.096142731748  0.215076930157  -0.324645865608
  17  Si  4.631189083474  0.976627969911  5.183525197447  0.335622107405  0.644647820683  -0.710251986893
  18  Si  -1.683776079123  4.562821370037  7.650235951034  -0.290618022344  0.209518438917  0.496448167130
  19  Si  1.451306763805  4.593073938926  7.684338714959  -0.014904084065  -0.062348149152  -0.016240983373
  20  Si  -0.131645278009  7.287818439352  7.655851821793  -0.232001448881  -1.657398231208  0.712168819368
  21  Si  6.134746046809  3.733592989206  10.304232470710  0.335428299234  0.018879864730  0.540901496136
  22  Si  3.000898904623  3.710930676165  10.293933542205  -0.423771779497  0.142741780751  0.508485383899
  23  Si  4.582750332146  1.017063261338  10.306414155265  -0.088875995207  0.886454675953  0.642961359606
  24  Si  3.088557592466  1.846068502476  2.590518010942  0.121205104054  0.309818760840  -0.326965936935
  25  Si  6.221690461738  1.869727482590  2.624097005053  0.217814557606  0.445689600909  -0.502367645512
  26  Si  4.643699882207  4.567702270968  2.590785533803  0.101926275841  0.003137446273  -0.665610586457
  27  Si  1.469525198600  6.375180169921  5.099525663238  -0.075935882027  -0.399615584476  0.038622001905
  28  Si  -1.663184743546  6.346952652196  5.087394552030  -0.193357981659  -0.185369658728  -0.439410501391
  29  Si  -0.078303816017  3.655418147974  5.099923347647  -0.289697973551  -0.066587924237  -0.071630994535
  30  Si  3.029874247800  1.881686804177  7.722452204229  0.043265183219  0.494396728894  0.151821016791
  31  Si  6.174076481093  1.919799280150  7.757990905311  0.050529811042  -0.026872229070  0.018703051932
  32  Si  4.585794457980  4.599773653372  7.717248140914  -0.139717942606  0.388246218333  0.070134975930
  33  Si  1.411045653559  6.407462342332  10.252344298060  -0.261958490062  -0.200749580010  0.668366047573
  34  Si  -1.718948519324  6.382782730914  10.211672961534  -0.290120859871  -0.216794969669  0.761772122134
  35  Si  -0.132335549481  3.685834219412  10.248474728011  -0.359177454123  0.141540667168  0.704177395372
  36  C  -0.071658669470  1.845268667093  4.476721015075  -0.156139710346  0.227146328940  0.730417736763
  37  C  3.031231501839  7.277815174937  4.481684019707  -0.088627915308  -0.679884121222  0.292356763033
  38  C  -3.228555121701  7.239539619740  4.422613575812  -0.643367720350  -0.808102549627  0.684505959346
  39  C  4.588961260317  6.416840307784  7.051360760598  0.141768497697  -0.419106864888  0.192338073539
  40  C  1.486567492160  0.976725163383  7.075198105460  -0.020919811123  1.469349059155  -0.754216432140
  41  C  7.767504697319  1.011897466406  7.130838994992  0.080531161713  1.802127022380  -0.974919246031
  42  C  -0.125398816196  1.870866273045  9.620359951891  -0.235315627060  0.249356567115  0.853044812777
  43  C  2.970472109559  7.303961183330  9.604117614915  -0.013553197523  -0.663438735354  0.658431924193
  44  C  -3.289608199414  7.270487601594  9.555616104129  -0.559252463889  -0.866115742267  0.867282199231
  45  C  4.642102905527  6.367982884221  1.927334275429  0.286064896698  -0.319762582243  -0.892325355275
  46  C  1.538644022486  0.935704682777  1.928828810318  0.384329073812  1.210904923716  -1.406045754546
  47  C  7.814010881425  0.992626429278  2.005477948485  0.607833135247  0.768724333638  -1.907454337285
  48  C  -1.663091047288  4.547931251686  4.451761980996  -0.159841422014  -0.190013635871  0.658581649731
  49  C  1.471528932103  4.559333737950  4.474533746760  0.371924823003  0.120451177241  0.154816106380
  50  C  -0.100055891336  7.250463038692  4.456833873752  -0.219947164545  -0.655217329575  0.120917447510
  51  C  6.156263047121  3.710531844509  7.113709262986  0.533698776174  -0.160661253589  -0.536460239956
  52  C  3.029779002392  3.684012276448  7.063693761823  0.034953250428  -0.011136156338  0.282517581469
  53  C  4.608718782974  0.998127746512  7.097093957383  0.397758582882  1.490961379183  -0.451794485236
  54  C  -1.692641845801  4.565676878889  9.589531283699  -0.643388480796  0.207421720098  0.460144514632
  55  C  1.424242095531  4.603862678463  9.608746017881  0.200750595567  -0.109345674798  0.444554308433
  56  C  -0.143865709497  7.295360704753  9.595857551860  -0.441537743852  -0.788555085093  0.195894692344
  57  C  6.227937573688  3.680585761055  1.959540919071  0.449945640874  -0.514539871884  -0.852707718595
  58  C  3.080513196501  3.647887903047  1.927207512677  0.527601179045  -0.197241151860  -0.479326682365
  59  C  4.673760866681  0.950538762278  1.965342671077  0.399623160300  1.518946905836  -1.477214826024
  60  C  3.071776629976  1.865023281047  4.522044735736  0.033484587817  0.231662644317  -0.002835455885
  61  C  6.199329621587  1.869579366689  4.540364723667  0.104887767393  0.532822120016  0.428209094188
  62  C  4.619028043663  4.591589087498  4.502140911111  -0.058668074955  -0.255312486746  0.361787192804
  63  C  1.453155901572  6.388081818697  7.037310086217  -0.170066057218  -0.050352288495  0.043582734010
  64  C  -1.697987525436  6.370350580572  6.999017056752  0.204875055194  -0.270679451160  0.432899387923
  65  C  -0.098775555083  3.667727529767  7.042021825491  -0.158624235706  -0.084471408939  -0.065344679836
  66  C  3.010994291963  1.893688140871  9.662530634205  0.055089183294  0.374750089974  0.095502753690
  67  C  6.149455612121  1.907560649146  9.692165461988  0.140162391427  0.481197884115  0.046338297641
  68  C  4.570195603829  4.607930273123  9.665082316463  -0.121863357450  0.286383470479  -0.130647240004
  69  C  1.505195830841  6.355052859120  1.899706119166  0.265314256994  -0.345924477150  -0.684745320920
  70  C  -1.616922229760  6.313696121150  1.856325456687  -0.225491879030  -0.023077860661  -0.542963893106
  71  C  -0.058828724160  3.624675805497  1.886478579858  0.646132775953  -0.083001377234  -0.423135744693


MDSTEP:  6
LATTICE_CONSTANT: 1.889726125458
LATTICE_VECTORS
  9.478527367986  0.000000000000  0.000000000000
  -4.853011426852  7.998852649969  0.000000000000
  -0.213846025732  0.144814790171  10.364395453215
VIRIAL (KBAR)
  -93.128708571410  23.016343679515  33.114332121324
  23.016343679515  23.924683944231  -24.285254974342
  33.114332121324  -24.285254974342  -95.068557655043
INDEX    LABEL    POSITIONS    FORCE (eV/Angstrom)
  0  Si  -0.037006782729  1.825610499633  2.546278774974  -0.370555404203  0.530756350169  0.219907026199
  1  Si  3.053203924602  7.267111147029  2.549690674418  0.070473263861  -1.253703771557  0.318747407723
  2  Si  -3.215387495063  7.218616338399  2.486568852266  -0.221889945951  -1.544963574998  0.873620477160
  3  Si  4.596889323020  6.399310163762  5.134148332463  0.539286071537  -0.355862851037  -0.514890079028
  4  Si  1.502870945878  0.961196599291  5.137809242577  0.086190820238  0.664085400308  -0.410866407925
  5  Si  7.770001044281  1.017825838628  5.211764291998  0.706383734993  0.363482197855  -1.147499910898
  6  Si  -0.096488060166  1.869021151976  7.703512688916  -0.170210622354  0.499890495400  0.117589821734
  7  Si  2.997441199578  7.314350023163  7.682010366327  0.016055435993  -1.886784639411  0.608567897016
  8  Si  -3.255137066708  7.265463905990  7.624242620374  -0.903580185955  -1.498170405626  0.965505030454
  9  Si  4.546460180375  6.436252012471  10.284933266496  0.104981366828  -0.358152123916  0.156378908690
  10  Si  1.443608718174  0.982213890122  10.283611437629  -0.124125046130  1.218900159780  0.415504581067
  11  Si  7.722982499678  1.024579770031  10.347114411266  0.270410654364  1.012811840967  -0.012153922630
  12  Si  -1.626597690667  4.526888167561  2.526088695952  -0.315695580441  -0.094777255816  -0.093039000018
  13  Si  1.525339973102  4.556482798262  2.549630127050  -0.557634448182  -0.202191677614  -0.491952815543
  14  Si  -0.086383330649  7.238706512249  2.498159549618  -0.019121859004  -1.445877809494  0.875511166375
  15  Si  6.185146079251  3.695813079793  5.175513709994  0.451579772777  -0.153999394384  -0.760746439845
  16  Si  3.050470972104  3.665508224638  5.146025957926  0.048289067052  0.296105771847  -0.288630066259
  17  Si  4.630254157814  0.978425909259  5.185453453313  0.308483967772  0.646814476443  -0.763736773092
  18  Si  -1.679330059262  4.558584720376  7.649617060852  -0.331043749401  0.293147935824  0.552857229780
  19  Si  1.451437454012  4.593029923015  7.683692187151  0.043375994785  -0.033369258039  -0.018795429982
  20  Si  -0.134223837946  7.291898854357  7.651758120766  -0.097943850732  -1.679553859482  0.762329275249
  21  Si  6.132680653897  3.736214959059  10.304146101849  0.336958449777  -0.108885991734  0.562494133805
  22  Si  3.004537408885  3.714176691830  10.294196061409  -0.480586748700  0.109260036610  0.464395684381
  23  Si  4.584139105875  1.018385240966  10.307106081971  -0.102510465138  0.858480926359  0.638406572308
  24  Si  3.085186815394  1.850648575696  2.595385193257  0.171510888933  0.143867962840  -0.409078248161
  25  Si  6.218570190218  1.868201786289  2.624319629467  0.376365381152  0.445933146635  -0.534720658989
  26  Si  4.640001528354  4.564692780096  2.593627129290  0.218540348645  0.063445297062  -0.744636366691
  27  Si  1.473295499248  6.376229214045  5.098938540840  -0.193947177963  -0.415273300617  0.024332368258
  28  Si  -1.662529649357  6.347374033393  5.087581701136  -0.077828178475  -0.280849312597  -0.366690120821
  29  Si  -0.073224135349  3.650769019364  5.094967122611  -0.300381719448  0.092108215745  -0.014452948392
  30  Si  3.029180241371  1.879978671249  7.727469682569  0.029884440120  0.533199927720  0.063991000692
  31  Si  6.174293733141  1.920978565722  7.760331007647  0.050499384587  -0.050189310918  -0.015840783625
  32  Si  4.590921284253  4.599632514237  7.717555762247  -0.252881722762  0.334932474857  0.059290127344
  33  Si  1.410971187449  6.403291034718  10.248627753172  -0.220872889636  -0.111571386058  0.691862464019
  34  Si  -1.723808748862  6.380440621610  10.207215014467  -0.142803730973  -0.137376280708  0.854402643559
  35  Si  -0.137487120071  3.685667241633  10.247565310100  -0.297424304687  0.212370069533  0.770743609598
  36  C  -0.070844956078  1.847436195416  4.478967223709  -0.187436411189  0.109300495426  0.634841749974
  37  C  3.028770716384  7.277035693716  4.477368798985  -0.008373461476  -0.569679454635  0.349722746523
  38  C  -3.224356016793  7.231736849046  4.427378702981  -0.768557064722  -0.649343456267  0.615271411252
  39  C  4.586284485453  6.409246158159  7.056679931153  0.189749752047  -0.236670497572  0.068301987515
  40  C  1.484242489505  0.977587661281  7.068861603058  0.017810709372  1.421054626663  -0.632321072461
  41  C  7.764830268599  1.021356550907  7.134166211037  0.149685475537  1.624004491688  -1.065037187506
  42  C  -0.132782044529  1.878967446477  9.616712205512  -0.095650071464  0.099750795399  0.891100245728
  43  C  2.971724176421  7.303329248143  9.602064075344  -0.001089999577  -0.666246252270  0.704943010517
  44  C  -3.286805134074  7.270436885874  9.558286408232  -0.664731827390  -0.816012700641  0.795477136831
  45  C  4.646391605314  6.368705865442  1.920237785811  0.211775554723  -0.431239521723  -0.749152482453
  46  C  1.533227503473  0.930572802608  1.931328304782  0.534761440874  1.288238317026  -1.422925377164
  47  C  7.818456963012  0.992773351644  1.999317732974  0.520952569458  0.765712473078  -1.806436430324
  48  C  -1.655788117945  4.544000340242  4.448533064648  -0.265341203829  -0.143663970210  0.778966795180
  49  C  1.475450692205  4.560885166108  4.471666273308  0.393301649891  0.067352068631  0.192442103483
  50  C  -0.099468521873  7.257106768458  4.461644927672  -0.225601702289  -0.800772326841  0.013560064285
  51  C  6.159748790621  3.706810135355  7.117980063649  0.510240718452  -0.072836820253  -0.605829642436
  52  C  3.028950876331  3.681240083827  7.068499717405  0.106400162769  0.020593091238  0.225983412144
  53  C  4.611872697003  1.005848753638  7.093187445238  0.326832585035  1.362695837580  -0.336215943876
  54  C  -1.700930355154  4.567595526634  9.595025979803  -0.523430936091  0.138715004649  0.339247961185
  55  C  1.426628898703  4.601562166902  9.607184439652  0.117235160664  -0.106895160110  0.476920097132
  56  C  -0.140350939901  7.294812925326  9.596015213963  -0.559037381658  -0.775473897051  0.162548632231
  57  C  6.227773860395  3.676192305344  1.966409231013  0.380577702656  -0.454091831571  -0.961944256582
  58  C  3.083807520578  3.643157067406  1.922573892811  0.459811015533  -0.098251874778  -0.406355535559
  59  C  4.681218024685  0.958833142782  1.969385708599  0.169619201025  1.290341553415  -1.528394295615
  60  C  3.067924228319  1.865024031776  4.526418624303  0.085704151505  0.246757820769  -0.077656239549
  61  C  6.192224899203  1.864855460918  4.533468625257  0.216557654413  0.671206563715  0.581930439343
  62  C  4.624517278260  4.593399462576  4.500451808095  -0.175551316997  -0.278465232604  0.449389016202
  63  C  1.455111057001  6.384867631976  7.033865074584  -0.179610713256  0.076595435869  0.098453164394
  64  C  -1.691251159873  6.367211332241  7.005660409869  0.033059879350  -0.205789491956  0.310160670175
  65  C  -0.095229732035  3.674987001929  7.038028662627  -0.171194737523  -0.249538596703  -0.031787170556
  66  C  3.004769501121  1.897162369709  9.666775953429  0.208398973721  0.321040995522  0.045783786366
  67  C  6.151323059129  1.902571630873  9.684367565537  0.094968534672  0.611394045651  0.224890016716
  68  C  4.571382262502  4.613678856612  9.660593455319  -0.118341028019  0.148077191431  -0.034701165618
  69  C  1.510468538410  6.359406043273  1.893822746723  0.178461830487  -0.508930847978  -0.607763349661
  70  C  -1.614837694758  6.306405750829  1.858394232190  -0.273235678609  0.072175752144  -0.592258506803
  71  C  -0.059691439798  3.618171918142  1.891515287947  0.663047398627  0.020854891313  -0.509863244523


MDSTEP:  7
LATTICE_CONSTANT: 1.889726125458
LATTICE_VECTORS
  9.478527367986  0.000000000000  0.000000000000
  -4.853011426852  7.998852649969  0.000000000000
  -0.213846025732  0.144814790171  10.364395453215
VIRIAL (KBAR)
  -93.289310586168  24.321565483656  33.562800460603
  24.321565483656  24.646323246867  -24.766610150496
  33.562800460603  -24.766610150496  -94.387696523192
INDEX    LABEL    POSITIONS    FORCE (eV/Angstrom)
  0  Si  -0.037560343347  1.830867922923  2.545904358888  -0.342540287571  0.371980702487  0.301152358761
  1  Si  3.057108240380  7.267528993166  2.552805824763  -0.073828531944  -1.317933912233  0.221683304356
  2  Si  -3.219780149496  7.217899682136  2.482075834140  -0.170037870819  -1.384589236446  0.933969949192
  3  Si  4.591526940276  6.395902318324  5.128682190320  0.741671225401  -0.173495844015  -0.311634201466
  4  Si  1.500262060785  0.959389305183  5.140356743532  0.241008147737  0.712567486479  -0.455220830913
  5  Si  7.764858471668  1.022882590329  5.215945492774  0.880631250646  0.152362061249  -1.241165386439
  6  Si  -0.101797489738  1.869323078556  7.706343602074  0.007937449813  0.495612881206  0.034594888943
  7  Si  2.994789102134  7.311720097837  7.682592716080  0.211817094476  -1.903949418499  0.620780694004
  8  Si  -3.256188225640  7.270298773886  7.625483242459  -0.814423412543  -1.527800257069  0.883126462951
  9  Si  4.541823371211  6.434777049720  10.287026244261  0.223864153047  -0.370244172746  0.112617340517
  10  Si  1.448441085987  0.986571415720  10.285151567042  -0.328446529064  1.061896365828  0.387570928840
  11  Si  7.721783490938  1.027029645761  10.343639218738  0.326511721905  0.845023782587  0.037270089304
  12  Si  -1.630709362728  4.530358063006  2.528116780992  -0.137945640402  -0.205668038190  -0.081973791404
  13  Si  1.522068989218  4.560085092443  2.553952530277  -0.554257048893  -0.199195068713  -0.626709313873
  14  Si  -0.089041609404  7.233526092074  2.495199348854  0.021527218197  -1.423911912491  0.986382579115
  15  Si  6.179621208070  3.691408185768  5.171206302118  0.585012442275  0.015847796798  -0.561729876386
  16  Si  3.055099926408  3.661723962506  5.147727888572  -0.086586391579  0.431818453496  -0.391803247320
  17  Si  4.632046063189  0.977821472564  5.190727390393  0.303050029538  0.721201220497  -0.888009931840
  18  Si  -1.683101537640  4.562834999744  7.654975916773  -0.187803624858  0.354451203947  0.447850752325
  19  Si  1.454420485652  4.598212106734  7.681785779130  -0.069213941851  -0.152168550951  0.028241216426
  20  Si  -0.134967055801  7.295673552819  7.648341888112  -0.077250376969  -1.856047196901  0.861222596311
  21  Si  6.127767275818  3.733520394921  10.308480097035  0.383888223914  -0.013576312480  0.467889689053
  22  Si  3.001589101973  3.713270809123  10.296281857381  -0.411826866187  0.221127439044  0.462322838378
  23  Si  4.589097688037  1.020374294618  10.307206461816  -0.228536585769  0.769151216867  0.596407858650
  24  Si  3.089013995444  1.855457370193  2.596158973420  0.145637014223  0.078816431686  -0.338558496224
  25  Si  6.213489813565  1.873151297947  2.626415211235  0.564793840423  0.340732760337  -0.536838088064
  26  Si  4.636537829497  4.568406300156  2.597481560296  0.285441531705  0.026642948179  -0.743847613107
  27  Si  1.477208133811  6.375747244520  5.096513547241  -0.319309568288  -0.368951237294  0.126230036826
  28  Si  -1.658757759335  6.348997449325  5.083454988355  -0.169644893016  -0.337751190504  -0.342581187778
  29  Si  -0.070076733327  3.649771740098  5.090438113918  -0.442422396436  0.090852130137  0.144881957414
  30  Si  3.024824200855  1.884140311989  7.733036281345  0.160695156101  0.399195979832  -0.143678139824
  31  Si  6.171983599706  1.925627599117  7.757496070113  0.183688250802  -0.151121905544  -0.084044109511
  32  Si  4.586930723266  4.595913698849  7.719520170704  -0.140873525090  0.443698055565  -0.071515529060
  33  Si  1.414634830780  6.398695669830  10.246786651337  -0.314242791330  0.041812507171  0.731799963592
  34  Si  -1.725954181739  6.385321603139  10.204472168247  -0.213391948267  -0.314323009843  0.900967010833
  35  Si  -0.133054400881  3.691175655286  10.243873081921  -0.421897374170  0.061066930255  0.807940793160
  36  C  -0.069317707799  1.841682253847  4.487813558880  -0.237944557625  0.208705636139  0.453002846917
  37  C  3.027984928406  7.268079150317  4.476725222700  -0.016965422539  -0.304434214245  0.357447638144
  38  C  -3.220731376210  7.237266979813  4.420836385321  -0.839027401531  -0.757364598440  0.663280355960
  39  C  4.593303278243  6.411336384733  7.056866890758  0.020428815087  -0.309705158189  0.016478807443
  40  C  1.492947290765  0.983074879985  7.065827346521  -0.189153713984  1.348148417662  -0.504835578081
  41  C  7.773377475405  1.014705721019  7.129177715480  -0.093355649322  1.770965876209  -0.931680169797
  42  C  -0.137500646314  1.873864917708  9.616174574590  -0.001831186330  0.237049638094  0.922256606479
  43  C  2.978796276827  7.294587618228  9.603150582775  -0.194146242680  -0.441908218311  0.690214337230
  44  C  -3.292186934920  7.267111326980  9.558239491032  -0.604284628012  -0.668211561902  0.862149663295
  45  C  4.645812894645  6.363881868246  1.918519604208  0.185945491161  -0.332834893959  -0.730848114112
  46  C  1.535599444676  0.937549922204  1.931969163187  0.544617181420  1.153636343303  -1.424881751329
  47  C  7.820412143334  0.989809630638  1.999893628652  0.447680574388  0.904493050620  -1.791426143657
  48  C  -1.664131114576  4.535806108352  4.448495556760  -0.125436324491  -0.004311851864  0.776049978017
  49  C  1.469342248725  4.568468840584  4.464695921318  0.538539540789  -0.089434033493  0.377312562867
  50  C  -0.097200012658  7.263941535766  4.467618583672  -0.185537242026  -0.958961675055  -0.148265040348
  51  C  6.168824129352  3.713914591776  7.124242784852  0.245723113011  -0.204665717094  -0.761016247056
  52  C  3.024826833420  3.675035797589  7.061505950636  0.194500596341  0.171917297858  0.378344714146
  53  C  4.615414300968  0.999053534234  7.086277660405  0.251777699574  1.708035515489  -0.126208084178
  54  C  -1.706293582864  4.563711287741  9.594730780463  -0.448927249913  0.255078362042  0.443503841862
  55  C  1.429836423162  4.605473826236  9.611264284261  0.098919214987  -0.203158182883  0.338384457560
  56  C  -0.147545082270  7.291387843595  9.597042759680  -0.386306375945  -0.668179315811  0.122224493438
  57  C  6.231860452844  3.683304117688  1.971696670015  0.173787847310  -0.587061745744  -1.037418349666
  58  C  3.081242750908  3.651166912743  1.928970844992  0.536751622224  -0.216527041944  -0.479932304501
  59  C  4.686498914336  0.952792039659  1.973668858604  0.052426273527  1.491752011085  -1.622977127901
  60  C  3.074754796459  1.869336377076  4.530603166316  -0.014135089706  0.158759222198  -0.158168572791
  61  C  6.196381315808  1.869432197402  4.536603954674  0.060013219450  0.577694120949  0.538633040997
  62  C  4.626366069241  4.601745835960  4.506001867400  -0.248417231246  -0.498575019993  0.328773709619
  63  C  1.458523316339  6.388036254941  7.039985371719  -0.233047202644  0.023727448250  -0.058472327978
  64  C  -1.685565730550  6.373952391746  6.999213073307  -0.093860971655  -0.290111172450  0.434617706683
  65  C  -0.099018131905  3.676064235825  7.044046196056  -0.096753995272  -0.195841373172  -0.122776639369
  66  C  2.996240732645  1.900694921109  9.661311632136  0.449661649264  0.299868707631  0.198192793808
  67  C  6.152342170556  1.901376266372  9.677781679054  0.036832393587  0.623329639934  0.326650598998
  68  C  4.569548166495  4.617919197220  9.653145778895  -0.155772473390  -0.026316880595  0.171546922577
  69  C  1.506854216692  6.359521207549  1.887579111410  0.264462892845  -0.509663623333  -0.513380437754
  70  C  -1.622045978214  6.305007413470  1.865019205174  -0.187033668967  0.134422630196  -0.725457949200
  71  C  -0.053158646093  3.611972778379  1.893501970729  0.487173357156  0.264551271096  -0.536913804060


MDSTEP:  8
LATTICE_CONSTANT: 1.889726125458
LATTICE_VECTORS
  9.478527367986  0.000000000000  0.000000000000
  -4.853011426852  7.998852649969  0.000000000000
  -0.213846025732  0.144814790171  10.364395453215
VIRIAL (KBAR)
  -94.062586802766  24.702499229141  33.754114601992
  24.702499229141  24.498047658394  -25.127299803773
  33.754114601992  -25.127299803773  -93.964769047557
INDEX    LABEL    POSITIONS    FORCE (eV/Angstrom)
  0  Si  -0.037730094332  1.834173192796  2.547572860422  -0.352526351353  0.400990806690  0.212313873979
  1  Si  3.054530893242  7.266605125537  2.550482215474  -0.067985618067  -1.256849492438  0.209614794033
  2  Si  -3.224290879419  7.214783568082  2.478705337570  -0.087521445395  -1.249773044598  0.961915204812
  3  Si  4.588768691587  6.396784468153  5.131933765654  0.777101172238  -0.188180751960  -0.492393476531
  4  Si  1.495432788578  0.960608122581  5.139712080330  0.278039745737  0.853149658058  -0.585652208349
  5  Si  7.762529297911  1.018421334274  5.219995175140  0.856747267223  0.319871267187  -1.470240572247
  6  Si  -0.103036497989  1.869907139359  7.707580429696  -0.054148875527  0.533801398892  0.000697979078
  7  Si  2.994550472766  7.314986843369  7.678248615762  0.171202194371  -2.092159385669  0.733054936315
  8  Si  -3.254677998387  7.274928344490  7.626355586050  -0.897799032833  -1.537039788436  0.884314946648
  9  Si  4.542535466790  6.437875084667  10.289411302341  0.225763231727  -0.493610106181  0.025590594652
  10  Si  1.444498476228  0.983958388752  10.284657563924  -0.085055958693  1.160270386576  0.438834933227
  11  Si  7.725781929432  1.027941126933  10.348704773359  0.211953109127  0.857082883696  0.025843333776
  12  Si  -1.635421252950  4.532607265671  2.524349929818  0.010813375842  -0.417083155921  0.031145009061
  13  Si  1.519673714628  4.565474468745  2.557091288234  -0.384981241621  -0.416806610134  -0.830193759808
  14  Si  -0.094031436148  7.227431652680  2.493715299230  0.135341652609  -1.234874767203  0.991729927670
  15  Si  6.180487689475  3.689327657341  5.170827800739  0.582432015756  -0.015930898463  -0.569285752555
  16  Si  3.054060765533  3.664695602198  5.141670561697  0.007040847122  0.309731676479  -0.354402007255
  17  Si  4.626214705807  0.974430132685  5.194571432890  0.544011129002  0.865972098706  -1.062742755335
  18  Si  -1.687507896604  4.567258681761  7.658282335089  -0.033456202202  0.294280775768  0.390363640352
  19  Si  1.456774813430  4.596945930909  7.682022275381  -0.039707620295  -0.193929329753  -0.037100472120
  20  Si  -0.136420117894  7.296143238964  7.652037711948  -0.079590031143  -1.923299240050  0.832571996291
  21  Si  6.131996482250  3.732358325508  10.306510970317  0.312194429022  -0.036584253990  0.463860240397
  22  Si  3.004446695573  3.713675869839  10.290479679866  -0.487257411933  0.129867435961  0.435486863272
  23  Si  4.594430558881  1.024913763981  10.313059155738  -0.307246834471  0.538556858157  0.468026768290
  24  Si  3.091678477156  1.860913452242  2.589934206180  0.173573004558  -0.067358136219  -0.224749474874
  25  Si  6.208324379126  1.873211864938  2.624187350366  0.723606740510  0.389085947463  -0.403938205501
  26  Si  4.637241901392  4.573500545771  2.591854873837  0.405041436308  -0.188008239793  -0.628075602539
  27  Si  1.477932718856  6.380921113115  5.093697664665  -0.403759829781  -0.500483988394  0.267757813672
  28  Si  -1.659983639197  6.343689199391  5.078628960562  -0.242781156486  -0.240188854374  -0.168889131117
  29  Si  -0.074394762417  3.653139839374  5.090716651691  -0.365063251187  0.060202216922  0.112202851024
  30  Si  3.027091162881  1.880036821342  7.728172013494  0.161264081292  0.490633379669  -0.158502587329
  31  Si  6.171507416443  1.931583368618  7.757645881733  0.144581360959  -0.230657780183  -0.179677072448
  32  Si  4.590364166423  4.598921895039  7.713852381794  -0.199082005794  0.341012227144  0.001712901157
  33  Si  1.418198703809  6.400826185630  10.251821066511  -0.333346997137  -0.097100248835  0.543010277854
  34  Si  -1.722858859717  6.383793220393  10.208842707500  -0.251621322031  -0.264032216508  0.830704453579
  35  Si  -0.129988169051  3.690567766580  10.242004173776  -0.499391243339  0.090293714464  0.811202631846
  36  C  -0.077128952844  1.851220699075  4.483265277611  -0.099496396847  0.038824228651  0.553844801290
  37  C  3.021543710681  7.269075378249  4.470799834768  0.127937528492  -0.345456513683  0.458564458601
  38  C  -3.222799412730  7.245519686637  4.416622787097  -0.831931583751  -0.941643127879  0.689711661523
  39  C  4.594131684447  6.404172496827  7.047830539520  0.003548035875  -0.064807674029  0.229760824463
  40  C  1.484551405372  0.990030589939  7.059293436679  -0.063749494815  1.164180324012  -0.362217663860
  41  C  7.767101615851  1.011770689613  7.122081775973  0.019466814014  1.911611079095  -0.772612543309
  42  C  -0.134024004516  1.865616160510  9.624340529267  -0.094698829481  0.414054882190  0.725739599026
  43  C  2.982894894444  7.300813941516  9.604960285662  -0.220753576610  -0.547876502080  0.644265042524
  44  C  -3.290509635143  7.268595400832  9.567421066473  -0.620276996963  -0.737212623677  0.684220980748
  45  C  4.644929112425  6.361139945986  1.916054139744  0.154900303390  -0.229577905005  -0.722440138572
  46  C  1.541127268790  0.937787735692  1.928911221973  0.428917033033  1.126239158163  -1.389069160642
  47  C  7.811544170910  0.992825461050  2.007187766652  0.637685119825  0.823219488247  -1.906688092739
  48  C  -1.670266259448  4.527292104616  4.457307525824  -0.057916586280  0.186171700684  0.512661099711
  49  C  1.468399809182  4.570104198004  4.456866737353  0.505083034043  -0.050487287701  0.517823556200
  50  C  -0.098367952365  7.266040203240  4.474645676571  -0.204507439239  -1.101387830292  -0.335984398039
  51  C  6.171279997422  3.719824069335  7.117014243963  0.230040055249  -0.317846134789  -0.623070872547
  52  C  3.030299784970  3.675320155021  7.056159230750  0.130375752755  0.153542609362  0.412829345456
  53  C  4.618952617921  0.995420698643  7.077701196100  0.195221888578  1.755846113512  0.087882195511
  54  C  -1.711468643610  4.570479751868  9.598038567931  -0.331078382237  0.055035815819  0.374962323688
  55  C  1.424184710923  4.601435287104  9.602607330165  0.269799073568  -0.113090520169  0.503091422407
  56  C  -0.146059203742  7.282660333812  9.596928996432  -0.381434287087  -0.402918328521  0.258466620677
  57  C  6.241288680858  3.674819917558  1.963534856733  -0.037845122064  -0.400370066272  -0.970417633757
  58  C  3.090290009392  3.646351729776  1.922152069217  0.343455783667  -0.012846853281  -0.397431866356
  59  C  4.693939928234  0.957379822389  1.977044811770  -0.125900061203  1.221132116781  -1.685265119665
  60  C  3.083415804036  1.862428715733  4.528619074618  -0.246667375264  0.347233532391  -0.179320095007
  61  C  6.202842337716  1.874525291289  4.531847751051  -0.146521457757  0.413148034497  0.662267221386
  62  C  4.635367860624  4.601885317833  4.510629082070  -0.413885090739  -0.442333226073  0.117433598809
  63  C  1.452481062737  6.382525623456  7.048702340505  -0.093604102482  0.160293575302  -0.250346220446
  64  C  -1.690565510400  6.372780962053  7.005483957899  -0.027102317955  -0.191978094124  0.285057660783
  65  C  -0.091662973338  3.678643103829  7.036588236138  -0.303533822041  -0.221694467567  0.070484051699
  66  C  3.004511794950  1.896062453126  9.655326497771  0.285435348526  0.323725944508  0.274752844584
  67  C  6.150663912141  1.896886515043  9.673292871551  0.197767134067  0.722452753532  0.379121213212
  68  C  4.569792484551  4.612117917143  9.653296875114  -0.102808440730  0.156247024100  0.097048402318
  69  C  1.510408615154  6.351324806097  1.881163702898  0.172369899551  -0.318344122745  -0.407580854485
  70  C  -1.623580312454  6.296595028804  1.860803984287  -0.218390920072  0.323206840001  -0.650935436294
  71  C  -0.046602673721  3.619483484710  1.884661491828  0.371715114871  0.152853614310  -0.392721721877


MDSTEP:  9
LATTICE_CONSTANT: 1.889726125458
LATTICE_VECTORS
  9.478527367986  0.000000000000  0.000000000000
  -4.853011426852  7.998852649969  0.000000000000
  -0.213846025732  0.144814790171  10.364395453215
VIRIAL (KBAR)
  -94.368240982497  24.452306196391  33.435771428421
  24.452306196391  23.507291167598  -24.257303956647
  33.435771428421  -24.257303956647  -93.392474121711
INDEX    LABEL    POSITIONS    FORCE (eV/Angstrom)
  0  Si  -0.043727430526  1.839255751939  2.548716877538  -0.262392180481  0.307650424620  0.186850560911
  1  Si  3.058229028988  7.260480449785  2.554327147333  -0.089076893737  -1.041618384268  0.061164119437
  2  Si  -3.221046831709  7.211785103797  2.475598242165  -0.120724342138  -1.277516205145  1.099231949404
  3  Si  4.589881226161  6.392775506772  5.136790704490  0.753100585937  -0.206900560435  -0.626817573678
  4  Si  1.497800344418  0.955914175795  5.134583589195  0.225486907592  0.991082685157  -0.437549183937
  5  Si  7.767369059613  1.018910079517  5.217640493588  0.773098962094  0.184616090182  -1.529776515275
  6  Si  -0.108377919976  1.864170539596  7.708258350017  0.059368574429  0.652325914658  0.019553788136
  7  Si  2.995852104206  7.317234014359  7.680306508351  0.192705580337  -1.922961320154  0.545031994679
  8  Si  -3.251371705917  7.269845062378  7.629082604960  -0.973842130403  -1.236629161700  0.846491221971
  9  Si  4.537139346446  6.444003752397  10.290374216600  0.318151384652  -0.627430769480  -0.020547613670
  10  Si  1.439690245956  0.978222646026  10.284150877145  0.138437436465  1.331130671722  0.471150145933
  11  Si  7.728703182919  1.032379086836  10.348919685741  0.041183338216  0.855849211430  0.080937765896
  12  Si  -1.635352551047  4.533325234930  2.528553925245  -0.105050984743  -0.499183532053  -0.111045717925
  13  Si  1.522725253471  4.560481726761  2.550498690835  -0.368644309269  -0.267140457023  -0.717904635258
  14  Si  -0.092331412376  7.230986271503  2.489317944561  0.049449450487  -1.337505077011  1.076492645773
  15  Si  6.183970387847  3.691290099671  5.172829387586  0.523481993290  -0.106380781746  -0.648543115332
  16  Si  3.048939835572  3.668003475567  5.144382355340  0.219933221988  0.310260961560  -0.364855392204
  17  Si  4.628512300891  0.972615546485  5.193449434785  0.490352860382  0.920461370758  -1.044307338078
  18  Si  -1.690159005121  4.562306051596  7.659660681266  -0.072639253386  0.365071220258  0.348037182066
  19  Si  1.463101142025  4.592908266653  7.682995643716  -0.171177429442  -0.145782041391  -0.042363653318
  20  Si  -0.135709737954  7.293288814714  7.653731873277  -0.137375615528  -1.797388547054  0.788916933095
  21  Si  6.125627641503  3.726444144761  10.305665603305  0.348891050959  0.130487181887  0.484713978373
  22  Si  3.004565609155  3.714440229954  10.297042192143  -0.427047376880  0.136435940712  0.220681585101
  23  Si  4.592248240401  1.022445956478  10.308226927950  -0.354545119121  0.632127571917  0.572825826638
  24  Si  3.089910326262  1.866447381658  2.595399203522  0.172013137191  -0.133559696514  -0.357020390743
  25  Si  6.208563499885  1.875628840069  2.625002333416  0.554282272889  0.358057642828  -0.322018551649
  26  Si  4.633012373476  4.577152282787  2.589237951148  0.545208630096  -0.309088362339  -0.584452986216
  27  Si  1.482815246801  6.380019831643  5.095832784391  -0.534130713810  -0.427600105255  0.208098649784
  28  Si  -1.662359073046  6.346794096712  5.082116711744  -0.253133056343  -0.238369886643  -0.206176156939
  29  Si  -0.069011598289  3.656131535424  5.096886300731  -0.498075963682  0.013717251796  0.000470041305
  30  Si  3.027084889578  1.877357743872  7.725498612519  0.164416111113  0.580636963493  -0.059688564423
  31  Si  6.166347175486  1.928736769095  7.755619963837  0.116214275661  -0.059421973733  -0.167983935749
  32  Si  4.590637505774  4.603114370558  7.719164894281  -0.259869053433  0.189216901421  -0.097901967177
  33  Si  1.418282448898  6.396235014294  10.248110343145  -0.335214976798  0.084124754343  0.629427529643
  34  Si  -1.721183685260  6.383873288452  10.204231520960  -0.358866300331  -0.432204181207  0.937046915656
  35  Si  -0.129412275710  3.684203720138  10.246225962998  -0.506020199980  0.322189086339  0.636311800167
  36  C  -0.084633100476  1.844818214955  4.485396919370  0.072567179956  0.237515095971  0.527586019293
  37  C  3.020576182341  7.260016765817  4.461714054582  0.231831329720  -0.199331563143  0.749241902977
  38  C  -3.231439389202  7.242502935968  4.422622311196  -0.696275616405  -0.936904488504  0.568464572994
  39  C  4.601610458571  6.400257896708  7.047978065466  -0.164620139433  0.058592876245  0.276219970675
  40  C  1.491325824332  0.997034551139  7.064636604428  -0.266261065214  0.847230791316  -0.476264866907
  41  C  7.759912525470  1.021433992592  7.112837973254  0.137842978540  1.549750309622  -0.552852533125
  42  C  -0.134282713450  1.864573408058  9.632557722985  -0.101744000820  0.380740646890  0.567072636571
  43  C  2.980631991252  7.309327254704  9.596116874061  -0.213529632910  -0.620096498688  0.837358787941
  44  C  -3.289027343626  7.269624766053  9.568896508000  -0.678032155503  -0.802814361558  0.659013764280
  45  C  4.649572173894  6.353694450417  1.916646255464  0.048513742503  -0.010316525986  -0.794359178166
  46  C  1.541994395206  0.934032772726  1.932559773960  0.340892910586  1.252728170596  -1.408801243905
  47  C  7.804240120214  0.997782394834  2.011665023054  0.786107614295  0.603098625252  -1.943101024820
  48  C  -1.677557624340  4.533791229720  4.451442325299  0.175100341272  0.062236473188  0.707930988972
  49  C  1.477031795861  4.573863520956  4.457168760421  0.328205940442  -0.161627868249  0.463248842583
  50  C  -0.100368643772  7.265755343229  4.470304979759  -0.160297339760  -1.121702917741  -0.216604936671
  51  C  6.165236904898  3.722989522126  7.110545003964  0.296956409418  -0.387174209375  -0.487405091445
  52  C  3.025579090216  3.668656025015  7.059172387438  0.269822169712  0.317676094705  0.339534185233
  53  C  4.611892600088  0.997983756844  7.079381130580  0.306094386187  1.562561298021  0.047954466212
  54  C  -1.718286780611  4.563631485012  9.591545073362  -0.211811966623  0.095777591385  0.535038032101
  55  C  1.428800681170  4.608996208230  9.598981304894  0.167482680763  -0.345533685611  0.612724357662
  56  C  -0.150819533043  7.280485392119  9.598472399255  -0.252640827581  -0.405423375520  0.223642113221
  57  C  6.231543144566  3.674856331233  1.958361107056  0.157221361153  -0.391116297657  -0.883136554706
  58  C  3.096885304155  3.649480219827  1.913762559040  0.181847605913  -0.065900114110  -0.270602786816
  59  C  4.683855544812  0.959700210415  1.981446271586  0.036091683949  1.240372995243  -1.747046128125
  60  C  3.083146075121  1.872236301695  4.524804547964  -0.244745727871  0.183980183434  -0.083363437207
  61  C  6.208607874880  1.868132325269  4.542155674828  -0.217337957949  0.553238743735  0.445121171395
  62  C  4.644975516231  4.600005327031  4.503686248859  -0.616660392616  -0.433854497180  0.252839267821
  63  C  1.455001914063  6.383938502384  7.052642257297  -0.090365101195  0.096979154570  -0.313561060603
  64  C  -1.696407515834  6.377384295447  7.012987107247  0.158124521074  -0.369816672653  0.165502175303
  65  C  -0.094496126622  3.677596188301  7.041545168298  -0.232508828565  -0.197911315946  0.043361579253
  66  C  3.008147218822  1.901025373709  9.648570629937  0.130091515121  0.211204537946  0.420529478052
  67  C  6.145539069969  1.902480216979  9.677004493692  0.289631330536  0.542380028330  0.250590931092
  68  C  4.570057597963  4.613550559834  9.649895099908  -0.166180386230  0.210870026032  0.208601770372
  69  C  1.512850147332  6.352418575442  1.888721615056  0.170306500529  -0.363312629069  -0.599490823106
  70  C  -1.625723051799  6.288106965382  1.867669442425  -0.113285438065  0.506786621740  -0.800858096468
  71  C  -0.041916237841  3.626767430408  1.874983907863  0.283614500798  0.000355954839  -0.198610594331


MDSTEP:  10
LATTICE_CONSTANT: 1.889726125458
LATTICE_VECTORS
  9.478527367986  0.000000000000  0.000000000000
  -4.853011426852  7.998852649969  0.000000000000
  -0.213846025732  0.144814790171  10.364395453215
VIRIAL (KBAR)
  -95.664312982883  24.069904019629  33.745562201671
  24.069904019629  24.450002899982  -24.691463689951
  33.745562201671  -24.691463689951  -92.485401549132
INDEX    LABEL    POSITIONS    FORCE (eV/Angstrom)
  0  Si  -0.040953830044  1.844258072543  2.548185119933  -0.395782276600  0.326623198466  0.251222554335
  1  Si  3.063130287927  7.259877693854  2.547702767242  -0.233539112454  -0.957335753789  0.155703622289
  2  Si  -3.220228802401  7.214011586043  2.479560986384  -0.107018533746  -1.176445014686  1.074566921270
  3  Si  4.589095346360  6.386639791542  5.132621111221  0.756337138854  -0.051881416507  -0.551096324597
  4  Si  1.493286303962  0.959485291210  5.140671675767  0.285193875905  0.993033188156  -0.581727496261
  5  Si  7.765153196536  1.025485710221  5.219884674858  0.932131245090  -0.076004051120  -1.592745061235
  6  Si  -0.101543066079  1.864209374514  7.705001283039  -0.118104460794  0.551675893469  0.001088394542
  7  Si  2.993386562639  7.311043825821  7.685101967856  0.398023925291  -1.873941207517  0.511119554187
  8  Si  -3.255719172604  7.269467311576  7.634865996759  -0.843989427011  -1.300418589785  0.697567358969
  9  Si  4.531410661229  6.439933736276  10.293877427929  0.413539558083  -0.492400935450  -0.008605604352
  10  Si  1.434358992941  0.984627330555  10.285781540407  0.231947401277  1.235753077655  0.493396695046
  11  Si  7.729680666543  1.036614253151  10.343233284194  0.069258679849  0.793365076324  0.214097883213
  12  Si  -1.634132601059  4.531016289647  2.532405035366  -0.133541158154  -0.380196968028  -0.303244227997
  13  Si  1.520501655151  4.564145991416  2.555014778757  -0.324485126388  -0.395227534290  -0.882933428700
  14  Si  -0.091427529911  7.236629407077  2.490743026801  0.181442807385  -1.542013899981  1.067204759285
  15  Si  6.184337430664  3.687936627889  5.173235947234  0.450515118553  0.013639952887  -0.712580286633
  16  Si  3.045034229218  3.664669500273  5.137763007634  0.194558261826  0.519288620976  -0.191525876933
  17  Si  4.628373909459  0.973897556460  5.188005200409  0.558085526712  0.828165421712  -0.970854626095
  18  Si  -1.692820693331  4.566322450540  7.661679970432  0.019617320361  0.264974423743  0.223542547785
  19  Si  1.458960085717  4.597849275724  7.687964445370  -0.107097628191  -0.394346133930  -0.065570278975
  20  Si  -0.129390813705  7.299221703691  7.657995539701  -0.270186762954  -1.932548586596  0.730249308751
  21  Si  6.126644324623  3.727064587745  10.306827805669  0.318831980646  0.068073030240  0.442374437833
  22  Si  3.006539610883  3.709380658954  10.302914332378  -0.522345598661  0.252643386310  0.181801012522
  23  Si  4.591198312026  1.022397825031  10.311037988782  -0.307143665441  0.595348090951  0.520279758102
  24  Si  3.086865920003  1.860084997056  2.597055352385  0.313749333872  0.036171497771  -0.395950966036
  25  Si  6.213643774907  1.876560648892  2.630291679739  0.450469114021  0.387173413053  -0.569525329125
  26  Si  4.631780798505  4.580811829237  2.584058476610  0.502623425084  -0.467581445641  -0.477454330270
  27  Si  1.481656962738  6.376393715267  5.098829474412  -0.388070616941  -0.290482985840  0.128676370289
  28  Si  -1.661568188953  6.347534354291  5.081923960883  -0.340811150272  -0.309992900720  -0.239946907478
  29  Si  -0.073343239349  3.659814245710  5.094817537069  -0.416398995704  0.010334661985  0.024518018166
  30  Si  3.021026103808  1.880663239510  7.723021460800  0.206126842227  0.444687754434  0.009915352851
  31  Si  6.171202563898  1.925781099158  7.760619319632  0.091754448237  0.043443956954  -0.320879936234
  32  Si  4.589421274359  4.609302930137  7.726019980975  -0.252781910976  -0.063609335841  -0.252960845108
  33  Si  1.415898560653  6.394521246763  10.248011907123  -0.296638274965  0.173554168307  0.793370943568
  34  Si  -1.727899528396  6.385816734248  10.204860363827  -0.164212220168  -0.472278768554  0.974173571487
  35  Si  -0.127461773300  3.684358090911  10.240622190606  -0.556572401363  0.407304169092  0.713612129101
  36  C  -0.083678391113  1.853515474972  4.493285167727  0.047224557157  0.130246435061  0.353109838516
  37  C  3.024655045097  7.256263187837  4.453850816505  0.122823425529  -0.059463375587  0.925248527164
  38  C  -3.234242371883  7.250108544679  4.426480367155  -0.627399356970  -1.057297657780  0.512413047235
  39  C  4.609657458282  6.391691827851  7.046616205685  -0.358521388072  0.202102748905  0.329300106343
  40  C  1.485518164230  0.990360219950  7.056810478763  -0.137694933008  0.945978573344  -0.264289113676
  41  C  7.761282258288  1.012078192630  7.111071235270  0.138722489739  1.674544264567  -0.479046835367
  42  C  -0.135981805524  1.863164593814  9.630445077781  -0.050992686138  0.452269563490  0.516371305954
  43  C  2.978767596578  7.314254589707  9.602165897403  -0.177531449145  -0.740044613183  0.758749569710
  44  C  -3.281136725902  7.274933705042  9.567391787689  -0.918644348291  -0.798094459431  0.760089765444
  45  C  4.647906427964  6.352279099479  1.924650160252  0.156763003390  0.086984448725  -0.986058774764
  46  C  1.542269616340  0.945137782462  1.937967223364  0.276445886385  0.940326580138  -1.468182771089
  47  C  7.801728088285  1.001648851365  2.002440480104  0.925575849100  0.513505837203  -1.830343561082
  48  C  -1.678416260626  4.524370216420  4.442096275014  0.112512507415  0.261338497239  0.928742389932
  49  C  1.469088222681  4.583051247987  4.449622350138  0.408405675917  -0.383274948749  0.674659553933
  50  C  -0.099679052641  7.257968732339  4.465466851904  -0.178491667439  -0.873335769130  -0.063544745380
  51  C  6.169459604693  3.727661298029  7.105497946444  0.177428433920  -0.525873700988  -0.332204694516
  52  C  3.017848033479  3.661667320069  7.063684282250  0.359138678646  0.532474724123  0.208426968612
  53  C  4.612231834175  1.000911544553  7.078474928415  0.313161501031  1.563910510001  0.026199832600
  54  C  -1.723596549598  4.563206948577  9.586374662780  -0.140788562013  0.129211692418  0.646073710811
  55  C  1.432370823364  4.617121777736  9.603075568647  0.112346042849  -0.548195413442  0.547273536760
  56  C  -0.149554191719  7.277954899203  9.601743462385  -0.330154322980  -0.337572872696  0.199566642093
  57  C  6.229067549122  3.679803145254  1.953515737732  0.216598538022  -0.454319346942  -0.808024061915
  58  C  3.097375187535  3.643079654793  1.910547566219  0.148316907969  0.023402121386  -0.154661370895
  59  C  4.684922936834  0.956751092701  1.975753472897  0.072415914689  1.412238063921  -1.619149874322
  60  C  3.086678658802  1.879866266937  4.524171991129  -0.336324731878  -0.037267666096  -0.095548842317
  61  C  6.218107679838  1.869433739224  4.536321117450  -0.442780298446  0.519595519346  0.570039539599
  62  C  4.638889689184  4.603175326746  4.501062665435  -0.486017131504  -0.609491664569  0.235689957342
  63  C  1.464187340337  6.377018938964  7.061845582925  -0.303412609831  0.245975761859  -0.485852707880
  64  C  -1.698576532288  6.375559464546  7.011464460693  0.285350788746  -0.257473828433  0.228108803379
  65  C  -0.091969820378  3.668735720429  7.037718212635  -0.317299471432  0.055931295089  0.143178237016
  66  C  3.003957530418  1.904571173122  9.653451174629  0.190355565275  0.133314989669  0.298240546111
  67  C  6.155178282769  1.893080827650  9.676400194192  0.043140449204  0.753839257782  0.273262949474
  68  C  4.564585382702  4.614838001853  9.653518775152  -0.052027212202  0.149802640402  0.205043590785
  69  C  1.515259950790  6.343673839667  1.898359956982  0.146667149978  -0.129382209470  -0.790622053132
  70  C  -1.617221111553  6.294399708414  1.874018865203  -0.317904255733  0.382623695444  -0.861559738529
  71  C  -0.044270387248  3.631718416157  1.872064781760  0.327104377629  -0.067077147827  -0.191578941511


