MDSTEP:  0
LATTICE_CONSTANT: 1.889726125458
LATTICE_VECTORS
  8.695551626286  -0.000000000000  -0.000000000000
  -0.000000000000  8.695551626286  -0.000000000000
  -0.000000000000  -0.000000000000  8.695551626286
VIRIAL (KBAR)
  67.106410201748  -0.000000012546  -0.000000008359
  -0.000000012546  67.106410201565  0.000000000009
  -0.000000008359  0.000000000009  67.106410202726
INDEX    LABEL    POSITIONS    FORCE (eV/Angstrom)
  0  Si  3.260831859857  1.086943953286  3.260831859842  0.000000011388  -0.000002037489  0.000005724850
  1  Si  3.260831859857  1.086943953286  7.608607673017  -0.000000000828  -0.000001994884  -0.000005723670
  2  Si  3.260831859857  5.434719766429  3.260831859842  -0.000000006542  0.000002035486  0.000005636121
  3  Si  3.260831859857  5.434719766429  7.608607673016  -0.000000004625  0.000001996984  -0.000005637785
  4  Si  7.608607673001  1.086943953286  3.260831859842  -0.000000009062  -0.000001990019  0.000005653903
  5  Si  7.608607673001  1.086943953286  7.608607673017  -0.000000001531  -0.000001958289  -0.000005655379
  6  Si  7.608607673001  5.434719766429  3.260831859842  0.000000003235  0.000001992263  0.000005570913
  7  Si  7.608607673001  5.434719766429  7.608607673016  0.000000007492  0.000001955966  -0.000005569468
  8  Si  3.260831859857  3.260831859842  1.086943953302  -0.000000013919  0.000001490258  -0.000010284356
  9  Si  3.260831859857  3.260831859842  5.434719766413  0.000000003200  0.000001404462  0.000010285518
  10  Si  3.260831859857  7.608607673016  1.086943953302  -0.000000001891  -0.000001491464  -0.000010245661
  11  Si  3.260831859857  7.608607673016  5.434719766413  0.000000012942  -0.000001403073  0.000010243996
  12  Si  7.608607673001  3.260831859857  1.086943953302  0.000000014691  0.000001443665  -0.000010235829
  13  Si  7.608607673001  3.260831859842  5.434719766413  -0.000000003962  0.000001358413  0.000010234374
  14  Si  7.608607673001  7.608607673001  1.086943953302  0.000000001075  -0.000001442730  -0.000010200348
  15  Si  7.608607673001  7.608607673016  5.434719766413  -0.000000011680  -0.000001359283  0.000010201827
  16  Si  1.086943953286  1.086943953286  1.086943953302  -0.000000055028  -0.000001976637  -0.000010240627
  17  Si  1.086943953286  1.086943953286  5.434719766413  0.000000009879  -0.000002002501  0.000010246477
  18  Si  1.086943953286  5.434719766429  1.086943953302  -0.000000012291  0.000001983274  -0.000010247887
  19  Si  1.086943953286  5.434719766429  5.434719766413  0.000000059905  0.000001996136  0.000010242338
  20  Si  5.434719766429  1.086943953286  1.086943953302  0.000000060418  -0.000001996409  -0.000010236780
  21  Si  5.434719766429  1.086943953286  5.434719766413  -0.000000015227  -0.000002005124  0.000010230566
  22  Si  5.434719766429  5.434719766429  1.086943953302  0.000000006945  0.000001989385  -0.000010240900
  23  Si  5.434719766429  5.434719766429  5.434719766413  -0.000000055055  0.000002010964  0.000010246335
  24  Si  1.086943953286  3.260831859842  3.260831859842  -0.000000040419  0.000001424171  0.000005626083
  25  Si  1.086943953286  3.260831859842  7.608607673017  -0.000000001780  0.000001435580  -0.000005632618
  26  Si  1.086943953286  7.608607673016  3.260831859842  -0.000000006689  -0.000001433852  0.000005651896
  27  Si  1.086943953286  7.608607673016  7.608607673016  0.000000049443  -0.000001425546  -0.000005645048
  28  Si  5.434719766429  3.260831859842  3.260831859842  0.000000052264  0.000001418653  0.000005650314
  29  Si  5.434719766429  3.260831859842  7.608607673016  -0.000000010082  0.000001418766  -0.000005644146
  30  Si  5.434719766429  7.608607673016  3.260831859842  -0.000000005120  -0.000001409543  0.000005658444
  31  Si  5.434719766429  7.608607673016  7.608607673016  -0.000000037143  -0.000001428907  -0.000005665439
  32  C  -0.000000000000  -0.000000000000  0.000000000016  -0.000000007798  -0.000002829162  -0.000013212471
  33  C  -0.000000000000  -0.000000000000  4.347775813127  -0.000000006665  -0.000002811476  0.000013213777
  34  C  -0.000000000000  4.347775813143  0.000000000016  0.000000008493  0.000002830290  -0.000013170084
  35  C  -0.000000000000  4.347775813143  4.347775813127  0.000000007337  0.000002811567  0.000013170526
  36  C  4.347775813143  -0.000000000000  0.000000000016  0.000000008254  -0.000002885470  -0.000013279551
  37  C  4.347775813143  -0.000000000000  4.347775813112  0.000000006217  -0.000002859272  0.000013280519
  38  C  4.347775813143  4.347775813127  0.000000000016  -0.000000008882  0.000002886030  -0.000013250704
  39  C  4.347775813143  4.347775813143  4.347775813112  -0.000000006956  0.000002860329  0.000013252427
  40  C  -0.000000000000  2.173887906572  2.173887906556  -0.000000059622  -0.000000449489  -0.000003829740
  41  C  -0.000000000000  2.173887906556  6.521663719731  0.000000008203  -0.000000492080  0.000003828712
  42  C  -0.000000000000  6.521663719715  2.173887906556  -0.000000001895  0.000000448872  -0.000003847657
  43  C  -0.000000000000  6.521663719731  6.521663719731  0.000000054680  0.000000491500  0.000003846982
  44  C  4.347775813143  2.173887906556  2.173887906556  0.000000060117  -0.000000466640  -0.000003800272
  45  C  4.347775813143  2.173887906556  6.521663719731  -0.000000008755  -0.000000495085  0.000003799575
  46  C  4.347775813143  6.521663719731  2.173887906556  0.000000001545  0.000000466134  -0.000003826063
  47  C  4.347775813143  6.521663719731  6.521663719731  -0.000000054273  0.000000494614  0.000003825198
  48  C  2.173887906572  -0.000000000000  2.173887906556  -0.000000028040  -0.000002905015  -0.000003781741
  49  C  2.173887906572  -0.000000000000  6.521663719731  0.000000038811  -0.000002839818  0.000003781315
  50  C  2.173887906572  4.347775813127  2.173887906556  -0.000000045269  0.000002905738  -0.000003870089
  51  C  2.173887906572  4.347775813143  6.521663719731  0.000000035643  0.000002840497  0.000003868909
  52  C  6.521663719715  -0.000000000000  2.173887906556  0.000000027819  -0.000002846617  -0.000003783745
  53  C  6.521663719715  -0.000000000000  6.521663719731  -0.000000038676  -0.000002793928  0.000003782482
  54  C  6.521663719715  4.347775813143  2.173887906556  0.000000045422  0.000002847581  -0.000003868158
  55  C  6.521663719715  4.347775813143  6.521663719731  -0.000000035710  0.000002794400  0.000003867759
  56  C  2.173887906572  2.173887906572  0.000000000016  -0.000000040512  -0.000000424259  -0.000013291880
  57  C  2.173887906572  2.173887906556  4.347775813112  -0.000000010977  -0.000000512421  0.000013293173
  58  C  2.173887906572  6.521663719715  0.000000000016  0.000000015517  0.000000424292  -0.000013226865
  59  C  2.173887906572  6.521663719731  4.347775813127  0.000000037117  0.000000511397  0.000013227743
  60  C  6.521663719715  2.173887906572  0.000000000016  0.000000040309  -0.000000441448  -0.000013223397
  61  C  6.521663719715  2.173887906556  4.347775813127  0.000000011238  -0.000000525515  0.000013224467
  62  C  6.521663719715  6.521663719715  0.000000000016  -0.000000015456  0.000000440289  -0.000013170696
  63  C  6.521663719715  6.521663719731  4.347775813127  -0.000000037236  0.000000525489  0.000013171540


MDSTEP:  1
LATTICE_CONSTANT: 1.889726125458
LATTICE_VECTORS
  8.695551626286  -0.000000000000  -0.000000000000
  -0.000000000000  8.695551626286  -0.000000000000
  -0.000000000000  -0.000000000000  8.695551626286
VIRIAL (KBAR)
  67.109459711679  -0.064650376409  0.000990498920
  -0.064650376409  67.109503737554  -0.043022636236
  0.000990498920  -0.043022636236  67.109266620298
INDEX    LABEL    POSITIONS    FORCE (eV/Angstrom)
  0  Si  3.261360074721  1.086643283069  3.261304459852  -0.015991850148  -0.000356034482  -0.018019629434
  1  Si  3.260525833995  1.087331949684  7.609157903860  0.001563091469  -0.003777453874  -0.020747862539
  2  Si  3.260476561487  5.434534497911  3.260749479926  0.002757623325  -0.005783597562  0.000294011475
  3  Si  3.260824985591  5.433797847353  7.609157283761  -0.005540866422  0.028358684185  -0.011000933676
  4  Si  7.609008675783  1.086807918600  3.260013882220  -0.030211885611  -0.001244838828  0.023545197040
  5  Si  7.608422372801  1.086970682973  7.608799267800  0.010074590883  -0.007391753588  -0.004553642353
  6  Si  7.608437002591  5.434372926621  3.261197079260  -0.000703328654  0.025035630347  -0.018942753752
  7  Si  7.608582677655  5.434748716852  7.607757268069  -0.001939271786  -0.008097574935  0.021858975841
  8  Si  3.262004466146  3.260301663445  1.087363131322  -0.026707021544  0.015088839107  -0.003577860746
  9  Si  3.260651771507  3.260232914967  5.434889951227  -0.008313798219  0.017453694951  -0.004548226525
  10  Si  3.261399851964  7.609618092998  1.087218759959  -0.025094864179  -0.024866178334  0.005359339188
  11  Si  3.261257923699  7.607759940080  5.434702765352  -0.005051035880  0.021423129497  -0.010288942374
  12  Si  7.608382018112  3.260982846503  1.087226422615  0.001188569994  -0.018702201061  -0.007780961698
  13  Si  7.609231895238  3.261554241968  5.434225320839  -0.010256484548  -0.014568961126  0.032052521877
  14  Si  7.608894125987  7.608496978413  1.086188621918  -0.000099618245  0.000035431503  0.010971093438
  15  Si  7.609141643669  7.609000227665  5.435571140713  -0.016913233565  -0.013089035743  -0.034403189811
  16  Si  1.086898587836  1.087642322824  1.086489725879  0.011656932066  -0.009859173121  0.017176736721
  17  Si  1.086401883288  1.087423996460  5.434895564355  0.016599963816  -0.008761707438  -0.019058827365
  18  Si  1.086897721617  5.435253155138  1.086677667452  0.005225811416  -0.021579734023  -0.001017418494
  19  Si  1.086851231112  5.434679968744  5.434571450026  0.009025355865  0.013601549584  -0.008281641713
  20  Si  5.435076593132  1.086238406517  1.087022075933  -0.008775559891  0.012999643482  -0.016396410011
  21  Si  5.434902519819  1.087686190130  5.434864945054  0.002172798004  -0.021003655850  0.002091951819
  22  Si  5.434138350508  5.434469347691  1.086630673792  0.018844220208  0.011134083302  0.010722700420
  23  Si  5.434498381918  5.434406576450  5.434546681094  0.000098135060  0.010436605804  0.008315912555
  24  Si  1.086734079380  3.261680095367  3.261330280262  0.010339401979  -0.028330272483  -0.013438045716
  25  Si  1.087235621403  3.261195209153  7.609353410111  -0.009355399605  -0.010339877579  -0.022464582804
  26  Si  1.086925838021  7.608573526405  3.260650202292  -0.001330105484  0.009415700433  -0.001394102085
  27  Si  1.086657133159  7.609310746852  7.608013040084  0.018657333498  -0.013784610604  0.010950277436
  28  Si  5.434389447118  3.259882130973  3.260572525727  -0.003258428505  0.023791485851  0.023369695456
  29  Si  5.434642570496  3.260593360008  7.607896804202  0.006838211339  0.002355565481  0.012064018439
  30  Si  5.434179464474  7.607921405545  3.261110180350  0.014321073028  0.017130361471  -0.012555522366
  31  Si  5.434635314635  7.608734487204  7.608724575233  0.001408930619  0.004641752366  -0.008395391904
  32  C  0.000885798684  0.000146306864  0.000523060738  -0.020259164596  0.004869960517  -0.020060357855
  33  C  8.694470778036  0.000482115851  4.347598061050  0.025414051889  -0.015069608854  0.002025435357
  34  C  0.000158455260  4.346574047647  8.695356962353  -0.010312545973  0.034771768417  0.006712256559
  35  C  8.695513526184  4.348323735991  4.347660934070  0.000986481899  -0.004802172766  0.004992977534
  36  C  4.346876664855  8.695433538232  0.000173093424  0.023864558515  0.009697565598  -0.008363535386
  37  C  4.347986070726  0.000728083023  4.347203381394  0.004446992930  -0.018040705160  0.022331290001
  38  C  4.348851630723  4.347331845143  8.695386357313  -0.022548815442  -0.003687040625  0.002969136863
  39  C  4.346777429424  4.348666087579  4.348859235914  0.017758729625  -0.031839528294  -0.029881988715
  40  C  8.695061962089  2.172779794646  2.174550498697  0.014003235658  0.039351204419  -0.014943947966
  41  C  0.000919617461  2.173176971055  6.522188293057  -0.021479302153  0.030248953739  -0.007002720304
  42  C  0.001056999050  6.521595454332  2.172811606290  -0.038140801766  -0.002920545017  0.027624777550
  43  C  8.695261003633  6.521565588917  6.521143159358  0.014774768540  0.003140519713  0.008505703258
  44  C  4.347813761699  2.173111347200  2.173593890488  0.008424681924  0.002188064275  0.007488069059
  45  C  4.347742380242  2.174622277493  6.521576056677  -0.004357221842  -0.022080546750  0.009106105511
  46  C  4.346861907996  6.521198135063  2.174356742219  0.019986129486  0.005372063883  -0.015857559129
  47  C  4.348559182638  6.522107754837  6.521557314930  -0.022101981979  -0.020103140480  0.012682966679
  48  C  2.173908433731  0.000191395552  2.173885771158  0.001613942116  0.011353265422  0.000974604419
  49  C  2.174007447896  0.000531511561  6.520837456971  0.001139234977  -0.012716279171  0.010065948782
  50  C  2.173662839778  4.348048263979  2.174310926700  0.006873006338  -0.013565559886  -0.019083310125
  51  C  2.172685482258  4.347718459082  6.521223653337  0.024346374644  -0.001235755404  0.012593221379
  52  C  6.521548813187  0.000304108776  2.172827122208  0.002835704427  -0.024578484247  0.023072114348
  53  C  6.522524970060  8.694703304689  6.521034531163  -0.024941147745  0.026995680437  0.024189751975
  54  C  6.521704003823  4.347280371321  2.173977774807  -0.009888201685  0.008946915334  0.000228675729
  55  C  6.520767208813  4.348147038130  6.522253818626  0.025739358702  -0.010241905429  -0.024475746387
  56  C  2.173791410095  2.174651086156  8.695034690359  0.012384223325  -0.005489185502  0.020758525739
  57  C  2.174835115402  2.173523660726  4.347267551115  -0.026947066071  0.011654681912  0.011441235327
  58  C  2.173570513759  6.522044289420  0.001097624403  0.014169569671  -0.000433610081  -0.034570685051
  59  C  2.174403922530  6.521220731982  4.346379594880  -0.017991679782  0.010931652516  0.034853238011
  60  C  6.521205667836  2.173776352066  8.694789788864  0.004422793086  0.000597166509  0.015837447039
  61  C  6.521749426340  2.174174423026  4.348918450142  0.008298192683  -0.002619830989  -0.033496935218
  62  C  6.521563014909  6.521956977662  8.694941440192  0.002841774884  -0.010359929634  0.012100943827
  63  C  6.520991490865  6.521712460867  4.348196268762  0.023414833436  -0.001701131138  -0.004724125151


MDSTEP:  2
LATTICE_CONSTANT: 1.889726125458
LATTICE_VECTORS
  8.695551626286  -0.000000000000  -0.000000000000
  -0.000000000000  8.695551626286  -0.000000000000
  -0.000000000000  -0.000000000000  8.695551626286
VIRIAL (KBAR)
  67.134519775105  -0.123252083866  0.331813621695
  -0.123252083866  67.136090366903  -0.343015892192
  0.331813621695  -0.343015892192  67.139932038945
INDEX    LABEL    POSITIONS    FORCE (eV/Angstrom)
  0  Si  3.261527482924  1.084825617515  3.261589884404  0.002758865976  0.067391869382  -0.015002734115
  1  Si  3.257971103832  1.086700098828  7.608530500733  0.111750970623  0.063231952203  -0.000765648671
  2  Si  3.259453171465  5.435782231539  3.259488556252  0.079027323614  -0.045401383944  0.028650927830
  3  Si  3.261610890783  5.434082984791  7.611362241961  -0.025395895087  0.057533815427  -0.077320722561
  4  Si  7.609977333708  1.088438208921  3.261063449380  -0.030940951632  0.040053746529  -0.020897838711
  5  Si  7.607435936218  1.087736107336  7.606197299481  0.002688093062  -0.050347927451  0.102189745276
  6  Si  7.608610262418  5.436191876931  3.261814078490  -0.038041113262  -0.002781978979  -0.031099109246
  7  Si  7.609333148656  5.434843397743  7.607242107464  -0.015539535945  0.038590028376  0.024324444837
  8  Si  3.261269667780  3.261458970075  1.088951094359  -0.010588535852  -0.045231270029  -0.030392740969
  9  Si  3.261584924297  3.258411640188  5.432429523268  0.057620798551  0.077735470403  0.057713369538
  10  Si  3.259093802146  7.610587194710  1.085576205687  0.054608484307  -0.025460473557  -0.004615306493
  11  Si  3.261882388241  7.608821690410  5.435056295241  -0.060534147883  -0.011612399241  -0.026954405318
  12  Si  7.605756337787  3.258374461279  1.086198521473  0.035959692575  0.089393412982  0.015868473663
  13  Si  7.607973271525  3.262367098659  5.436118512478  0.028450180125  0.033699074798  -0.014844760870
  14  Si  7.607215715967  7.607661876329  1.087073275865  0.018306130111  -0.021734792933  0.002269900878
  15  Si  7.611130948859  7.609802732233  5.434576157018  -0.026777480237  0.001744590086  0.011908501112
  16  Si  1.088929317510  1.085987425246  1.084690798503  -0.076662850844  0.040299733336  0.052215760083
  17  Si  1.086425804876  1.089152626354  5.435813664352  0.002839791306  0.001419500308  -0.009157190620
  18  Si  1.089027078661  5.433619744981  1.086122075215  -0.084542081207  -0.028436020970  0.057590871021
  19  Si  1.087939072470  5.436626667202  5.434818104449  -0.017738139131  -0.080042801418  -0.003785710177
  20  Si  5.436331466815  1.088519482857  1.085611573759  -0.093961049987  -0.031797311115  0.041189036526
  21  Si  5.437148772531  1.087949771330  5.437147198187  -0.070424355575  0.001837532718  -0.052435643556
  22  Si  5.434115382057  5.434749894278  1.088945945071  -0.015504706204  0.006333492503  -0.054640319944
  23  Si  5.436075758495  5.436063796503  5.435046974135  -0.056538511591  0.012072724641  -0.006582578961
  24  Si  1.087565141191  3.264277634580  3.263619998742  -0.047267339404  -0.053378950971  -0.060151774754
  25  Si  1.086308788765  3.263162031391  7.609815015609  0.014173486838  -0.045880681358  -0.021030546587
  26  Si  1.087650611086  7.609941847376  3.262099549220  -0.019717510431  -0.009487281762  -0.080611844478
  27  Si  1.088215957665  7.608057302924  7.608566254634  -0.030262028385  0.028992070266  0.006793228043
  28  Si  5.434233376918  3.258137144731  3.262136023646  0.056848096401  0.125601244355  -0.005317069626
  29  Si  5.436566739475  3.262557763444  7.608766430559  -0.065123936246  0.069586976126  -0.009509050836
  30  Si  5.433723690516  7.608516760113  3.261615945868  0.032116910670  -0.022797733320  -0.026043784444
  31  Si  5.435402248721  7.608939044386  7.606870553691  -0.019569376194  0.000715143283  0.035945047524
  32  C  0.001505603247  8.691942461908  0.002124161988  -0.062949104378  0.080177262355  -0.073428945137
  33  C  8.694637296067  0.003147327405  4.347720824779  0.060790314743  -0.031916219408  0.005725063985
  34  C  8.692583830073  4.346519956282  8.695445658232  0.053459181003  0.027182913334  0.002121526225
  35  C  8.691879993719  4.350850231391  4.346736509692  0.082911961718  -0.044825106222  0.071143794068
  36  C  4.348003892155  8.695055940366  8.692852255525  -0.005228890130  0.032394002869  0.040140743500
  37  C  4.347289968210  8.694228970571  4.346470843377  0.027193071843  0.054588517586  0.062794907905
  38  C  4.344949312766  4.349080415387  0.000430530418  0.075626987870  -0.032662359135  0.022101365410
  39  C  4.349310743485  4.349306056507  4.348406538593  -0.028438365427  -0.003787301427  -0.026182237625
  40  C  8.694890983112  2.176797205705  2.170986463149  0.050309443447  -0.053438156597  0.061284039942
  41  C  8.693027023958  2.174334360458  6.522965715356  0.051905395877  0.034712246970  -0.014849029474
  42  C  8.694345090834  6.519337557112  2.173882182010  0.052055301197  0.065540188589  0.008479598201
  43  C  0.003130286415  6.523483383546  6.520850973448  -0.033451545993  -0.011579500929  0.017588692052
  44  C  4.347325986160  2.175935129601  2.177243583540  0.028603914804  -0.078151484728  -0.063299389648
  45  C  4.351352360993  2.177816960040  6.523732682312  -0.074629446110  -0.094274444584  -0.029090391989
  46  C  4.345538288449  6.521498207000  2.172083206151  0.021319754217  0.040202149581  0.038703698709
  47  C  4.348360727924  6.525712407755  6.521295179385  -0.028533908595  -0.097881501701  0.024640177643
  48  C  2.177003273500  0.003961833521  2.171341042050  -0.068646865535  -0.077284541456  0.071081793861
  49  C  2.173670600372  0.002776942410  6.522990297082  -0.010396600332  -0.060477670616  -0.058953380254
  50  C  2.176926625553  4.346086064497  2.176401430724  -0.069002557115  0.043094863252  -0.057094104420
  51  C  2.176435993771  4.346363919130  6.520447973328  -0.047905413383  0.031342532573  0.019543658625
  52  C  6.522040372437  0.000722641942  2.173829029062  -0.011476106499  0.005914427205  0.015660581924
  53  C  6.520017880274  8.694547587932  6.519927887431  0.076782617211  0.016470523163  0.035680771384
  54  C  6.522934707791  4.350640332924  2.171649187459  -0.048394999361  -0.081031335741  0.079948130272
  55  C  6.521645490276  4.351080345933  6.519093085828  0.012478341497  -0.037342352754  0.077789774066
  56  C  2.172783553697  2.172223817084  0.000679145036  0.029247232477  0.072216208405  -0.013601752852
  57  C  2.175559586530  2.174954183634  4.348052229132  -0.052534138314  -0.047170321049  -0.005437415827
  58  C  2.170030970100  6.522533924772  0.001581938293  0.091294146360  -0.025520009887  -0.039356947667
  59  C  2.172317751702  6.517357014240  4.345150603231  0.045388516056  0.137143859626  0.062710389923
  60  C  6.517257536560  2.177187317407  0.000067313451  0.093086498835  -0.076126450139  -0.037675473694
  61  C  6.523934962208  2.177289037802  4.352379143301  -0.027164837382  -0.083263486501  -0.084454576422
  62  C  6.518933651142  6.521529935849  8.694852319489  0.046716440182  -0.001451684929  -0.008724357693
  63  C  6.523386746661  6.522830040568  4.351940949985  -0.022435619847  0.015362861618  -0.090491230388


MDSTEP:  3
LATTICE_CONSTANT: 1.889726125458
LATTICE_VECTORS
  8.695551626286  -0.000000000000  -0.000000000000
  -0.000000000000  8.695551626286  -0.000000000000
  -0.000000000000  -0.000000000000  8.695551626286
VIRIAL (KBAR)
  67.178996262149  -0.629566973510  0.181130797173
  -0.629566973510  67.195991594529  0.206534552117
  0.181130797173  0.206534552117  67.185922875623
INDEX    LABEL    POSITIONS    FORCE (eV/Angstrom)
  0  Si  3.259132712940  1.083409165485  3.264241388772  0.067091358852  0.069861564510  -0.123926016344
  1  Si  3.257078270973  1.089498223600  7.610251539718  0.172328444773  -0.010076982792  -0.110475484769
  2  Si  3.259312148768  5.434188693206  3.262602946682  0.117534223723  -0.058980242781  -0.082835963377
  3  Si  3.258976995595  5.436644543822  7.612191989354  0.084367313440  0.063863466201  -0.157722188939
  4  Si  7.611486628876  1.091402895347  3.258860250089  -0.104409966261  -0.058947597584  0.079231990172
  5  Si  7.605923538778  1.085405314488  7.604167833109  0.024094784726  -0.004372014671  0.156012218301
  6  Si  7.609473875062  5.433940493656  3.259208414659  0.013302780306  0.047237871017  0.000270239104
  7  Si  7.607434054091  5.437963177986  7.603871403465  -0.009933548059  -0.059307428889  0.071180490133
  8  Si  3.258908459090  3.258802019802  1.088675461282  0.070563227663  -0.004083253067  -0.058812474806
  9  Si  3.262637240103  3.261324497275  5.429674952594  0.098733891570  0.024546365670  0.092324895855
  10  Si  3.259906539634  7.607593437948  1.084836061221  0.052415154396  0.083224054170  0.009569117156
  11  Si  3.261836783929  7.608376909893  5.433609434470  -0.042975732475  0.058072048616  -0.004154803826
  12  Si  7.603989742310  3.261271652095  1.086663874950  0.094030665425  -0.056267825424  -0.025908893491
  13  Si  7.605833200277  3.259144541960  5.435639664578  0.026366236572  0.063705854450  0.013773890635
  14  Si  7.609403913851  7.609415643704  1.086075790350  -0.082745449394  -0.059973797320  0.018494206468
  15  Si  7.614583081877  7.606575801579  5.434743930239  -0.113610022844  0.067911998730  -0.028651791357
  16  Si  1.086824295785  1.087125865051  1.086097435020  -0.074450505753  0.001648246541  0.038069090125
  17  Si  1.085228559627  1.091859396338  5.436830295723  0.097179363779  -0.064154119804  -0.003984322119
  18  Si  1.087896196393  5.430483243775  1.087995669883  0.039581639211  0.045646339463  -0.007230596609
  19  Si  1.090041392157  5.437980400343  5.436081321258  -0.067924825469  -0.155307500752  -0.085832108347
  20  Si  5.439108645762  1.087208324116  1.087380675014  -0.202374600655  0.000200297975  -0.008976361106
  21  Si  5.435720035177  1.090100803153  5.434967900450  0.016390413865  -0.090095323053  0.083978904879
  22  Si  5.434743354917  5.431648077964  1.086156926497  -0.002764394141  0.043293380680  -0.029100361144
  23  Si  5.433674092830  5.434289550035  5.432515775123  0.008203800642  0.137995084251  -0.019850376020
  24  Si  1.088168355965  3.261187367853  3.266307073861  -0.069902110541  0.034121110634  -0.118071427776
  25  Si  1.089410289415  3.260060229642  7.612763444093  -0.022037914444  0.068987967153  -0.118187181171
  26  Si  1.087428707284  7.608249307446  3.262676660273  -0.036207851175  0.047147054733  -0.040529047297
  27  Si  1.085903685878  7.608655204999  7.608404232398  -0.013184190038  -0.028353403965  0.014693657126
  28  Si  5.436446252256  3.261141841934  3.262318552240  -0.008623437382  -0.027519059583  -0.100039500349
  29  Si  5.437116077756  3.264176187294  7.606853307255  -0.056717808224  0.070784120602  0.063656667695
  30  Si  5.432095509627  7.609437461077  3.261872350616  0.089877929229  -0.060316887756  -0.059105618668
  31  Si  5.432035818643  7.611938723253  7.605823211696  0.009114255120  -0.033263550592  -0.000992925846
  32  C  8.693878731092  8.692247386405  0.001012760334  0.011460586702  0.097624522881  -0.058125020344
  33  C  8.692636543292  0.005033865788  4.349268036465  0.126733524512  -0.051368902581  -0.023338987890
  34  C  8.692024529285  4.344086756984  0.002055380113  0.057851177331  0.099032803115  -0.081197434365
  35  C  8.690170425736  4.347779930438  4.349548757424  0.144197032344  -0.003276318783  0.017947554256
  36  C  4.345428687733  0.001481523937  8.687742005309  0.048432972958  0.022774230470  0.194191500446
  37  C  4.350980085129  0.002466934549  4.347592281885  -0.099275208353  -0.032481687346  0.041457043165
  38  C  4.343112569244  4.350839407242  0.000733459668  0.072161925170  -0.098059947766  -0.015265384119
  39  C  4.352986752905  4.346648027339  4.345794479640  -0.081385279529  0.074274126609  -0.005514183811
  40  C  8.690395366538  2.176907145030  2.175178968958  0.161230835597  -0.002968565195  -0.049057766071
  41  C  8.694252894328  2.174692088821  6.526369176034  0.011885669922  0.042885536808  -0.061123357777
  42  C  0.003713482453  6.521906562983  2.172230456101  -0.057268814826  -0.024840859749  0.032806991489
  43  C  0.001614756242  6.518626408356  6.515804297697  0.058130580348  0.081823824045  0.137777360832
  44  C  4.342088474134  2.175736875858  2.174991338420  0.151311447645  -0.090183048652  0.004459769663
  45  C  4.353506008933  2.181144026986  6.523788069080  -0.151610584945  -0.136854933585  -0.056363653153
  46  C  4.345209666326  6.517047851816  2.168829795767  0.049585444649  0.100392779667  0.130059088882
  47  C  4.348164006570  6.530133845634  6.516461766415  -0.029593224337  -0.208016055025  0.080056754440
  48  C  2.172530879851  0.001187877689  2.173644609905  0.028335890598  -0.043917652637  0.027443648338
  49  C  2.174844618807  8.693952523956  6.527848864077  -0.058063640832  0.076876172651  -0.193384263202
  50  C  2.180776982982  4.342571633977  2.176099913718  -0.191056752411  0.073486550563  -0.007510039716
  51  C  2.179132130419  4.349338666415  6.515223419601  -0.094280706828  -0.039456366570  0.150350124411
  52  C  6.522866717867  0.003240719978  2.176432157140  -0.001350086189  -0.071032008196  -0.038430156327
  53  C  6.524571031111  8.690271043297  6.523013868746  -0.035969901859  0.100999785029  -0.099092142621
  54  C  6.527640941803  4.346339418721  2.169320810831  -0.156279390627  0.038611613863  0.104864752944
  55  C  6.518884783883  4.354342569894  6.514851329525  0.062442832146  -0.113439582351  0.137857951730
  56  C  2.175429517329  2.169913857645  8.692747393819  -0.067949306754  0.103533669565  0.110000202122
  57  C  2.180169797388  2.177688964422  4.343761032750  -0.144573748409  -0.116636142129  0.150699104037
  58  C  2.175217956831  6.526183292456  8.695417691956  -0.116117312760  -0.137725072499  0.007538522518
  59  C  2.174399885265  6.517004976950  4.344503703632  -0.000579826504  0.136430603236  0.068700834164
  60  C  6.518969466784  2.175255302035  0.001105168361  0.065771388006  -0.010516595433  -0.084401507413
  61  C  6.519980196594  2.172771464454  4.351014545648  0.061577880118  0.024055864548  -0.082923455191
  62  C  6.515112425767  6.523228090958  8.690747439252  0.113280040174  -0.012662981185  0.077844364073
  63  C  6.527414962904  6.523718729558  4.348795054448  -0.112348569492  -0.036593200730  -0.075196139795


MDSTEP:  4
LATTICE_CONSTANT: 1.889726125458
LATTICE_VECTORS
  8.695551626286  -0.000000000000  -0.000000000000
  -0.000000000000  8.695551626286  -0.000000000000
  -0.000000000000  -0.000000000000  8.695551626286
VIRIAL (KBAR)
  67.239182014952  -1.371156650146  -0.007591476719
  -1.371156650146  67.266983761563  0.293815283962
  -0.007591476719  0.293815283962  67.253232984160
INDEX    LABEL    POSITIONS    FORCE (eV/Angstrom)
  0  Si  3.260553164974  1.083672962098  3.262640929699  0.050459486288  0.104438219644  -0.141447246831
  1  Si  3.260817009625  1.091721347838  7.607076226435  0.030953038363  0.056253391770  -0.045003924429
  2  Si  3.255519300016  5.434292425819  3.261738497740  0.137216043745  -0.060377391603  -0.158529808456
  3  Si  3.256611457483  5.436273392887  7.609316540533  0.170082882925  0.041664672454  -0.022194136928
  4  Si  7.609858865217  1.090832720527  3.254781695472  -0.067769748772  0.025976614844  0.142791030228
  5  Si  7.607175312611  1.082300785901  7.603905539912  0.016740367906  0.101541997883  0.163644929393
  6  Si  7.606026434385  5.436283302385  3.261582256850  0.111475996481  -0.048752955383  -0.119082504725
  7  Si  7.608963789035  5.441348416429  7.606944251754  -0.137304239659  -0.124610198362  0.009681705951
  8  Si  3.255302112859  3.255041423135  1.088880026959  0.165980252614  0.116902341928  -0.027830942846
  9  Si  3.259990786406  3.264884980990  5.426465026553  0.104785200004  -0.035701497554  0.057575239027
  10  Si  3.258994714387  7.608420589343  1.085988394378  0.025955515792  0.050675339303  -0.056949291205
  11  Si  3.263485196635  7.608724062216  5.432832745108  -0.118852256022  0.071035133127  0.101799608516
  12  Si  7.606698757315  3.261897189810  1.090154601001  0.025468289306  -0.171083860574  -0.080029299521
  13  Si  7.603532084618  3.261567667892  5.434600038626  0.084763942252  -0.007004214552  -0.002380373342
  14  Si  7.608394943236  7.606053492070  1.088638756375  -0.042158533944  0.119266562034  -0.030431302373
  15  Si  7.613608627128  7.608651974752  5.438338566650  -0.041195916753  0.043569041804  -0.180128889541
  16  Si  1.089698297269  1.089878156539  1.087890679634  -0.128515905501  -0.052151931497  -0.024349045947
  17  Si  1.086384379579  1.091971335329  5.437863812491  0.025605302316  -0.000410608052  -0.107557983277
  18  Si  1.087929729369  5.431153210236  1.089419771386  -0.056952551449  -0.003726138512  -0.074393781034
  19  Si  1.086111868263  5.440051850066  5.436879576445  0.033906648127  -0.326385996567  -0.131249374142
  20  Si  5.436042181865  1.084252471928  1.084852999925  -0.110960649314  0.105117258345  0.080283573831
  21  Si  5.438028666975  1.092928000910  5.436950255574  -0.042009125325  -0.091637378411  0.009038103386
  22  Si  5.432119250283  5.433046918211  1.084594408060  0.049744356453  -0.126029881973  0.019290557983
  23  Si  5.430402489414  5.437561644946  5.429206780593  0.127010654079  0.029116988534  0.011387353330
  24  Si  1.087976455398  3.259292339643  3.263773681816  -0.070706670191  0.143956357579  -0.070845468504
  25  Si  1.087640550993  3.261392649365  7.616433748328  0.026988033121  0.038472179684  -0.204042317625
  26  Si  1.085107686614  7.608322908677  3.264974475129  -0.019042038727  0.067868154567  -0.133746804915
  27  Si  1.089521634866  7.605674408641  7.606704103968  -0.108391226725  0.036531526407  0.082766490562
  28  Si  5.436949759789  3.262332160881  3.265384186192  -0.015218361956  -0.066316238174  -0.223885038948
  29  Si  5.434878754294  3.265644983380  7.607949089908  -0.041686559142  0.031435693140  0.042933737466
  30  Si  5.434887185163  7.612015172970  3.264120931479  -0.038579417021  -0.106896881930  -0.102295352097
  31  Si  5.428124262895  7.612677836302  7.606799012918  0.108249180253  0.022653981748  0.010513904696
  32  C  0.001684689305  0.000257994114  8.693779331599  -0.048717300094  -0.050293506437  0.047003691974
  33  C  8.687365399796  0.009816661907  4.345094624235  0.224552559341  -0.154671540839  0.099275139973
  34  C  8.687995863207  4.342386347236  0.001267102269  0.131835053171  0.182105022994  -0.032646420495
  35  C  8.688746537551  4.349650035473  4.344494036548  0.170158356734  -0.033301920505  0.127571826873
  36  C  4.343255069656  0.006189711468  8.689263944720  0.039284031278  -0.097682897003  0.105781059566
  37  C  4.345875483479  0.006322712638  4.350795668000  0.039426724237  -0.116517461676  0.007639107234
  38  C  4.341885531998  4.349069666777  8.694930225675  0.037721762912  -0.061205370367  0.021549520848
  39  C  4.350029408245  4.347972639411  4.340308960791  -0.057778346445  0.113098776675  0.073650100587
  40  C  0.000070759972  2.176044054761  2.179979146878  0.057197157967  -0.011567438141  -0.181912513973
  41  C  0.000930462326  2.174227027273  6.525960040904  -0.045339459214  0.098354665613  -0.070136388169
  42  C  0.001032480622  6.518388171032  2.169033283994  -0.010519622214  0.051472555822  0.134824429873
  43  C  0.002635396248  6.516168054876  6.511168206786  0.013369327016  0.179449461994  0.279716569092
  44  C  4.345376606580  2.175412513041  2.174815492382  0.081991964133  -0.075463623621  0.012440505824
  45  C  4.349480447119  2.185589752984  6.519088796648  -0.054470070021  -0.179445817496  -0.009242372296
  46  C  4.342623891897  6.513124332595  2.162622867514  0.104636471756  0.241898826223  0.322736039236
  47  C  4.353227874686  6.527285029593  6.520443845196  -0.179983755181  -0.095670801875  -0.020683091128
  48  C  2.174464062803  0.003533181063  2.169546152588  -0.014178392532  -0.129631899210  0.156333432323
  49  C  2.169018495479  0.004298571761  6.531185264602  0.131979527244  -0.085619349170  -0.281156936070
  50  C  2.175710239451  4.347216783545  2.172377619365  -0.112869986843  -0.050778025096  0.062763731828
  51  C  2.185330017594  4.349765431126  6.517475727082  -0.319888177338  -0.024490381414  0.073689331459
  52  C  6.522431919196  0.007354425789  2.181381682332  -0.023069197637  -0.175857333476  -0.195530970355
  53  C  6.527232199291  8.689149583385  6.519043277139  -0.147387965651  0.107925060657  0.033174961908
  54  C  6.531805999410  4.341987121358  2.171609444604  -0.284617543457  0.182524234810  0.074671324140
  55  C  6.516698810653  4.352311660180  6.515374826138  0.068046652898  0.013092203410  0.115569075301
  56  C  2.174832107448  2.171778940774  0.000040023745  -0.045868717905  0.062204670839  0.021298541073
  57  C  2.179546732258  2.178117520672  4.337608964067  -0.126140083157  -0.110751143756  0.264646060847
  58  C  2.172188216155  6.522158024919  0.002326881192  -0.033685234361  -0.049636252895  -0.076179880077
  59  C  2.173689757113  6.513767763724  4.346502266771  -0.005561225091  0.240338192509  0.058579230408
  60  C  6.515457083168  2.173334082218  0.001219557122  0.151231766000  -0.003368234001  -0.085414877771
  61  C  6.519095486235  2.170804337103  4.345241278626  0.084517551987  0.076027527180  0.056601005607
  62  C  6.510053474836  6.527145056360  0.000069761676  0.201171201381  -0.047942014423  -0.027814463065
  63  C  6.533502462675  6.523959231297  4.345996167393  -0.283087020438  0.020013531024  0.035869879742


MDSTEP:  5
LATTICE_CONSTANT: 1.889726125458
LATTICE_VECTORS
  8.695551626286  -0.000000000000  -0.000000000000
  -0.000000000000  8.695551626286  -0.000000000000
  -0.000000000000  -0.000000000000  8.695551626286
VIRIAL (KBAR)
  67.329564609869  -0.984616153315  0.483673564157
  -0.984616153315  67.361867519127  -0.648959201713
  0.483673564157  -0.648959201713  67.343730207175
INDEX    LABEL    POSITIONS    FORCE (eV/Angstrom)
  0  Si  3.257544033301  1.082377070157  3.262015079259  0.105870431771  0.041396984572  -0.062273674239
  1  Si  3.264175060610  1.093473102398  7.609768590125  -0.011430840418  -0.036186357021  -0.164066675414
  2  Si  3.254490627568  5.430868654747  3.260989113203  0.053511835560  0.038218590554  -0.075108166344
  3  Si  3.252917270300  5.437237716912  7.613734116078  0.213878536811  -0.025801180601  -0.133570234216
  4  Si  7.606138251177  1.094333875380  3.251607367050  0.037648389680  -0.101666429074  0.263840644876
  5  Si  7.610044221467  1.080568094304  7.602974750672  -0.107817687424  0.187006509039  0.219089116494
  6  Si  7.605645485651  5.436572564042  3.263859550999  0.065113593753  -0.076168584824  -0.183979467299
  7  Si  7.613364034745  5.445646213022  7.603054339490  -0.290335400592  -0.155887433921  0.166355677136
  8  Si  3.250822309416  3.250852880493  1.092635132438  0.208560182385  0.189795410620  -0.126248165669
  9  Si  3.263806948490  3.260517637704  5.425719766922  -0.019859690380  0.133947841120  -0.001240829121
  10  Si  3.256011837251  7.605787323902  1.088602888966  0.084391760582  0.090995990066  -0.059084965239
  11  Si  3.264606184770  7.604714338265  5.432503336094  -0.151897961971  0.222666908050  0.092515719504
  12  Si  7.605846280833  3.261459344106  1.091090566787  0.111781377505  -0.084169124456  -0.167791364417
  13  Si  7.606735927151  3.262164442820  5.431781820520  -0.102553505761  -0.002486427884  0.163400110365
  14  Si  7.611249511965  7.607727185259  1.084572261893  -0.161338723567  0.175007442211  0.114944697716
  15  Si  7.617971012881  7.608431949799  5.437183938107  -0.087998886416  0.009104818300  -0.210410152062
  16  Si  1.088312805261  1.093936871109  1.091826449646  -0.134564254290  -0.095887548760  -0.164287807960
  17  Si  1.082639169894  1.095764371482  5.441380732171  0.082743933853  -0.067245270897  -0.188963970833
  18  Si  1.084993788983  5.435139152056  1.093450250630  -0.124477075381  -0.115111064670  -0.104616559956
  19  Si  1.082240938815  5.442976236174  5.441266315181  0.171148696946  -0.357527545328  -0.243875019229
  20  Si  5.436087314420  1.079602435502  1.081930865198  -0.103294263424  0.289078852669  0.200424446502
  21  Si  5.436000676785  1.094103059683  5.434700386994  0.069281793813  -0.145326357459  0.083887950094
  22  Si  5.434489269969  5.428618065277  1.086699861585  -0.055934525165  -0.065910389282  -0.091829686759
  23  Si  5.429031643148  5.441091684617  5.427177829986  0.182080573429  -0.019975121035  0.020533039370
  24  Si  1.088451153761  3.261000014029  3.268080070051  -0.186665957824  0.095545280650  -0.070744944940
  25  Si  1.088823642422  3.262709753238  7.615728513957  0.001326237129  0.073526225423  -0.187887731311
  26  Si  1.080451348572  7.613039640948  3.263639151603  0.080622239657  -0.051856067890  -0.100073782921
  27  Si  1.093509606425  7.601895498768  7.604505469994  -0.174407677249  0.282134678561  0.191042216926
  28  Si  5.439792741348  3.260332413656  3.262336554634  -0.123845859685  0.082592881117  -0.164605585389
  29  Si  5.437037809586  3.264527110789  7.603298768122  -0.077727153227  0.112759104232  0.154793664387
  30  Si  5.436748266791  7.615663899594  3.259465437678  -0.126102678231  -0.207098845637  0.035775070666
  31  Si  5.431816941366  7.609626641487  7.608119685182  -0.003636376639  0.022548465379  -0.056488207373
  32  C  8.692107656849  0.006372115964  0.000807469666  0.153998893748  -0.177259791773  -0.018647758137
  33  C  8.692899832059  0.006449826371  4.345864842903  0.041217847173  0.048604590417  0.062264502943
  34  C  8.683113111173  4.347287241422  8.692784455000  0.280335680895  0.100918694839  0.071337777195
  35  C  8.683282695380  4.348938658765  4.349816464029  0.305049099240  0.045326457146  0.031613502558
  36  C  4.343949051403  0.005550590665  8.694511595267  0.018549602214  -0.159772255710  -0.034288761629
  37  C  4.351832112193  0.004589406257  4.357400971108  -0.117347806485  -0.093648719471  -0.182757106006
  38  C  4.337201119844  4.344501939116  8.691289475788  0.100088334146  -0.009602028141  0.144834175048
  39  C  4.347959804018  4.354102500796  4.342218333540  0.046721296848  -0.086237778903  -0.020537891430
  40  C  8.693745758147  2.177705725501  2.180084630175  0.097304072140  0.031383026942  -0.129667306262
  41  C  8.694692092318  2.174332590540  6.528711875016  -0.035628494380  0.136639302440  -0.119988119146
  42  C  8.689601883677  6.520600719009  2.170870118401  0.110805641357  0.043693452166  0.134540731112
  43  C  0.005448538358  6.516603285945  6.517113016603  -0.026835938700  0.227259161657  0.150483250402
  44  C  4.341701174738  2.177888483678  2.178066036005  0.140440792677  -0.194812482761  -0.055415893905
  45  C  4.348921515109  2.189615831553  6.514403127989  0.032688331251  -0.324686932338  0.096592097050
  46  C  4.340178550201  6.510917135784  2.164877397389  0.148349620199  0.244720468974  0.262610918495
  47  C  4.348482402071  6.523497448305  6.513548627667  -0.091308104775  -0.001848785897  0.239396034199
  48  C  2.169216780180  0.002237773487  2.165508742036  0.062305320848  -0.087964816758  0.234275263993
  49  C  2.167464731053  0.008249498566  6.525601253879  0.226087109290  -0.157873182506  -0.119136655903
  50  C  2.168575825445  4.342038954395  2.175975014833  -0.042596981802  0.069927101330  -0.002168465016
  51  C  2.185515088540  4.350089313500  6.513874284166  -0.330245515720  -0.043914063203  0.134032738732
  52  C  6.518429432972  0.007817110462  2.186969341691  0.092766998347  -0.158368250576  -0.403770583124
  53  C  6.532092545061  8.685408465749  6.517871566415  -0.244574841065  0.209035490259  0.042229146881
  54  C  6.535042049843  4.341798802428  2.165773490101  -0.324405843722  0.167890420539  0.253815212489
  55  C  6.516224539674  4.358706228678  6.520976123057  0.115722210260  -0.060800938121  -0.086846485408
  56  C  2.176822252454  2.168449395503  8.691481533572  -0.126909026685  0.129525404977  0.137793258906
  57  C  2.176233499079  2.177282317614  4.337217771478  -0.077455797304  -0.107862178424  0.304204514920
  58  C  2.169304819220  6.523370192118  0.007704796525  0.004525402923  -0.070811663261  -0.133693972650
  59  C  2.173900127287  6.520787254212  4.348773971315  -0.103213639092  0.076402803744  -0.062151110678
  60  C  6.517669420259  2.180348226052  0.005472720579  0.078418861104  -0.216702367562  -0.220228176945
  61  C  6.517567038967  2.171090130388  4.342717910931  0.132555876362  0.103950197774  0.118831373889
  62  C  6.512192267436  6.530581478659  0.005316703816  0.180028116599  -0.153127810597  -0.134828476898
  63  C  6.533762808664  6.525194817168  4.340232283765  -0.271508183120  0.031995238971  0.155816900983


MDSTEP:  6
LATTICE_CONSTANT: 1.889726125458
LATTICE_VECTORS
  8.695551626286  -0.000000000000  -0.000000000000
  -0.000000000000  8.695551626286  -0.000000000000
  -0.000000000000  -0.000000000000  8.695551626286
VIRIAL (KBAR)
  67.344743149389  -1.035423704949  -0.348333975793
  -1.035423704949  67.325879676666  -0.159103980545
  -0.348333975793  -0.159103980545  67.405128758230
INDEX    LABEL    POSITIONS    FORCE (eV/Angstrom)
  0  Si  3.262312109726  1.080541730393  3.262796279058  -0.042584968304  0.009821268216  -0.048232005347
  1  Si  3.259379236526  1.096474587655  7.609898207101  0.045068713863  -0.094355171341  -0.208110789832
  2  Si  3.258959667862  5.430118802960  3.263945170825  -0.071259897550  0.032800358879  -0.087514528085
  3  Si  3.249200694655  5.439383322905  7.610881697910  0.176766009946  -0.060305455503  -0.166481428674
  4  Si  7.607170319104  1.089134516351  3.255046742521  0.093159980444  0.001935125178  0.083284092258
  5  Si  7.609724313548  1.080870862637  7.606103004622  -0.080843876425  0.170125153574  0.178290485770
  6  Si  7.601751453881  5.433054339781  3.266691704336  0.198322514953  0.044123029581  -0.136541690893
  7  Si  7.617729712543  5.446189862261  7.600922717100  -0.326636636530  -0.164444659090  0.214717414970
  8  Si  3.248249011978  3.247702267250  1.087676317969  0.309211704690  0.206852021619  0.051197679043
  9  Si  3.259729997897  3.262948744472  5.426935566663  -0.032743377771  0.068457492561  0.006207686265
  10  Si  3.253016237679  7.607688252189  1.093196382340  0.202393687264  -0.040093329782  -0.164773945265
  11  Si  3.267579129670  7.607115732102  5.434915701033  -0.293322585546  0.122867577798  0.013900818723
  12  Si  7.603848666266  3.262958854295  1.087403394843  0.141057076747  -0.200887305398  -0.083931945699
  13  Si  7.602399411831  3.265149089258  5.435610025832  -0.020842543820  -0.052038562937  0.047457752663
  14  Si  7.609333398078  7.606544815739  1.088466516092  -0.129916464811  0.141883380892  -0.000843820060
  15  Si  7.614181701021  7.612156844850  5.435957812878  0.053261976544  0.029066849638  -0.119188163531
  16  Si  1.092807609891  1.098956422365  1.092371240288  -0.189480153956  -0.220855065657  -0.129264075183
  17  Si  1.084856861721  1.100012057033  5.437267121908  0.058959931071  -0.182042624328  -0.068889910131
  18  Si  1.079704389757  5.431478318309  1.091396928165  0.086598958296  -0.066102950727  -0.075496967541
  19  Si  1.077384786171  5.440409120471  5.436303112794  0.301442964678  -0.204631213582  -0.152770528731
  20  Si  5.437600231084  1.079479994941  1.084237094952  -0.236614627645  0.190190442064  0.133047309576
  21  Si  5.436939545918  1.091609382012  5.434044350766  -0.068772291102  -0.131869432430  -0.005575056447
  22  Si  5.432518575382  5.429362781409  1.082264756894  -0.072660459215  -0.095794648116  -0.062268827461
  23  Si  5.428760317730  5.442798025754  5.431013955257  0.137360517313  -0.033577986165  -0.062645822447
  24  Si  1.086578088719  3.266132482891  3.265395216760  -0.073098637171  -0.167283203251  0.010982437491
  25  Si  1.085622799429  3.258828450013  7.611478056281  0.097112356459  0.175444018399  -0.129998159702
  26  Si  1.081371035521  7.608409169373  3.259224227918  0.179408300033  0.053975683499  0.072739543844
  27  Si  1.089695782394  7.604816161588  7.609708473307  -0.060910797132  0.260898493423  -0.036942648447
  28  Si  5.437194722902  3.263185016383  3.258548961045  -0.052868972630  0.017211254619  0.031653505183
  29  Si  5.437685380775  3.267722254142  7.602423742592  -0.189931274150  -0.081877095265  0.069157781716
  30  Si  5.437746926321  7.615050432331  3.263574898236  -0.143625199348  -0.229828835807  -0.060614586537
  31  Si  5.429847920931  7.604760009080  7.604506570328  -0.132243788983  0.207106248007  -0.015401142595
  32  C  0.000647097054  0.003815620716  0.004494202110  0.037188040132  -0.072484112842  -0.025394968583
  33  C  0.002638613034  0.011587821386  4.344212703656  -0.039237707386  -0.148460158800  0.080769172748
  34  C  8.686427195177  4.341677541739  8.690914082220  0.133365407117  0.177803728901  0.054282368594
  35  C  8.690571875755  4.346412662820  4.349964092978  0.017066809484  0.069720066079  0.017241638188
  36  C  4.336583638082  0.012247414747  0.000024853759  0.167226072999  -0.344477133700  -0.038715350449
  37  C  4.345682660599  8.693127120668  4.354640882502  0.100560802470  0.029119249257  -0.116198883178
  38  C  4.331058503664  4.341671464846  8.685087588272  0.190738443556  0.057320308267  0.241731068046
  39  C  4.344092623850  4.360265124396  4.348733790682  0.190269449956  -0.272586410500  -0.105529016753
  40  C  0.000971828841  2.177532572682  2.177659540954  -0.019776226087  0.057662841990  -0.085688997808
  41  C  0.000052930070  2.179258590078  6.526864546364  -0.132156742912  -0.005485323906  -0.067213238031
  42  C  8.693160290585  6.521395813040  2.174836752968  -0.063223880255  -0.071505684153  0.052341094387
  43  C  0.004574489624  6.514779536855  6.518167809031  -0.037511392505  0.346939677282  0.072195833795
  44  C  4.347282943319  2.170790970133  2.181288259185  0.011688791033  -0.006712456753  -0.153153003924
  45  C  4.344465446930  2.181434521615  6.507161453816  0.133618082207  -0.071324376560  0.238586506994
  46  C  4.343961226640  6.503836520132  2.172617857139  0.101343021875  0.394159356508  0.061423625907
  47  C  4.345141389415  6.518187175980  6.506308156098  -0.039467040110  0.111773747935  0.427346400824
  48  C  2.171409487319  8.694210531397  2.163464995486  0.006670457502  0.037510890126  0.307454199504
  49  C  2.171494370896  0.008733360016  6.521481908500  0.046885569217  -0.142754753931  0.000879970525
  50  C  2.170897985285  4.337381741934  2.179774867298  -0.030764816320  0.198641528495  -0.125942461636
  51  C  2.177261652204  4.354305335724  6.514576184771  -0.242535069595  -0.146671413945  0.106241781823
  52  C  6.516788463863  0.007386987241  2.179975616206  0.129468088242  -0.214340367486  -0.172988083434
  53  C  6.526015544296  8.692444588910  6.517253407224  -0.116771342797  0.044518068235  0.083428121015
  54  C  6.537858427836  4.346247225436  2.166407879781  -0.420481909492  0.090602361672  0.165019653892
  55  C  6.514637615488  4.366512214743  6.521439969622  0.159982460199  -0.220338878309  -0.061171947610
  56  C  2.175744752951  2.172048178748  8.692872232954  -0.161440469458  0.078040544402  0.027453495853
  57  C  2.174701628717  2.169399142015  4.341456962530  -0.026913178777  0.147541054907  0.092938203457
  58  C  2.168429624254  6.525683035750  0.000060415429  -0.008067071143  -0.135897882575  0.103913865158
  59  C  2.178730042616  6.519042779240  4.349821342742  -0.217820769770  0.112814076252  -0.078973503791
  60  C  6.510598000829  2.172701076373  0.009703321577  0.219247219379  0.022045796780  -0.325824133207
  61  C  6.522364302073  2.163736015076  4.343448580214  -0.004561594505  0.313190346416  0.081134423265
  62  C  6.509598296990  6.529328960625  8.693068728256  0.268833405769  -0.146102259926  0.014397562758
  63  C  6.532160341650  6.526234077326  4.347557962367  -0.215191050239  0.002966711311  0.030864136775


MDSTEP:  7
LATTICE_CONSTANT: 1.889726125458
LATTICE_VECTORS
  8.695551626286  -0.000000000000  -0.000000000000
  -0.000000000000  8.695551626286  -0.000000000000
  -0.000000000000  -0.000000000000  8.695551626286
VIRIAL (KBAR)
  67.417984492591  -0.712440677879  -0.210607953355
  -0.712440677879  67.572213554860  -0.049961747272
  -0.210607953355  -0.049961747272  67.523624689776
INDEX    LABEL    POSITIONS    FORCE (eV/Angstrom)
  0  Si  3.266563431329  1.077742726977  3.265266726356  -0.140124118698  0.145401817798  -0.041317050415
  1  Si  3.258250454959  1.098159801418  7.612193475817  0.071557986710  -0.094450246717  -0.200680201587
  2  Si  3.263888082661  5.425435648892  3.263054975307  -0.186087017898  0.171235745233  -0.080193586640
  3  Si  3.249409393029  5.439337985484  7.610126165088  0.101994266424  -0.094552650753  -0.214228846588
  4  Si  7.604479720609  1.094201333388  3.250348533961  0.080334597329  -0.010331537109  0.242357591757
  5  Si  7.607320658639  1.083778982043  7.605867689560  0.012006073924  0.061697658495  0.287362841329
  6  Si  7.605942503240  5.436552731639  3.266740490563  0.134074358374  -0.107046650824  -0.094218124398
  7  Si  7.619163888573  5.447241909625  7.601509698473  -0.404694172034  -0.089284396501  0.239242267750
  8  Si  3.244637277262  3.252647534572  1.093119281280  0.301447470570  0.123453565828  0.039351059471
  9  Si  3.256237559465  3.261143130798  5.427368297858  0.072489215214  0.071836748259  -0.084164606348
  10  Si  3.249018114242  7.604394344058  1.096484949443  0.277966537029  -0.071952521378  -0.275638353858
  11  Si  3.271614675201  7.608450497617  5.434266326916  -0.446079758334  0.072244555638  -0.104294572533
  12  Si  7.604683252685  3.263418336975  1.087742941672  0.148899726767  -0.263284864019  -0.111551998478
  13  Si  7.608035201603  3.260090725744  5.430253137919  -0.120881820072  -0.010092811262  0.289191075654
  14  Si  7.608516423549  7.604547423894  1.093876140202  -0.085395396586  0.204617586677  -0.193312377666
  15  Si  7.614417790028  7.613461767645  5.438459499817  0.102521760808  0.003967782211  -0.231789068347
  16  Si  1.098380692899  1.098581447704  1.092635745515  -0.187070662978  -0.259596458998  -0.158974589466
  17  Si  1.084894036720  1.095479853762  5.432943956720  0.111846905943  0.001740119568  0.051010645457
  18  Si  1.074547322195  5.428984935911  1.086228743350  0.275393777760  0.045663339740  0.031921943496
  19  Si  1.072009948497  5.440103911197  5.434996202466  0.475266706282  -0.184712569299  -0.117593810369
  20  Si  5.438188097422  1.080959723999  1.085465196055  -0.387284585993  0.164588649522  0.141118117390
  21  Si  5.435213295102  1.091397830318  5.430800429557  -0.066105316707  -0.085792072599  0.070280358463
  22  Si  5.435853792757  5.424232796082  1.085246809326  -0.162341930978  -0.058650938205  -0.092473967094
  23  Si  5.426819114985  5.437615411291  5.434672346032  0.205753152871  -0.065408332393  -0.138214693003
  24  Si  1.084908345079  3.265848545950  3.261315813158  0.055488286427  -0.205823588358  0.204207477078
  25  Si  1.083704491648  3.264597000739  7.614362109810  0.131280366275  0.091133734602  -0.219250598891
  26  Si  1.076306680321  7.614057214709  3.256161877252  0.307132293539  -0.132608656727  0.079514001515
  27  Si  1.090574733444  7.604835260495  7.607855732265  0.067533880171  0.419566189078  -0.071924909155
  28  Si  5.439493892116  3.263650532474  3.259966066784  -0.169401432969  -0.019450558268  0.019419469391
  29  Si  5.440512168238  3.268392284786  7.597901870372  -0.453354291257  -0.213081322448  0.225609751114
  30  Si  5.433618242014  7.610621835534  3.266139786397  -0.000718920546  -0.049894041297  -0.168722606363
  31  Si  5.432622493406  7.604495849519  7.601203789461  -0.200614521573  0.258188746846  0.043358375208
  32  C  0.008773700834  8.695192442514  0.000379355670  -0.149492636335  0.010337529688  0.106179958852
  33  C  0.006554484718  0.013053481704  4.341017859423  -0.254505028927  -0.139795839274  0.072222003946
  34  C  8.687366796467  4.349632449502  0.000542064425  0.026100846703  -0.001223963665  -0.080188529647
  35  C  8.693916329599  4.342554335959  4.355100679151  -0.107952026564  0.134079780111  -0.122871355587
  36  C  4.335785103476  0.008960026541  0.004982763515  0.146938829477  -0.283250221026  -0.154066793365
  37  C  4.348851624054  0.004706287919  4.350686665459  0.106270977499  -0.209217058128  -0.037381640309
  38  C  4.322744181511  4.343626410765  8.690865727492  0.397058903353  -0.002561473397  0.129614416456
  39  C  4.346670281528  4.357635358220  4.346558527337  0.142691810335  -0.258298625573  -0.026109315873
  40  C  0.005171872906  2.177672237472  2.177591031523  -0.087831860826  0.054894569487  -0.139838946197
  41  C  8.694926213434  2.174917682681  6.535040171945  -0.086013762992  0.083568914993  -0.252899661805
  42  C  0.000685397809  6.516356571133  2.170249809750  -0.158263578004  0.061389796292  0.143029718367
  43  C  0.012319461904  6.522765857032  6.523923764943  -0.262125714036  0.151667482743  -0.077301555074
  44  C  4.343065681544  2.170583636594  2.185933237207  0.109493339280  0.038044999631  -0.234978042238
  45  C  4.336740104698  2.175763998582  6.499464755364  0.334197614549  0.042251025549  0.443144604213
  46  C  4.350074723664  6.506349085284  2.170510205467  -0.027934214323  0.239571097162  0.124739530776
  47  C  4.347388752539  6.514819050696  6.502859824502  -0.067662449003  0.187516143788  0.491253512090
  48  C  2.178575069634  8.691057236672  2.170571283904  -0.130924883328  0.120321661341  0.182395397238
  49  C  2.175534182956  0.016602099603  6.517189097857  0.001634434978  -0.367430992265  0.085439489813
  50  C  2.164042898891  4.340998627908  2.184215553274  0.065216911256  0.186146573359  -0.255142063682
  51  C  2.178978804587  4.348330618616  6.506124854848  -0.327362017349  0.044779436649  0.302659571734
  52  C  6.518292037389  0.013227463095  2.175060208219  0.087800679347  -0.369430177783  0.015899065582
  53  C  6.531434352875  0.001974456615  6.511509571028  -0.259571976817  -0.030055164691  0.186765119512
  54  C  6.539989193721  4.338397057594  2.169269675505  -0.380634509792  0.249903784325  0.157262647880
  55  C  6.513260649427  4.359321617103  6.527248866539  0.326533813980  -0.055807198345  -0.219663033166
  56  C  2.174963258935  2.179871389139  8.692206227165  -0.143679874974  -0.002934854821  0.100148476189
  57  C  2.180613237954  2.170815219758  4.346127677342  -0.216948060893  0.085528327080  -0.101887937121
  58  C  2.161822720374  6.525289618569  8.688366115637  0.126852013191  -0.167764926539  0.250535916215
  59  C  2.170071920020  6.514109272528  4.341669887204  -0.033155849553  0.251620018606  0.059038747371
  60  C  6.506739490858  2.169606312253  0.013552915086  0.304686808477  0.138182902176  -0.420309257055
  61  C  6.514125831103  2.171529142336  4.350510221869  0.213690651777  0.129269798407  -0.113750634432
  62  C  6.501784801722  6.529410675380  0.001795760253  0.470212996784  -0.174832155988  -0.070805040534
  63  C  6.527923610801  6.523206121927  4.348153550450  -0.088155603063  0.034206787765  0.091464615977


MDSTEP:  8
LATTICE_CONSTANT: 1.889726125458
LATTICE_VECTORS
  8.695551626286  -0.000000000000  -0.000000000000
  -0.000000000000  8.695551626286  -0.000000000000
  -0.000000000000  -0.000000000000  8.695551626286
VIRIAL (KBAR)
  67.539263246172  -0.575018630672  -0.750077788932
  -0.575018630672  67.807157702857  0.513460776392
  -0.750077788932  0.513460776392  67.809003092594
INDEX    LABEL    POSITIONS    FORCE (eV/Angstrom)
  0  Si  3.265718317262  1.083548390285  3.266230465138  -0.237634927821  -0.037517002475  -0.004361349989
  1  Si  3.253247388067  1.096672791870  7.614318611677  0.300176630253  -0.042876438661  -0.251362876871
  2  Si  3.269069285402  5.429732292979  3.264530901508  -0.304160829324  0.016863522863  -0.047878319938
  3  Si  3.248054440765  5.441567012203  7.606318022833  0.118099602677  -0.074023775335  -0.034614974784
  4  Si  7.600200170475  1.097966154275  3.252648247095  0.279778612037  -0.171543510223  0.270701628621
  5  Si  7.604011577445  1.087750702717  7.610798822691  0.218072862320  0.029972639046  0.175746028976
  6  Si  7.603135530867  5.431476666736  3.263199560984  0.406286397174  0.006242641215  0.107639421986
  7  Si  7.612913607646  5.442528835528  7.597238648330  -0.176485499166  0.127046497765  0.418359175967
  8  Si  3.249703384569  3.248508925246  1.095070631659  0.137579662596  0.453216922321  -0.000795007715
  9  Si  3.258076388832  3.260278401094  5.433296029742  0.067296224248  0.028779037000  -0.180605489499
  10  Si  3.245178155120  7.608834238806  1.101951614279  0.232147361759  -0.237804708977  -0.450605282855
  11  Si  3.274654902768  7.614063278105  5.432186297344  -0.563536744955  -0.051484054076  -0.021896297536
  12  Si  7.603970965151  3.268009981999  1.083747237669  0.079190274042  -0.323513308654  0.008683467375
  13  Si  7.602582710167  3.257228364413  5.434807615799  -0.053451993535  0.195744036941  0.119158634471
  14  Si  7.605492576529  7.603602674539  1.095882227921  0.106891373180  0.277041284204  -0.270007599956
  15  Si  7.619825950951  7.615285877422  5.438251895908  0.111274036774  -0.076671318816  -0.181340425162
  16  Si  1.102370777872  1.103612975126  1.093564865180  -0.251486438745  -0.311757252664  -0.238672620355
  17  Si  1.079327255130  1.100640910978  5.435413813223  0.195321891363  -0.142689615598  0.025976062068
  18  Si  1.070834483193  5.432972631003  1.090662018191  0.274199084134  0.003831420913  -0.098842599666
  19  Si  1.076454604395  5.439675389494  5.432337704879  0.444050659249  -0.204592772990  -0.026611040796
  20  Si  5.442142074915  1.082866747680  1.081209194407  -0.452816119350  0.045606047049  0.136025689476
  21  Si  5.438687974816  1.090261315758  5.425957055188  -0.127392301533  -0.178053575545  0.128791155059
  22  Si  5.431100213512  5.428493161827  1.091180614643  -0.124627880736  -0.158333262196  -0.174708147209
  23  Si  5.424385610852  5.442613490407  5.431580545603  0.295596055257  -0.176501870232  0.002546376901
  24  Si  1.080727347266  3.261652878446  3.263477603433  0.140557889504  -0.162156835615  0.100161950971
  25  Si  1.087773029326  3.259725294286  7.612050171205  -0.031395545298  0.249488420172  -0.197021864303
  26  Si  1.074156660369  7.619313992430  3.252922291807  0.415974569344  -0.308521090819  0.145550997087
  27  Si  1.095477132734  7.610827527761  7.603573582121  0.016171980046  0.425465537865  0.043241040205
  28  Si  5.440616227185  3.259533529278  3.265838303000  -0.271888258637  0.111164377333  -0.232921342743
  29  Si  5.439808262553  3.262339141914  7.597328880813  -0.533991069688  0.006037764378  0.160742361032
  30  Si  5.436602737089  7.614862780932  3.261130807058  -0.005572945594  -0.234929923782  -0.060425560043
  31  Si  5.437384830181  7.606189028259  7.601311626714  -0.295668115754  0.254657880329  0.102723474689
  32  C  0.018003907955  0.004324728915  8.693298165726  -0.371811707978  0.002903598533  0.165714379172
  33  C  0.015416796357  0.004381785739  4.336629150199  -0.490104141862  0.180135045218  0.214891157137
  34  C  8.682393584806  4.344055327789  8.694680650965  0.183262946620  0.120015297568  -0.078212577005
  35  C  0.005887956941  4.333832563241  4.355561693581  -0.377612721965  0.276817314397  -0.072911774129
  36  C  4.330687266479  0.005859723477  0.004120993326  0.288301953006  -0.198143821711  -0.082860133909
  37  C  4.348131307801  8.695272321381  4.349455496400  0.192595965202  -0.036332028017  -0.121822170986
  38  C  4.325152973855  4.350017771757  8.692889190652  0.368047818770  -0.161597292490  0.102139481907
  39  C  4.348438271559  4.353577329195  4.348718468808  0.108052857985  -0.199330557718  -0.026281505013
  40  C  8.691905860891  2.169024146480  2.176765084185  0.049664163923  0.286973184410  -0.161087760670
  41  C  8.687944978512  2.183086046197  6.527171131964  -0.028249771288  -0.120643465307  -0.030846569546
  42  C  0.003193989769  6.524451668804  2.176780176090  -0.316974577507  -0.095304308540  0.023718057489
  43  C  0.021432254122  6.530594487996  6.531123485455  -0.452098299408  -0.075633137676  -0.260832772975
  44  C  4.338624527543  2.163921070260  2.178024411685  0.297198352609  0.165469138377  -0.041454713519
  45  C  4.340536578438  2.167309038414  6.492676935619  0.286033938158  0.134048854486  0.590736865262
  46  C  4.344734267275  6.502242504589  2.169999587359  0.083003651445  0.464357363890  0.176767961193
  47  C  4.350684119825  6.519270714214  6.507231847411  -0.129843930586  0.169626090200  0.329234629383
  48  C  2.171212732772  8.688139009507  2.171682872597  0.042261663313  0.338796568259  0.208956546420
  49  C  2.179603419770  0.024351166623  6.523778010167  -0.112452173255  -0.435360310663  -0.155036458451
  50  C  2.160938382400  4.349851050400  2.191244430558  0.154164111982  -0.082074632463  -0.383358433677
  51  C  2.184251057710  4.340751595567  6.512297305439  -0.394205421251  0.216841844497  0.168329755756
  52  C  6.525637654809  0.017357173511  2.179642339927  -0.106225396728  -0.382493093265  -0.137449395290
  53  C  6.535510647934  0.006294404369  6.514530011200  -0.272447798301  -0.089247599863  0.084257184419
  54  C  6.541824310920  4.347818532476  2.174979032806  -0.509719674308  -0.042565340766  0.007297532337
  55  C  6.517349519080  4.362619777580  6.533572280785  0.083969888551  -0.159215757739  -0.444297186181
  56  C  2.180936346229  2.187299750577  8.685081773575  -0.243565917989  -0.147896879077  0.310589827473
  57  C  2.176510901226  2.172258620498  4.352547701671  -0.112433375848  0.073699148241  -0.206470216969
  58  C  2.152568211274  6.528678127887  8.682648617351  0.340137122823  -0.214975054630  0.406189327908
  59  C  2.171059689393  6.512496855874  4.334437040032  0.007964563031  0.395158823193  0.238490248156
  60  C  6.505113185023  2.174151609855  0.005232148844  0.302372813512  0.072869476619  -0.181055332585
  61  C  6.510254517315  2.172196760570  4.344226466576  0.301742971492  0.083163389767  0.068327571329
  62  C  6.494643131296  6.527703347900  0.009378724733  0.626720107712  -0.112271827327  -0.196553429884
  63  C  6.534308503474  6.516545783263  4.350805213778  -0.206306477680  0.234022256860  0.011513239989


MDSTEP:  9
LATTICE_CONSTANT: 1.889726125458
LATTICE_VECTORS
  8.695551626286  -0.000000000000  -0.000000000000
  -0.000000000000  8.695551626286  -0.000000000000
  -0.000000000000  -0.000000000000  8.695551626286
VIRIAL (KBAR)
  67.759339113794  -0.916509838715  -1.688691542762
  -0.916509838715  67.997563126587  1.826196646311
  -1.688691542762  1.826196646311  67.940259814290
INDEX    LABEL    POSITIONS    FORCE (eV/Angstrom)
  0  Si  3.265581174488  1.086922385137  3.267897149956  -0.273548816423  -0.215197990676  -0.077912222820
  1  Si  3.250630344776  1.096155919947  7.611674335598  0.283865071549  -0.013598465916  -0.366560046868
  2  Si  3.264219054912  5.426923629851  3.260579820209  -0.082142934667  0.147649965349  0.138396343620
  3  Si  3.244883395405  5.442545400249  7.609886113202  0.135783088420  -0.099587083635  -0.220306103386
  4  Si  7.595060495242  1.098945428857  3.252220793656  0.540874130111  -0.147220926354  0.277697127660
  5  Si  7.601281344565  1.082949938175  7.615630270450  0.285443533381  0.047749263526  -0.093197251626
  6  Si  7.601951539636  5.431919876219  3.264542210843  0.381285692333  -0.069977104796  0.213026195987
  7  Si  7.612521055735  5.446751721307  7.592524660240  -0.064546329379  -0.018758286766  0.464739823276
  8  Si  3.251658638440  3.254158764580  1.095676802094  0.085308465849  0.334601114012  0.007304986851
  9  Si  3.258776557006  3.263726073351  5.435734985790  0.094498568709  -0.101518829942  -0.403591968115
  10  Si  3.241175740490  7.605578453154  1.101128326510  0.332890807971  -0.146165990557  -0.411441898220
  11  Si  3.278603686028  7.614707704094  5.437564519375  -0.638802645218  -0.008519148195  -0.206460425092
  12  Si  7.599026264624  3.270371586054  1.079765138902  0.104989318060  -0.284991932468  0.138339206147
  13  Si  7.600214177760  3.263113109602  5.438423659033  0.062825589887  0.053833536963  -0.127509023747
  14  Si  7.600202742048  7.597723186917  1.093846412198  0.478756094130  0.408855509955  -0.193109006682
  15  Si  7.620573539720  7.613036091427  5.437991849831  0.186093791894  -0.061182549333  -0.257116693126
  16  Si  1.101208442115  1.106515226037  1.087169817778  -0.278138277104  -0.391250242171  0.006772299217
  17  Si  1.073067719935  1.096712953966  5.439845294296  0.426439188420  0.050007348643  -0.198821308103
  18  Si  1.066300701649  5.437559369488  1.093988386212  0.475632670363  -0.105416637033  -0.176026384294
  19  Si  1.079141988294  5.438311203316  5.432570303305  0.439013426744  -0.040304007273  -0.134352496204
  20  Si  5.440465975408  1.084062718243  1.084879947584  -0.468167127105  0.065469211133  0.026792174952
  21  Si  5.443011560056  1.088966463589  5.423731066314  -0.212005293029  -0.123333952324  0.000415625606
  22  Si  5.434254123064  5.428789548231  1.084766735735  -0.176089234871  -0.091134023116  -0.013604168914
  23  Si  5.430255175082  5.447109835755  5.437601429703  -0.170447080862  -0.326363708379  -0.161651283864
  24  Si  1.083562385323  3.267383965118  3.257000988852  0.076620908280  -0.462893372887  0.255828145493
  25  Si  1.082049568058  3.259750791591  7.609804384011  0.122388617204  0.176632598060  -0.216229431934
  26  Si  1.074945514652  7.624628218662  3.247247178999  0.379801548037  -0.486238029124  0.524561641547
  27  Si  1.096371953702  7.616623645438  7.600540754463  0.162804431248  0.320337292174  0.065469186089
  28  Si  5.439278273066  3.254037317913  3.260739652874  -0.185847537551  0.289067119274  -0.070434390768
  29  Si  5.435184219008  3.265898015939  7.597627943728  -0.447364415113  -0.194875252354  0.135614795107
  30  Si  5.438958340564  7.610261965558  3.255977821221  -0.091324004993  -0.132148742853  0.074038931101
  31  Si  5.436708424335  7.612680129795  7.601537377773  -0.297018885998  0.160110560937  0.142859014841
  32  C  0.023380339155  0.008981721454  8.684233304713  -0.500515785126  -0.185699470167  0.384053087757
  33  C  0.021007870986  0.007975640588  4.344597679159  -0.725305951217  0.038256200412  -0.058422823517
  34  C  8.687705409108  4.341836606102  0.005685312851  0.007010385803  0.247234108777  -0.289185789803
  35  C  0.010818564433  4.333029929801  4.352004548380  -0.479953402664  0.326021881412  0.053856111245
  36  C  4.322796567852  0.015688911259  8.694370145767  0.453661525596  -0.379304214939  0.107288337062
  37  C  4.341434831767  0.001014063360  4.342735680243  0.470325821842  -0.109544638299  -0.015814390475
  38  C  4.323962717704  4.359333040432  8.687912018460  0.420075768661  -0.358214738546  0.202353345708
  39  C  4.349390580141  4.346046376882  4.339051368477  0.156729278572  0.023887625093  0.206270614079
  40  C  8.683158515514  2.175514440054  2.170103428463  0.216592361470  0.188251025773  -0.086787437488
  41  C  8.681312760307  2.178344285983  6.520380515462  0.002956443757  0.013105518948  0.178613232296
  42  C  0.006646694302  6.515379757813  2.184713668011  -0.485845797811  0.198110448947  -0.114423427030
  43  C  0.025604048373  6.537548774105  6.532251930433  -0.527733376593  -0.265803660809  -0.311670522403
  44  C  4.341168526434  2.166208027233  2.187039570005  0.231418360449  0.111880163357  -0.353035763302
  45  C  4.339665109586  2.164779085620  6.491149319080  0.328759934258  0.195005821342  0.644642693114
  46  C  4.350226744250  6.501881213544  2.168102168522  -0.031412549409  0.422911888410  0.085638204925
  47  C  4.340744086887  6.521847089756  6.516805076414  0.170301442549  0.106413744128  0.242845374951
  48  C  2.164814614211  8.679339753071  2.180578946102  0.185345615844  0.638706615024  -0.157249974454
  49  C  2.178047413040  0.025821149366  6.514985240600  -0.065727231156  -0.437519902114  0.055894279955
  50  C  2.159976178486  4.352843205358  2.198553630358  0.164326528773  -0.063713103259  -0.710661240771
  51  C  2.186341707957  4.347399963571  6.505379217807  -0.477270994765  0.038254808687  0.400708575720
  52  C  6.531219420510  0.017205807696  2.173508881509  -0.230058307708  -0.470300203728  -0.030569765820
  53  C  6.538847708783  0.000887956778  6.505564077881  -0.358283229732  0.010372677612  0.301681048171
  54  C  6.536283127191  4.354780458538  2.178130927813  -0.431075426541  -0.205342954311  -0.172019811869
  55  C  6.511308093558  4.358361139276  6.523698154992  0.226834116333  0.011722510096  -0.110253755477
  56  C  2.182655265142  2.178450388141  8.685105357540  -0.237143972124  0.179557954358  0.274091279820
  57  C  2.186321358222  2.163777155627  4.344570424947  -0.455408262069  0.317404372211  0.031688068766
  58  C  2.162025357688  6.523558317420  8.676117696532  -0.023602895426  -0.050805626610  0.578019515874
  59  C  2.178952600116  6.516427113585  4.339616732387  -0.128999862612  0.337325549698  0.112933172571
  60  C  6.514599984621  2.166711308872  0.003107287054  -0.037896400420  0.277263296575  -0.152215788516
  61  C  6.517332349218  2.177197663334  4.338750497074  0.138781857227  0.008262011031  0.185942085485
  62  C  6.504954327763  6.528188737258  0.013871484268  0.349387976955  -0.098526945836  -0.436751411942
  63  C  6.527901863032  6.510839657193  4.360155976659  0.003853667010  0.401189992855  -0.190988518368


MDSTEP:  10
LATTICE_CONSTANT: 1.889726125458
LATTICE_VECTORS
  8.695551626286  -0.000000000000  -0.000000000000
  -0.000000000000  8.695551626286  -0.000000000000
  -0.000000000000  -0.000000000000  8.695551626286
VIRIAL (KBAR)
  67.997573975815  -0.509790810830  -0.335266763290
  -0.509790810830  68.329433569108  0.646406723681
  -0.335266763290  0.646406723681  68.136597344320
INDEX    LABEL    POSITIONS    FORCE (eV/Angstrom)
  0  Si  3.261854754372  1.086156262524  3.272238532992  -0.114610154267  -0.217448119344  -0.024764474207
  1  Si  3.256210691518  1.098169583353  7.606119832420  0.037577958655  -0.037603671093  -0.265623351254
  2  Si  3.270025490573  5.423379550415  3.256095023173  -0.335696459857  0.187080273088  0.327558639220
  3  Si  3.243670259692  5.438829988854  7.606305724099  0.179251760501  -0.054283649519  -0.179239781024
  4  Si  7.595518834806  1.094631162349  3.252326000009  0.502055069010  0.024846962805  0.323929172525
  5  Si  7.603844582099  1.077222314338  7.611170167204  0.198129918465  0.139592089924  0.060596667048
  6  Si  7.601061563621  5.425610832145  3.261935934194  0.471846619866  0.068330776347  0.264555938252
  7  Si  7.617046181935  5.452128748210  7.586481339310  -0.296274104887  -0.218658749828  0.587224540726
  8  Si  3.245469591002  3.259506413987  1.096812749689  0.155716964461  0.162967736234  0.010084755373
  9  Si  3.262747188058  3.257666854486  5.439588920669  -0.034806863721  0.074873046298  -0.538446179690
  10  Si  3.244754846638  7.602809550335  1.097349275005  0.176542935058  -0.041608494471  -0.259766369781
  11  Si  3.279279021483  7.610530817514  5.442812321441  -0.666621260205  0.123042405722  -0.356902211097
  12  Si  7.601466652921  3.264996276017  1.074598494131  0.000360753967  -0.207630710079  0.238357788981
  13  Si  7.605045835732  3.263532516130  5.436422581934  -0.149811019040  0.091252634543  -0.034564227353
  14  Si  7.594734490634  7.591598986379  1.094497206866  0.492352154393  0.523506773755  -0.277854845129
  15  Si  7.621952646860  7.616153682411  5.439814724491  0.299648874911  -0.192440585125  -0.283176206946
  16  Si  1.104938075642  1.101560359866  1.089736444772  -0.325033030321  -0.162125853479  0.078416279291
  17  Si  1.067421850278  1.103395079179  5.440786663800  0.625239872519  -0.024217128005  -0.430099488632
  18  Si  1.061406848875  5.431031646658  1.093232187329  0.616960267202  -0.018784993011  -0.186361837815
  19  Si  1.082307090689  5.442682113709  5.432742176647  0.386468515095  -0.068849269683  -0.233115689779
  20  Si  5.440373908570  1.084996611526  1.089326591467  -0.536503524987  0.025965153584  0.046079760223
  21  Si  5.446307892774  1.083792190796  5.417056591126  -0.135535797540  -0.061807456011  0.202896964459
  22  Si  5.435943427996  5.432968754763  1.079748139876  -0.275514945267  -0.296360015795  0.155801277671
  23  Si  5.433670345164  5.449080206555  5.439870982450  -0.202795618708  -0.417048163873  -0.387005610998
  24  Si  1.078167065584  3.270612802388  3.260087401415  0.312429109817  -0.561884979817  0.281463099879
  25  Si  1.084325206053  3.257576413763  7.608929134936  -0.044411428303  0.343157510378  -0.342220938915
  26  Si  1.072282694922  7.619113202983  3.248744071081  0.436559828294  -0.243717497877  0.405216918886
  27  Si  1.103136983219  7.612531452455  7.601606774283  -0.084137278944  0.567790837395  0.060313276936
  28  Si  5.439995100549  3.251815224694  3.262205573782  -0.367336110760  0.269898226653  -0.140143646785
  29  Si  5.428177379953  3.259585848544  7.596611311364  -0.315850180086  -0.186939798358  0.128035134968
  30  Si  5.439229945622  7.610978216005  3.262789533782  -0.126250079563  -0.077016347587  -0.062861912092
  31  Si  5.434408705353  7.609927854054  7.596302733905  -0.283009240444  0.263895404886  0.305455741605
  32  C  0.020020607012  0.017824841125  8.693510063641  -0.386005453481  -0.517677454537  0.182760704313
  33  C  0.020409899460  0.011701152698  4.346094086857  -0.709426164739  -0.056734445397  -0.085757904595
  34  C  8.680641768349  4.348048865716  0.001567536436  0.118858531402  0.043742496416  -0.303309161150
  35  C  0.018558240251  4.332111625726  4.355353950131  -0.670036823300  0.442824609111  0.054628109708
  36  C  4.319452104274  0.020541995677  0.004642373727  0.557519955525  -0.512678862221  -0.090837788342
  37  C  4.350726477047  0.005733675609  4.352644152071  0.219286528421  -0.308670509753  -0.180557073123
  38  C  4.324200366710  4.354437324481  8.683836663194  0.326697735738  -0.272757849062  0.295595479011
  39  C  4.341085950763  4.341587506203  4.336038670042  0.414931377149  0.133395955412  0.343697674025
  40  C  8.683885489111  2.182260233607  2.178629316434  0.231181943844  0.011722888837  -0.258032854140
  41  C  8.681635962917  2.170979490183  6.514217539937  -0.077412834642  0.239314791779  0.346836371379
  42  C  0.009107011569  6.515815245644  2.176698255478  -0.596076491818  0.097971943458  0.030472262051
  43  C  0.026389631353  6.526986936472  6.538382180397  -0.470264420246  0.072502043915  -0.485932568306
  44  C  4.333497948858  2.159489645474  2.188540913672  0.354101695811  0.290884255977  -0.390976306514
  45  C  4.338796587813  2.155643373322  6.481662573423  0.450132201677  0.287930260655  0.824518122838
  46  C  4.341765700068  6.499829018565  2.173933484660  0.261001271738  0.487343685183  -0.097889545813
  47  C  4.348792081710  6.517845146623  6.516960956564  -0.071909352253  0.165134107642  0.239031118095
  48  C  2.172186537841  8.686274935695  2.186414799221  0.033544064216  0.341291026916  -0.236168023220
  49  C  2.170370408871  0.034070592044  6.505904922354  0.109343118909  -0.646755500702  0.283769532020
  50  C  2.159914912983  4.351336581218  2.206061434453  0.071885009596  0.004840664447  -0.905066335041
  51  C  2.183751315463  4.356905410609  6.495795137985  -0.363310901754  -0.235261502870  0.572439119419
  52  C  6.533130490864  0.018543997588  2.174464028781  -0.325812022864  -0.596524268283  -0.033456986457
  53  C  6.543341611685  8.688764084202  6.507047141018  -0.467284087479  0.142779980091  0.274465776696
  54  C  6.536489840856  4.349684527986  2.183034539556  -0.462981006740  -0.156275973494  -0.376698374668
  55  C  6.503218918783  4.362916293882  6.529968353875  0.457053378653  -0.168314838838  -0.252182740652
  56  C  2.174798113376  2.185313887883  8.678683048472  -0.025954681556  0.011772147073  0.374543894048
  57  C  2.194660727400  2.168053246897  4.344475297435  -0.738783489888  0.262981901859  0.100342685105
  58  C  2.160063068039  6.524152325075  8.672274214056  0.106957193819  -0.172590914381  0.682496388588
  59  C  2.172258485556  6.520318036805  4.333391216341  0.086106592357  0.235577459766  0.218484541967
  60  C  6.509463167545  2.159751381500  0.005822663880  0.085822525234  0.361625548072  -0.322192857402
  61  C  6.509806810672  2.178423979988  4.340602903360  0.390271831014  -0.049106710403  0.149136163973
  62  C  6.498301330613  6.520815815512  0.006330329854  0.503605839925  0.120524659118  -0.347318922164
  63  C  6.532560331735  6.519259208152  4.355737746005  -0.009986569580  0.161414055556  -0.080679686196


