MDSTEP:  0
LATTICE_CONSTANT: 1.889726125458
LATTICE_VECTORS
  9.016530957274  0.000000000000  0.000000000000
  -4.632217416561  7.844481275657  0.000000000000
  -0.026182179411  0.273930671718  9.884189786333
VIRIAL (KBAR)
  254.716380809026  83.848754673738  2.890461566817
  83.848754673738  219.850176687896  -38.231515128209
  2.890461566817  -38.231515128209  263.852689709295
INDEX    LABEL    POSITIONS    FORCE (eV/Angstrom)
  0  Si  -0.020551413140  1.799837646405  2.488423496512  4.164726309010  2.779127156088  2.280988689938
  1  Si  3.016945683530  7.149807319807  2.425084636716  -0.712709959503  -2.324013558746  1.892391730435
  2  Si  -3.128306335630  7.097545431492  2.409709993861  3.839258631366  0.099833591541  3.109598539763
  3  Si  4.544127678670  6.307422565884  4.951993967048  -2.884382971846  -2.026365145647  0.912001568470
  4  Si  1.517774378385  0.971909822637  5.026546840934  0.633897196850  1.323780345761  -0.293404681254
  5  Si  7.666250986164  1.018607006518  5.026720264226  -3.809677931607  -0.922162045969  0.888751991921
  6  Si  -0.017779252467  1.877730183028  7.535496065588  3.451148432451  2.373500429696  1.204164952807
  7  Si  3.000430023333  7.222868460051  7.463433820434  -0.382478471417  -2.519602246799  0.990281124832
  8  Si  -3.136034021188  7.174917564020  7.456127793395  3.457485377761  -0.391855765970  1.894250723902
  9  Si  4.560774959580  6.106255519688  0.110604882843  -3.102403557445  -2.108557850943  -3.164675383550
  10  Si  1.541058792290  0.764139554538  0.175058984897  0.399057558073  1.519972696591  -4.741712354983
  11  Si  7.677347800777  0.813170990950  0.179559854531  -3.427083618753  -0.761815615505  -3.434491409024
  12  Si  -1.574143472294  4.446801382707  2.457121502193  3.618207493286  1.987626041873  1.842338163311
  13  Si  1.490610130730  4.491566995158  2.464570825419  0.050075268940  -0.635955861753  0.612710983324
  14  Si  -0.044120234986  7.124513217127  2.427499804705  -0.258759081347  -2.402418325272  1.729701233650
  15  Si  6.103462420146  3.669226395544  5.005543262208  -3.340569323362  -2.251448276087  0.804753035814
  16  Si  3.026699338814  3.640898137643  4.988966103220  0.408229921481  -0.189310955111  -0.056555777580
  17  Si  4.586815987353  0.990051282928  5.018866420404  0.052956934699  1.055065451243  -0.121154403995
  18  Si  -1.580665117925  4.517027640458  7.473413889661  3.851766253746  2.360634808369  1.699417439365
  19  Si  1.493527165215  4.546593494277  7.490147823510  -0.149557785139  -0.002432486858  -0.034651946223
  20  Si  -0.061401381912  7.190244162636  7.455037112302  -0.106177206013  -2.129033393778  0.921803763537
  21  Si  6.120275238018  3.454228215599  0.142023324146  -3.215436889168  -1.531548031639  -3.325441988601
  22  Si  3.055091571977  3.432740868846  0.137930367842  -0.034287464171  0.212130850058  -3.950940381083
  23  Si  4.614896131649  0.792667835119  0.173948504457  -0.335846481115  1.109433936582  -4.705708277567
  24  Si  3.050793713301  1.830171873400  2.487326714129  -0.139381823351  0.070957987014  1.027925775031
  25  Si  6.109060014543  1.859454577868  2.485639804822  -0.356753287112  -0.294910021210  1.302900287264
  26  Si  4.559908570986  4.501924709639  2.463139041658  -0.377838675912  -0.574367615262  0.975438786616
  27  Si  1.482568389780  6.285440725244  4.946529860538  0.009633605445  -0.360292843972  0.185847476435
  28  Si  -1.586341453047  6.262721195728  4.936464062176  0.487358086446  -0.056939894175  0.464519411415
  29  Si  -0.037420018887  3.619600976562  4.985572881199  0.647169712128  0.096839362736  0.085524667063
  30  Si  3.045209835372  1.892869959239  7.533031206747  0.107234611763  0.470257549798  0.035265381004
  31  Si  6.129473373364  1.926703626400  7.541535143333  -1.010281573998  0.055393345832  0.095457199094
  32  Si  4.552796795793  4.572731913481  7.496845187627  -0.539429952850  -0.310302423367  0.181929621500
  33  Si  1.493410207517  6.080807825827  0.093460757658  -0.057779434392  -0.269423771393  -3.736161867862
  34  Si  -1.567300613225  6.057636547601  0.107885955995  0.500500586294  0.095041659902  -4.185019836711
  35  Si  -0.015655207814  3.410525202292  0.126671819992  0.558180321001  0.652930139865  -3.543767985552
  36  C  -0.021612704086  1.831641028603  4.376078218157  3.614744592371  2.414993790307  -1.196699780467
  37  C  3.003850381750  7.182882812654  4.312610749485  -0.243911406898  -1.513309101092  0.303741469511
  38  C  -3.116712585082  7.135100436912  4.308626028653  2.816652941811  0.610741523845  -1.003821071488
  39  C  4.544488527961  6.326433254560  6.839261246701  -3.453039288076  -1.842670157317  -1.111602007962
  40  C  1.518543454928  0.996237030483  6.913546046737  0.356321270600  2.285744093704  -0.961100473589
  41  C  7.654511287668  1.051065675005  6.930542220156  -3.338579180432  -0.207285228354  -2.625093470200
  42  C  -0.029485436733  1.914580340400  9.422749198566  3.400071002458  1.857169271481  -1.749302032940
  43  C  2.993703759774  7.232288719609  9.349491654684  -0.286055786271  -0.914824170095  0.112541773303
  44  C  -3.137360907748  7.194691624035  9.338392694475  3.229176691069  0.896730809620  -1.080008414061
  45  C  4.547897943807  6.260989978582  1.824770163139  -3.476400299344  -2.271010502164  2.263706137718
  46  C  1.520715131941  0.929371873422  1.872515718062  0.427803605004  1.949691248778  3.222795572491
  47  C  7.675060126979  0.983301477717  1.894556319425  -4.457166231016  -0.805035414924  0.866754607310
  48  C  -1.576574404380  4.478414349104  4.344416921059  3.429533097548  1.963904472737  -1.337654221339
  49  C  1.503194718605  4.492870520914  4.350166964563  -0.384088495101  0.306864561723  -0.136631904792
  50  C  -0.061898326045  7.146834786369  4.310925711691  0.130462535621  -1.088568567423  0.153717605529
  51  C  6.099575803437  3.692037952733  6.885164152395  -3.871614723348  -2.469372357870  -1.392341312187
  52  C  3.024499033538  3.666322135928  6.870738230052  0.263554914284  -0.220332581269  0.135084732761
  53  C  4.598632598683  1.017673654213  6.914890925826  -0.073053109542  2.139744602619  -1.101263508917
  54  C  -1.580624651404  4.549413055745  9.381548275297  3.281449454248  1.912545104981  -1.844886601923
  55  C  1.490003483972  4.565629736726  9.371412880174  -0.130977030496  0.100108261741  -0.176216749284
  56  C  -0.073467533678  7.225073291972  9.346906070880  0.087883925243  -1.183907623971  -0.189154524046
  57  C  6.108269626310  3.612589664395  1.846971890572  -3.712003022894  -2.034992375351  2.594777396490
  58  C  3.039256437093  3.589147331442  1.858747813120  -0.011971706297  0.132616545353  3.338115764869
  59  C  4.585253837344  0.938009082107  1.880369989519  0.238071295050  2.324500421158  2.739317178264
  60  C  3.052811718631  1.855426732159  4.383670722162  -0.260696378225  0.246005228916  -0.069421141414
  61  C  6.115193500127  1.875835281453  4.387082946869  -0.379471160911  0.224557229310  0.069318451710
  62  C  4.574418224056  4.522780020595  4.357173763673  -0.754744279378  -0.075388745092  -0.073290963529
  63  C  1.484871536624  6.307424605349  6.840723467098  -0.027364621181  0.006622460109  -0.048046993444
  64  C  -1.599545704620  6.273548989481  6.835637897303  0.656793132179  0.438528174153  0.046782896360
  65  C  -0.037217433203  3.632318087639  6.872245871645  0.482501544635  0.288098363423  0.088868892753
  66  C  3.035900863681  1.922543541669  9.422418544711  0.073674796208  0.264134903695  -0.382952653139
  67  C  6.103957927586  1.952519844802  9.420638977612  -0.236183087637  -0.036283145610  -0.019590816349
  68  C  4.557602262399  4.598005561372  9.385686747008  -0.525204833942  -0.255047422893  -0.207091582371
  69  C  1.483076987768  6.237585772634  1.818253478627  0.324876615498  0.060123707463  3.341017752774
  70  C  -1.575896474029  6.214442879488  1.814659788910  0.307268256186  0.042695747759  3.986524116471
  71  C  -0.031401676318  3.562690430633  1.849015459926  0.505634158742  0.252137647059  3.598829622622


MDSTEP:  1
LATTICE_CONSTANT: 1.889726125458
LATTICE_VECTORS
  9.016530957274  0.000000000000  0.000000000000
  -4.632217416561  7.844481275657  0.000000000000
  -0.026182179411  0.273930671718  9.884189786333
VIRIAL (KBAR)
  253.745198914463  82.815407230928  2.749261256440
  82.815407230928  219.220882127153  -38.426063632921
  2.749261256440  -38.426063632921  262.378205628434
INDEX    LABEL    POSITIONS    FORCE (eV/Angstrom)
  0  Si  -0.018962714556  1.799594906557  2.489398831079  4.055293539051  2.741777182575  2.216251225849
  1  Si  3.016694977447  7.148831759076  2.425625957685  -0.711576169262  -2.275234481162  1.879255277339
  2  Si  -3.127597507376  7.098275170019  2.410463157605  3.769322407046  0.038483523055  3.075418144203
  3  Si  4.544451256298  6.305973749885  4.952438617427  -2.876245398469  -1.968581991619  0.890572585432
  4  Si  1.517887605367  0.972927467439  5.026776509670  0.633076897567  1.296757061827  -0.314080767169
  5  Si  7.666154870248  1.018868859747  5.026539184018  -3.789754533269  -0.920801652192  0.866373156450
  6  Si  -0.017188189688  1.878150096871  7.535423560683  3.400823767265  2.352076156038  1.174115066766
  7  Si  3.001168556785  7.223255074890  7.463653236318  -0.403708040404  -2.514329634933  0.976344898016
  8  Si  -3.134904707680  7.175099156452  7.455979503082  3.400838449111  -0.398388312632  1.868375362027
  9  Si  4.559990127878  6.106207895810  0.110302257686  -3.028282051066  -2.084014262282  -3.158489393805
  10  Si  1.541039457685  0.765337654165  0.174153121194  0.399113132521  1.492752205653  -4.655701738612
  11  Si  7.676647702447  0.812281502386  0.178940667434  -3.364227046098  -0.711734860670  -3.415904103065
  12  Si  -1.573286040985  4.446458869448  2.457256752459  3.542681193647  1.945663474660  1.810172063651
  13  Si  1.490683256474  4.492165699616  2.464867548583  0.049881264476  -0.637973700384  0.603383424740
  14  Si  -0.044695426884  7.123567430124  2.427296998327  -0.260277036582  -2.343069998021  1.748439156888
  15  Si  6.102382386543  3.668216531816  5.005845944255  -3.237310543440  -2.181623023075  0.732350062706
  16  Si  3.026496896702  3.642059694896  4.989489153658  0.411544584755  -0.201595692377  -0.090493327701
  17  Si  4.586748451854  0.990689812706  5.019450976320  0.048559991294  1.034472111776  -0.138223264322
  18  Si  -1.580002146797  4.517296669693  7.473294002485  3.764050263155  2.297716185967  1.651113935096
  19  Si  1.493905545003  4.547143376045  7.489415088054  -0.162499353837  -0.010996846523  -0.025213677458
  20  Si  -0.061825893285  7.189095810996  7.454605944767  -0.085846867939  -2.057519464965  0.916537673142
  21  Si  6.120118673403  3.454092820439  0.141007488487  -3.209594179133  -1.515255699186  -3.245631433517
  22  Si  3.054710889593  3.432368327028  0.136832871579  -0.038255426432  0.213080347931  -3.849205091020
  23  Si  4.615708743058  0.793155129711  0.172833835338  -0.364340616853  1.088897445237  -4.615821446608
  24  Si  3.051009598516  1.830823231048  2.487433129354  -0.124201743759  0.070037604952  1.046018498047
  25  Si  6.108676828519  1.859842115457  2.486349956063  -0.360801037532  -0.316874458323  1.299656774841
  26  Si  4.559858582031  4.501639064023  2.463335153462  -0.383718573612  -0.578449874245  0.985298846724
  27  Si  1.481971400044  6.286397695313  4.946137525368  0.026445842292  -0.374580013764  0.186751644800
  28  Si  -1.586457981575  6.262109143854  4.937109252193  0.495198120346  -0.032956492663  0.448046081275
  29  Si  -0.037396460998  3.620220705505  4.984931204537  0.664624322042  0.100933451397  0.076601102777
  30  Si  3.045443003052  1.892336920914  7.533291314219  0.091381748422  0.494149098627  0.008842890478
  31  Si  6.127973315166  1.927120627491  7.542345165656  -0.968351458216  0.041031589037  0.076213340484
  32  Si  4.552775683752  4.571931174505  7.497714617369  -0.554462286403  -0.297923370806  0.139768041614
  33  Si  1.493416009375  6.079985513599  0.092451709877  -0.069000031643  -0.262548076465  -3.605289395027
  34  Si  -1.566510989287  6.057551008818  0.106563005145  0.490278923936  0.106750867375  -4.056325952260
  35  Si  -0.015545470351  3.411064091790  0.125576087515  0.543180161982  0.644503284226  -3.473711170500
  36  C  -0.021355312661  1.832626076759  4.374888764798  3.589170080831  2.389295772821  -1.152476197118
  37  C  3.004003761740  7.182656011057  4.311729563289  -0.235521826373  -1.500709394672  0.340387604958
  38  C  -3.116222090219  7.134751298970  4.308146582611  2.789031619313  0.625340434296  -0.958523163858
  39  C  4.543688066087  6.326415692934  6.839221530288  -3.395525762899  -1.834463018221  -1.079199627330
  40  C  1.517844637770  0.997025326665  6.913230062077  0.376715717651  2.257064823151  -0.951744250329
  41  C  7.653710588850  1.051400855827  6.929835608178  -3.305141324504  -0.188203669231  -2.585069231652
  42  C  -0.028447918782  1.915634779323  9.421498964989  3.320337462932  1.803214775310  -1.701641498618
  43  C  2.992679969251  7.231306497379  9.349893295367  -0.257447599888  -0.894628692043  0.094700026621
  44  C  -3.134952643018  7.194717647989  9.337520604722  3.127038869686  0.876266623392  -1.029429632296
  45  C  4.546820140779  6.259321695298  1.825526055880  -3.395460844159  -2.202374255626  2.238736850979
  46  C  1.521754983067  0.929946033674  1.874327934746  0.412578298486  1.931844313261  3.110293112315
  47  C  7.672928339854  0.983711628847  1.894482115110  -4.337449779411  -0.787874179602  0.883731688392
  48  C  -1.574677047148  4.479997223486  4.343391008935  3.304535155318  1.873003237827  -1.264932207514
  49  C  1.503745903391  4.493674386528  4.348608741266  -0.394720742850  0.301196001511  -0.089892287990
  50  C  -0.062159922832  7.146452804672  4.311713857656  0.122502075208  -1.060200695746  0.152268894959
  51  C  6.098174053636  3.690385020641  6.883530903515  -3.776374045320  -2.385864827550  -1.316301286350
  52  C  3.023632138330  3.666586496842  6.869465948821  0.281067871490  -0.226171499803  0.177165939062
  53  C  4.599154872962  1.019150827896  6.915079718254  -0.097614431192  2.062336592382  -1.079365337688
  54  C  -1.580746367224  4.550174164013  9.380553404617  3.268675855725  1.886228377822  -1.824276816240
  55  C  1.489479528190  4.564837675818  9.372131297681  -0.116381678388  0.116108032370  -0.212018922410
  56  C  -0.073164015126  7.223900567216  9.346734194896  0.094983570193  -1.149136767250  -0.189764154358
  57  C  6.106102925714  3.610845446705  1.848209175203  -3.613252863240  -1.962997896241  2.537947629893
  58  C  3.039038454623  3.589509935650  1.860444778950  -0.013267681452  0.126515211653  3.232590132765
  59  C  4.585487771450  0.939011007934  1.881480724538  0.222334028742  2.271454076801  2.665357665351
  60  C  3.053249708990  1.855826297172  4.384073160346  -0.268816889232  0.256629256365  -0.067661260615
  61  C  6.114388728261  1.875944828419  4.386801106010  -0.359277433347  0.221495495825  0.080184314687
  62  C  4.574702838005  4.523965653311  4.357141510720  -0.756831889592  -0.113218338104  -0.068958935082
  63  C  1.484611352437  6.308083615424  6.841156300525  -0.015386045529  -0.000974559899  -0.058418661830
  64  C  -1.599136253778  6.273830340975  6.836526565293  0.642371458608  0.423568424631  0.024717511550
  65  C  -0.037086826564  3.631990666008  6.871406603412  0.483288888048  0.307111438434  0.099870470784
  66  C  3.035297625131  1.922528419662  9.421634812928  0.098250924886  0.263483863336  -0.370312170295
  67  C  6.103652714585  1.952798247588  9.420988093548  -0.220177293433  -0.038031259233  -0.044355022815
  68  C  4.556411225222  4.596673635940  9.384832053674  -0.501263470877  -0.225628348424  -0.189548930962
  69  C  1.482513700452  6.238610480612  1.821086985839  0.331837334557  0.026702415758  3.187341908927
  70  C  -1.576089457142  6.213647136622  1.816987634860  0.302749230275  0.040353169213  3.840070896568
  71  C  -0.030821745005  3.562900634001  1.849618415747  0.498600944780  0.236635381439  3.536716455264


MDSTEP:  2
LATTICE_CONSTANT: 1.889726125458
LATTICE_VECTORS
  9.016530957274  0.000000000000  0.000000000000
  -4.632217416561  7.844481275657  0.000000000000
  -0.026182179411  0.273930671718  9.884189786333
VIRIAL (KBAR)
  252.632252115657  81.690835381580  2.227129385366
  81.690835381580  218.528934215344  -38.887082679888
  2.227129385366  -38.887082679888  261.032408313859
INDEX    LABEL    POSITIONS    FORCE (eV/Angstrom)
  0  Si  -0.015542804581  1.798885326126  2.488355389731  3.932016610365  2.749107663084  2.252725829782
  1  Si  3.016468736115  7.149781748445  2.427196218303  -0.713891505748  -2.279058708807  1.877751899022
  2  Si  -3.124175005238  7.096662394429  2.410964466395  3.727387935779  0.082704611276  3.033717953303
  3  Si  4.544547870777  6.307239474607  4.952994070762  -2.775666322144  -1.903300795008  0.771418249684
  4  Si  1.519362985707  0.975649575130  5.025263738848  0.602085012646  1.259156496911  -0.275829025599
  5  Si  7.667098416692  1.018823317806  5.029118358595  -3.718771741793  -0.882577147462  0.732365284448
  6  Si  -0.016049288312  1.879234867707  7.538138512229  3.302309552636  2.323214926000  1.060614505537
  7  Si  3.002607206855  7.224044918404  7.464486093070  -0.441682673970  -2.524704274650  0.916722172714
  8  Si  -3.132908849191  7.177569563237  7.458915713413  3.231271841850  -0.521427270186  1.773880923961
  9  Si  4.558026151244  6.107462312883  0.109686490434  -2.938786896863  -2.105483154351  -2.983437286751
  10  Si  1.541901801930  0.767215571337  0.174003493460  0.347423050637  1.471343000631  -4.547645689803
  11  Si  7.677044346274  0.810788279558  0.178316595531  -3.341936832375  -0.702896184550  -3.259662598045
  12  Si  -1.572223913323  4.445374137073  2.459434101447  3.467899574478  1.895581686181  1.777699172993
  13  Si  1.492622212776  4.493910119683  2.465940321106  -0.026949065370  -0.673777013228  0.598670856631
  14  Si  -0.045245538271  7.123351944312  2.428407748753  -0.275775900966  -2.304803481382  1.765920064116
  15  Si  6.102036667410  3.667670003713  5.004246403788  -3.262704647866  -2.203457478319  0.757864912930
  16  Si  3.027054253010  3.639531944229  4.990515662306  0.404166422327  -0.055975991464  -0.134610339653
  17  Si  4.586860680111  0.992796065824  5.019482708856  -0.013544234432  0.952011402074  -0.174819928215
  18  Si  -1.580748049094  4.518032403387  7.473915715713  3.652604304216  2.244345415700  1.568247447861
  19  Si  1.491473009193  4.548794352282  7.488799264777  -0.073795587537  -0.054594282489  -0.060857979376
  20  Si  -0.061130758991  7.188136926790  7.453046730613  -0.062104123629  -2.065744403785  0.916796294924
  21  Si  6.118558465506  3.452240631090  0.139401677465  -3.014048472354  -1.384366174363  -3.215568503052
  22  Si  3.052157625858  3.433586965235  0.135898557943  -0.003790377495  0.198877257696  -3.821986365843
  23  Si  4.617230936181  0.793964459006  0.170967733728  -0.388687172967  1.015927544483  -4.534085630524
  24  Si  3.050847759277  1.833453853116  2.485469593645  -0.138770945608  -0.027842171970  1.107650860481
  25  Si  6.106311771966  1.860474251788  2.487308532823  -0.307595933507  -0.298838703018  1.280979395338
  26  Si  4.558266528102  4.499965294915  2.464359253605  -0.336125723398  -0.515105734675  0.965403640144
  27  Si  1.484209867572  6.287521523952  4.946006136646  -0.020033631119  -0.394504802337  0.230084195959
  28  Si  -1.586611269934  6.263943318054  4.939646003251  0.473108944298  -0.073418214775  0.425529217511
  29  Si  -0.034805052690  3.622356180836  4.986363087651  0.605832084304  0.082281365278  0.064521374679
  30  Si  3.044598301043  1.892700097946  7.531815876957  0.105704873284  0.517578408123  0.026981636734
  31  Si  6.127522469756  1.929502589861  7.542193259140  -1.012795020108  -0.000407098594  0.063883640177
  32  Si  4.554608258827  4.574288581846  7.496097966721  -0.639975912221  -0.291993347049  0.181009261654
  33  Si  1.493171420719  6.081370422160  0.092615709753  -0.129041053742  -0.297254325921  -3.593174932317
  34  Si  -1.564211774751  6.056311605742  0.106546600274  0.394148721957  0.085593315679  -4.070032677990
  35  Si  -0.012918961032  3.410400340951  0.123868822832  0.479597923233  0.696883905150  -3.406197042489
  36  C  -0.017982824532  1.834983692934  4.374946345016  3.439906851928  2.323662649908  -1.101986148773
  37  C  3.001327510940  7.181273077536  4.310876923626  -0.144712246345  -1.423335368584  0.389248255918
  38  C  -3.112742993298  7.138606414037  4.305047822833  2.657205427519  0.527008115784  -0.836492034647
  39  C  4.541818020022  6.327883590451  6.835213530011  -3.210036974762  -1.737978609640  -0.932613901792
  40  C  1.517129451550  0.996415583929  6.913644924382  0.381294894460  2.335867644390  -0.985732966147
  41  C  7.651801662331  1.052670831046  6.928534490169  -3.199628039125  -0.149104764409  -2.482261135121
  42  C  -0.029331593367  1.917573298737  9.420644108588  3.333823895434  1.732307360642  -1.658519805146
  43  C  2.990401441714  7.226715336328  9.348712379086  -0.209425481439  -0.763864116961  0.118595662556
  44  C  -3.136392353748  7.198832045069  9.337510084834  3.120092783683  0.771829917734  -0.969115243335
  45  C  4.546271411887  6.260669231107  1.830812051212  -3.399627654955  -2.242593159663  2.022435798846
  46  C  1.519454763674  0.931079178866  1.876727614682  0.506821734584  1.855946241996  2.982032151637
  47  C  7.671820480915  0.984197669935  1.898940499446  -4.306075688527  -0.764975931553  0.711218731981
  48  C  -1.574796838934  4.479834694063  4.345451409964  3.337912177838  1.889546018362  -1.268146512018
  49  C  1.502350421209  4.497131537811  4.350529875519  -0.307188462424  0.240604016790  -0.126161545615
  50  C  -0.062256267142  7.143773810984  4.315431382420  0.127421439306  -0.963565512954  0.098434735674
  51  C  6.092100398626  3.691411949290  6.883465155413  -3.550038669886  -2.335326621511  -1.305714771251
  52  C  3.025618063766  3.669822117118  6.867065177421  0.214482075792  -0.287329200741  0.271606916426
  53  C  4.597323964667  1.018128385422  6.911821787000  -0.053128912062  2.084695048256  -0.982927709643
  54  C  -1.577105378980  4.549083288588  9.376082845892  3.091476172924  1.831782640470  -1.680183825335
  55  C  1.487192983050  4.568528439736  9.368047876710  -0.044305823676  0.047159643072  -0.107598532796
  56  C  -0.075817887727  7.219918583846  9.346274651958  0.178775951055  -1.004798046001  -0.197772097862
  57  C  6.104396078147  3.612610849385  1.847035049291  -3.549833034990  -1.970158057728  2.560250102967
  58  C  3.039947257656  3.586154790146  1.862186257954  -0.065574991017  0.239619935761  3.122194924545
  59  C  4.585637645266  0.940325227773  1.881957019610  0.188170922424  2.206858820074  2.608684171220
  60  C  3.050973662822  1.859351962447  4.384551394712  -0.184116135499  0.190506291055  -0.110310066466
  61  C  6.111610500288  1.872377484404  4.386316897079  -0.275782943421  0.309827269831  0.101881962813
  62  C  4.576621618256  4.525914292961  4.355930079209  -0.809270804664  -0.159620244984  -0.038217103038
  63  C  1.488607371720  6.304345207209  6.841298923626  -0.090957211726  0.128149828220  -0.066672024263
  64  C  -1.601027442366  6.275472928292  6.838154595908  0.673084455489  0.391783651092  0.013247184998
  65  C  -0.038086190833  3.635371367904  6.872667778214  0.484320852021  0.229787204225  0.078708818053
  66  C  3.034100572637  1.919119181382  9.423484133437  0.143672985139  0.380256333662  -0.439367661181
  67  C  6.105917482575  1.954367225330  9.422416831002  -0.261008829779  -0.118431273933  -0.108214573533
  68  C  4.559262036848  4.594986656396  9.386712099900  -0.591337411021  -0.166788996940  -0.258799908934
  69  C  1.481153743377  6.241122191697  1.821144537197  0.376082606783  -0.019888277025  3.173230473547
  70  C  -1.575112867107  6.210084989663  1.816864321113  0.310811466746  0.094592423396  3.840283669950
  71  C  -0.033179958906  3.561031264448  1.849530862375  0.597609545393  0.282890888026  3.492223214839


MDSTEP:  3
LATTICE_CONSTANT: 1.889726125458
LATTICE_VECTORS
  9.016530957274  0.000000000000  0.000000000000
  -4.632217416561  7.844481275657  0.000000000000
  -0.026182179411  0.273930671718  9.884189786333
VIRIAL (KBAR)
  253.270396499608  81.231448980204  1.601931024924
  81.231448980204  216.641205592444  -38.609164755332
  1.601931024924  -38.609164755332  257.513933159406
INDEX    LABEL    POSITIONS    FORCE (eV/Angstrom)
  0  Si  -0.013572517686  1.796757846014  2.491837047627  3.850957610007  2.892839479132  2.212577602961
  1  Si  3.019320112027  7.145912744491  2.430796968304  -0.799100535921  -2.133685737060  1.770004254914
  2  Si  -3.123109601208  7.095001526772  2.412611496934  3.621603432959  0.142838110985  2.940305314185
  3  Si  4.541292422851  6.307173542751  4.953094733362  -2.629930277976  -1.870949253176  0.693650431526
  4  Si  1.521763175696  0.979043702141  5.025353333798  0.545245496199  1.114029922325  -0.308198293204
  5  Si  7.666392554259  1.020114628274  5.027460104190  -3.604591177817  -0.930120402777  0.673834460076
  6  Si  -0.016554003460  1.880961534906  7.538768235461  3.320243675396  2.269394846428  1.041638985064
  7  Si  2.999095760907  7.226176996334  7.463741339648  -0.376302715617  -2.518372541208  0.816625233206
  8  Si  -3.133844301894  7.177547717584  7.458836885746  3.234850512089  -0.465686848231  1.657130417525
  9  Si  4.555676188070  6.107989470528  0.109670348463  -2.838517675165  -2.071300873040  -2.994574476008
  10  Si  1.541627312992  0.766115547787  0.173853486812  0.279105203684  1.502469650351  -4.379895988935
  11  Si  7.674734684551  0.808562490088  0.178998475764  -3.221140090194  -0.635035927380  -3.160811036913
  12  Si  -1.572713864277  4.447301361045  2.456681829563  3.456773139779  1.846192590409  1.864540825357
  13  Si  1.495011864539  4.496128215527  2.466846382573  -0.126562357653  -0.724914171857  0.522525603854
  14  Si  -0.046581169698  7.123727607421  2.429200919353  -0.223664912603  -2.173943985347  1.779462136088
  15  Si  6.103334683416  3.665176752018  5.002812333852  -3.388999359119  -2.090779475808  0.774246880965
  16  Si  3.024226712671  3.639612682738  4.993178961380  0.413390084291  -0.051861998802  -0.238916021452
  17  Si  4.587630431817  0.993338831952  5.021656183837  -0.052399744615  0.968175868031  -0.285245744532
  18  Si  -1.576303049522  4.520449043398  7.473369862608  3.373119781502  2.108227229637  1.551356439660
  19  Si  1.490474131284  4.545605403496  7.485468784203  -0.031052311051  0.102214228986  0.066295762013
  20  Si  -0.064592253957  7.187338651079  7.451922064454  -0.009567528387  -1.934821431814  0.899173582987
  21  Si  6.118970606102  3.453990335922  0.138348480650  -3.057627679434  -1.482208045651  -3.045060864104
  22  Si  3.051930217419  3.430723807272  0.132437586616  -0.017767010576  0.310562344686  -3.515015776546
  23  Si  4.616983745303  0.797256349853  0.166236249360  -0.362684125704  1.022808610882  -4.210900729583
  24  Si  3.047911372790  1.831670826980  2.487319227848  -0.125108561831  0.086152949946  1.076018997128
  25  Si  6.106979323083  1.857541591422  2.490956897044  -0.371645085341  -0.208253618115  1.241520881128
  26  Si  4.560705288913  4.497467389374  2.464523728166  -0.416131284804  -0.549547657705  0.984327201269
  27  Si  1.485991321665  6.289314898699  4.942658256055  -0.160480534215  -0.432709200305  0.271618171723
  28  Si  -1.585902307549  6.265561715190  4.941486311921  0.397857375011  -0.161262548601  0.298203343121
  29  Si  -0.031659670484  3.619579099121  4.988384623373  0.494243819849  0.184365341237  -0.004063227706
  30  Si  3.047737736308  1.890107845451  7.530260477755  -0.007161025323  0.596394459763  0.095898447557
  31  Si  6.125362575044  1.931655436947  7.539400394191  -0.914192706411  -0.052077980768  0.075756158218
  32  Si  4.556103391431  4.572639705628  7.493889301635  -0.608223667466  -0.205853422251  0.261716454836
  33  Si  1.496169588613  6.083081523464  0.088577862341  -0.206365211124  -0.322972197044  -3.282044052815
  34  Si  -1.560732234710  6.058740964576  0.104046912031  0.350255153227  0.045941450369  -3.815855656071
  35  Si  -0.011416404754  3.410337488475  0.122242641740  0.453102613609  0.697173609344  -3.161148161695
  36  C  -0.013582368813  1.834979445861  4.375129231304  3.315528030406  2.261489760905  -1.021677010158
  37  C  2.997278318625  7.175679014554  4.309892854956  -0.035532952824  -1.209738515372  0.437405653070
  38  C  -3.114467193600  7.140729084805  4.300277990711  2.608042256908  0.464296350545  -0.643915099792
  39  C  4.543285612567  6.327363807295  6.831391151116  -3.284426843205  -1.717624241698  -0.842453273831
  40  C  1.519224862022  0.998599017458  6.910858497574  0.350541087983  2.273827091639  -0.908046530444
  41  C  7.653942335582  1.055401781715  6.922523668428  -3.264024096206  -0.204764922076  -2.381359785345
  42  C  -0.031561239513  1.919123626607  9.418241477243  3.325100823802  1.623272178547  -1.574231731518
  43  C  2.987167470229  7.225598438981  9.345195546607  -0.094081964482  -0.712807679466  0.165639687580
  44  C  -3.135924082942  7.198747987386  9.331474910091  3.045913530732  0.730072516604  -0.776873404886
  45  C  4.545132530401  6.254894893590  1.832032249700  -3.255885478945  -2.079185241001  1.972502024915
  46  C  1.515442242341  0.935548825614  1.882162245728  0.560550208583  1.629365140663  2.704106674616
  47  C  7.670324287606  0.987943410814  1.903414726297  -4.276985772154  -0.998301578067  0.593499800633
  48  C  -1.576763759192  4.476539634822  4.344720475200  3.463049182450  2.003498525871  -1.246330857099
  49  C  1.498671936959  4.501872554386  4.346278209437  -0.220829874642  0.130203658867  0.050170470108
  50  C  -0.063344385155  7.144022178595  4.316981594152  0.165086815174  -0.918829253767  0.092074642874
  51  C  6.091378013682  3.689954884993  6.881423686947  -3.366459193257  -2.202410319144  -1.208762411664
  52  C  3.029217387235  3.670416936933  6.871763979847  0.116538748640  -0.326208245216  0.179006008403
  53  C  4.594323539949  1.022877375537  6.909695088676  0.017532219693  1.889698775594  -0.901127818750
  54  C  -1.575877376308  4.546276545379  9.378006406390  3.132337719209  1.974561691167  -1.759696796964
  55  C  1.485959755738  4.571194604361  9.372576304861  0.001245669687  -0.001819829301  -0.282966215554
  56  C  -0.071961906764  7.222634492276  9.348394950288  0.106498393242  -1.032364533342  -0.312405080216
  57  C  6.102981538437  3.611199741908  1.850416694745  -3.499151059495  -1.989836852957  2.402326195850
  58  C  3.039920103585  3.587184968050  1.866520816486  -0.071834370221  0.173768296149  2.871449742371
  59  C  4.580787659689  0.944818429867  1.885112364595  0.280201393954  2.062915493501  2.379680272486
  60  C  3.046988740878  1.855720492911  4.381230514298  -0.053210246770  0.311571431543  0.016439095635
  61  C  6.114337524264  1.876285697773  4.388899837063  -0.357423803491  0.177280391298  0.075616258756
  62  C  4.572613065182  4.527557979949  4.353911665901  -0.726256072988  -0.240580533758  0.049676054236
  63  C  1.484342019686  6.308576760312  6.837017547302  -0.024587601219  0.013443110052  0.004427629860
  64  C  -1.600701695172  6.273346413272  6.834973635711  0.633434049383  0.470820248209  0.108812792215
  65  C  -0.039953258427  3.637231527982  6.877482128921  0.568039134321  0.173145785512  -0.044246709158
  66  C  3.031260278782  1.919498139188  9.426090935445  0.197446751677  0.340604209272  -0.560189404869
  67  C  6.110345719109  1.950468206909  9.420146741603  -0.380898233513  0.009769207741  -0.103069524442
  68  C  4.559435451480  4.596388758818  9.390473177793  -0.595895906285  -0.207581680058  -0.395846376536
  69  C  1.478616325791  6.242955600041  1.825068562382  0.457937791257  -0.019814495416  2.913764265938
  70  C  -1.571328503586  6.213487785261  1.822854134566  0.194719534348  0.038039316998  3.480247406125
  71  C  -0.037711920055  3.562219439882  1.853585958975  0.726207808991  0.236801364391  3.299655799765


MDSTEP:  4
LATTICE_CONSTANT: 1.889726125458
LATTICE_VECTORS
  9.016530957274  0.000000000000  0.000000000000
  -4.632217416561  7.844481275657  0.000000000000
  -0.026182179411  0.273930671718  9.884189786333
VIRIAL (KBAR)
  252.135623839812  80.712851363747  1.942873438651
  80.712851363747  217.718783513879  -38.709886182558
  1.942873438651  -38.709886182558  255.826089451806
INDEX    LABEL    POSITIONS    FORCE (eV/Angstrom)
  0  Si  -0.010059820398  1.800029952685  2.490806388017  3.732712739218  2.789388227829  2.135157100137
  1  Si  3.015531879605  7.148334474214  2.428688057047  -0.601056166853  -2.203953716824  1.856692046658
  2  Si  -3.124530393997  7.093886570290  2.413148782838  3.639322061834  0.264913038074  2.952870730050
  3  Si  4.539381997676  6.307755481630  4.950018012363  -2.532279910894  -1.829896045241  0.702184231106
  4  Si  1.520503586735  0.982493434749  5.026140728255  0.533275231424  1.052793249464  -0.309448638723
  5  Si  7.661868144894  1.022333683148  5.029764711547  -3.368569100411  -1.002435620632  0.457613013668
  6  Si  -0.016253687281  1.880635350731  7.538248080242  3.261665530905  2.256065616925  1.078741279848
  7  Si  2.997075247070  7.226139043406  7.460437466105  -0.256965558462  -2.679752111244  0.887906565213
  8  Si  -3.129399406478  7.176824863572  7.462571092912  3.043197974443  -0.510319297559  1.587306570766
  9  Si  4.556152587027  6.106951219138  0.108406121927  -2.811016463004  -2.078257990858  -2.938221288968
  10  Si  1.540000011244  0.764343872960  0.170240722575  0.300088978553  1.563976704594  -4.278472543315
  11  Si  7.674264992366  0.806693671305  0.174808382593  -3.292522473630  -0.690223243594  -2.989483743337
  12  Si  -1.569455475153  4.447770870646  2.457205048017  3.223993195848  1.808981763660  1.903124825572
  13  Si  1.492415466746  4.498858402467  2.463982359886  -0.089881816760  -0.746161942108  0.715579333803
  14  Si  -0.048375055661  7.120362183710  2.425684830592  -0.214616455704  -2.147585009217  1.936077723083
  15  Si  6.105497524453  3.662704731186  5.005640395190  -3.402531736112  -1.987379047002  0.654251958624
  16  Si  3.025618073716  3.641151675830  4.990402230943  0.370156314881  -0.044919984375  -0.278321393020
  17  Si  4.583832870735  0.997487914051  5.023841657884  0.075140368148  0.893054440212  -0.371787562868
  18  Si  -1.578357311790  4.524172464533  7.471472533885  3.438334109216  1.992504014428  1.529844062971
  19  Si  1.494566173400  4.545940334432  7.486885499166  -0.083438181951  0.040251871563  0.016391765150
  20  Si  -0.064879173326  7.189401470265  7.455487962004  0.052131919524  -1.928987724309  0.817700558481
  21  Si  6.119679364913  3.452694677025  0.134757799454  -3.053753402260  -1.433252946701  -2.844434323604
  22  Si  3.054730000726  3.427963980043  0.132671602735  -0.154225521402  0.443498061320  -3.473450062566
  23  Si  4.615396799973  0.796339189097  0.165059531468  -0.435578548828  1.092625658520  -4.154982135359
  24  Si  3.047513404822  1.832865728095  2.489491139434  -0.029733500067  0.078692435027  0.951183674815
  25  Si  6.106520133911  1.857811578606  2.487281033230  -0.288659052898  -0.228395113036  1.234644756014
  26  Si  4.558641993711  4.494718574075  2.466467210162  -0.376700666720  -0.439849352960  0.870897210671
  27  Si  1.485472096945  6.286977557496  4.944022462880  -0.179414723561  -0.279795573164  0.254744668306
  28  Si  -1.588097141224  6.264255434252  4.941707903582  0.442125137490  -0.012416777001  0.349319278892
  29  Si  -0.032100789986  3.618343373896  4.984651293837  0.500588216054  0.281643124410  0.121789183974
  30  Si  3.044367405918  1.892880933090  7.533439905434  -0.001487020221  0.494915210684  -0.025901167132
  31  Si  6.129088519181  1.931814048236  7.537635557805  -1.021904724399  -0.078515731578  0.146714966766
  32  Si  4.553238997676  4.571400481039  7.493472725187  -0.666604132557  -0.083691193116  0.277524857653
  33  Si  1.499035736267  6.084490610707  0.089826186659  -0.253058295716  -0.352099556859  -3.129997048359
  34  Si  -1.561555829967  6.055770909974  0.102126256480  0.376265907982  0.062708527544  -3.715584525876
  35  Si  -0.014553312706  3.411410545237  0.125039335161  0.612485353632  0.646105165890  -3.166024380016
  36  C  -0.015879608740  1.841481565533  4.369983768100  3.234230765167  2.054474999660  -0.871863195771
  37  C  3.001091209854  7.172335705144  4.308919978098  -0.168629182383  -1.070657025975  0.464159625926
  38  C  -3.112934627054  7.141512625113  4.302871012567  2.541992571643  0.511272002713  -0.707309497511
  39  C  4.546614207711  6.331807721770  6.825490930772  -3.319820899202  -1.833267854974  -0.694225330136
  40  C  1.513419496324  0.994752041215  6.915180026761  0.497712809599  2.424475242948  -0.991656658433
  41  C  7.656392082164  1.049394181009  6.919584268112  -3.309050606780  0.054320040741  -2.311536793441
  42  C  -0.032904185100  1.916871261647  9.420510944171  3.358214720819  1.714642652249  -1.658363293115
  43  C  2.988650680895  7.219613335604  9.344839722971  -0.103308254267  -0.562935162217  0.103785585704
  44  C  -3.134632765958  7.198825869816  9.332143494326  3.035072403368  0.664656057122  -0.793908577973
  45  C  4.546776507656  6.254028576844  1.829836731729  -3.357334941205  -2.069714775421  2.008729859593
  46  C  1.519741879999  0.939048290106  1.878892576010  0.509576148136  1.507756811897  2.742909518219
  47  C  7.672760457791  0.986826182933  1.902425376376  -4.221526592651  -0.870608830047  0.533352474910
  48  C  -1.575781513250  4.483618585481  4.349011046768  3.371688063305  1.810867237341  -1.269923302809
  49  C  1.493457875855  4.507066369507  4.351086661384  -0.098363874755  -0.018512670741  -0.106201416058
  50  C  -0.067124604535  7.148633643307  4.322497453116  0.235554641444  -1.011705473199  -0.024144908446
  51  C  6.083464543576  3.692259697378  6.886398765779  -3.112543773658  -2.229831462853  -1.273440507887
  52  C  3.029422702080  3.663867589254  6.867950208394  0.113719065772  -0.185340014674  0.229946912022
  53  C  4.591636077603  1.026014173144  6.905948441450  0.068409283369  1.827242607141  -0.746148812845
  54  C  -1.570204272214  4.541978722737  9.379408777570  2.963197688996  2.045352367316  -1.826669006317
  55  C  1.484062979442  4.575915897359  9.369621549309  0.057313427561  -0.131170279889  -0.154028409082
  56  C  -0.071206872770  7.224029981228  9.353954433142  0.088909407722  -1.081698665117  -0.406071210737
  57  C  6.101745532448  3.611350687296  1.851494353002  -3.409178124919  -1.966826391185  2.302398989428
  58  C  3.033623870290  3.593621609805  1.867097547245  0.017179368709  -0.000227755028  2.843832791253
  59  C  4.586413281077  0.941388667259  1.884035971454  0.115764925748  2.143204330318  2.377911434234
  60  C  3.050767376457  1.853318331263  4.377257975693  -0.192399549416  0.451008273185  0.110932991717
  61  C  6.116966374155  1.874913793966  4.382701557346  -0.465552343313  0.226677090821  0.219767453279
  62  C  4.574544412573  4.532309407194  4.347752549454  -0.727036276904  -0.389292907964  0.214573112408
  63  C  1.489226757649  6.304483397101  6.838788174502  -0.175142489216  0.115873141409  -0.010984009933
  64  C  -1.604658431567  6.279124641989  6.837291417067  0.780256530789  0.346441016951  0.105174866246
  65  C  -0.034799275024  3.634525552239  6.878052407915  0.398517623703  0.250669342047  -0.079709106650
  66  C  3.027041812471  1.923943470491  9.422124245450  0.270526341142  0.219600062193  -0.457419370241
  67  C  6.105125800747  1.949875360485  9.424643958812  -0.252979763452  -0.021571953897  -0.289364027512
  68  C  4.559537979206  4.595730088017  9.394684954179  -0.571573834143  -0.209915408488  -0.530124044717
  69  C  1.484182783300  6.241500994129  1.833199358986  0.295610862514  0.028197499707  2.598438807475
  70  C  -1.575308802533  6.209553730099  1.822440238564  0.276413943208  0.102139947141  3.429912993324
  71  C  -0.038903711384  3.567708326219  1.857859981363  0.767094326808  0.150176776001  3.155112514797


MDSTEP:  5
LATTICE_CONSTANT: 1.889726125458
LATTICE_VECTORS
  9.016530957274  0.000000000000  0.000000000000
  -4.632217416561  7.844481275657  0.000000000000
  -0.026182179411  0.273930671718  9.884189786333
VIRIAL (KBAR)
  252.365040194303  80.441279342432  1.911425755167
  80.441279342432  215.042165558555  -38.868956948513
  1.911425755167  -38.868956948513  255.993132348290
INDEX    LABEL    POSITIONS    FORCE (eV/Angstrom)
  0  Si  -0.010034747724  1.802080985294  2.491704461971  3.664353560908  2.734759986739  2.021815381609
  1  Si  3.014178617517  7.147594677398  2.431162357778  -0.648349655111  -2.202267580957  1.825059260851
  2  Si  -3.127840695710  7.095397462064  2.415293625377  3.670344963078  0.224314183530  2.923401664666
  3  Si  4.540344703926  6.307317179729  4.953999980108  -2.690564559474  -1.838823671437  0.555328219646
  4  Si  1.518240126992  0.984513952646  5.028153613926  0.534148517817  1.054441783441  -0.373145188140
  5  Si  7.660373976905  1.024716469340  5.026862530331  -3.325029586995  -0.938495932638  0.405454864072
  6  Si  -0.016787279943  1.879839916270  7.539923511562  3.297952950250  2.348295748018  0.994421723292
  7  Si  2.993978160806  7.222791747447  7.456244160724  -0.280825687143  -2.366539671536  0.853769528575
  8  Si  -3.131777998067  7.175870497552  7.460393968534  3.085743451843  -0.359227501805  1.545376571417
  9  Si  4.554101434340  6.108865973038  0.103892675254  -2.795101376536  -2.155773394852  -2.805625857499
  10  Si  1.535496766139  0.761521745835  0.171090452368  0.406925436426  1.683976875793  -4.383448945071
  11  Si  7.673422932199  0.806681219281  0.171387436207  -3.401284188980  -0.782267826194  -2.679781829448
  12  Si  -1.570953235138  4.448787303021  2.461615695765  3.351552780894  1.730658738085  1.800115150536
  13  Si  1.495640496143  4.496098816088  2.463444513295  -0.195808424400  -0.823779404003  0.660688662535
  14  Si  -0.046183014449  7.119405347487  2.422494246327  -0.234765800688  -2.199341921138  1.969180218641
  15  Si  6.103982691776  3.666196898208  5.009467483611  -3.285161847253  -2.021187901617  0.502319007349
  16  Si  3.027070815003  3.638926170205  4.987607566489  0.209199344886  0.064195201428  -0.262637976522
  17  Si  4.581758222589  0.997306710737  5.023319079149  -0.003935237535  0.787088206677  -0.433640405463
  18  Si  -1.579044016966  4.525675770391  7.475555078485  3.391781796188  1.933747959883  1.470289216338
  19  Si  1.494678003986  4.550418383946  7.488345964904  -0.104021279691  -0.013365514001  -0.075898632735
  20  Si  -0.063493926574  7.193327523257  7.458595158351  -0.003793241184  -1.874571344596  0.773986649723
  21  Si  6.117586310378  3.452349245062  0.132100681443  -2.871366530203  -1.431760995345  -2.707162432244
  22  Si  3.055970023857  3.430388816935  0.134924219938  -0.173572734502  0.368496109349  -3.535608492836
  23  Si  4.615566129244  0.797512069839  0.159843895492  -0.440727818493  1.052191328025  -3.886956798450
  24  Si  3.051769349350  1.831225176745  2.490541543707  -0.116735467661  0.047424906544  0.912321821320
  25  Si  6.102100536584  1.860450496181  2.487872875233  -0.168175469895  -0.223104993882  1.226046956022
  26  Si  4.562525342088  4.493879552007  2.469454884414  -0.465579723797  -0.476500846470  0.731596283436
  27  Si  1.481993304258  6.288823929261  4.941579579670  -0.156765718684  -0.424302733732  0.336184346844
  28  Si  -1.587026387515  6.259594857599  4.944847167983  0.467692327223  0.162946665372  0.249249235980
  29  Si  -0.032183850806  3.618655186474  4.987445741780  0.454289301802  0.316394390379  0.022678966526
  30  Si  3.040835822701  1.889902481469  7.536041495998  0.165426457936  0.711106972111  -0.036113433117
  31  Si  6.132763522016  1.932325520289  7.535712538123  -1.110761904214  -0.065757600555  0.190059609020
  32  Si  4.550625272473  4.568472311753  7.489136249021  -0.757858504999  0.001337089475  0.415714980675
  33  Si  1.495279124866  6.086520071762  0.089847448053  -0.179517475138  -0.556797630566  -3.225569248547
  34  Si  -1.564153571772  6.057478166388  0.105009625186  0.479714618610  0.005925637926  -3.528479887228
  35  Si  -0.011615404034  3.413728666888  0.126098015630  0.530471022572  0.498053421117  -3.270479735259
  36  C  -0.016088565999  1.845239168549  4.364279395504  3.144507921685  1.961585740100  -0.695160551942
  37  C  2.995025606603  7.175591722396  4.314493360791  -0.011310108343  -1.182289172579  0.365245597753
  38  C  -3.113457937934  7.140210319531  4.307617357191  2.564863655486  0.583306924305  -0.744380789576
  39  C  4.538764759843  6.335466212337  6.823342466032  -3.131637647216  -1.894215880918  -0.582277013200
  40  C  1.520079996782  1.003665468745  6.915212334002  0.280474601080  2.068162107733  -0.926287709195
  41  C  7.656752218642  1.055325914501  6.912145496575  -3.275602782604  -0.183211468155  -2.185436643131
  42  C  -0.037439997414  1.913256008743  9.416397421931  3.497704520709  1.828433051350  -1.607593337864
  43  C  2.981791493082  7.215791206756  9.338195880788  0.045793971165  -0.476567368161  0.191951835928
  44  C  -3.130059899879  7.199054064248  9.334590390575  2.883667763987  0.615014665948  -0.890003989437
  45  C  4.545341131457  6.248996781022  1.830506154611  -3.320917087068  -1.938336134947  1.915778766457
  46  C  1.517460739824  0.941317434149  1.875024829684  0.571249934747  1.421877049197  2.925177389666
  47  C  7.668908958635  0.988488795345  1.908132929741  -4.142057428063  -0.942503308582  0.275817110335
  48  C  -1.575566976412  4.492104104372  4.344322832003  3.189907008020  1.459933988193  -1.018930796758
  49  C  1.488965256682  4.501665553543  4.345230271933  0.025354941352  0.125456550251  0.037186683360
  50  C  -0.065705603675  7.141461503079  4.316438639702  0.128956735244  -0.791846174421  0.119165038567
  51  C  6.075788735382  3.694361518038  6.892458651021  -2.831476514797  -2.168743753113  -1.369703573750
  52  C  3.025990846911  3.667612443229  6.862990968608  0.136722030920  -0.263607650183  0.314424980885
  53  C  4.592620647216  1.031833719295  6.904069347117  0.036535158392  1.692765383927  -0.678071328573
  54  C  -1.566387342385  4.542874078844  9.383590133934  2.833380268553  2.025737588365  -1.876287545105
  55  C  1.481396070632  4.569090263268  9.364543202311  0.171559631915  0.044288721926  -0.015140768544
  56  C  -0.067558435707  7.220984463443  9.356965739397  -0.081320419624  -0.974034500053  -0.452487625067
  57  C  6.103746953415  3.614367993424  1.851809203044  -3.480244113545  -2.049351116260  2.217040152544
  58  C  3.036422647679  3.588490564824  1.867644001692  0.032165367909  0.096200857252  2.879442803681
  59  C  4.592857346201  0.940800023580  1.886056372466  -0.021817371554  2.116444114621  2.156766395242
  60  C  3.043958644476  1.859834281314  4.378332035666  -0.046183747969  0.221972771800  0.073485073114
  61  C  6.111132968119  1.868839889081  4.380521936343  -0.383438360012  0.462125437709  0.296155148901
  62  C  4.568349634727  4.529451651757  4.342228325544  -0.576591591676  -0.292780033892  0.405005251374
  63  C  1.485565531548  6.310195230450  6.844668636798  -0.172046014333  0.017046593895  -0.195416663304
  64  C  -1.601597716835  6.279224094229  6.835283330867  0.685935859050  0.373026197391  0.205148773497
  65  C  -0.033630650151  3.639069290506  6.876409708249  0.329169837840  0.169962545446  -0.003509459826
  66  C  3.030387175399  1.924805096826  9.425235716309  0.123656001877  0.177075842704  -0.501145003646
  67  C  6.104153964376  1.948049121242  9.425253532819  -0.203018971337  0.023291688304  -0.371531802147
  68  C  4.564009699035  4.589303358925  9.397204431101  -0.707454571267  -0.003055488540  -0.669217574391
  69  C  1.480378932333  6.234382443962  1.828687568766  0.435095507846  0.138151534626  2.747451493756
  70  C  -1.571783698092  6.203074571679  1.831984198701  0.148832006769  0.297341609621  3.135220010963
  71  C  -0.041233662324  3.563042500967  1.853693026751  0.819689707005  0.269852346574  3.341610212918


MDSTEP:  6
LATTICE_CONSTANT: 1.889726125458
LATTICE_VECTORS
  9.016530957274  0.000000000000  0.000000000000
  -4.632217416561  7.844481275657  0.000000000000
  -0.026182179411  0.273930671718  9.884189786333
VIRIAL (KBAR)
  250.335787121423  78.971792786572  2.732725985258
  78.971792786572  214.709616597488  -39.015013924984
  2.732725985258  -39.015013924984  253.277439877783
INDEX    LABEL    POSITIONS    FORCE (eV/Angstrom)
  0  Si  -0.007374653405  1.800726272227  2.490939446609  3.477773192034  2.653012081108  2.046980194069
  1  Si  3.016472338356  7.147237457174  2.429158043784  -0.659967344649  -2.178198735920  1.772794267388
  2  Si  -3.125038777372  7.092392150655  2.418784049485  3.608971248426  0.119691771835  2.861110599243
  3  Si  4.534196424529  6.309465643773  4.954579366041  -2.507068391062  -1.833286595183  0.563167122188
  4  Si  1.517301767667  0.984678115051  5.023663905467  0.531926621040  0.971288496292  -0.314120825771
  5  Si  7.655386028895  1.028885594177  5.026575386419  -3.198616033352  -0.944042373023  0.332733246291
  6  Si  -0.013642052772  1.883467567231  7.540546671697  3.157450248160  2.337824873064  0.826622349674
  7  Si  2.992783103521  7.227115486478  7.456886432105  -0.295973979101  -2.409902338989  0.809155436413
  8  Si  -3.131355873423  7.178032508751  7.461761955424  2.948272310867  -0.509804807671  1.403111650673
  9  Si  4.552180090265  6.103026730900  0.105541270636  -2.606215666371  -1.879029662369  -3.039140974348
  10  Si  1.535061842859  0.763649982488  0.164655631141  0.309449221193  1.704829927787  -3.942507829910
  11  Si  7.675467231818  0.805231516482  0.171184395360  -3.391653272544  -0.778047625475  -2.785129432313
  12  Si  -1.574467452367  4.444494763218  2.465116464756  3.459786586881  1.727689288531  1.755158299088
  13  Si  1.498640817543  4.490951890163  2.464086894904  -0.250125795336  -0.632769969966  0.577250887059
  14  Si  -0.048054599726  7.117911113645  2.418140941033  -0.125050754467  -2.055086121445  2.057904277162
  15  Si  6.101948763245  3.666165352923  5.014348912119  -2.949053254741  -1.932604076982  0.272060839715
  16  Si  3.031058055295  3.636376149619  4.989799969077  0.146434355227  0.156777749602  -0.226971482771
  17  Si  4.580706642931  0.999153585090  5.025342364167  -0.041562837136  0.787111527958  -0.499618959718
  18  Si  -1.573332918715  4.522031475067  7.475270748733  3.249271609698  1.964542862577  1.458018177402
  19  Si  1.494778078225  4.550391195886  7.487678941874  -0.030072689055  0.025068997255  -0.093835547937
  20  Si  -0.065994086205  7.197333329033  7.454522694670  0.166986287214  -1.868472637765  0.806679962713
  21  Si  6.114419231869  3.454472851213  0.130898449100  -2.899653912939  -1.580114409531  -2.424032007474
  22  Si  3.059694483317  3.433712389882  0.133797401747  -0.239748680661  0.333223251385  -3.558887845780
  23  Si  4.616834025241  0.798890987841  0.158979581201  -0.478445607760  1.029090592682  -3.666475120873
  24  Si  3.048316828446  1.835715105274  2.495834479943  -0.050603810708  -0.138123086985  0.841625414529
  25  Si  6.098847659246  1.858695037325  2.488689291757  0.005474664375  -0.224054718359  1.213826968426
  26  Si  4.558632023101  4.490705282710  2.472776486501  -0.359407882092  -0.399822875205  0.668290984394
  27  Si  1.485735836037  6.289864492183  4.941094684002  -0.297169238918  -0.450709520566  0.308063051631
  28  Si  -1.586144191300  6.260135901917  4.945270904259  0.617852846733  0.051001936030  0.311263495801
  29  Si  -0.026848575343  3.614137630391  4.982521916673  0.453823166695  0.501061046999  0.078675034662
  30  Si  3.040183784443  1.888268798753  7.540994409971  0.154902196929  0.746293431407  -0.146746142839
  31  Si  6.132581815471  1.933491446898  7.538111509537  -1.139022260913  -0.102764100604  0.136201609401
  32  Si  4.555539738246  4.568198251046  7.489562593420  -0.903821150915  -0.076468617633  0.386560887073
  33  Si  1.495232981141  6.082226444814  0.084793152341  -0.132699803765  -0.470291408732  -3.100600517260
  34  Si  -1.568749326436  6.055212572140  0.099077773772  0.654836425505  0.126891165305  -3.171858101171
  35  Si  -0.016461338323  3.413684168091  0.123823115128  0.611292147984  0.623331781443  -2.963746026777
  36  C  -0.012623418000  1.848799984855  4.365380426576  2.937550348596  1.717738903943  -0.699526315847
  37  C  2.992626931114  7.174408655488  4.310236692208  0.095570456138  -1.030218472679  0.437285279962
  38  C  -3.106681637079  7.133525278339  4.311234649087  2.302086270983  0.667558618447  -0.723840653189
  39  C  4.533458433659  6.326687096751  6.828039382570  -2.873430178246  -1.583017948146  -0.621985182552
  40  C  1.517997106482  1.005008997586  6.908737605474  0.313908886165  1.991909857504  -0.794891771485
  41  C  7.651381782750  1.063190161937  6.914500295058  -3.064032329118  -0.279055165841  -2.225488652420
  42  C  -0.041824463105  1.922625665971  9.410773026762  3.528612870374  1.616890196770  -1.506301429611
  43  C  2.983091233963  7.215309386718  9.335767614318  0.066442631747  -0.482303985828  0.228521811405
  44  C  -3.124491111305  7.200193151518  9.335849053711  2.560655506443  0.554423836085  -0.876171074208
  45  C  4.546732315990  6.248419550160  1.825665435763  -3.267901167908  -1.974606914053  2.162129731673
  46  C  1.512194375718  0.936355029446  1.881003627672  0.747494343775  1.468023272889  2.549153825899
  47  C  7.669539418070  0.987261075914  1.903726552301  -4.086142546994  -0.848040785103  0.442751633896
  48  C  -1.565573169428  4.489498608034  4.339746357523  2.813954146446  1.341828947465  -0.717049131650
  49  C  1.492608614640  4.503221002553  4.342268305897  0.078299734072  0.072940361628  0.103050352008
  50  C  -0.064837957133  7.147995477885  4.321248285900  0.122614727165  -0.951370998736  -0.002104426309
  51  C  6.076571208730  3.689026701389  6.896060101162  -2.720957444086  -1.985899343706  -1.383889623850
  52  C  3.025244472462  3.664637438392  6.867822555640  0.212061597501  -0.228845765867  0.261571025805
  53  C  4.595484387802  1.039716837067  6.899981065113  -0.052789605972  1.533762893632  -0.531596241324
  54  C  -1.571882937737  4.546253393148  9.387207956918  2.959457853918  1.947546151392  -1.977116196029
  55  C  1.483759424487  4.566913167353  9.362612347633  0.078910443059  0.047073898693  0.037385024965
  56  C  -0.063754300874  7.220287687034  9.356602551198  -0.215936394443  -0.947549523111  -0.473776964638
  57  C  6.100426089681  3.608741612511  1.861143466112  -3.500059791133  -1.992110885465  1.806777972130
  58  C  3.039318984512  3.583995453316  1.865708506148  -0.039031341091  0.192102706557  2.907942377783
  59  C  4.599975957915  0.949574378002  1.893018613929  -0.303426614601  1.827352006457  1.852145209500
  60  C  3.040042244656  1.859827248097  4.382767233077  0.025124833352  0.246325637117  0.001142596706
  61  C  6.103635969752  1.864059192143  4.373519758024  -0.238126911638  0.617170751387  0.478164088330
  62  C  4.573422817540  4.531231928879  4.340573939913  -0.697931117626  -0.315641454103  0.512086625945
  63  C  1.487519096463  6.307035185749  6.841031635184  -0.196889792166  0.157126483329  -0.114383976605
  64  C  -1.594474911577  6.276601939397  6.841743730234  0.471525906152  0.425646894685  0.081248152690
  65  C  -0.029692978522  3.646533151343  6.872466218074  0.305873787447  -0.020610382609  0.024663666529
  66  C  3.024217464789  1.928120532482  9.429001743985  0.307833246832  0.129133921188  -0.547934785674
  67  C  6.105745731262  1.942692263542  9.417119958233  -0.253771244827  0.197119338249  -0.162739993659
  68  C  4.564725947964  4.594819433961  9.392282932432  -0.693486251873  -0.161825919499  -0.566136009012
  69  C  1.485788026433  6.239124489949  1.825561305360  0.332301216354  -0.068362433053  2.734299335240
  70  C  -1.569398465949  6.196041596684  1.837007686486  0.096889710596  0.363216845612  2.792136031781
  71  C  -0.041956958399  3.556822063613  1.861753983059  0.848173452129  0.359431355913  2.958893745765


MDSTEP:  7
LATTICE_CONSTANT: 1.889726125458
LATTICE_VECTORS
  9.016530957274  0.000000000000  0.000000000000
  -4.632217416561  7.844481275657  0.000000000000
  -0.026182179411  0.273930671718  9.884189786333
VIRIAL (KBAR)
  249.084905330479  80.061676738423  3.920548369592
  80.061676738423  216.010463027763  -39.786886931846
  3.920548369592  -39.786886931846  250.687454146461
INDEX    LABEL    POSITIONS    FORCE (eV/Angstrom)
  0  Si  -0.006606131256  1.806712790671  2.491192716516  3.326132921571  2.387673306344  2.088800837596
  1  Si  3.020125713260  7.147337695594  2.432772727951  -0.838770110785  -2.253774282833  1.683079030300
  2  Si  -3.128115349916  7.092247382185  2.414973828157  3.580023204148  0.256825568948  2.885864073275
  3  Si  4.527787475038  6.305550233447  4.949483587501  -2.008971640197  -1.471365767489  0.656689807654
  4  Si  1.514846013890  0.982976359726  5.026244643103  0.727830890267  1.031269730610  -0.374485078750
  5  Si  7.648901904288  1.033493149387  5.031265117249  -2.946784545293  -1.141322202382  0.150714832488
  6  Si  -0.017808273549  1.884400911141  7.543621171040  3.297473059601  2.313630938193  0.690572977714
  7  Si  2.990023809224  7.224305845497  7.457537693159  -0.087647502328  -2.426398480578  0.815232538372
  8  Si  -3.131083738962  7.183206926945  7.463152916067  2.999988331466  -0.521596860624  1.277856066004
  9  Si  4.546611856773  6.101029274830  0.106536436282  -2.393697114255  -1.842840535876  -3.068152768669
  10  Si  1.540043163926  0.768174447930  0.164698577305  0.084759201649  1.531056854950  -3.823721395023
  11  Si  7.673010131029  0.807066147338  0.166756554677  -3.358750625846  -0.948773602398  -2.540498394039
  12  Si  -1.577282067852  4.448590762062  2.467779492926  3.705175714298  1.640866149047  1.777687141364
  13  Si  1.495475477416  4.494406260348  2.468776620139  -0.245653706429  -0.608293456507  0.437752061145
  14  Si  -0.050749270063  7.112521401620  2.415586948189  -0.083321223563  -2.019563222859  2.206851534851
  15  Si  6.095255613885  3.661149424122  5.010396322360  -2.792912437260  -1.743973345981  0.501145042336
  16  Si  3.035720727145  3.632544021726  4.991523082360  -0.038856520297  0.323002011968  -0.371676162345
  17  Si  4.582378290684  0.998597347063  5.030707038200  -0.044091804724  0.867641554182  -0.655734571441
  18  Si  -1.575874389540  4.526855957593  7.480940570222  3.470651053430  2.112132292784  1.347970563933
  19  Si  1.497735876770  4.555593455908  7.485746754025  -0.140745768404  -0.106501602283  -0.051182062086
  20  Si  -0.066646288035  7.201043124966  7.451121698573  0.185380507031  -2.046657574566  0.901092449658
  21  Si  6.108393924462  3.451272850575  0.134206431395  -2.741237071245  -1.405024659511  -2.422300763368
  22  Si  3.056828915665  3.432883449125  0.134501009662  -0.166498773507  0.456743377967  -3.329493554436
  23  Si  4.621663455913  0.800938653978  0.157601030709  -0.632994643865  0.932942858985  -3.507942354985
  24  Si  3.052067701597  1.840427022516  2.497037935930  -0.062118385217  -0.197911161545  0.939325895352
  25  Si  6.093639864101  1.863414376484  2.491385582282  0.194664539802  -0.331072071184  1.231746488670
  26  Si  4.554969771709  4.494259648256  2.477116324835  -0.298880700817  -0.448787940541  0.701652449663
  27  Si  1.489613008943  6.289370348642  4.938767165303  -0.452288068071  -0.408266548810  0.427315242489
  28  Si  -1.582133301964  6.261873324438  4.941377100590  0.523087690556  -0.019683641675  0.317571057856
  29  Si  -0.023442068296  3.613280845752  4.978024901844  0.304046905775  0.510378808872  0.257262190758
  30  Si  3.035870693436  1.892503647183  7.546488610578  0.324431915346  0.604959738353  -0.407395958246
  31  Si  6.129863025127  1.938122418368  7.535328805751  -0.974532088991  -0.241534201309  0.016603820242
  32  Si  4.551325548798  4.564338099937  7.491639434851  -0.807573308514  0.038571265854  0.209064134482
  33  Si  1.498926916095  6.077507842643  0.081649160218  -0.233434385451  -0.299672635936  -3.010247402019
  34  Si  -1.570620732218  6.060184342028  0.094951716680  0.584523833332  -0.044488978636  -2.830258585134
  35  Si  -0.011716432079  3.419333766515  0.118847913245  0.470104056435  0.478755137740  -2.721747484058
  36  C  -0.008585844788  1.844338113733  4.373154854030  2.785494390142  1.752302369446  -0.846168787638
  37  C  2.991924642052  7.165082157696  4.309663455552  0.104930226510  -0.689099071239  0.467078590398
  38  C  -3.100590326037  7.140113286264  4.303616612821  1.927057096452  0.372273509896  -0.503661506911
  39  C  4.538016551399  6.327695792479  6.827671829395  -2.983205329856  -1.657548393622  -0.665854033542
  40  C  1.526939765594  1.010954788511  6.905572754695  0.061960387718  1.886623622140  -0.639578272927
  41  C  7.657347386320  1.055010590178  6.908579600273  -3.263609585729  -0.074824960747  -2.027890769129
  42  C  -0.043631667715  1.918741866482  9.408309545377  3.624685514350  1.779856713640  -1.430623256207
  43  C  2.990217583830  7.206715518983  9.336471409083  -0.164924718672  -0.232928548999  0.193677881075
  44  C  -3.127281934696  7.197968474410  9.334459289164  2.536349520742  0.672836274599  -0.737881364360
  45  C  4.543358355324  6.242355754545  1.826285908653  -3.180239062693  -1.821175050915  2.158943775851
  46  C  1.514737206833  0.943476571624  1.884835286622  0.742576089132  1.320449633498  2.361764939235
  47  C  7.667793684876  0.983001015003  1.906109237354  -3.952508344825  -0.605655163280  0.359527308902
  48  C  -1.571442545374  4.482497683570  4.338507088999  2.950865071611  1.489912376408  -0.660683440668
  49  C  1.486247127796  4.510809166147  4.335226144853  0.281653318046  -0.114725212011  0.353486801746
  50  C  -0.062289723091  7.154709268168  4.327209358499  0.169049090377  -1.126179364415  -0.184976520342
  51  C  6.083050902124  3.694594380562  6.901697801039  -3.058735396116  -2.164795803374  -1.606680549758
  52  C  3.021205308161  3.658232776079  6.860857376664  0.298151964051  -0.061058483795  0.447662757914
  53  C  4.598721038459  1.033059037092  6.892914329845  -0.123969655530  1.902859637059  -0.270793362219
  54  C  -1.574448335171  4.543822201669  9.385052005152  2.892295315253  1.979777226201  -1.766791961228
  55  C  1.486936162418  4.570948511168  9.366339110474  0.068149488938  -0.054631673432  -0.126084717145
  56  C  -0.070672827688  7.216724375682  9.357118931866  -0.004539373734  -0.801270823119  -0.505490661862
  57  C  6.101395337384  3.614617922795  1.868655040118  -3.722636330949  -2.167629891621  1.510479470613
  58  C  3.036353491095  3.592238542631  1.874767858308  0.046395925756  0.040009385615  2.565848519827
  59  C  4.604876846370  0.943964659341  1.900017376273  -0.435500826147  2.010739339387  1.521955239215
  60  C  3.046824148983  1.864139246221  4.387015074776  -0.087759717287  0.144504849106  -0.078487248650
  61  C  6.107427134889  1.868592521260  4.376571731165  -0.411616542648  0.505751836598  0.435414289397
  62  C  4.574851976971  4.539548438330  4.346174364671  -0.779871556477  -0.557323081514  0.386834795730
  63  C  1.490917475390  6.310268499899  6.846980958672  -0.275162905321  0.086333289740  -0.282571349569
  64  C  -1.588437259258  6.283850236412  6.835112506557  0.331887974004  0.305223778734  0.212682883062
  65  C  -0.033098145724  3.647794284963  6.878529098877  0.387970032701  0.034455040981  -0.096225913971
  66  C  3.015768572598  1.931498923513  9.423060484181  0.601804598542  0.118233119911  -0.349067544688
  67  C  6.106484697450  1.941164109111  9.410222685700  -0.315547319206  0.225302326655  -0.042084253890
  68  C  4.562429833553  4.598810827113  9.384408350475  -0.719708387650  -0.363376865309  -0.325623919773
  69  C  1.482297285030  6.239593566085  1.822002373673  0.409727686496  -0.078152621401  2.769182541369
  70  C  -1.576309424947  6.194877054783  1.846351368586  0.195023549542  0.388233297083  2.318272974361
  71  C  -0.035275451568  3.550894904823  1.866527143937  0.634994412832  0.595750560822  2.677392964177


MDSTEP:  8
LATTICE_CONSTANT: 1.889726125458
LATTICE_VECTORS
  9.016530957274  0.000000000000  0.000000000000
  -4.632217416561  7.844481275657  0.000000000000
  -0.026182179411  0.273930671718  9.884189786333
VIRIAL (KBAR)
  245.752521353253  79.047722280443  4.035074537827
  79.047722280443  216.123545774427  -41.075200222692
  4.035074537827  -41.075200222692  252.287883507655
INDEX    LABEL    POSITIONS    FORCE (eV/Angstrom)
  0  Si  -0.005515519590  1.810710546227  2.493475359797  3.129002088898  2.284546348612  1.883265508051
  1  Si  3.017285572534  7.146092322564  2.430951177169  -0.837775675380  -2.201415027614  1.684718735334
  2  Si  -3.131337756609  7.089695171700  2.412273899476  3.625298478199  0.373697087951  2.901006831927
  3  Si  4.524084250513  6.305986503613  4.953067827901  -1.800678779799  -1.392000996672  0.354656838639
  4  Si  1.510183988306  0.984304666409  5.025627716448  0.781810690690  1.207513483232  -0.540144960102
  5  Si  7.645257832299  1.028587451640  5.035792976259  -2.760795128772  -0.869307951063  -0.204357387795
  6  Si  -0.017917170836  1.885609547077  7.545083358142  2.975764222379  2.215217583221  0.527861325539
  7  Si  2.989682299612  7.227393105082  7.453260396241  -0.149886877974  -2.660077571144  0.926598718925
  8  Si  -3.128263080983  7.188182175976  7.464160867935  2.671627157782  -0.649141742650  1.178062415361
  9  Si  4.546424696335  6.103621403323  0.107828749488  -2.348586353099  -1.958368919338  -3.198710868122
  10  Si  1.536242509867  0.765722599764  0.162757796223  0.379622416335  1.664592522394  -3.684666969314
  11  Si  7.675742507719  0.807361374323  0.170936523983  -3.471659831763  -0.900037315243  -2.425218854574
  12  Si  -1.580673664240  4.451474336498  2.464651523181  3.786833509281  1.382852168848  1.922395892508
  13  Si  1.493186222661  4.499655092018  2.472281070891  -0.054227384022  -0.852571247418  0.236525913017
  14  Si  -0.055775117204  7.106222327846  2.414522187338  0.067777231759  -1.776283331600  2.212972618693
  15  Si  6.094961618433  3.658464313954  5.010382968754  -2.896583257386  -1.853710402324  0.515412529048
  16  Si  3.034697963737  3.635478277827  4.985472670091  0.046621572266  0.187527377522  -0.339653315899
  17  Si  4.576427673674  0.995256316361  5.034630878261  0.248492529812  1.040401125275  -0.865268582797
  18  Si  -1.579023896402  4.531883486142  7.484556222239  3.562997310222  1.974321513579  1.247319778720
  19  Si  1.500065629985  4.554342968838  7.485955964626  -0.082490262582  -0.161427968780  -0.152971058464
  20  Si  -0.068009124006  7.201447327437  7.454831219589  0.185056147591  -2.092331954768  0.848055798606
  21  Si  6.111549502643  3.449632752887  0.131244387649  -2.802217473746  -1.450093719299  -2.461524169057
  22  Si  3.059770791060  3.433369455052  0.127396163993  -0.291970195648  0.363826532164  -3.269225345866
  23  Si  4.626857376297  0.805534393511  0.162043686337  -0.741584346269  0.651795402899  -3.565652336183
  24  Si  3.054660809511  1.845788035558  2.491252182378  -0.031321842900  -0.355856227061  1.090335500182
  25  Si  6.088347272753  1.863244146762  2.489765313809  0.353311057014  -0.265308611919  1.419990429728
  26  Si  4.555473101299  4.499190560889  2.471986235970  -0.175828002988  -0.708762097299  0.852626272819
  27  Si  1.490291909588  6.294530710569  4.936054719726  -0.541918268844  -0.568350210592  0.588287030707
  28  Si  -1.583121195440  6.256674345741  4.936777866295  0.443064772353  0.089248869825  0.477936134931
  29  Si  -0.027503649897  3.616793072271  4.978342047540  0.417420847778  0.480901602884  0.203024527619
  30  Si  3.038193906778  1.888470846113  7.541533743191  0.327374143428  0.698492324173  -0.444581650985
  31  Si  6.128988938433  1.944047126972  7.535513194692  -1.031754496139  -0.334504344574  -0.111166534609
  32  Si  4.554529949067  4.567207115925  7.486068038318  -0.889365463744  -0.088388523029  0.284439347569
  33  Si  1.502518550630  6.079521042156  0.085398005250  -0.244825379254  -0.447993830320  -3.330615097763
  34  Si  -1.567251288411  6.058748660025  0.098040403582  0.562627625175  0.016713954358  -2.966369265423
  35  Si  -0.008343755597  3.418869373451  0.115766390344  0.376391447513  0.502232583891  -2.724370800055
  36  C  -0.013968339008  1.855116541611  4.367562938597  2.719615325409  1.448801159491  -0.607387438453
  37  C  2.985581344002  7.165769381509  4.303826134973  0.275853061063  -0.721914483798  0.578747000144
  38  C  -3.100436346462  7.149273439719  4.298465601583  1.739104416941  0.052992897939  -0.373032262644
  39  C  4.536432116122  6.319449172153  6.818087355150  -2.736064213031  -1.219720955551  -0.290644587196
  40  C  1.518745602013  1.018343059572  6.898930605051  0.192600873691  1.670550568011  -0.476094053880
  41  C  7.648524838377  1.050592821368  6.900603066700  -2.871719118664  0.274576921794  -1.717099146708
  42  C  -0.037241818281  1.911732457597  9.414585414291  3.474726187581  1.959800415772  -1.603935023280
  43  C  2.994339675314  7.213109717182  9.337882240569  -0.208628921093  -0.361612063435  0.128341959540
  44  C  -3.123081740324  7.200529821889  9.342355547869  2.454531103222  0.537632103029  -0.924610402514
  45  C  4.539770492203  6.238418237650  1.826141835347  -3.140596456381  -1.664964137284  2.168639419206
  46  C  1.520424052798  0.943848387459  1.884819186648  0.601507620964  1.289501364746  2.282798587319
  47  C  7.655391008212  0.984803732207  1.915131252140  -3.510040602951  -0.537817402873  0.171798206837
  48  C  -1.575106474625  4.475184001187  4.346164919502  3.112893520513  1.762093686720  -0.990400495663
  49  C  1.485098329654  4.512424206976  4.327377821478  0.261987863813  -0.064296719836  0.546552849897
  50  C  -0.063172820980  7.156673608437  4.334206960795  0.140427017420  -1.291509293409  -0.397142111759
  51  C  6.082852274281  3.698929271153  6.893789931773  -2.939667421090  -2.226250241295  -1.402293663660
  52  C  3.026761523620  3.658329982346  6.855566340474  0.212142531695  -0.078095970355  0.492531204575
  53  C  4.601957514787  1.029582705156  6.884221719118  -0.178932156415  1.933279254775  -0.012440440150
  54  C  -1.576939367167  4.551976129125  9.386584245685  2.981333927719  1.746460031093  -1.827263505012
  55  C  1.481259732630  4.567029284477  9.357309044861  0.282525701570  0.043381616602  0.062448086900
  56  C  -0.068880272908  7.207889952508  9.356500920400  0.018954520426  -0.483681850284  -0.339046848371
  57  C  6.107693539093  3.604864040607  1.862539971964  -3.835866668591  -1.936040140948  1.629620360680
  58  C  3.045006843228  3.587629437270  1.870395780753  -0.164100713233  0.258180174864  2.551369064210
  59  C  4.611925904828  0.948969348422  1.905919676824  -0.661232172385  1.638071698413  1.369082972847
  60  C  3.055426013353  1.857220134235  4.385094991675  -0.361830010054  0.366802351594  -0.088865221843
  61  C  6.113509293126  1.873627823379  4.371732611156  -0.663382481633  0.311892398281  0.590809193458
  62  C  4.583426847171  4.539640727451  4.350848220240  -0.969328611693  -0.489772947076  0.144685428978
  63  C  1.484841389933  6.304808160149  6.855517907060  -0.125217785958  0.232735004702  -0.486569949229
  64  C  -1.593095031837  6.283157043680  6.841205109267  0.400549504872  0.415894579054  0.053094831413
  65  C  -0.025353604767  3.650558151776  6.871092467352  0.131362340019  -0.002885763278  0.132369748943
  66  C  3.024161852458  1.926720546321  9.416635731546  0.416126795616  0.142338202537  -0.249225681142
  67  C  6.104523369810  1.936354619502  9.405437670768  -0.109478695637  0.357207726839  0.002485105753
  68  C  4.562221137726  4.592738784262  9.384160065687  -0.649333818448  -0.133019728955  -0.423675029119
  69  C  1.485968375774  6.231743800606  1.818223872233  0.279701054096  0.146972343566  2.977929213226
  70  C  -1.577536849803  6.186668558100  1.844581199218  0.141673458493  0.595774816911  2.448787416158
  71  C  -0.028600733451  3.558671665989  1.860268741390  0.500178793968  0.478693893524  2.806640259625


MDSTEP:  9
LATTICE_CONSTANT: 1.889726125458
LATTICE_VECTORS
  9.016530957274  0.000000000000  0.000000000000
  -4.632217416561  7.844481275657  0.000000000000
  -0.026182179411  0.273930671718  9.884189786333
VIRIAL (KBAR)
  244.311829125362  77.083910165579  3.070058087915
  77.083910165579  215.093955500887  -40.726638209137
  3.070058087915  -40.726638209137  250.987285682487
INDEX    LABEL    POSITIONS    FORCE (eV/Angstrom)
  0  Si  -0.010316786207  1.816440195726  2.495193427778  3.134901245943  2.110891652399  1.808522338686
  1  Si  3.020719249010  7.139643143904  2.435302876954  -0.854968195540  -1.959467247550  1.517412158730
  2  Si  -3.126818179766  7.087254446140  2.409832973698  3.482890919640  0.285772390270  3.030904661504
  3  Si  4.524311195832  6.301563973078  4.958215768557  -1.866173606277  -1.447971789903  0.212936251746
  4  Si  1.512724613276  0.979732460347  5.020514859204  0.744512659007  1.362496224411  -0.380195957497
  5  Si  7.648854797201  1.028667657614  5.033873185414  -2.982310897528  -1.142046312434  -0.219916164817
  6  Si  -0.022217674462  1.880450593247  7.545942383989  3.039487661894  2.273584125023  0.508191085522
  7  Si  2.990873621780  7.229445169332  7.455384780267  -0.107551318588  -2.493829478375  0.684656904620
  8  Si  -3.123730521904  7.183403928810  7.466988802984  2.542760309356  -0.312425538074  1.084888968714
  9  Si  4.540144165230  6.109246857167  0.107683963794  -2.145697840927  -2.012927248296  -3.220702693411
  10  Si  1.531593918579  0.760160115529  0.160834491640  0.656543642151  1.902794305095  -3.439925493837
  11  Si  7.677398266051  0.811195680386  0.170309380652  -3.687321651931  -0.905309382298  -2.186951103303
  12  Si  -1.579307720944  4.452810668617  2.469505252677  3.378667409053  1.082435586067  1.628224914935
  13  Si  1.496351391087  4.494512644284  2.466054942120  -0.020959906356  -0.673556073335  0.390816655255
  14  Si  -0.054098305004  7.109590947238  2.410544387257  -0.018292805746  -1.891894192343  2.311202816893
  15  Si  6.097249110620  3.659795392160  5.012757200730  -2.885389361272  -1.936398172630  0.393275318397
  16  Si  3.029590631625  3.638744168243  4.988189530607  0.303403867498  0.192586693306  -0.347967860017
  17  Si  4.578623744151  0.993501654775  5.033576721869  0.169788697005  1.087957675714  -0.856674624687
  18  Si  -1.580439453147  4.527508029379  7.486228973354  3.382936532961  1.963098105446  1.115746367308
  19  Si  1.506377260720  4.550316470336  7.486889525937  -0.227873043883  -0.097677632693  -0.181866864738
  20  Si  -0.067207825595  7.198534832460  7.456530700336  0.142964031758  -1.949464893243  0.777927008793
  21  Si  6.104110714203  3.443232964828  0.129394012822  -2.629377997453  -1.183488478023  -2.444133553490
  22  Si  3.059956795031  3.434214191175  0.132685932519  -0.243878570292  0.339570219592  -3.652001025324
  23  Si  4.624525842352  0.803105488800  0.155825699121  -0.790855349188  0.765015299919  -3.148973998998
  24  Si  3.052822267552  1.851222852244  2.497168973568  -0.035718527501  -0.408893538719  0.951472631400
  25  Si  6.088459179442  1.865436306431  2.491206902554  0.122264048704  -0.312283934934  1.521981708766
  26  Si  4.551044017275  4.502663394342  2.469878004363  -0.034896964131  -0.855108901630  0.937548136560
  27  Si  1.495126973579  6.293606113842  4.938299956388  -0.699361187560  -0.485782266580  0.519255314075
  28  Si  -1.585261008796  6.259892420491  4.940487832529  0.453857967509  0.100684297111  0.425767760589
  29  Si  -0.021851665497  3.619929298446  4.984542898118  0.266633586011  0.435005709961  0.059801316855
  30  Si  3.038244700133  1.885863178015  7.538762060536  0.345435890407  0.810292108889  -0.348011981368
  31  Si  6.123424570509  1.941164851245  7.533510813404  -1.081822929550  -0.156492168654  -0.097527028323
  32  Si  4.554566143424  4.571252071990  7.491477680703  -0.991165532416  -0.270213957166  0.157064992952
  33  Si  1.502632707079  6.074809322289  0.080356508478  -0.245369723766  -0.224080758569  -2.900866152595
  34  Si  -1.565296380954  6.058925177663  0.092124742747  0.451803714868  -0.153504180036  -2.538488779927
  35  Si  -0.007466989507  3.412646847482  0.118773542979  0.376728446326  0.752424483230  -3.047584764104
  36  C  -0.019207873383  1.849846702368  4.368761753925  3.044646702687  1.761953833072  -0.687413956470
  37  C  2.984732637301  7.156408357611  4.294836898310  0.396806118781  -0.526826891947  0.925855554032
  38  C  -3.107010990735  7.147055687512  4.303611415643  1.899693124833  0.086123549322  -0.509266492176
  39  C  4.541710139503  6.314606821669  6.817816835587  -2.861998384417  -1.036181292812  -0.203011532145
  40  C  1.525725949116  1.025753791726  6.904182295055  -0.084686969297  1.284882508729  -0.610690961182
  41  C  7.639013236994  1.058941082724  6.890600550921  -2.661490957113  -0.036063448985  -1.434998023236
  42  C  -0.034633181751  1.911931413943  9.420931163188  3.462860347544  1.925822380199  -1.765322687958
  43  C  2.992086511947  7.221772657969  9.328624384148  -0.206390848733  -0.439996383928  0.369889073127
  44  C  -3.119129432762  7.202583279290  9.342538603269  2.235605095416  0.360609497708  -0.864014097566
  45  C  4.541766256798  6.229819685725  1.829056376617  -3.128514629427  -1.357539762055  1.997250964020
  46  C  1.521429822508  0.940224574229  1.891417377101  0.495183354623  1.423823932800  2.009909480685
  47  C  7.644755058825  0.988667335010  1.921278171930  -3.216681144781  -0.724455417642  0.001841017500
  48  C  -1.579850704352  4.482949076056  4.339092298502  3.305888190303  1.571457006210  -0.704258645709
  49  C  1.493535036188  4.516172436709  4.327702923000  0.057287586016  -0.177815568557  0.477518331193
  50  C  -0.064896423991  7.156236022452  4.329817135540  0.187264054633  -1.304472028665  -0.239816501592
  51  C  6.074262932343  3.700561688838  6.886694736353  -2.699326808624  -2.182660320244  -1.176812884298
  52  C  3.022106512723  3.651479775358  6.858643522253  0.377888343020  0.095166071632  0.414014317698
  53  C  4.594596936248  1.032288296710  6.885821063684  -0.069991601247  1.710489018175  -0.046960031447
  54  C  -1.581096618907  4.546486595826  9.378321686852  2.980907388317  1.704013342126  -1.561139546935
  55  C  1.485885926272  4.574715900826  9.353329047546  0.163028664138  -0.211939648265  0.200178424224
  56  C  -0.073318966925  7.205650132882  9.357564336243  0.176704375304  -0.475456233490  -0.356868383640
  57  C  6.094897024057  3.603666839175  1.859454852001  -3.293317991526  -1.709887011215  1.809616850510
  58  C  3.051194414110  3.590975645333  1.864375064131  -0.348849097600  0.195190396434  2.823978547497
  59  C  4.601411485169  0.951624667092  1.912774717010  -0.481812414022  1.660081684975  0.990201718038
  60  C  3.055063773443  1.867043439973  4.381353128088  -0.344276794079  0.180420611464  0.049778986364
  61  C  6.118859632015  1.867153517958  4.381983132172  -0.748832160632  0.473032044351  0.366917391847
  62  C  4.592588310898  4.537722627971  4.343927278625  -1.207327775208  -0.490113234109  0.308727488442
  63  C  1.487336845754  6.306279231812  6.859268063588  -0.130640249435  0.155339653819  -0.541765750980
  64  C  -1.598593501405  6.288248685680  6.848521921162  0.608671398753  0.194841562885  -0.064589147390
  65  C  -0.027837402754  3.649687006896  6.876099112751  0.203591009933  0.021732715671  0.102598533546
  66  C  3.027902261734  1.931537756791  9.409458947894  0.228435212783  0.020233210731  -0.063273058897
  67  C  6.099151714795  1.941654917412  9.408846738344  0.013122614210  0.141831102997  -0.162285422693
  68  C  4.562047223268  4.593939056835  9.380339989504  -0.720584201764  -0.046115187576  -0.310564581426
  69  C  1.488496127860  6.233211362103  1.828501389620  0.281262277978  0.058231121726  2.392379219268
  70  C  -1.579390346775  6.178399450546  1.853936687605  0.259312101248  0.774539549707  1.932527091713
  71  C  -0.023811101749  3.566217361588  1.853161228522  0.379968847196  0.327914903810  3.104059450170


MDSTEP:  10
LATTICE_CONSTANT: 1.889726125458
LATTICE_VECTORS
  9.016530957274  0.000000000000  0.000000000000
  -4.632217416561  7.844481275657  0.000000000000
  -0.026182179411  0.273930671718  9.884189786333
VIRIAL (KBAR)
  239.697801026890  73.951266925417  3.777673111827
  73.951266925417  216.013724260818  -41.661428321845
  3.777673111827  -41.661428321845  250.573039454986
INDEX    LABEL    POSITIONS    FORCE (eV/Angstrom)
  0  Si  -0.006376054858  1.822062014924  2.495218791078  2.736869139399  1.994420519509  1.824125737312
  1  Si  3.025357388086  7.138725063506  2.429178786895  -1.047685861839  -1.848760248807  1.623687488224
  2  Si  -3.124762138287  7.090017991909  2.414459338796  3.388402727224  0.308113068090  2.942362151023
  3  Si  4.522625471544  6.295001891221  4.954334670418  -1.764489031605  -1.226198764177  0.245786767298
  4  Si  1.508388882698  0.983431173867  5.026622649319  0.836668380953  1.368717936016  -0.563517183282
  5  Si  7.645348773335  1.034787517076  5.036567365626  -2.687660421600  -1.381466154691  -0.388400887167
  6  Si  -0.014359008800  1.881046406990  7.542853187018  2.647825284272  2.052230308920  0.366032442528
  7  Si  2.988304927776  7.223058860599  7.460228207527  0.124896989904  -2.446160281705  0.636995618732
  8  Si  -3.126869869438  7.183343685636  7.472854095677  2.608321255288  -0.383015326063  0.872834188493
  9  Si  4.533569031347  6.104700857519  0.110087770595  -1.740384667827  -1.668152599748  -3.157093595030
  10  Si  1.526440659535  0.766761193536  0.161121515559  0.766908918530  1.816383881958  -3.204416551175
  11  Si  7.677094831980  0.814825805481  0.163843852084  -3.633101714410  -0.965288084886  -2.019875886423
  12  Si  -1.576890949026  4.451045084257  2.473953884469  3.216437744065  1.125627358081  1.351357788955
  13  Si  1.494247238793  4.498037285966  2.470951928210  0.030246500974  -0.834692526214  0.219529749186
  14  Si  -0.053217695205  7.115043623947  2.412393650800  0.148978479118  -2.112313769913  2.292465446769
  15  Si  6.096445045003  3.655813222907  5.013521674252  -2.879649693838  -1.726937503006  0.268023099711
  16  Si  3.025713701383  3.635369766276  4.981575984566  0.249314800829  0.435372825783  -0.150639295778
  17  Si  4.578375223777  0.994841207648  5.028196948199  0.239763359595  0.971520493149  -0.792520893168
  18  Si  -1.581913987744  4.532073426090  7.488512006912  3.433923901199  1.812863741927  0.934387602068
  19  Si  1.502216726789  4.555274005545  7.491810401645  -0.153606355007  -0.375891914861  -0.219210182121
  20  Si  -0.060792591427  7.204415476024  7.460790591201  0.003520136509  -2.098480162291  0.690505617980
  21  Si  6.104104221133  3.443401995066  0.129550017624  -2.609578462542  -1.263367499621  -2.503522247803
  22  Si  3.061993723902  3.429224406402  0.137227623232  -0.363512066998  0.462736065226  -3.731801128024
  23  Si  4.623326020791  0.803103010569  0.157358145800  -0.741092617268  0.725362245364  -3.266437807487
  24  Si  3.049706495647  1.844765877452  2.499274651631  0.144465021733  -0.211931140075  0.929256127799
  25  Si  6.093391035784  1.866137821238  2.497129750126  -0.034760299430  -0.274666417900  1.262325019714
  26  Si  4.549613148613  4.506135356928  2.465221409149  -0.105685451235  -1.059746891349  1.077198737268
  27  Si  1.493911925039  6.289960009144  4.941403543431  -0.530520426889  -0.322278270508  0.433927839168
  28  Si  -1.584227239870  6.260749159208  4.940512184273  0.359788016710  0.013643208275  0.371322306009
  29  Si  -0.025920592681  3.623756741229  4.982494517554  0.379428714314  0.447930969466  0.083911142213
  30  Si  3.032248103213  1.889247571051  7.536185856096  0.385259139774  0.656394495542  -0.273065121443
  31  Si  6.127868376515  1.938175833109  7.538534374477  -1.112795266089  -0.055712973747  -0.287242828041
  32  Si  4.553098677103  4.577282795355  7.498420360598  -1.003578518687  -0.575827015453  -0.034422493026
  33  Si  1.500279684926  6.072989671596  0.079045249713  -0.206003191658  -0.096704430420  -2.457813808221
  34  Si  -1.571733720623  6.060964370083  0.091559574827  0.676164797881  -0.189043400679  -2.299497424413
  35  Si  -0.005213221213  3.412949024449  0.111904177995  0.334377623950  0.858378502291  -2.796299158586
  36  C  -0.015865670600  1.859768555276  4.375673983833  2.870501310689  1.549754873537  -0.805696757686
  37  C  2.988944025523  7.152391700216  4.287115535283  0.262979882366  -0.346469682015  1.144311414800
  38  C  -3.107728612563  7.155483102197  4.306603722282  1.864315015922  -0.098449086120  -0.483008475727
  39  C  4.547590315359  6.305161312641  6.816070005602  -2.994194217738  -0.840373950490  -0.132117183797
  40  C  1.520064148826  1.019431029393  6.896248183916  0.078357982811  1.375068863572  -0.366520443252
  41  C  7.638134244197  1.048311386864  6.888125178953  -2.451003248813  0.229127656815  -1.224255306321
  42  C  -0.033468800838  1.911763775260  9.416944887603  3.492724342965  1.992681358262  -1.781840605020
  43  C  2.990227851911  7.226844668723  9.334297885616  -0.155997749281  -0.575610236060  0.286229627421
  44  C  -3.108898268727  7.208826805253  9.339810423434  1.617875572643  0.154669692372  -0.554688644446
  45  C  4.537548380525  6.227322100417  1.839302802439  -2.807486231971  -1.159501103694  1.588400104530
  46  C  1.521828986294  0.951467026454  1.899571102067  0.406066684086  1.061769258779  1.694354120938
  47  C  7.639027557138  0.991467357578  1.913616015279  -2.797140647618  -0.655708802065  0.208013467692
  48  C  -1.578194355648  4.474740430751  4.328611825859  3.091618452161  1.733232191377  -0.358402259820
  49  C  1.485373832294  4.525347160041  4.320167975502  0.179407611743  -0.434869449799  0.757595803446
  50  C  -0.063927634227  7.148302591786  4.324960361663  0.179900313012  -1.009759593863  -0.035484352708
  51  C  6.076078695711  3.703791137494  6.881093872464  -2.754988538378  -2.281827997361  -0.968206976999
  52  C  3.014462266341  3.644312326469  6.863215247506  0.476252488444  0.333072182452  0.265821885979
  53  C  4.594634057685  1.035334915848  6.884838616003  -0.062964484684  1.712345374295  -0.070104239409
  54  C  -1.583841652868  4.547353967041  9.371467401346  2.982753218197  1.696550879243  -1.393586693053
  55  C  1.489452490521  4.582948787408  9.357091910105  0.118780160653  -0.434163002179  0.132466159368
  56  C  -0.071708729430  7.203063382055  9.360369071005  0.090701763589  -0.395395961214  -0.375308788427
  57  C  6.089649584880  3.607554274947  1.856772591364  -3.079624159815  -1.685035488241  1.924353697250
  58  C  3.051257984911  3.584784816234  1.863645971339  -0.385151567292  0.285043192286  2.996142490511
  59  C  4.602062841005  0.949012704467  1.909280769722  -0.425846379428  1.866294924244  1.175512173918
  60  C  3.058516403084  1.874670545785  4.380827525544  -0.441176100807  -0.068142533265  0.054562518870
  61  C  6.127932483757  1.868390501280  4.376085753121  -1.011317353977  0.433297246994  0.508864212127
  62  C  4.586027996382  4.540847434627  4.341348590621  -1.034460240769  -0.692768307018  0.305389109684
  63  C  1.496489918704  6.299406549812  6.868288070703  -0.387522633982  0.320518126099  -0.732949584363
  64  C  -1.600400590226  6.286877448908  6.846814440550  0.764865339888  0.322638750612  0.005369698881
  65  C  -0.024960774291  3.641002980696  6.872319742570  0.094404624079  0.297537781425  0.210167492658
  66  C  3.023791573549  1.934930147528  9.413950850437  0.307190822557  -0.074888307181  -0.221776466781
  67  C  6.108568806103  1.931933764175  9.407910772220  -0.285254991296  0.410092265770  -0.138869264015
  68  C  4.556129651330  4.595020060735  9.383546614586  -0.575570646218  -0.107500918376  -0.315613813141
  69  C  1.490995062913  6.224805255535  1.840543122836  0.239896397360  0.301507264705  1.891724269189
  70  C  -1.570589096175  6.184907281481  1.862481858882  0.014167906503  0.620004163710  1.639039364329
  71  C  -0.026087848998  3.571431477858  1.852895161646  0.419482417100  0.232198128908  2.889853864110


