MDSTEP:  0
LATTICE_CONSTANT: 1.889726125458
LATTICE_VECTORS
  8.950887897101  0.000000000000  0.000000000000
  -4.515595524399  8.136696629119  0.000000000000
  -0.258521378894  0.170597749096  9.958809422474
VIRIAL (KBAR)
  282.024766016270  77.660295312764  38.056243092147
  77.660295312764  17.989688468111  -14.656347506795
  38.056243092147  -14.656347506795  167.744647647445
INDEX    LABEL    POSITIONS    FORCE (eV/Angstrom)
  0  Si  -0.025294254448  1.806259393580  2.504502628959  5.534734651594  2.546197011268  2.628683116254
  1  Si  3.022782531725  7.130673065191  2.507130898771  -0.439533034816  0.933744480400  0.901466596135
  2  Si  -3.106180215801  7.102122105673  2.417150869950  5.405431610123  4.468791236837  3.132775416455
  3  Si  4.517504773383  6.268233368865  5.030377219123  -2.885695927418  -1.520853754369  0.701879313410
  4  Si  1.458647540001  0.930522016872  5.051680448911  0.603373833361  -0.902589634517  -0.577832711926
  5  Si  7.606409129290  0.949317519909  5.127704906637  -3.774704633965  -2.925908312536  0.102500158139
  6  Si  -0.100964264142  1.832022014897  7.557377510947  5.283598952411  2.724521496950  1.740805447751
  7  Si  2.942403567501  7.154916150626  7.533035154887  0.108227109317  1.147983172784  0.650745292234
  8  Si  -3.184456193920  7.164150566136  7.463526111943  5.470359640861  3.959087056068  2.370325424037
  9  Si  4.709875930423  6.128067895820  0.127891814222  -3.387181867377  -0.845629174807  -1.955700301816
  10  Si  1.668845286789  0.810241366257  0.123494823890  -0.209507159164  -0.965775080853  -2.628626182217
  11  Si  7.797558788913  0.818992751499  0.198105617799  -3.921894963123  -2.737963448979  -1.767863344687
  12  Si  -1.584847819421  4.436722555701  2.467507783065  5.799225446479  3.184390732526  2.669849831605
  13  Si  1.483649615871  4.471618053534  2.505406818897  0.433766097008  -0.613804988116  0.542909044786
  14  Si  -0.045707366794  7.118161695184  2.460730161139  0.270136753836  1.082493497270  0.713021212551
  15  Si  6.065594802058  3.609222041381  5.098606130896  -3.369138207104  -1.890762087301  0.265796178385
  16  Si  2.982180099914  3.596246230360  5.049671816317  0.451231754317  0.138775944968  -0.092050623014
  17  Si  4.529477042185  0.942081296647  5.078282185290  -0.170756712904  -1.065548311827  -0.355843126443
  18  Si  -1.651986918621  4.485592686477  7.460754191116  6.261651524010  3.721527085613  3.308736665376
  19  Si  1.432057764190  4.503910564391  7.538304001694  -0.304607303970  -0.191593799586  -0.071099907766
  20  Si  -0.110524811734  7.149050336429  7.482518419091  0.144820098520  1.402610166699  0.487001183433
  21  Si  6.253194624084  3.479583812776  0.173073475501  -3.283222035201  -1.408704589562  -1.981684006758
  22  Si  3.188077879885  3.467862812200  0.119807902529  -0.197646578096  0.269059973939  -1.950367872522
  23  Si  4.733293978934  0.808399391378  0.154284566212  -0.651084370128  -1.069344945710  -2.927037928582
  24  Si  3.036670723818  1.797690535999  2.531980052332  -0.173958133362  -0.562831462817  0.560554464696
  25  Si  6.093568661056  1.797945844608  2.576940922810  -0.493079862004  -0.633979564230  0.678684707754
  26  Si  4.548164143294  4.464995400977  2.547836418265  -0.359909443759  -0.548165770576  0.721444084045
  27  Si  1.457186248418  6.255584314792  4.998412029136  0.035623796451  0.208822491974  -0.005084296075
  28  Si  -1.601745382387  6.254203866358  4.947234079588  0.404517742780  0.370347477525  0.326374506581
  29  Si  -0.075513569045  3.595992839555  5.001677559458  0.707267034533  -0.033987673845  0.198664603971
  30  Si  2.962215177168  1.840362800655  7.582766654537  0.163048740739  -0.464596752300  -0.194205063825
  31  Si  6.058434951149  1.856730191411  7.615780624284  -1.213785824497  -0.791625810645  0.346228111873
  32  Si  4.483755375503  4.500709661416  7.578448832651  -0.440217406532  -0.172112209271  0.336944560918
  33  Si  1.640843360537  6.125511737384  0.074001645911  -0.407971238107  0.459017635308  -2.258523157754
  34  Si  -1.424867442415  6.117011241934  0.048745788983  0.651414066394  0.840046568525  -2.251608421797
  35  Si  0.120398710751  3.454127201257  0.064127457665  0.396382094206  0.932991542665  -1.332375642999
  36  C  -0.066159846212  1.801397690963  4.387536264796  3.474018465947  1.743452246226  -0.691011321824
  37  C  2.995342621175  7.142498942628  4.401868538243  -0.408994029218  1.089022969070  0.561805680453
  38  C  -3.130079116152  7.128201364970  4.318852852640  3.322394398574  3.044672910317  -0.226174206160
  39  C  4.506544889296  6.262043494042  6.937663807217  -5.342165505139  -2.390343560318  -2.607406259905
  40  C  1.435527995271  0.943044400148  6.944916212169  0.339426649518  -1.110664612711  -0.206887974958
  41  C  7.574573063915  0.963907059156  7.029833699132  -5.275215509165  -4.669367991821  -2.929144068464
  42  C  -0.133280925695  1.864535223910  9.428086668601  3.361645959497  1.031356648770  -0.921775115858
  43  C  2.914109141329  7.162481694293  9.417809976853  -0.045449144814  1.304857918736  0.844720907404
  44  C  -3.207597722212  7.159741676545  9.342522306953  3.255910521702  3.094670169440  0.151241862273
  45  C  4.558620038960  6.230015430577  1.914539763439  -4.865850222315  -2.747182191722  -0.728128543263
  46  C  1.505391926835  0.906141575056  1.892195783930  0.557923875405  -1.334249126561  2.015235457260
  47  C  7.656646633800  0.930233058680  1.998702142310  -5.711520176876  -4.933305700126  -1.372118636976
  48  C  -1.603753042230  4.454034036827  4.348033622363  3.454344592628  1.995544166477  -0.639456428500
  49  C  1.472105907990  4.457383739129  4.398020156554  -0.218817284917  0.394388351339  -0.223045924698
  50  C  -0.069148765741  7.128494547494  4.351950946490  0.313145234491  1.371186971084  0.542852706787
  51  C  6.038180012107  3.616483992082  6.981585702662  -6.245467095438  -3.643784160513  -2.678421656666
  52  C  2.961489933268  3.620260636041  6.931920427643  0.215365791223  -0.203825586929  0.116985478810
  53  C  4.530860848382  0.966405645277  6.981418712069  -0.506588250161  -1.356712153684  -0.468003027224
  54  C  -1.664529474270  4.506449238466  9.390837371794  3.141265518273  1.674464535823  -1.152087902302
  55  C  1.408207481123  4.508012887018  9.411866562555  -0.178757011408  0.006463945496  0.081104985579
  56  C  -0.141560566640  7.188482974060  9.371053248744  0.132529028913  0.919449016331  0.796437168509
  57  C  6.097363595593  3.572476816281  1.945068053105  -5.349198904308  -3.398994501091  -0.513251506070
  58  C  3.040193093227  3.560915011861  1.908939996983  0.076827090795  0.275332515866  1.587316375149
  59  C  4.570199075037  0.901437704823  1.926994689540  0.273065096266  -1.282350608944  1.940517319444
  60  C  3.001358834072  1.835430428237  4.428063498287  -0.059366735831  -0.839948725298  -0.133587309040
  61  C  6.076692519893  1.830569909531  4.468953503014  -0.658037667627  -0.664546277896  0.071379755834
  62  C  4.547209433767  4.471202517880  4.435827203723  -0.944428518230  -0.057140749883  0.137120404616
  63  C  1.446893443090  6.264964782353  6.894326587643  -0.320998324932  0.439563022922  -0.350329002746
  64  C  -1.645960043042  6.243688582868  6.851627006874  0.683831452653  1.057593973239  -0.202808048264
  65  C  -0.100606306142  3.598544250395  6.894867970913  0.567498096435  0.309055556714  0.072856110759
  66  C  2.931464666327  1.853821903103  9.470222160545  0.256475257383  -0.104140507622  -0.439280784111
  67  C  6.005054101652  1.879351098964  9.507502697196  -0.453372564855  -0.666987528785  -0.108708983183
  68  C  4.475274215777  4.533894243903  9.470544515383  -0.752481099038  -0.664871000620  -0.085466660947
  69  C  1.491996876877  6.213572489221  1.860372075038  0.507834268880  0.810489965995  1.739724410356
  70  C  -1.570737382920  6.210154285836  1.839616670474  0.734962469488  0.400197722523  1.570287876108
  71  C  -0.013628387347  3.566785335648  1.872053316020  0.227328030791  0.062022178680  1.412019529608


MDSTEP:  1
LATTICE_CONSTANT: 1.889726125458
LATTICE_VECTORS
  8.950887897101  0.000000000000  0.000000000000
  -4.515595524399  8.136696629119  0.000000000000
  -0.258521378894  0.170597749096  9.958809422474
VIRIAL (KBAR)
  279.924420952616  75.917509188286  37.640908509001
  75.917509188286  17.182980253623  -15.068485892245
  37.640908509001  -15.068485892245  167.187054998137
INDEX    LABEL    POSITIONS    FORCE (eV/Angstrom)
  0  Si  -0.023470224554  1.805976642475  2.505537688262  5.356230269364  2.449059686728  2.533805296162
  1  Si  3.022578750234  7.130257101394  2.507502004930  -0.444488410540  0.942253433788  0.894747786043
  2  Si  -3.105202360324  7.103602315926  2.417908014870  5.265704248270  4.354033407980  3.072488509931
  3  Si  4.517828125480  6.266871386394  5.030785776040  -2.879688785621  -1.455961349768  0.672365773813
  4  Si  1.458755523874  0.931157230014  5.051861260412  0.606585351421  -0.908772897218  -0.585586836920
  5  Si  7.606319020864  0.949235182362  5.127388769095  -3.766520682193  -2.920544720329  0.085969408602
  6  Si  -0.100058434680  1.832502224905  7.557397186730  5.158788762043  2.646484747484  1.687012258278
  7  Si  2.943226391234  7.155932759937  7.533196247468  0.076144758688  1.132705925415  0.642617420321
  8  Si  -3.182981121688  7.165079535824  7.463459598711  5.346927027045  3.880432475334  2.329017525824
  9  Si  4.709042181316  6.128237209790  0.127796859107  -3.321099660915  -0.829860162448  -1.987175665643
  10  Si  1.668721416812  0.811012479958  0.122951932676  -0.203536527442  -0.978358260642  -2.590772161099
  11  Si  7.796773695040  0.817763812843  0.197772713460  -3.868630483932  -2.693889652289  -1.787149593466
  12  Si  -1.583615746735  4.436585615060  2.467785178016  5.639463859368  3.086686072815  2.598731149792
  13  Si  1.483788649583  4.472220562928  2.505691551928  0.433897490161  -0.607527448036  0.524813501795
  14  Si  -0.046191708333  7.117814524145  2.460352715939  0.273090436778  1.101833484580  0.743004884499
  15  Si  6.064509861075  3.608274134030  5.098816234366  -3.284934971455  -1.833936589340  0.195077114678
  16  Si  2.981985044383  3.597464144293  5.050188769676  0.455166547901  0.118853660389  -0.123732439994
  17  Si  4.529371078580  0.942355560894  5.078826427872  -0.173236571954  -1.075793948329  -0.361862352012
  18  Si  -1.650909992745  4.486095481122  7.460910742550  6.073247479681  3.592499641674  3.232627445026
  19  Si  1.432409510559  4.504427953233  7.537565005439  -0.313296301211  -0.191590085356  -0.057391802455
  20  Si  -0.110906208388  7.148508628033  7.482012563937  0.167084576090  1.421993872760  0.504838626039
  21  Si  6.253026415768  3.479469518881  0.172288462032  -3.288025232882  -1.405728408694  -1.949696505752
  22  Si  3.187669136714  3.467500049305  0.119054051874  -0.201874853051  0.262035894259  -1.900143917382
  23  Si  4.734052440786  0.808512429206  0.153475425761  -0.681040051181  -1.074631703791  -2.872167427945
  24  Si  3.036880669735  1.798233025331  2.532006185489  -0.155808363355  -0.570835245962  0.571301017092
  25  Si  6.093162057721  1.798275138990  2.577543850273  -0.502320195350  -0.665580741537  0.668445016094
  26  Si  4.548117234109  4.464714256148  2.547988900475  -0.368911454896  -0.548520749942  0.724754042327
  27  Si  1.456593723112  6.256639043870  4.997986896922  0.055545014953  0.203376856771  -0.001489001633
  28  Si  -1.601876140702  6.253665211188  4.947855539952  0.418829664403  0.401431567834  0.311918115018
  29  Si  -0.075479688020  3.596590095862  5.001055317254  0.728456009033  -0.031251217033  0.192239875958
  30  Si  2.962457932243  1.839669179010  7.582987345037  0.148521197218  -0.446174580803  -0.218965444364
  31  Si  6.056899936286  1.857001696945  7.616633722437  -1.176245045750  -0.816662348863  0.327901317190
  32  Si  4.483751305561  4.499932659875  7.579344889872  -0.462586960964  -0.158718048441  0.297422845605
  33  Si  1.640789008677  6.124814552183  0.073246417500  -0.418911051531  0.466080974473  -2.178458586832
  34  Si  -1.424051895522  6.117053675351  0.047754947236  0.641619271553  0.849358912124  -2.185271292611
  35  Si  0.120480655545  3.454714197920  0.063411584084  0.385007864909  0.916852210217  -1.307821769038
  36  C  -0.065958977955  1.802113011979  4.386549923072  3.455026418902  1.728413570871  -0.651489176571
  37  C  2.995429695120  7.143317377312  4.401091004490  -0.396622678522  1.072341179576  0.588874980519
  38  C  -3.129385488367  7.128829824553  4.318685751331  3.282600532594  3.020850261143  -0.192681429013
  39  C  4.504985652904  6.261805957372  6.937023295506  -5.213336747175  -2.333985270620  -2.540078788606
  40  C  1.434822392325  0.942468516237  6.944903159743  0.363546827541  -1.098882100974  -0.209805303744
  41  C  7.572994507968  0.962450027967  7.029004964109  -5.160700750848  -4.569056311469  -2.863013243654
  42  C  -0.132258841304  1.865257972145  9.427168814265  3.290768676314  0.991462255647  -0.876120747134
  43  C  2.913181991351  7.162391015568  9.418505699987  -0.019481898306  1.311879988879  0.819042646117
  44  C  -3.205178719741  7.160650510955  9.342144753417  3.158738749286  3.051271627079  0.186829607466
  45  C  4.556984158242  6.228155891176  1.914093974737  -4.712115518547  -2.631641299080  -0.674621272328
  46  C  1.506484041249  0.905396728536  1.893522979638  0.543355174419  -1.327413032018  1.960149112544
  47  C  7.654011030782  0.928985074813  1.997728686294  -5.515594054451  -4.814769980338  -1.300416217505
  48  C  -1.601845719370  4.455629619408  4.347288143959  3.342793937407  1.912976406375  -0.575969217070
  49  C  1.472723474567  4.458222758997  4.396427224747  -0.232828968087  0.387888646953  -0.180307139664
  50  C  -0.069336987348  7.129100535688  4.352895390004  0.300865309086  1.371410086512  0.530241222361
  51  C  6.035824795740  3.614359353156  6.979435894866  -6.041614393579  -3.488469381544  -2.569652850949
  52  C  2.960603682721  3.620531627050  6.930640876780  0.229918796123  -0.215166001736  0.156706698143
  53  C  4.531208991673  0.966478454198  6.981861855906  -0.532147417702  -1.367717448370  -0.468706949699
  54  C  -1.664707495485  4.507114720795  9.390120766269  3.132961564848  1.655820667211  -1.143687442834
  55  C  1.407664334335  4.507183213525  9.412688334287  -0.166409120563  0.025250027277  0.042674496417
  56  C  -0.141239116217  7.188155070262  9.371277239301  0.137917278599  0.923912572227  0.779182870942
  57  C  6.094539309229  3.570184742102  1.945056986456  -5.160955664495  -3.262189103912  -0.475219135993
  58  C  3.040010777122  3.561334938464  1.909933747776  0.072986883385  0.266290827937  1.539809965948
  59  C  4.570447064533  0.900990925622  1.927784583647  0.256090958604  -1.279010755939  1.895460615602
  60  C  3.001877689225  1.835393815836  4.428440163894  -0.070684979489  -0.816134683936  -0.130396967180
  61  C  6.075775860761  1.830322344792  4.468672490086  -0.635918120430  -0.657191818745  0.079958303116
  62  C  4.547417860342  4.472395479971  4.435879463272  -0.943431087728  -0.089395764012  0.133582761616
  63  C  1.446515319843  6.265797684604  6.894638008386  -0.306841601724  0.428379593986  -0.355079040479
  64  C  -1.645539732159  6.244218584425  6.852415425740  0.670148516828  1.036232858868  -0.220870910683
  65  C  -0.100441560324  3.598225246297  6.894022271086  0.567500977815  0.321237157855  0.080823239990
  66  C  2.930934850257  1.853658861918  9.469415804360  0.275764909014  -0.102641339641  -0.421478745285
  67  C  6.004661653696  1.879376177006  9.507816018492  -0.436532366193  -0.662154601770  -0.129353697867
  68  C  4.473991892249  4.532397711319  9.469738673147  -0.728490149011  -0.625865205507  -0.071371968397
  69  C  1.491507075177  6.214898584576  1.862562416869  0.516545315454  0.775719766358  1.648530102591
  70  C  -1.570758581074  6.209502134959  1.840974026219  0.731767007658  0.401186641909  1.501686311266
  71  C  -0.013160238717  3.566919178437  1.871777931496  0.225253458322  0.047525297147  1.403353177078


MDSTEP:  2
LATTICE_CONSTANT: 1.889726125458
LATTICE_VECTORS
  8.950887897101  0.000000000000  0.000000000000
  -4.515595524399  8.136696629119  0.000000000000
  -0.258521378894  0.170597749096  9.958809422474
VIRIAL (KBAR)
  276.741414886862  73.555646428912  36.551706458104
  73.555646428912  15.802563498977  -15.843140640868
  36.551706458104  -15.843140640868  167.051581397149
INDEX    LABEL    POSITIONS    FORCE (eV/Angstrom)
  0  Si  -0.019603381323  1.805166499748  2.504603341746  5.113614192047  2.366415231232  2.509122292198
  1  Si  3.022444266172  7.132312449940  2.508734040691  -0.451575247950  0.932681584149  0.883968097133
  2  Si  -3.101265780296  7.103472135701  2.418408317192  5.126363166791  4.269756666246  2.999289797650
  3  Si  4.517923556993  6.268313220536  5.031266265021  -2.782306983028  -1.367137171093  0.540242195516
  4  Si  1.460221803116  0.933121633918  5.050255214422  0.582888601614  -0.944321146957  -0.542679769286
  5  Si  7.607270549235  0.948502634157  5.129699838098  -3.724249813491  -2.860327468173  -0.030802829582
  6  Si  -0.098315589236  1.833688139007  7.560288342703  4.915409994944  2.502314239539  1.532439587214
  7  Si  2.944829893421  7.157975532546  7.533914453057  0.016153719793  1.073149124698  0.599156351103
  8  Si  -3.180316689789  7.169019919792  7.466554061398  5.037431317781  3.658086084033  2.194073789095
  9  Si  4.706977607993  6.129922488074  0.127583493484  -3.235759059635  -0.861080016116  -1.925788166456
  10  Si  1.669376722414  0.812041453885  0.123511705852  -0.254798673938  -1.015326194990  -2.564755467720
  11  Si  7.796997052445  0.815589626155  0.197708195716  -3.853112401477  -2.658477531944  -1.724943533852
  12  Si  -1.581833275120  4.435892877878  2.470233434322  5.444334313377  2.958110905826  2.514786863703
  13  Si  1.485859533609  4.473975442722  2.506737331968  0.345573729182  -0.632545222907  0.497225124260
  14  Si  -0.046558582783  7.118782525506  2.461118052170  0.261584986702  1.082936599000  0.771958375562
  15  Si  6.064147780699  3.607847052650  5.097032115247  -3.323742254574  -1.879027953853  0.226311459821
  16  Si  2.982557386898  3.595046483124  5.051203859118  0.446835069510  0.254538824164  -0.161590192190
  17  Si  4.529407109234  0.943736837878  5.078781329810  -0.229964175877  -1.123281418159  -0.373675279526
  18  Si  -1.650862576652  4.487276034132  7.462075780420  5.798912806226  3.426672023845  3.105196318899
  19  Si  1.429925168870  4.506016887157  7.536938127455  -0.218301871446  -0.220417357461  -0.088893467721
  20  Si  -0.110124180188  7.148745121122  7.480311911701  0.190241717552  1.383869668056  0.521067632659
  21  Si  6.251439263098  3.477654957333  0.171127865912  -3.116238052309  -1.297202707826  -1.990635691463
  22  Si  3.185059661972  3.468735506056  0.118789332875  -0.163297146104  0.234841751389  -1.942961102119
  23  Si  4.735465832684  0.808578483977  0.152208351721  -0.702885333570  -1.094394458541  -2.830888954933
  24  Si  3.036707972128  1.800643477283  2.529879561888  -0.162499702901  -0.680876524110  0.620364921383
  25  Si  6.090748382648  1.798787478231  2.578285575959  -0.454901688485  -0.675329044147  0.638234649998
  26  Si  4.546530267124  4.463050769109  2.548923491163  -0.323973945410  -0.480263213473  0.691046021293
  27  Si  1.458842187581  6.257961428012  4.997790838640  0.008379101983  0.195998665460  0.045344105122
  28  Si  -1.602055665235  6.255648618218  4.950345524620  0.406632602779  0.382489550165  0.293861038132
  29  Si  -0.072866350511  3.598680159512  5.002526927752  0.671755202192  -0.054720766571  0.183868352038
  30  Si  2.961632860336  1.839709310413  7.581433644844  0.161347804080  -0.432034113489  -0.192715626671
  31  Si  6.056377669603  1.859089000908  7.616568282637  -1.234202491559  -0.876600838130  0.315185327252
  32  Si  4.485615444154  4.502337890824  7.577782401101  -0.558999732383  -0.149397103975  0.343556759329
  33  Si  1.640424209046  6.126449779262  0.073900601199  -0.470734325396  0.444126556688  -2.210396861847
  34  Si  -1.421700688423  6.116069393238  0.048381338077  0.546493978576  0.836564649970  -2.252750081744
  35  Si  0.123052825204  3.454144011810  0.062448404783  0.321108238365  0.951998579976  -1.304276615878
  36  C  -0.062694248420  1.803939736603  4.387009949862  3.327150530277  1.690430006276  -0.612481945768
  37  C  2.992624030817  7.144001394312  4.400437976571  -0.292434063432  1.079829747294  0.607674567585
  38  C  -3.125509903894  7.134609270347  4.316202197872  3.129307857630  2.896823929280  -0.075048718193
  39  C  4.501655345857  6.262872584976  6.931841760214  -4.874796049021  -2.130680731639  -2.330178873774
  40  C  1.434096627439  0.939162916564  6.945914027081  0.371147031201  -1.004506712809  -0.243493355645
  41  C  7.569594996864  0.960200831920  7.027480571624  -4.892137121891  -4.355452316393  -2.714972691456
  42  C  -0.133166268714  1.866544404769  9.426977104778  3.305963519017  0.942093850758  -0.838258057442
  43  C  2.911094623419  7.159572359228  9.417906653479  0.020109285952  1.371232931414  0.811500142064
  44  C  -3.206592965724  7.166512105610  9.343111263556  3.156232189384  2.944692329523  0.243025992829
  45  C  4.555377750931  6.229158593600  1.917039647983  -4.611119822112  -2.597231947035  -0.709560861250
  46  C  1.504288875885  0.903911688243  1.894998740408  0.644296226047  -1.315363739172  1.894578275852
  47  C  7.651956759851  0.926236280779  2.000432528494  -5.357075348545  -4.675879066717  -1.298380206917
  48  C  -1.601934777593  4.455499200727  4.349901994045  3.383558775937  1.936485445116  -0.609379232212
  49  C  1.471458041243  4.461749551121  4.398275728082  -0.149779716916  0.329759675347  -0.221521701533
  50  C  -0.069290051155  7.128374872891  4.356916542729  0.304448975571  1.395574982838  0.451516759120
  51  C  6.027931456436  3.614500551427  6.978363320200  -5.637228651886  -3.316688143571  -2.497092423791
  52  C  2.962548519727  3.623776088125  6.928223670322  0.155677010485  -0.287345506619  0.247099621220
  53  C  4.529029019822  0.962700623994  6.979094471043  -0.479533459935  -1.289117029774  -0.385453518500
  54  C  -1.661175527532  4.505838757155  9.386196930011  2.982320597367  1.621244420902  -1.018739926309
  55  C  1.405337601781  4.510800990537  9.408809510419  -0.096917086008  -0.039090275046  0.144468102986
  56  C  -0.143858499853  7.185838382730  9.371596058661  0.216019553107  0.983947345481  0.735525570229
  57  C  6.091589180576  3.570906494895  1.941462361438  -4.978199530964  -3.179799361895  -0.316921456308
  58  C  3.040988869084  3.558092075744  1.910315403976  0.013278384598  0.368179797748  1.508013782080
  59  C  4.570624055540  0.899453030852  1.927642414735  0.217655848875  -1.253756467999  1.883638302929
  60  C  2.999760803881  1.838057721919  4.428868002203  -0.000511546731  -0.864090902176  -0.176483262549
  61  C  6.072775405282  1.826049144771  4.468188099598  -0.546564357619  -0.551592024294  0.098850289566
  62  C  4.549186744079  4.474363256470  4.434830735001  -0.991218860251  -0.128230165937  0.145666825473
  63  C  1.450277210725  6.262404179749  6.894542322015  -0.375956371616  0.545137136169  -0.353015133599
  64  C  -1.647408607231  6.246353329604  6.853846173363  0.699945357363  0.997025642937  -0.224578214963
  65  C  -0.101373276400  3.601617295488  6.895268145108  0.564846482687  0.233285340999  0.056303051491
  66  C  2.929880396057  1.849955512560  9.471224022382  0.313907178882  0.014323038001  -0.482223368461
  67  C  6.006752622059  1.880443791860  9.509176475883  -0.472898285059  -0.722905425275  -0.184633845710
  68  C  4.476660171007  4.530389218553  9.471713651800  -0.810890007085  -0.547209994203  -0.145631311632
  69  C  1.490295495387  6.218011986829  1.861383829344  0.552692427314  0.712756726007  1.697468924850
  70  C  -1.569437357892  6.206229848192  1.838972270874  0.732041441290  0.448568358256  1.579381243827
  71  C  -0.015738034671  3.564897895357  1.869976631655  0.343143962125  0.095758653685  1.444791235536


MDSTEP:  3
LATTICE_CONSTANT: 1.889726125458
LATTICE_VECTORS
  8.950887897101  0.000000000000  0.000000000000
  -4.515595524399  8.136696629119  0.000000000000
  -0.258521378894  0.170597749096  9.958809422474
VIRIAL (KBAR)
  275.245932867204  72.026251986198  35.631625610904
  72.026251986198  14.776588277641  -16.187305107550
  35.631625610904  -16.187305107550  165.630270771995
INDEX    LABEL    POSITIONS    FORCE (eV/Angstrom)
  0  Si  -0.017227159809  1.802907546698  2.508173083946  4.944810292863  2.438645155480  2.419052259605
  1  Si  3.025385760117  7.129546830582  2.511993378984  -0.545991702300  0.941251604904  0.815483055005
  2  Si  -3.099719762151  7.103249718329  2.420043520033  4.899786504233  4.149656398883  2.891258777175
  3  Si  4.514665827686  6.268431486227  5.031287507720  -2.635644203189  -1.318073369813  0.447023039004
  4  Si  1.462615398230  0.935758762209  5.050253133529  0.533129728686  -1.045095939874  -0.549787283642
  5  Si  7.606562804825  0.949114493910  5.127779399374  -3.637511309586  -2.852068018502  -0.051481520985
  6  Si  -0.098266128138  1.835476335286  7.561080160152  4.830281114390  2.373886243381  1.488831993079
  7  Si  2.941475735915  7.161343643175  7.533060600765  0.071508888423  1.006713614089  0.518278389285
  8  Si  -3.180631641342  7.170433934524  7.466619589840  4.953799668591  3.576454759564  2.075193407212
  9  Si  4.704525620845  6.130877157015  0.127930703977  -3.136951717694  -0.830722001197  -1.997592771454
  10  Si  1.668895341849  0.810087141932  0.124042915719  -0.320732652455  -0.969013471062  -2.492631271419
  11  Si  7.794511777753  0.812692002060  0.198917324487  -3.737535199224  -2.585814892162  -1.721567311808
  12  Si  -1.581644227323  4.438185130860  2.467734386900  5.323559736686  2.847332175569  2.542061455663
  13  Si  1.488377164560  4.476207703634  2.507608542032  0.241265251504  -0.671645107399  0.403734237969
  14  Si  -0.047709605346  7.120322037457  2.461569749950  0.316297777753  1.131752279308  0.815774006409
  15  Si  6.065424827403  3.605465257831  5.095415431575  -3.456642766844  -1.779093765170  0.248145179848
  16  Si  2.979744505256  3.595233898150  5.053857889338  0.456775474014  0.239248943730  -0.265164457209
  17  Si  4.530102510461  0.943566642831  5.080886488578  -0.265389576375  -1.103272222948  -0.466811541110
  18  Si  -1.645680218662  4.490098859218  7.462057941898  5.342039272553  3.175085726610  3.030125671543
  19  Si  1.428876646223  4.502770970307  7.533598015365  -0.169462068161  -0.051614205661  0.046830052078
  20  Si  -0.113498982431  7.149131950893  7.479051294043  0.236948439991  1.397315292672  0.547782744806
  21  Si  6.251816296743  3.479434606936  0.170495491415  -3.170443493830  -1.418502384112  -1.907196776137
  22  Si  3.184777455418  3.465884703596  0.115973895540  -0.179807512088  0.328911796646  -1.748736628620
  23  Si  4.735110699886  0.811145379469  0.148061995915  -0.685538653087  -1.112541796460  -2.615551025768
  24  Si  3.033763433692  1.798636102981  2.531561790338  -0.144410791258  -0.581982033296  0.573709904471
  25  Si  6.091365327276  1.795725475637  2.581713126980  -0.531687677629  -0.610219766544  0.587657469009
  26  Si  4.548973202646  4.460564833620  2.548993710914  -0.408276786965  -0.506257672539  0.697276237892
  27  Si  1.460633402791  6.259957668611  4.994379491096  -0.133107063372  0.173920490188  0.089296938706
  28  Si  -1.601369540615  6.257423641220  4.952140599046  0.339299233538  0.320623725793  0.175724331212
  29  Si  -0.069698320598  3.595856011089  5.004589464803  0.563305823823  0.041852615330  0.117173626545
  30  Si  2.964791411577  1.836790821133  7.579802769249  0.051432618940  -0.367062794954  -0.118751181185
  31  Si  6.054141710959  1.860940834030  7.613861751695  -1.143154883773  -0.951285028966  0.323981365051
  32  Si  4.487138395902  4.500738003155  7.575629578763  -0.534789583960  -0.057122243064  0.429443682212
  33  Si  1.643304989151  6.128415579941  0.070337803413  -0.551086888988  0.417685172884  -1.983192496648
  34  Si  -1.418168810585  6.118756746220  0.046505972302  0.494717816992  0.795548412808  -2.130525581354
  35  Si  0.124500932784  3.454168803282  0.061544332707  0.291782522188  0.932937649581  -1.160246927823
  36  C  -0.058384370687  1.803426809073  4.387586058490  3.227436362018  1.656963233086  -0.545618062061
  37  C  2.988456172475  7.140418142344  4.399629371369  -0.173155040786  1.178768289407  0.607519553416
  38  C  -3.126854860829  7.138635631651  4.312044038787  3.063042762719  2.766139940853  0.092308144319
  39  C  4.501785625148  6.262037341307  6.926896707061  -4.849279991797  -2.058031024990  -2.192995715214
  40  C  1.436183886058  0.938663002714  6.943723846831  0.338558570141  -0.955412555988  -0.195090805157
  41  C  7.570376065075  0.959552792550  7.021282810972  -4.849847326186  -4.251866800433  -2.594229275636
  42  C  -0.135418295306  1.867459948293  9.425233395749  3.299217020032  0.853763712177  -0.757902492829
  43  C  2.908045038907  7.160170601101  9.414946436284  0.129982190509  1.390149892435  0.838563696396
  44  C  -3.206095663866  7.168173524342  9.338049810815  3.084408103271  2.855268440691  0.415165505955
  45  C  4.553265668844  6.223099372127  1.916065213387  -4.350675770916  -2.362216189103  -0.629528872677
  46  C  1.500386788826  0.905833798273  1.899559811729  0.718217684807  -1.401497822589  1.700462803154
  47  C  7.649616290757  0.926840364300  2.003292429683  -5.230527614199  -4.683177265496  -1.311920492392
  48  C  -1.603865029602  4.452241848274  4.349700251899  3.504384252504  2.046805620788  -0.612825462893
  49  C  1.467906004601  4.466562187095  4.393947458483  -0.067397529846  0.219804477456  -0.055006839284
  50  C  -0.070235961642  7.130518355476  4.358750387858  0.335725558418  1.398003900163  0.429266713795
  51  C  6.025532416373  3.612255152175  6.975364809271  -5.264760219159  -3.056844869062  -2.340362671546
  52  C  2.966100604653  3.624370894841  6.932902785856  0.049444258046  -0.339720643529  0.147768048836
  53  C  4.525686061183  0.964739405961  6.977447728147  -0.400286141107  -1.330955102559  -0.349421103657
  54  C  -1.660035210340  4.502862887040  9.388651833276  3.023380494952  1.770708966795  -1.113533614556
  55  C  1.404062111454  4.513397869966  9.413540425559  -0.053391521710  -0.081657621212  -0.035508806613
  56  C  -0.139972600830  7.190151865013  9.374466081897  0.142147502219  0.958408546627  0.614484652227
  57  C  6.089027223516  3.568523673629  1.942532753740  -4.807150484561  -3.114835045822  -0.316180324460
  58  C  3.041025058511  3.559225526735  1.913353278881  0.007454834907  0.296803418876  1.382982088460
  59  C  4.565797755422  0.901166295138  1.930215325023  0.317162412730  -1.284591743300  1.731616550448
  60  C  2.995923372859  1.833579086673  4.425493964373  0.113767725806  -0.717686804804  -0.046577563193
  61  C  6.075284908550  1.829265373663  4.470768604217  -0.618350242559  -0.660316143618  0.062345599253
  62  C  4.545032030790  4.476032159341  4.432960037010  -0.903232005579  -0.201614547123  0.215781025339
  63  C  1.445782916763  6.266970701835  6.890030924157  -0.307763873596  0.421859623512  -0.272495811169
  64  C  -1.647061282476  6.244713009944  6.850474166266  0.661395708736  1.064913916421  -0.125145696551
  65  C  -0.103175657161  3.603480265645  6.900064497097  0.649481369175  0.161302370498  -0.067236166081
  66  C  2.927176852586  1.850040513448  9.473796398084  0.359179729211  -0.015526576536  -0.594045843494
  67  C  6.011010646229  1.876059194891  9.506844998319  -0.590187359443  -0.591343019943  -0.173339538648
  68  C  4.476657217417  4.531485725981  9.475565638862  -0.810482480408  -0.572483156780  -0.288694077042
  69  C  1.487899949774  6.220433934311  1.864122364383  0.636450467953  0.706276643445  1.546759345049
  70  C  -1.565314617222  6.209916995272  1.843145884718  0.622582726117  0.401242848777  1.382755241884
  71  C  -0.020474409901  3.565935746086  1.872387011032  0.490492233194  0.055157747186  1.375279218008


MDSTEP:  4
LATTICE_CONSTANT: 1.889726125458
LATTICE_VECTORS
  8.950887897101  0.000000000000  0.000000000000
  -4.515595524399  8.136696629119  0.000000000000
  -0.258521378894  0.170597749096  9.958809422474
VIRIAL (KBAR)
  272.409874734487  70.499632466110  35.498757735458
  70.499632466110  14.460354795657  -16.538412832818
  35.498757735458  -16.538412832818  165.052133354134
INDEX    LABEL    POSITIONS    FORCE (eV/Angstrom)
  0  Si  -0.013338672422  1.806023616151  2.507213358140  4.717032313409  2.257101465313  2.288553370204
  1  Si  3.021684482543  7.133024946622  2.509556544579  -0.353191296420  0.889598988767  0.883690913211
  2  Si  -3.100701438640  7.103511293315  2.420563956134  4.855933582811  4.114395128987  2.907242917190
  3  Si  4.512753439507  6.269203364104  5.028126058554  -2.528551176868  -1.265648607533  0.451336930839
  4  Si  1.461351646931  0.938466733030  5.050957530748  0.521627726053  -1.081444366006  -0.538653178546
  5  Si  7.602027085839  0.950673268935  5.129834826409  -3.417133758992  -2.858244040526  -0.237054397342
  6  Si  -0.097447042725  1.835186048845  7.560713636869  4.643018025494  2.279476844582  1.495653098516
  7  Si  2.939609066529  7.162516723958  7.529654230980  0.186888047293  0.921451484384  0.569345639756
  8  Si  -3.175596205643  7.171099747210  7.470497421404  4.672491824961  3.490284472465  1.985481417800
  9  Si  4.704899493602  6.130265103105  0.127008987779  -3.104107759089  -0.834681536140  -1.990940945488
  10  Si  1.667061967445  0.807466395836  0.121078516115  -0.276793935311  -0.931222345088  -2.471327872956
  11  Si  7.793864679440  0.810152998497  0.195221679563  -3.811902545975  -2.620527387100  -1.612324238907
  12  Si  -1.577744508768  4.438998579228  2.468490365713  4.975939326252  2.730268177149  2.518737945199
  13  Si  1.485907132936  4.478956191016  2.504703708896  0.281916033690  -0.675979120557  0.579325829755
  14  Si  -0.049317988603  7.118092276659  2.457722588767  0.334277253602  1.141051641836  0.963869063121
  15  Si  6.067564429732  3.603100315773  5.098062752112  -3.488083852850  -1.696623671613  0.130893492443
  16  Si  2.981150771232  3.596872901609  5.051072141323  0.413197739164  0.227746810234  -0.305086295446
  17  Si  4.526231777305  0.947004084602  5.083009586192  -0.143945877006  -1.193500455560  -0.551649639417
  18  Si  -1.647058064022  4.494188796672  7.460668640302  5.278179984459  2.977828410690  2.952634427075
  19  Si  1.432921138045  4.503053053904  7.535008042938  -0.215643583644  -0.098120938652  0.001102453343
  20  Si  -0.113701211912  7.152339516540  7.482496472231  0.296963937713  1.327669345803  0.492343742132
  21  Si  6.252486297989  3.478160833944  0.167295720315  -3.189031315650  -1.398122582347  -1.792971821744
  22  Si  3.187521570155  3.463131180271  0.116814712031  -0.320636472957  0.457838502682  -1.757936845061
  23  Si  4.733412838767  0.809494624919  0.147433356051  -0.745313114572  -1.088032296802  -2.625450465525
  24  Si  3.033358834495  1.799601468150  2.533561135009  -0.043782575954  -0.602409101734  0.429963711191
  25  Si  6.090851155908  1.795857368451  2.577812630179  -0.446872205568  -0.650957862998  0.570688709474
  26  Si  4.546912605835  4.457830890477  2.550838577337  -0.372103675845  -0.390308468590  0.568470443292
  27  Si  1.460123582152  6.257828733379  4.995681061960  -0.148973196337  0.335237492032  0.071588116339
  28  Si  -1.603584491780  6.256282910995  4.952320113378  0.394063710632  0.472238243407  0.227180883019
  29  Si  -0.070115714037  3.594571326007  5.000897785856  0.570768070465  0.127494719983  0.242067418383
  30  Si  2.961441210874  1.839232915666  7.582908454635  0.060118837981  -0.475634786006  -0.238493195361
  31  Si  6.057788995766  1.860790525196  7.612182192401  -1.262230037596  -0.996294342581  0.391641812868
  32  Si  4.484299230226  4.499549874757  7.575270624546  -0.600071568125  0.067663869788  0.448146342403
  33  Si  1.646052708615  6.130079117999  0.072032344632  -0.594377135220  0.385866417165  -1.909290001708
  34  Si  -1.418942776089  6.116044217041  0.045164307291  0.523286110653  0.814496322788  -2.085945579557
  35  Si  0.121308603756  3.455322856136  0.065028430277  0.457211711740  0.867493658984  -1.229833757452
  36  C  -0.060752375302  1.809443308122  4.382823016953  3.164110351259  1.476717366865  -0.396529817660
  37  C  2.992158510866  7.138993538083  4.398793148263  -0.325021815310  1.215878956123  0.586504429338
  38  C  -3.124956789018  7.141268259907  4.315228474210  2.985680992640  2.755275618529  0.007919765255
  39  C  4.503857162207  6.266207804500  6.919911586004  -4.797885636536  -2.105557505861  -2.005043882771
  40  C  1.430368894715  0.932221954424  6.948618098614  0.498399918818  -0.818603545820  -0.275622514119
  41  C  7.571551908150  0.950294125029  7.018172411022  -4.764824279453  -3.968947802826  -2.446940338422
  42  C  -0.136782033543  1.864589431502  9.428158625981  3.324467426313  0.963306859386  -0.856157886024
  43  C  2.909708241963  7.155874819065  9.415131177472  0.120164758640  1.481089746623  0.750368202978
  44  C  -3.204773423908  7.169958592346  9.339675968707  3.060808626217  2.799254956458  0.400136438100
  45  C  4.554030192976  6.222005694531  1.911779464788  -4.381231648558  -2.314380739942  -0.498509026923
  46  C  1.504813081932  0.906898548174  1.895483907480  0.656576295286  -1.385362788246  1.777019990902
  47  C  7.651286473741  0.922763048577  2.000772441575  -5.062438560555  -4.484523053631  -1.234898018389
  48  C  -1.602849578893  4.459355587842  4.354499723026  3.421808527494  1.871792495643  -0.658860681399
  49  C  1.462815196831  4.471827979215  4.398671420721  0.052846810381  0.077475365428  -0.212314637930
  50  C  -0.073879105659  7.136990949363  4.364537115701  0.401886377532  1.302749224272  0.316459112101
  51  C  6.016094027040  3.613873590978  6.979430865260  -4.870048683759  -2.991339212150  -2.339362193516
  52  C  2.966252021999  3.617810692552  6.929063920720  0.044221711278  -0.209382904553  0.196301609211
  53  C  4.522662962263  0.965289028533  6.974144270998  -0.343969298374  -1.287557520311  -0.220550590870
  54  C  -1.654449632389  4.498401308000  9.390573272110  2.875462535520  1.854839327934  -1.195371619150
  55  C  1.402121444699  4.518055028676  9.410784454371  0.004674909016  -0.204258248814  0.088540206442
  56  C  -0.139188929643  7.193146556676  9.380770142115  0.126806067564  0.934494029482  0.531826708388
  57  C  6.086740491934  3.567770899664  1.941426615641  -4.589113652390  -3.000243299465  -0.253479107009
  58  C  3.034792518820  3.565761003512  1.912734312586  0.096645498656  0.111219808517  1.408929962417
  59  C  4.571453067870  0.895047455257  1.928618337509  0.134612665390  -1.164396677327  1.765550321893
  60  C  2.999836143076  1.830350114286  4.421470804021  -0.022708425713  -0.559757466268  0.055672320690
  61  C  6.077704154306  1.827220622375  4.464559664081  -0.724543523943  -0.587395718334  0.203007926073
  62  C  4.546821212107  4.480814888250  4.426934353912  -0.900076328993  -0.339611751260  0.367989118818
  63  C  1.450440177136  6.263205422624  6.891579096713  -0.456829016634  0.506588134815  -0.284653264721
  64  C  -1.650995557063  6.250968478490  6.852604007041  0.804754610705  0.936089386524  -0.117755001741
  65  C  -0.097956250609  3.600764775999  6.900616308491  0.471969516855  0.226636524369  -0.101217576243
  66  C  2.923088307570  1.854199762262  9.469802510962  0.418509072054  -0.128310138715  -0.475637877958
  67  C  6.005622604367  1.874983470577  9.511285767107  -0.467529080009  -0.611054136642  -0.344937074315
  68  C  4.476587366165  4.530533927129  9.479863491482  -0.783297789510  -0.559954594895  -0.426884128549
  69  C  1.493609807834  6.219562602772  1.871155035843  0.482024981888  0.757746508088  1.330447262498
  70  C  -1.568951210509  6.206274704187  1.841047057777  0.697033505250  0.460238812884  1.414605123769
  71  C  -0.021855553293  3.571278716765  1.875115167507  0.525883428587  -0.038206104088  1.320446295791


MDSTEP:  5
LATTICE_CONSTANT: 1.889726125458
LATTICE_VECTORS
  8.950887897101  0.000000000000  0.000000000000
  -4.515595524399  8.136696629119  0.000000000000
  -0.258521378894  0.170597749096  9.958809422474
VIRIAL (KBAR)
  270.996054659218  69.305075371393  35.137158017912
  69.305075371393  12.705803550712  -17.324653950815
  35.137158017912  -17.324653950815  166.220491884325
INDEX    LABEL    POSITIONS    FORCE (eV/Angstrom)
  0  Si  -0.012975439450  1.807891783098  2.508164130962  4.557986441633  2.128559415524  2.123740771602
  1  Si  3.020416373753  7.133347931379  2.511696573431  -0.402312587169  0.846688038429  0.861784501730
  2  Si  -3.103593776792  7.106344664136  2.422693123362  4.803448142578  3.941614731518  2.844707233999
  3  Si  4.513717426754  6.268958907868  5.032021848395  -2.693467853391  -1.250564732263  0.295633668549
  4  Si  1.459084185719  0.939754039429  5.052891673826  0.527610790906  -1.053570560021  -0.578389163179
  5  Si  7.600516233593  0.952418497219  5.126693994104  -3.395133422530  -2.845032441899  -0.302646769887
  6  Si  -0.097506075514  1.834398657247  7.562532297104  4.611191648069  2.304838688458  1.397873661124
  7  Si  2.936664464959  7.160406611648  7.525351484864  0.162326419285  1.036985851146  0.602214105433
  8  Si  -3.177415057784  7.171519777677  7.468457088906  4.642380037336  3.414361159029  1.979853936543
  9  Si  4.702747650201  6.132607084296  0.122820976678  -3.096897094115  -0.924946361495  -1.935701797443
  10  Si  1.662360535792  0.803787049899  0.122549085519  -0.137082838807  -0.833859796686  -2.616766310898
  11  Si  7.792844187669  0.809477395762  0.192273852559  -3.919822237515  -2.664330680064  -1.399484448806
  12  Si  -1.578640392450  4.440331517031  2.473112505666  5.030867335713  2.623140319137  2.378583478567
  13  Si  1.489259892469  4.476220715754  2.504119052786  0.166907652059  -0.748764241545  0.510525408221
  14  Si  -0.046937376458  7.118265242567  2.454198004874  0.322563121497  1.082102584225  0.999795800978
  15  Si  6.066020205859  3.606692371010  5.101710042163  -3.389725512627  -1.746483863930  -0.029334735091
  16  Si  2.982618299283  3.594741069916  5.048268281859  0.254431745700  0.333152222654  -0.284817647117
  17  Si  4.524081862678  0.946106051058  5.082425216333  -0.212870657613  -1.200296669349  -0.567279004224
  18  Si  -1.647112695177  4.496030608032  7.465239980641  5.107543493559  2.835491440590  2.858960142218
  19  Si  1.432987549827  4.507483565818  7.536463256074  -0.229546314885  -0.137521165364  -0.088447056002
  20  Si  -0.112231853790  7.157384385165  7.485491893133  0.237692223815  1.306141640670  0.481723136647
  21  Si  6.250346769096  3.477827470922  0.164999829373  -3.024495732040  -1.420490542455  -1.728245544733
  22  Si  3.188704423258  3.465560943782  0.119656689109  -0.334705634607  0.376596585459  -1.846371259006
  23  Si  4.733475759574  0.809918346583  0.142743186499  -0.739248601402  -1.117984629053  -2.443033162017
  24  Si  3.037609952502  1.797726926228  2.534432475589  -0.123023416075  -0.641599860563  0.382390080619
  25  Si  6.086377204886  1.798351115748  2.578176371897  -0.331062449903  -0.670290639083  0.549561640939
  26  Si  4.550797533496  4.457008888044  2.553722353699  -0.464224445898  -0.417962277436  0.415994161920
  27  Si  1.456655247568  6.259886398073  4.993175255817  -0.122283776513  0.205821019238  0.158422783516
  28  Si  -1.602530249443  6.251788836249  4.955417417466  0.428612790217  0.650299171631  0.126716697735
  29  Si  -0.070174664760  3.594830181322  5.003733555058  0.524638920184  0.158434686378  0.147282263207
  30  Si  2.957930792180  1.835921034247  7.585437009788  0.220716933843  -0.274345059853  -0.243470256656
  31  Si  6.061381435497  1.860986696916  7.610343316667  -1.361529722640  -1.000131634504  0.436865524650
  32  Si  4.481708362104  4.496673703089  7.570992764925  -0.700730500274  0.157014071412  0.585733133351
  33  Si  1.642178838060  6.132362105246  0.072472976594  -0.508276564971  0.201113616653  -2.004554383789
  34  Si  -1.421490009505  6.118009748097  0.048607534001  0.627748780736  0.747429862314  -1.992926962833
  35  Si  0.124193168593  3.457717035199  0.066752283740  0.377717132741  0.703231495926  -1.329131902876
  36  C  -0.061017660807  1.812736794167  4.377500483169  3.084016206578  1.406184797775  -0.218228622384
  37  C  2.985967276258  7.144086346567  4.404464811439  -0.149777718918  1.123636688080  0.501022919418
  38  C  -3.125123681714  7.141768578995  4.320549367780  2.986067162466  2.766136059843  -0.049133859118
  39  C  4.494820374024  6.269647562781  6.916710131045  -4.519850003465  -2.113176563385  -1.840755859544
  40  C  1.437029947132  0.938530192824  6.949225601370  0.277677246472  -0.958614435805  -0.278585190446
  41  C  7.570742610890  0.952993937763  7.010624868818  -4.645740169910  -3.940805227118  -2.361860850600
  42  C  -0.141344955308  1.860370625009  9.424689521266  3.450112157994  1.098579098143  -0.812649389033
  43  C  2.903028571670  7.153694670515  9.409006739877  0.265301703825  1.486710653472  0.800814826450
  44  C  -3.200179883731  7.171901525831  9.343082050131  2.908802754658  2.772352542856  0.300366137251
  45  C  4.551772312993  6.216777356734  1.910434804165  -4.241174450642  -2.125039616953  -0.455834421243
  46  C  1.502650028060  0.906843627885  1.890840254967  0.702160940192  -1.385492756720  1.968097137432
  47  C  7.646759463794  0.921522577016  2.005059546266  -4.868501498420  -4.406081967879  -1.336804275142
  48  C  -1.602594779916  4.467890048443  4.350302379376  3.253666927766  1.541394242660  -0.412992410432
  49  C  1.458444046318  4.466504271149  4.392729789735  0.173623538827  0.219519017875  -0.080080161347
  50  C  -0.072326489288  7.131678027679  4.358751912011  0.288833850411  1.383893127652  0.397846868953
  51  C  6.007006402178  3.615363686842  6.984634487744  -4.457353356037  -2.844353436108  -2.378459409617
  52  C  2.962764339091  3.621536232696  6.924077653413  0.060363603505  -0.298724543742  0.276012229557
  53  C  4.523316265118  0.968606432750  6.972687393596  -0.369355679964  -1.316235744391  -0.176585535125
  54  C  -1.650703180856  4.499143623577  9.395261754326  2.768177955502  1.854514034148  -1.264245143680
  55  C  1.399412250979  4.511170682481  9.405900964532  0.114495019037  -0.026385538111  0.226815049521
  56  C  -0.135510049913  7.191720661365  9.384534868692  -0.041462820201  1.003873195293  0.461377608526
  57  C  6.087794061981  3.569958054361  1.939688309942  -4.590507648571  -3.041275305315  -0.218176300250
  58  C  3.037655131938  3.560719485182  1.912128098998  0.099986945041  0.194570730969  1.477580087653
  59  C  4.577912273522  0.891801791272  1.930146824320  -0.010094798945  -1.149998401929  1.632235493163
  60  C  2.993163725227  1.836054108757  4.422500472688  0.106842870287  -0.764253308614  0.011212426677
  61  C  6.071662698742  1.820492766793  4.462366580025  -0.638199284162  -0.336290905148  0.278244561609
  62  C  4.540487429910  4.477997042054  4.421533370213  -0.744697799403  -0.247566364374  0.542940387913
  63  C  1.446552670169  6.269231120212  6.897239718476  -0.461923475059  0.398632204785  -0.461867835937
  64  C  -1.647915162843  6.251541599618  6.850416839633  0.713419491557  0.947962188352  -0.007477512683
  65  C  -0.096728621288  3.605289208527  6.898956330912  0.394972143739  0.138959931162  -0.030517607300
  66  C  2.926552546118  1.854781909764  9.472899346760  0.253844959034  -0.169604849873  -0.504282981861
  67  C  6.004478418947  1.872683695946  9.511850698874  -0.419763507494  -0.561585886811  -0.417546043447
  68  C  4.480889006578  4.523826008975  9.482465901790  -0.915044080963  -0.338449788448  -0.566457172632
  69  C  1.489955704705  6.213030104708  1.865624658655  0.596868211419  0.846475609774  1.490064756496
  70  C  -1.565088219269  6.200083209230  1.848972106226  0.558616539105  0.662076344049  1.247178069026
  71  C  -0.024379270728  3.566461562154  1.869474411978  0.597651817843  0.073622729011  1.512970295184


MDSTEP:  6
LATTICE_CONSTANT: 1.889726125458
LATTICE_VECTORS
  8.950887897101  0.000000000000  0.000000000000
  -4.515595524399  8.136696629119  0.000000000000
  -0.258521378894  0.170597749096  9.958809422474
VIRIAL (KBAR)
  267.781684938990  66.936302787279  35.467112175723
  66.936302787279  12.210526870407  -17.755345502197
  35.467112175723  -17.755345502197  165.094209514430
INDEX    LABEL    POSITIONS    FORCE (eV/Angstrom)
  0  Si  -0.010008339998  1.806328811482  2.507434131790  4.293630908643  1.980261509220  2.121791287923
  1  Si  3.022794619954  7.134038171523  2.509361329026  -0.421863870669  0.845173469598  0.804584979073
  2  Si  -3.100402583954  7.104616421167  2.426156512214  4.669261291370  3.799743920195  2.763912989636
  3  Si  4.507568149939  6.271309466662  5.032512016975  -2.518718008255  -1.237876404446  0.295293010029
  4  Si  1.458143580376  0.939193999957  5.048331454361  0.533289855009  -1.097432140346  -0.496277372750
  5  Si  7.595504201603  0.955932636651  5.126163583811  -3.292450449680  -2.794893375573  -0.334366422198
  6  Si  -0.093909688779  1.838011378654  7.563294062049  4.374128923748  2.202798236359  1.190040604127
  7  Si  2.935621651368  7.165899622566  7.525907335067  0.122723200850  0.917387593132  0.578906415825
  8  Si  -3.176458154898  7.174978194944  7.469974339307  4.361826549700  3.110248136641  1.795780377440
  9  Si  4.700722625032  6.127190689420  0.124768432092  -2.919221272687  -0.642948369741  -2.174425724656
  10  Si  1.661738719956  0.805050290648  0.116721203280  -0.235013804396  -0.840191554916  -2.311494790182
  11  Si  7.794710344959  0.807381115415  0.192510654377  -3.896983495492  -2.644467758956  -1.527845205346
  12  Si  -1.581577685755  4.436345586835  2.476812005870  5.058325824236  2.579398544456  2.290872831739
  13  Si  1.492384823984  4.471099561083  2.504709846219  0.114791821699  -0.545952322717  0.412989175879
  14  Si  -0.048617492908  7.117898340013  2.449511670214  0.443278150353  1.105539744640  1.129585331506
  15  Si  6.063950354767  3.606755199546  5.106408822481  -3.090058598998  -1.683118687809  -0.263821955316
  16  Si  2.986621079043  3.592283448779  5.050453064682  0.191248439631  0.414039636504  -0.246055338493
  17  Si  4.522958503828  0.947270164771  5.084402590176  -0.249898548093  -1.257359081507  -0.642348972065
  18  Si  -1.640812151687  4.492696104216  7.465432724989  4.853982702206  2.797555327436  2.798926358866
  19  Si  1.433044500283  4.507413724423  7.535791922067  -0.152253245964  -0.087022828198  -0.102365501962
  20  Si  -0.114649051750  7.162482916191  7.481319023121  0.414761780676  1.233638890857  0.546312842441
  21  Si  6.247127083469  3.479954949007  0.164133901250  -3.067118607053  -1.595102513047  -1.548337258245
  22  Si  3.192373525950  3.468887299626  0.119110203751  -0.398030398426  0.330058635768  -1.900871962253
  23  Si  4.734641099573  0.810551706568  0.142374928225  -0.781049631206  -1.122648188626  -2.309032561825
  24  Si  3.034155271390  1.801980142182  2.539543355224  -0.046312378047  -0.833088427421  0.298076183150
  25  Si  6.083068368171  1.796442027486  2.578760383741  -0.163094701366  -0.693780659129  0.520784883699
  26  Si  4.546904680111  4.453854729513  2.556935531541  -0.363190029154  -0.338253887948  0.340652804003
  27  Si  1.460409625524  6.261143438287  4.992629290650  -0.259591861718  0.192500700594  0.131786635907
  28  Si  -1.601661478896  6.252497309188  4.955799058025  0.585534788454  0.557617984384  0.196170698287
  29  Si  -0.064815220879  3.590258358614  4.998852537073  0.526912096364  0.331111805626  0.202085987917
  30  Si  2.957297748815  1.833948802180  7.590318686892  0.213898136950  -0.247143582833  -0.349316374821
  31  Si  6.061113578353  1.861831621880  7.612827077578  -1.397121530277  -1.056957570338  0.387321857721
  32  Si  4.486642454047  4.496453124783  7.571477518595  -0.857894119811  0.085301335761  0.555974907955
  33  Si  1.642019750049  6.128328856635  0.067838157200  -0.450434928764  0.296504195043  -1.943363559580
  34  Si  -1.426034907437  6.115998895597  0.043203217595  0.802954971992  0.851979099362  -1.757629576697
  35  Si  0.119294756123  3.457743024768  0.065144327978  0.462623920000  0.801577559634  -1.148984363408
  36  C  -0.057601106249  1.815851452796  4.378984637180  2.897309591420  1.203603421480  -0.236946583675
  37  C  2.983457368715  7.144755646925  4.400317213781  -0.043698358989  1.169499560724  0.530065389248
  38  C  -3.118009024972  7.136837020560  4.324725156668  2.718439309715  2.778601349343  -0.056349244388
  39  C  4.488398886607  6.260692554462  6.920396102236  -4.108407635714  -1.708680920716  -1.805774966230
  40  C  1.434944809697  0.937442289724  6.943271177056  0.317680324813  -0.947101426833  -0.166644241027
  41  C  7.564271533522  0.957839682395  7.012837944433  -4.325609421199  -3.857533600529  -2.380928986223
  42  C  -0.145767652295  1.869153985168  9.419703710439  3.468821356449  0.905510700616  -0.700093894258
  43  C  2.904504644733  7.154789966204  9.407067577542  0.266880624616  1.454557334239  0.826528640658
  44  C  -3.194590904034  7.174773618542  9.345296946377  2.600889783536  2.706339271511  0.310868163759
  45  C  4.552424247994  6.216050145587  1.903688950936  -4.124087651018  -2.111620883568  -0.157150236576
  46  C  1.497488825731  0.899626042294  1.896050223323  0.893565794580  -1.323653823523  1.719912624033
  47  C  7.646806365344  0.917512539281  1.999357738163  -4.746461380586  -4.212488432405  -1.122453951468
  48  C  -1.592549754118  4.465349989728  4.346212659675  2.908610490662  1.431442003567  -0.122958802560
  49  C  1.462206509535  4.468135281234  4.389673622377  0.222384533139  0.166681676219  -0.015580318571
  50  C  -0.071330412280  7.139959789927  4.363785425380  0.281349956970  1.270001256914  0.298436449626
  51  C  6.006482796657  3.609486147948  6.987425596876  -4.222593118915  -2.585931445962  -2.346026233585
  52  C  2.961956625354  3.618533018199  6.928878383199  0.133027494340  -0.274739089042  0.219267048651
  53  C  4.525853950597  0.974072397703  6.969001958832  -0.463144546012  -1.367280309945  -0.071485546471
  54  C  -1.656251153707  4.502385392736  9.399371235489  2.890403149438  1.788450330133  -1.384119088690
  55  C  1.401729764409  4.508936813411  9.404164474748  0.018839001183  -0.018209298640  0.270646059946
  56  C  -0.131673897177  7.192612752808  9.384905795181  -0.166776023052  0.984265468524  0.403634661964
  57  C  6.083581315354  3.563534853425  1.947066345656  -4.519437874254  -2.920634309664  -0.459014417057
  58  C  3.040605950344  3.556303394920  1.909066476786  0.020919428094  0.280581246891  1.544714123962
  59  C  4.585040302065  0.897952188308  1.936687706237  -0.289724294056  -1.265717496312  1.386418304235
  60  C  2.989370252820  1.835254832849  4.426885646023  0.169293569240  -0.723446303995  -0.056210452812
  61  C  6.063961049045  1.815070696113  4.455350014000  -0.496107449867  -0.168657418832  0.462362985113
  62  C  4.545425571765  4.479813639649  4.419989788896  -0.856643229356  -0.265051136813  0.640045358278
  63  C  1.448273374380  6.266377606049  6.893388674668  -0.477614423253  0.526232479281  -0.373170341412
  64  C  -1.640770279780  6.249381295112  6.856706434734  0.501115063825  0.979269409388  -0.128686499214
  65  C  -0.092738090181  3.612728164734  6.894991144893  0.372510935086  -0.059761672743  -0.006669975346
  66  C  2.920487417259  1.857818854261  9.476662853674  0.431184379646  -0.209897494620  -0.547100984096
  67  C  6.005896073347  1.866857001773  9.503680160708  -0.467700328497  -0.383145304092  -0.210042602718
  68  C  4.481438497321  4.529072659294  9.477626951311  -0.898833638379  -0.486447738926  -0.470673281780
  69  C  1.495494752012  6.218341152653  1.861488327201  0.497896865777  0.628037262024  1.557749122766
  70  C  -1.562373804186  6.193343228340  1.852478915982  0.497674560431  0.726861897798  1.062135469963
  71  C  -0.025280931478  3.560083492100  1.876066408341  0.635169278364  0.175864466846  1.279983022626


MDSTEP:  7
LATTICE_CONSTANT: 1.889726125458
LATTICE_VECTORS
  8.950887897101  0.000000000000  0.000000000000
  -4.515595524399  8.136696629119  0.000000000000
  -0.258521378894  0.170597749096  9.958809422474
VIRIAL (KBAR)
  265.330632453946  67.455778724207  36.463423273796
  67.455778724207  13.194917183631  -17.889459322803
  36.463423273796  -17.889459322803  164.121628444862
INDEX    LABEL    POSITIONS    FORCE (eV/Angstrom)
  0  Si  -0.008959532161  1.812084208307  2.507713102843  4.046249619324  1.629607810197  2.122758029187
  1  Si  3.026529794656  7.135177081197  2.512643387540  -0.602431411905  0.795741949624  0.704555659458
  2  Si  -3.103114896753  7.105735924552  2.422312898912  4.564731951721  3.798071950430  2.773184496462
  3  Si  4.501155198253  6.267598607879  5.027324211016  -2.023649586443  -0.882214812542  0.368880953039
  4  Si  1.455688294934  0.936781541314  5.050849612613  0.739946709417  -1.069658216642  -0.566365877961
  5  Si  7.588987840439  0.959904337059  5.130624134374  -3.065960576699  -2.848634184874  -0.448556837813
  6  Si  -0.097657922924  1.838898334532  7.566493412740  4.423324604125  2.126006231405  1.039675900827
  7  Si  2.933006199342  7.164233062944  7.526479494699  0.342459221444  0.918572957240  0.583780087872
  8  Si  -3.175700397742  7.181396272430  7.471500200218  4.346914275478  3.002409011617  1.672157137534
  9  Si  4.695046859320  6.125617885698  0.126060668299  -2.712241370282  -0.620759196686  -2.248722668379
  10  Si  1.666532992240  0.808700420917  0.117324479515  -0.461493410553  -0.933062563088  -2.220527049139
  11  Si  7.792079639354  0.808574542738  0.188514750253  -3.858500123164  -2.739464040360  -1.344002242105
  12  Si  -1.583843127455  4.440734188065  2.479659077302  5.253439735270  2.491445115937  2.287348815205
  13  Si  1.489344850307  4.474583757233  2.509343139793  0.122433840278  -0.507252430402  0.264454986154
  14  Si  -0.051116915404  7.113594452363  2.446638755934  0.494905825729  1.166975725118  1.265426107424
  15  Si  6.057208763406  3.601824980769  5.102272131653  -2.939657147950  -1.507612217053  -0.025263507135
  16  Si  2.991299146649  3.588539702504  5.052169621759  0.005602127610  0.575507715117  -0.388330761548
  17  Si  4.524558578417  0.946011554456  5.089718229703  -0.254964466163  -1.246736861170  -0.819877783277
  18  Si  -1.642802328404  4.497806765896  7.471563211818  5.043559657104  2.955373802372  2.684490414487
  19  Si  1.435960324031  4.512577475605  7.533856803776  -0.254307777369  -0.203960600135  -0.052479367983
  20  Si  -0.115216130986  7.167258434058  7.477828578612  0.442839054876  1.166225481511  0.605574096285
  21  Si  6.241044244024  3.476749799247  0.167742726082  -2.923500686099  -1.442425112915  -1.635435478658
  22  Si  3.189453581047  3.468057271674  0.120383418491  -0.330206828941  0.431978956152  -1.776096649735
  23  Si  4.739366571459  0.811860148730  0.141462723413  -0.951885168778  -1.165992101334  -2.205857358948
  24  Si  3.037907618852  1.806453305982  2.540560076358  -0.055676098437  -0.896896214151  0.379636942788
  25  Si  6.077802661481  1.800999993582  2.581218581552  0.017199885626  -0.814783329065  0.523965621156
  26  Si  4.543241129373  4.457430246917  2.561162810674  -0.307383973451  -0.378877681402  0.360113137095
  27  Si  1.464299708035  6.260870267859  4.990241212671  -0.413616497386  0.243938600478  0.248498868004
  28  Si  -1.597661692341  6.254408778268  4.951865714539  0.498401813137  0.511537782607  0.207385925063
  29  Si  -0.061383604329  3.589343188379  4.994397919739  0.372146266145  0.335883324640  0.379596775055
  30  Si  2.953004925701  1.837842358040  7.595743295049  0.374543635211  -0.392565949520  -0.600249067343
  31  Si  6.058306118711  1.866134782792  7.610130645468  -1.235251473759  -1.212130585011  0.275036932279
  32  Si  4.482444042705  4.492648549299  7.573612561750  -0.776432935917  0.202368544918  0.383185855597
  33  Si  1.645604527969  6.123873684998  0.065091730670  -0.545691506575  0.472415569460  -1.884569070656
  34  Si  -1.427855427498  6.121219767463  0.039563014847  0.728539667912  0.682994753273  -1.540259601848
  35  Si  0.123988587803  3.463453859042  0.060792582503  0.322198470812  0.632546855574  -1.018694016995
  36  C  -0.053595858734  1.810976572846  4.387130658348  2.767434204265  1.259100655920  -0.406311111736
  37  C  2.982643203986  7.137196198868  4.399818508072  -0.036592281047  1.320141860819  0.484072411525
  38  C  -3.111583254461  7.145120844694  4.317643321177  2.332703575101  2.492500736445  0.174535288530
  39  C  4.491964937839  6.261600304197  6.919077601989  -4.146370208120  -1.750885493098  -1.797524248244
  40  C  1.443890498434  0.941027151189  6.940611002155  0.066569229446  -0.955181748859  -0.033870991241
  41  C  7.569223702901  0.946785492494  7.006792383281  -4.433164217016  -3.612251557793  -2.143273032961
  42  C  -0.147622887870  1.864698729279  9.417887861518  3.559352591891  1.078898843797  -0.632473275170
  43  C  2.911792007919  7.147751993465  9.408251755608  0.026950794243  1.588703358469  0.751300794688
  44  C  -3.197349406933  7.174277590989  9.344860739212  2.579278277597  2.712979784001  0.393785230017
  45  C  4.548362506405  6.209876285638  1.902446329107  -3.964838150111  -1.925155331904  -0.058649433698
  46  C  1.500148997120  0.904505009652  1.899215746694  0.889963103297  -1.340862291644  1.589142732962
  47  C  7.644530193157  0.910549792739  2.000483082015  -4.496413651918  -3.900507446923  -1.064078903781
  48  C  -1.598343091924  4.458421052094  4.345450628298  3.047014407363  1.576068791421  -0.089124349472
  49  C  1.455960767074  4.475798747918  4.382536164440  0.425836465509  -0.017846857978  0.226189167086
  50  C  -0.068654665056  7.148458024941  4.369987924683  0.325983493917  1.151704475792  0.151116505360
  51  C  6.011756215029  3.614571816904  6.992290405312  -4.523581871484  -2.773659173363  -2.546972803858
  52  C  2.957853972375  3.612091489441  6.921879221125  0.216549534110  -0.117891357472  0.405750142589
  53  C  4.528760960101  0.965084168308  6.962304833882  -0.535686073845  -1.110660776397  0.213725619183
  54  C  -1.658872023296  4.499826398408  9.397691642676  2.836313941292  1.832004973420  -1.190156643690
  55  C  1.404858246507  4.512919714751  9.408078617901  0.006861227264  -0.112988019720  0.103287520090
  56  C  -0.138552933102  7.190601282700  9.386127007086  0.044834909995  1.040174674516  0.332696171157
  57  C  6.083731689118  3.568665273988  1.952757791911  -4.694529035402  -3.072811414827  -0.627590289011
  58  C  3.037688615823  3.564617559699  1.917030737626  0.108181857456  0.131724570723  1.328318722946
  59  C  4.589952197695  0.889857784083  1.943312346720  -0.420085832896  -1.083090417422  1.142860897609
  60  C  2.996267968956  1.838787806014  4.431087415594  0.056184939872  -0.815070303717  -0.138587602115
  61  C  6.067544976511  1.818972763660  4.458389293998  -0.663470756203  -0.259004249054  0.412941993380
  62  C  4.546727236586  4.488170788676  4.425693003847  -0.936194719306  -0.484254791309  0.504140308001
  63  C  1.451446245137  6.269907425770  6.899130113160  -0.563057238333  0.453420542532  -0.535465115858
  64  C  -1.634708858273  6.257074321180  6.849906569002  0.361254192817  0.853015375522  0.009496312295
  65  C  -0.096089727270  3.613957847834  6.901028855150  0.453530812015  -0.012936797899  -0.124993943618
  66  C  2.912137613943  1.860924898853  9.470722263669  0.717252571148  -0.209686357091  -0.337026889363
  67  C  6.006463188723  1.864862716471  9.496744889641  -0.527922344414  -0.329830210996  -0.091656101593
  68  C  4.478977425839  4.532803281342  9.469829055268  -0.917433298417  -0.665776797748  -0.246382010718
  69  C  1.492137034817  6.219369651805  1.856984264043  0.567094755677  0.605482957469  1.636335860232
  70  C  -1.568962809756  6.192470805193  1.860432875860  0.608876032330  0.759809058731  0.735978729617
  71  C  -0.018770532472  3.554008872673  1.879490887842  0.434733440558  0.418044694312  1.114042937414


MDSTEP:  8
LATTICE_CONSTANT: 1.889726125458
LATTICE_VECTORS
  8.950887897101  0.000000000000  0.000000000000
  -4.515595524399  8.136696629119  0.000000000000
  -0.258521378894  0.170597749096  9.958809422474
VIRIAL (KBAR)
  260.398664872548  65.487693145362  35.992648677280
  65.487693145362  12.290779972408  -19.750339561929
  35.992648677280  -19.750339561929  165.616598097333
INDEX    LABEL    POSITIONS    FORCE (eV/Angstrom)
  0  Si  -0.007621526372  1.815821532534  2.510007412025  3.766487346899  1.451630237383  1.880442629260
  1  Si  3.023770847443  7.134979361132  2.510485667729  -0.615091003062  0.821205929993  0.709866256776
  2  Si  -3.105999009448  7.104400299579  2.419574259471  4.566003984238  3.812219281242  2.767379447408
  3  Si  4.497446931160  6.268237279245  5.030809575471  -1.824006084969  -0.779802419469  0.060302124934
  4  Si  1.451030431706  0.937388079945  5.050166765834  0.791315270975  -0.947490050882  -0.753676701303
  5  Si  7.585302825850  0.954412096949  5.134946115240  -2.901862298461  -2.597187590349  -0.817568578103
  6  Si  -0.097380036990  1.840042512513  7.568075533196  3.972147608129  1.915165338483  0.853933045372
  7  Si  2.932812451720  7.168469478321  7.522122682924  0.258952524369  0.747853629282  0.652260258148
  8  Si  -3.172417007038  7.187582184043  7.472643613140  3.873792753867  2.675669250304  1.563786834402
  9  Si  4.694750263874  6.128629856894  0.127634494474  -2.668775260841  -0.748209472107  -2.401726450593
  10  Si  1.662544674589  0.805402031263  0.115934471467  -0.143976114599  -0.889518887200  -2.182956384995
  11  Si  7.794640328470  0.808254582919  0.193105772540  -3.996424810247  -2.756282607171  -1.293262399120
  12  Si  -1.586702821972  4.443909976580  2.476706200432  5.238106574122  2.208190407695  2.400024901979
  13  Si  1.487182051022  4.479867301271  2.512788054809  0.307901589942  -0.728406158729  0.062706415977
  14  Si  -0.055944114222  7.108390105332  2.445250570952  0.653304231740  1.244080905526  1.326771608873
  15  Si  6.056864354210  3.599221071819  5.102077931829  -3.040995824241  -1.626875601458  0.003837116121
  16  Si  2.990291656888  3.591560706249  5.046113487848  0.088372693247  0.426927072673  -0.360839767301
  17  Si  4.518535516680  0.941944134830  5.093585678813  0.036447574108  -1.145027582861  -1.050702121558
  18  Si  -1.645411466815  4.503123987761  7.475638021575  5.061316055038  2.768775572894  2.577646747911
  19  Si  1.438251063329  4.511293506763  7.534065568691  -0.194229549672  -0.251605697326  -0.154255943854
  20  Si  -0.116490517778  7.168766413718  7.481436575105  0.442443032285  1.078856684586  0.553133291712
  21  Si  6.244137206039  3.475096852734  0.165051007753  -2.977878497981  -1.498498168712  -1.697105826632
  22  Si  3.192339214987  3.468534769852  0.113812238081  -0.446085881341  0.330242161782  -1.774003435958
  23  Si  4.744450937876  0.815734804896  0.146352706782  -1.054160529835  -1.289371371386  -2.234702445415
  24  Si  3.040502939995  1.811574184620  2.534582043197  -0.013270985450  -1.061053751498  0.516528363431
  25  Si  6.072449102636  1.800663586180  2.579355156897  0.160301003839  -0.767822921209  0.693485858974
  26  Si  4.543741537687  4.462385177028  2.555915386912  -0.189391538292  -0.624404176177  0.506771153523
  27  Si  1.464991894193  6.266254693082  4.987467335217  -0.503811691612  0.099447142066  0.411578504134
  28  Si  -1.598658066583  6.249392299238  4.947228626443  0.429037528691  0.624646003229  0.369136335639
  29  Si  -0.065421790581  3.592795467451  4.994757093147  0.498221045558  0.301288408838  0.330465140987
  30  Si  2.955345354788  1.833466859747  7.590722173503  0.375889827828  -0.307656189658  -0.631710796578
  31  Si  6.057342462585  1.871726045663  7.610403818398  -1.297257495564  -1.311471132985  0.154516257394
  32  Si  4.485659141163  4.495573837395  7.568100984258  -0.870713554865  0.083596394648  0.462688960945
  33  Si  1.649088887424  6.126152133302  0.069227299415  -0.538392611967  0.346132029914  -2.180287157370
  34  Si  -1.424436507445  6.120034010507  0.043094877372  0.711994900801  0.745494599127  -1.662900960584
  35  Si  0.127310451725  3.463042300703  0.058296138964  0.233055208829  0.652675324798  -1.050977082759
  36  C  -0.058992860834  1.821358808146  4.381892083832  2.721750462674  0.981164387945  -0.162734889536
  37  C  2.976186219861  7.139497460753  4.393994838755  0.142805833292  1.271973760624  0.591844565045
  38  C  -3.111103416075  7.155984192332  4.313037110432  2.129857513941  2.205452259998  0.330449987380
  39  C  4.489446123629  6.253278705489  6.908584048707  -3.763979167387  -1.220789987051  -1.379359044133
  40  C  1.435700037168  0.946132579017  6.934455421642  0.210294576962  -1.036135121444  0.093018272639
  41  C  7.559461643089  0.939526082786  6.998723162284  -3.906615648347  -3.196760448170  -1.753663986308
  42  C  -0.141285520855  1.857126235763  9.424804890204  3.420806277047  1.263199107161  -0.839521131881
  43  C  2.916068234419  7.155609522023  9.410110529696  -0.020113090858  1.495869090738  0.701805994703
  44  C  -3.193114727574  7.178477800809  9.353666074046  2.504484364241  2.657056965487  0.229675278941
  45  C  4.544144369046  6.205855240617  1.900520846806  -3.859088155544  -1.748654724832  0.024517160625
  46  C  1.505954240162  0.902738973973  1.898578993598  0.727156291351  -1.296057839696  1.572012951094
  47  C  7.631690593345  0.909705730781  2.008361503421  -3.935907025315  -3.709454501038  -1.157730362315
  48  C  -1.601929783704  4.451176579795  4.353567596438  3.197489192523  1.851927494869  -0.455488100474
  49  C  1.454927792319  4.477491611843  4.374585581935  0.399029142321  0.029111757768  0.406832947623
  50  C  -0.069411696379  7.152252206114  4.377255512988  0.281186799280  1.040056659873  -0.024828851182
  51  C  6.010380865199  3.618417603055  6.983627192336  -4.310719889775  -2.797506796164  -2.329580011571
  52  C  2.963344636000  3.612143041441  6.916554516222  0.126140303888  -0.145156689789  0.446312594974
  53  C  4.531666701591  0.959187053178  6.954001440829  -0.593236484075  -1.026975191118  0.454873296058
  54  C  -1.661408025542  4.507861619323  9.399687098617  2.921177475437  1.605990026747  -1.260384302426
  55  C  1.399132583406  4.508953609977  9.399232808699  0.213259491916  -0.015781968952  0.298550137096
  56  C  -0.136720715596  7.183246106287  9.386182317290  0.062436068151  1.170210105427  0.421453982463
  57  C  6.089249162243  3.558184252801  1.944925196535  -4.710995931983  -2.797032436526  -0.441935251071
  58  C  3.046391601051  3.560082129823  1.911664543251  -0.096461967779  0.335501263940  1.368385320978
  59  C  4.597013639131  0.892377176883  1.948910117989  -0.653651753381  -1.232677917788  0.973820400404
  60  C  3.004985465132  1.831097860224  4.429119053435  -0.208392890598  -0.582211122822  -0.141576206094
  61  C  6.073424818400  1.823393731571  4.453532121828  -0.901835732724  -0.431439890125  0.564699039465
  62  C  4.555176531235  4.488321774094  4.430461091800  -1.126443219185  -0.412620485351  0.244683892002
  63  C  1.445138892038  6.264741969919  6.907463910118  -0.407397300108  0.605055286650  -0.732029107865
  64  C  -1.639343040751  6.256821173481  6.855835950439  0.436998273437  0.958291054736  -0.144038750772
  65  C  -0.088292520856  3.616683644433  6.893569114055  0.195408333631  -0.053596971995  0.096775136239
  66  C  2.920623634011  1.855883101524  9.464307183381  0.514009476909  -0.195644402099  -0.226467399445
  67  C  6.004331258658  1.859607284796  9.491920053278  -0.322839625744  -0.192174736418  -0.037706000709
  68  C  4.478609896131  4.526488318393  9.469644426090  -0.848760029647  -0.422753477552  -0.336078315223
  69  C  1.495934539688  6.212069055833  1.852295738502  0.434225765034  0.807740280746  1.836783211742
  70  C  -1.569857783857  6.184560798062  1.857391637845  0.536058600159  0.950210082169  0.875404483675
  71  C  -0.012256685473  3.561642881404  1.871976634678  0.303096648747  0.281202528762  1.280637856079


MDSTEP:  9
LATTICE_CONSTANT: 1.889726125458
LATTICE_VECTORS
  8.950887897101  0.000000000000  0.000000000000
  -4.515595524399  8.136696629119  0.000000000000
  -0.258521378894  0.170597749096  9.958809422474
VIRIAL (KBAR)
  257.649542548027  62.760879977905  34.801249085255
  62.760879977905  11.355316889945  -20.310699506314
  34.801249085255  -20.310699506314  165.594530856079
INDEX    LABEL    POSITIONS    FORCE (eV/Angstrom)
  0  Si  -0.012203786672  1.821265035980  2.511724510214  3.702760782995  1.235489680371  1.778164563789
  1  Si  3.027281026630  7.129568595638  2.514502459610  -0.652579186566  0.887467205705  0.601548741666
  2  Si  -3.101156255800  7.103140868917  2.417087426371  4.347072820366  3.704637440073  2.855935530430
  3  Si  4.497665862447  6.264025067857  5.035856391370  -1.887930983231  -0.816944324613  -0.081871560107
  4  Si  1.453574321950  0.932075528310  5.044980550344  0.751434233034  -0.862603023876  -0.615993309724
  5  Si  7.588851327512  0.953898694596  5.132815657367  -3.099912303885  -2.749695059240  -0.778685391171
  6  Si  -0.101338235828  1.834780476554  7.569046580091  3.984934965563  1.920446081354  0.843200677542
  7  Si  2.934144229546  7.171692328018  7.524152818722  0.283186927566  0.733750119175  0.466022879668
  8  Si  -3.167471447255  7.183946166603  7.475604062759  3.697609420992  2.796561455100  1.515812472247
  9  Si  4.688359732745  6.134671057707  0.127763510599  -2.482030751817  -0.817846371199  -2.482110171369
  10  Si  1.657716202458  0.798962089036  0.114527075449  0.150133671906  -0.749702428038  -2.073109250723
  11  Si  7.796115805229  0.811451180987  0.192867509754  -4.217163832300  -2.782680322495  -1.134260195946
  12  Si  -1.584838297783  4.445529851394  2.481724018069  4.693297703104  1.799762279713  2.050141059907
  13  Si  1.490471627867  4.474767510114  2.506502210824  0.347458892790  -0.535523291636  0.203296407018
  14  Si  -0.054066145822  7.112796362600  2.440968318937  0.559912822569  1.165394862293  1.415662604812
  15  Si  6.059102233854  3.600630078501  5.104276413470  -3.025738027798  -1.713869870451  -0.130540594137
  16  Si  2.985198668260  3.594908841776  5.048823069816  0.343521910700  0.419672552323  -0.362367413097
  17  Si  4.520658739692  0.939438675187  5.092467817235  -0.041395257118  -1.094104647675  -1.036461563637
  18  Si  -1.646312280252  4.499021463518  7.477767802883  4.801162686687  2.697109349842  2.446470575192
  19  Si  1.444524306338  4.507236027948  7.534998688584  -0.335786336991  -0.173353168607  -0.180887803821
  20  Si  -0.115600794805  7.166943371928  7.483034736032  0.393385317088  1.116578561495  0.529828728545
  21  Si  6.236638069733  3.468680435459  0.163463246757  -2.822179644227  -1.243171235037  -1.715996250553
  22  Si  3.192472272936  3.469367968156  0.119615686006  -0.386605091965  0.314913137123  -2.135068242479
  23  Si  4.742012019237  0.812639017648  0.140591963762  -1.115881968181  -1.215694891169  -1.931718468217
  24  Si  3.038670599358  1.816766732624  2.540301704515  -0.015867328315  -1.119530717770  0.369348984071
  25  Si  6.072494701250  1.802683108432  2.580547156984  -0.073026508995  -0.824549520110  0.792773309714
  26  Si  4.539307793947  4.465886991413  2.553688337724  -0.053494430897  -0.753522674009  0.579104175089
  27  Si  1.469840049594  6.265559516309  4.989651864148  -0.663023538067  0.189807504932  0.343037667455
  28  Si  -1.600802698960  6.252794308210  4.950901214804  0.446484936587  0.654098073287  0.323285566891
  29  Si  -0.059742047494  3.595869988004  5.001001725600  0.350820431874  0.263673462499  0.190727642483
  30  Si  2.955412815573  1.830513532078  7.587886203142  0.389337963042  -0.210109591351  -0.537295124477
  31  Si  6.051686881831  1.868508135667  7.608492711706  -1.353687246819  -1.139864022834  0.161726478469
  32  Si  4.485701743332  4.499677878408  7.573571863810  -0.984166212730  -0.086815764327  0.333238426629
  33  Si  1.649102189653  6.121713233204  0.064580994662  -0.542554321294  0.550644614206  -1.874995922397
  34  Si  -1.422430285268  6.120460898743  0.037627019510  0.599796331811  0.572661458348  -1.365168406153
  35  Si  0.128137975043  3.456871458925  0.061878181436  0.245368027320  0.905434728099  -1.355094925025
  36  C  -0.064230680039  1.815713312833  4.383448091835  3.022046843330  1.287656671488  -0.254494946470
  37  C  2.975230635339  7.131738142000  4.385016123463  0.266039612096  1.319138962426  0.867337354109
  38  C  -3.117364165501  7.155495526619  4.318748036977  2.265070189107  2.266973809243  0.200199720143
  39  C  4.493898415339  6.248435496245  6.907438956784  -3.827673566658  -1.028118020790  -1.259244122602
  40  C  1.442694597755  0.951369010577  6.940164283779  -0.056251795785  -1.211850460990  -0.096518146539
  41  C  7.549118701685  0.945085793207  6.988691273698  -3.633757457278  -3.251478488238  -1.510692785215
  42  C  -0.138720198586  1.856765607135  9.431764698423  3.403818991523  1.241288601081  -1.035875785831
  43  C  2.913966507210  7.165764591132  9.401313341168  -0.022012203887  1.406292219480  0.934661239141
  44  C  -3.189122292188  7.182233807847  9.354776375656  2.296066046697  2.550897900017  0.310846410162
  45  C  4.545562963954  6.197189459425  1.901712998838  -3.766759697374  -1.397958127870  -0.023509368417
  46  C  1.507060944376  0.897038161947  1.904606204703  0.619881923893  -1.170725312303  1.416596214814
  47  C  7.620712542317  0.911021534090  2.013440403097  -3.556093023601  -3.654651181714  -1.274987324903
  48  C  -1.606606057103  4.459013818825  4.346924674514  3.383905636601  1.656876932096  -0.174598984851
  49  C  1.463474585123  4.481314877296  4.374798445428  0.187524569914  -0.078771886504  0.337349987184
  50  C  -0.071022226018  7.153687584271  4.373164769723  0.334709928053  0.988715414481  0.116908665747
  51  C  6.000690146692  3.619591126133  6.975787100949  -3.982920408892  -2.700923404883  -2.085749851026
  52  C  2.958620538878  3.605238964083  6.919594570252  0.295742895458  0.013889341488  0.369976003756
  53  C  4.523973309327  0.959514650484  6.955976181969  -0.474282611794  -1.114973523899  0.382952790237
  54  C  -1.665613601405  4.502259245432  9.391879918031  2.928879312402  1.571077582088  -1.015135049936
  55  C  1.403703134991  4.516592699781  9.395442473904  0.095834354295  -0.259227914736  0.435801164203
  56  C  -0.141124480564  7.182334870278  9.387856649064  0.206380871501  1.176984527496  0.399934004237
  57  C  6.075749649410  3.556295409902  1.940175980657  -4.030314552301  -2.461605734387  -0.170151399359
  58  C  3.052633506637  3.563490450488  1.904693527055  -0.292330846473  0.251832513069  1.617596498461
  59  C  4.586505308878  0.892726401194  1.955447640832  -0.451238512685  -1.212002271301  0.706156466290
  60  C  3.004746482393  1.840158816433  4.425334846725  -0.195553173932  -0.733335122964  -0.003974308068
  61  C  6.078583606031  1.816322301836  4.463761668364  -0.982548465146  -0.258092665819  0.330863551665
  62  C  4.564211783638  4.486465651756  4.423620479689  -1.360232746690  -0.408230605873  0.398155444680
  63  C  1.447407670972  6.266512129214  6.911016887492  -0.404890643586  0.522199850304  -0.780174369600
  64  C  -1.644812230755  6.262348526574  6.862994403472  0.640987357699  0.738413187940  -0.248958048702
  65  C  -0.090724870223  3.615771762865  6.898547166038  0.262597967382  -0.038482315317  0.061186550704
  66  C  2.924442673168  1.860428808074  9.457148681625  0.312310088087  -0.315140937518  -0.034295512712
  67  C  5.998788209233  1.864466259718  9.495296835041  -0.195715159584  -0.390940561101  -0.194960130762
  68  C  4.478275781125  4.527455845707  9.465894716994  -0.913345333941  -0.316126684390  -0.221863317655
  69  C  1.498586422615  6.214067417092  1.861656564882  0.453637553171  0.728369248618  1.407065055889
  70  C  -1.571394468334  6.176576410973  1.865483216108  0.666771306283  1.139553377094  0.512317118341
  71  C  -0.007625371313  3.569029930733  1.863643272815  0.169057877318  0.103953440689  1.571577314300


MDSTEP:  10
LATTICE_CONSTANT: 1.889726125458
LATTICE_VECTORS
  8.950887897101  0.000000000000  0.000000000000
  -4.515595524399  8.136696629119  0.000000000000
  -0.258521378894  0.170597749096  9.958809422474
VIRIAL (KBAR)
  252.192233186526  59.234859616702  35.146368300533
  59.234859616702  11.986794675660  -21.027462192726
  35.146368300533  -21.027462192726  166.074192416970
INDEX    LABEL    POSITIONS    FORCE (eV/Angstrom)
  0  Si  -0.008067968731  1.826586113224  2.511739444183  3.256658350503  1.052853002462  1.769549506253
  1  Si  3.031988695897  7.129628571787  2.508063727178  -0.845836942972  0.907705984189  0.728192740532
  2  Si  -3.098803326992  7.107078956427  2.421653681301  4.176839473085  3.548776421735  2.768894838230
  3  Si  4.495972663472  6.257679773760  5.031874012813  -1.782443321411  -0.597874632019  -0.059096795452
  4  Si  1.449240969259  0.935009815067  5.051007332924  0.852773530360  -0.875080520497  -0.802533702217
  5  Si  7.585304902003  0.959466250728  5.135317873939  -2.835245569037  -2.871737417593  -0.892298775253
  6  Si  -0.093154764330  1.835254970689  7.566072474750  3.484780276569  1.612903318278  0.665805281512
  7  Si  2.931709772598  7.166414845431  7.528921134861  0.513396572676  0.776060573515  0.424723913922
  8  Si  -3.170214049535  7.184954007410  7.481617398043  3.687028719356  2.687048547448  1.274986832352
  9  Si  4.681669052610  6.130535624827  0.130421058841  -2.123109667766  -0.496274580975  -2.499541951950
  10  Si  1.652388967653  0.804651909043  0.115283665352  0.280014796212  -0.803617317288  -1.922610822351
  11  Si  7.795630345325  0.814436340428  0.186763630270  -4.167844100826  -2.901075877927  -1.003389424901
  12  Si  -1.581969888222  4.444010702659  2.486317597999  4.465244675382  1.787879125454  1.746194430329
  13  Si  1.488494044845  4.478339572581  2.511334774845  0.391006918354  -0.685281454818  0.023813309019
  14  Si  -0.052986895061  7.119299362604  2.442509922088  0.724261543831  1.018029211668  1.377339178960
  15  Si  6.058249951837  3.596724358238  5.104860931468  -3.030751753106  -1.518395300423  -0.262688449368
  16  Si  2.981335520462  3.591612454535  5.042204576848  0.288085735910  0.657788058197  -0.160951035714
  17  Si  4.520337667649  0.940028586515  5.087026278254  0.029027941413  -1.109947559759  -0.934846236309
  18  Si  -1.647299587131  4.503839027786  7.480508003104  4.791649220610  2.514142344088  2.270194878303
  19  Si  1.440326699090  4.512167565034  7.539919900645  -0.256131496273  -0.434211592155  -0.218971095575
  20  Si  -0.109099529090  7.173877346338  7.487209393411  0.253011738115  0.964408501147  0.441160937464
  21  Si  6.236565340186  3.468828961850  0.163869401139  -2.797392435459  -1.312699569128  -1.802489904355
  22  Si  3.194460168501  3.464369712509  0.124678514829  -0.502065689773  0.428962829825  -2.226098061432
  23  Si  4.740700535670  0.811956071845  0.142542595249  -1.062482084386  -1.225710240767  -2.038552866221
  24  Si  3.035561647280  1.810065620373  2.542207395590  0.154865816105  -0.943010506452  0.338598634651
  25  Si  6.077359466055  1.803208635798  2.586219487004  -0.231049043558  -0.805574212529  0.521024401762
  26  Si  4.537870536176  4.469393853670  2.548908600067  -0.126498045784  -0.940369484951  0.706113989606
  27  Si  1.468637484754  6.262145508630  4.992694912100  -0.494654568822  0.356775163502  0.259244222502
  28  Si  -1.599771463018  6.253841170716  4.950890359070  0.361515682142  0.595535486986  0.273775606338
  29  Si  -0.063782052518  3.599638570062  4.998998324416  0.470240266406  0.268971824581  0.214879114573
  30  Si  2.949431301090  1.833547368900  7.585244970996  0.428048688638  -0.357387182187  -0.453272549597
  31  Si  6.056037289594  1.865181282819  7.613605338613  -1.390943319701  -1.047489694963  -0.032251028869
  32  Si  4.484236681609  4.505771607721  7.580575067607  -1.010184580557  -0.383133242153  0.141924281749
  33  Si  1.646647070543  6.120159737295  0.063622170809  -0.509107883441  0.660182199139  -1.526706155081
  34  Si  -1.428816782478  6.122749563382  0.037464942596  0.827469820754  0.536118061281  -1.223651384580
  35  Si  0.130346614824  3.457226202144  0.055590266708  0.201038075941  0.996908715667  -1.194712373108
  36  C  -0.060906631889  1.825254159330  4.390708088780  2.875763019119  1.101195573166  -0.389856301964
  37  C  2.979336977861  7.129204362603  4.377247752333  0.119118474537  1.338469595949  1.026410433261
  38  C  -3.117788277236  7.165674834417  4.322310263061  2.219627676179  2.087391133295  0.235764096189
  39  C  4.499002857193  6.238996464502  6.904843647362  -3.885168077621  -0.801227055943  -1.152277063641
  40  C  1.437055639649  0.943040604219  6.932643211458  0.109098613812  -1.099886436415  0.143130408396
  41  C  7.547458680031  0.931873130710  6.986155095570  -3.311144532684  -2.873952022659  -1.244746400849
  42  C  -0.137603246031  1.856048077415  9.428364392919  3.430362934507  1.322100317400  -1.061019614361
  43  C  2.912255959901  7.172319739150  9.407440528286  0.019756876946  1.322815067796  0.865404734532
  44  C  -3.178842559425  7.190236808652  9.352991969939  1.710848393453  2.312435673029  0.583087219023
  45  C  4.540832380707  6.194659405745  1.910336132968  -3.372192601746  -1.158127842966  -0.262894754294
  46  C  1.507560279444  0.906196393611  1.912283316743  0.551806580178  -1.357873668664  1.169025565838
  47  C  7.614712388563  0.911467708772  2.004752560814  -3.062423194901  -3.427452388486  -1.054547085946
  48  C  -1.604887036409  4.450873791977  4.336869681386  3.172571877982  1.805736001952  0.160467018751
  49  C  1.455418001560  4.490569163149  4.367150899665  0.301034190840  -0.327655159951  0.606748713178
  50  C  -0.069934991896  7.147596288005  4.368594555807  0.326499989250  1.131682654164  0.261123708024
  51  C  6.001474789845  3.622404250228  6.969456081285  -3.970349511354  -2.780925074875  -1.857453521860
  52  C  2.950910304452  3.598006224996  6.924130919201  0.397365867772  0.241635226443  0.224135953312
  53  C  4.523685660812  0.960291554705  6.955339086431  -0.458917104943  -1.078229209768  0.367592242216
  54  C  -1.668400429903  4.503019828370  9.385464241969  2.917679748887  1.567589695404  -0.868309340432
  55  C  1.407215721555  4.524787599349  9.399394613950  0.049025422367  -0.474398673315  0.370638079336
  56  C  -0.139490403720  7.181075537312  9.391269328771  0.124596565473  1.209470342419  0.367040271723
  57  C  6.069910175455  3.559578984474  1.935903357572  -3.754261100719  -2.381726932997  -0.003971725028
  58  C  3.052742478966  3.557345122419  1.902995338658  -0.338989702977  0.316144635060  1.794258549874
  59  C  4.587181224955  0.887807272326  1.951725517896  -0.414269366447  -1.068507930417  0.917434497370
  60  C  3.008318582816  1.847051895519  4.424766063764  -0.298959138711  -0.961365209814  -0.003781739588
  61  C  6.087468711740  1.816971967281  4.457835326997  -1.232622863633  -0.270999527785  0.477143731609
  62  C  4.557528639430  4.489656235332  4.421113629823  -1.185527062802  -0.595307061573  0.381119885853
  63  C  1.456340436556  6.259934148718  6.919845379204  -0.656507080080  0.670116332161  -0.970715034880
  64  C  -1.646593359927  6.261413944901  6.861138817962  0.798237576795  0.857885700191  -0.173261504531
  65  C  -0.087800841036  3.607039365486  6.894734529305  0.150906200813  0.224969212454  0.168002553785
  66  C  2.920399362289  1.863551790281  9.461663862044  0.379545893016  -0.406541609014  -0.185276446307
  67  C  6.008037539615  1.854317127071  9.494334621083  -0.484995394698  -0.124003576263  -0.165643395596
  68  C  4.472203362747  4.528319947379  9.469172596455  -0.768205929567  -0.370009048274  -0.232655124216
  69  C  1.501223828000  6.206199637428  1.872906787957  0.421683870132  0.972900873681  1.010543707928
  70  C  -1.562265902747  6.183377460210  1.872887522230  0.424964941867  0.996962092939  0.342540193416
  71  C  -0.010071544901  3.574064137107  1.862146151726  0.222820609473  0.016509319101  1.463044004160


