MDSTEP:  0
LATTICE_CONSTANT: 1.889726125458
LATTICE_VECTORS
  8.928385012384  0.000000000000  0.000000000000
  0.146568127906  8.829346432987  0.000000000000
  -0.225825253038  -0.150019460748  8.712513187158
VIRIAL (KBAR)
  -53.479840642299  -37.166057553651  53.677409557828
  -37.166057553651  -12.115275018015  27.202246802040
  53.677409557828  27.202246802040  25.859366560934
INDEX    LABEL    POSITIONS    FORCE (eV/Angstrom)
  0  Si  3.234323518670  1.041732589942  3.320454952306  0.165532296374  -1.009467514681  -0.086736590067
  1  Si  3.176511849676  1.001094103348  7.651481954507  -0.556566271806  -1.016493158725  0.671403443781
  2  Si  3.262390972425  5.378817349066  3.361670267852  0.085951983205  -0.173307102669  -0.464670493770
  3  Si  3.203436272075  5.340016524820  7.698823098871  -0.227166297929  -0.282182636432  0.397302951017
  4  Si  7.592448385260  1.001296000325  3.376725082754  0.433954498557  -0.721549620886  -0.159960762539
  5  Si  7.524408548459  0.961339290618  7.716421947978  -0.099831951449  -0.890017613452  0.439239062716
  6  Si  7.611635944621  5.361205135826  3.404433469680  1.245455433460  -0.833122856172  0.085572142995
  7  Si  7.560175746052  5.306520750991  7.762497391701  0.136153157236  -0.576770252817  0.119464242575
  8  Si  3.283522011934  3.238544823023  1.151304973570  0.077544208267  -0.663014927632  0.243350677450
  9  Si  3.221644524514  3.201885564872  5.491562933100  -0.034233529847  -0.769884062817  0.324424820448
  10  Si  3.298454685413  7.558510885953  1.195383354984  1.418376760475  1.861523977048  -0.601142065243
  11  Si  3.253124047606  7.542676680075  5.532036344083  0.757434424719  1.538738893746  -0.478604753920
  12  Si  7.620381141157  3.169301440005  1.206732311426  0.895765392863  0.355780487588  0.094374167622
  13  Si  7.576564711278  3.148655701242  5.549985098536  0.616512443863  -0.233464652496  0.272576576813
  14  Si  7.679605944563  7.534963281108  1.239309754786  1.003960632253  1.933937088456  -0.463341457051
  15  Si  7.590933317423  7.489874590593  5.607740724094  1.825735746010  1.640001942500  -0.927363536665
  16  Si  1.080118960942  1.063025774441  1.102441462797  -3.058226052855  -0.742754178810  0.732423348146
  17  Si  1.045462754978  1.032503935497  5.469818717513  -3.830065099925  -1.140621763973  0.652413008404
  18  Si  1.104261705381  5.428900987612  1.146003366233  -2.932374559380  -1.016805563271  0.794779167480
  19  Si  1.069291966843  5.378263173703  5.501272902064  -3.530524629164  -0.655387095018  0.665833951867
  20  Si  5.432366752598  1.027373150853  1.179797949758  0.071653328474  -0.418585136090  -0.285201541537
  21  Si  5.374758411016  0.992735584694  5.517236961122  0.304528588520  -0.630619353679  -0.046168750394
  22  Si  5.484529794465  5.369821345067  1.204164688851  0.070521779319  -0.129607148205  -0.030116687222
  23  Si  5.399602908696  5.349007311606  5.556046879879  0.375007926322  -0.531073495384  -0.165853746532
  24  Si  1.082101164656  3.217495556727  3.314639041777  -3.570982204657  -0.351024786985  0.222981786988
  25  Si  1.007201951524  3.212699407499  7.656962748715  -3.564564721518  -1.571590898285  0.928697829942
  26  Si  1.124377117023  7.580560217402  3.330120871285  -2.761429727848  1.249910004575  0.031345880525
  27  Si  1.051609061680  7.527049598636  7.701663252586  -3.001979387431  1.200958235106  -0.155228582120
  28  Si  5.431881837495  3.190260643968  3.346886860246  -0.078783349263  -0.122051995279  0.454363537717
  29  Si  5.358660572193  3.159745747125  7.714928749011  -0.344459211939  -0.568704722556  0.063235244550
  30  Si  5.455753653845  7.528117159259  3.371119752241  1.072168544525  1.754686823439  -0.306564155145
  31  Si  5.395458571952  7.503981691519  7.746370539832  0.387099454160  1.274337368902  -0.321411164329
  32  C  8.840186724216  8.761337677160  0.119282365902  2.506763860618  -0.652207983915  -0.019424071630
  33  C  8.788468122463  8.712352027338  4.451973847135  1.943730163915  -0.956884542968  0.318820522285
  34  C  8.739460199202  4.266535600380  0.145634106240  3.022257660670  1.230986914265  -0.684700602843
  35  C  8.686887276634  4.227207983329  4.503441146960  2.556848480118  0.973486580647  -0.864678582978
  36  C  4.507490501242  8.794559730448  0.053325564781  -0.464207393493  -1.041909614309  0.522097351974
  37  C  4.447411443239  8.741603600677  4.406887695644  -1.160283668561  -1.191912417184  0.562594011184
  38  C  4.387704132410  4.312121467503  0.096707002210  0.619166918690  0.583295857474  -0.394362348469
  39  C  4.302888630896  4.277862853311  4.435493796299  0.491877368509  0.111538097624  0.063167236967
  40  C  8.665970825001  2.101466493590  2.301099373094  3.133663081891  0.209425669569  -0.449323494027
  41  C  8.618117869249  2.050195584070  6.665431709777  2.766459941615  0.600435514127  -0.865496561577
  42  C  8.721505598966  6.427178282374  2.327900826499  2.798269238841  0.771506730200  -0.571056289061
  43  C  8.666753237522  6.403194487881  6.700424500516  2.521023227335  0.331887531108  -0.668896545305
  44  C  4.350035456606  2.120474698285  2.263765432014  -0.454679718465  0.310147978082  -0.328045368802
  45  C  4.285533278869  2.078712760668  6.595584634843  -0.419875783054  0.378692601017  -0.181777734588
  46  C  4.384032987318  6.451710157446  2.270616240889  -0.403840032507  0.368702917360  0.216016587634
  47  C  4.318557028128  6.435860408515  6.623966949051  -0.455676379908  0.163983491944  0.221318118239
  48  C  2.292908105562  8.781979048181  2.201800203022  -0.778442141515  -1.043820627983  0.833606531599
  49  C  2.080737346615  -0.076891312773  6.567273710537  -0.747642225576  -1.511018554069  0.457965358806
  50  C  2.181367720702  4.302789326003  2.242038151076  -0.262331063412  0.498400756550  0.015279426443
  51  C  2.128625072953  4.271595400949  6.599380394695  -0.323128264213  0.188439497006  -0.282920839085
  52  C  6.625775013765  8.765938921992  2.258669268890  -0.179553056242  -1.644485968750  0.668266817597
  53  C  6.594426628234  8.710585366000  6.605879311269  -1.205607102963  -1.085285003738  0.637049551516
  54  C  6.532774450955  4.270396194046  2.308050894768  0.059225995505  0.422530984385  -0.421760916276
  55  C  6.477742171573  4.235213790677  6.640575097262  -0.418625415358  0.312923680808  -0.057871947369
  56  C  2.203939849200  2.143567654727  0.049143701474  0.335661697960  0.825039372593  -0.343157083286
  57  C  2.117535329220  2.100681932306  4.391221554809  0.312592185431  0.486476711611  0.295504908906
  58  C  2.237936888721  6.497569251690  0.095133260028  0.277004613907  0.345883200174  -0.521165395331
  59  C  2.159015738436  6.452623414611  4.434800640803  0.096503434741  0.557929428414  -0.090583224193
  60  C  6.534595487419  2.123600484608  0.103893496286  0.540057505353  0.281835766670  -0.360165492686
  61  C  6.482059432465  2.089233322046  4.444137586798  -0.147512881534  0.044610757522  0.153301227129
  62  C  6.581731647283  6.457672287464  0.142767052785  0.627505982831  0.749320550394  -0.462139606178
  63  C  6.528411036353  6.415963369493  4.486149398263  -0.539375834720  0.618269838325  -0.098879101098


MDSTEP:  1
LATTICE_CONSTANT: 1.889726125458
LATTICE_VECTORS
  8.928385012384  0.000000000000  0.000000000000
  0.146568127906  8.829346432987  0.000000000000
  -0.225825253038  -0.150019460748  8.712513187158
VIRIAL (KBAR)
  -53.586117406890  -37.206653166261  53.833557421303
  -37.206653166261  -12.369303165035  27.266936778926
  53.833557421303  27.266936778926  25.542440349980
INDEX    LABEL    POSITIONS    FORCE (eV/Angstrom)
  0  Si  3.234880167615  1.041258520173  3.320912652274  0.142160241850  -1.008508279521  -0.102652086678
  1  Si  3.176110220403  1.001307493366  7.652147515742  -0.558697900066  -1.019225004202  0.647088943728
  2  Si  3.262050438340  5.378602310608  3.361508068829  0.084071783099  -0.173850364260  -0.461699054081
  3  Si  3.203390376629  5.339046133864  7.699440956755  -0.238541057542  -0.252399999141  0.380397627607
  4  Si  7.592923929984  1.001036022781  3.375879627119  0.411938455321  -0.721831897767  -0.136825579563
  5  Si  7.524206099763  0.961213139083  7.716688993422  -0.081615222236  -0.894358995520  0.428846947530
  6  Si  7.611679210615  5.360715187136  3.404813387180  1.247413437460  -0.792620484720  0.062990895558
  7  Si  7.560174138227  5.306450627156  7.761667508517  0.142134220912  -0.576247619392  0.135521874914
  8  Si  3.284707938276  3.237900737888  1.151765954587  0.048354483568  -0.637181016605  0.237754169229
  9  Si  3.221458555745  3.201154373974  5.491788843777  -0.046338543728  -0.744729076926  0.318475130365
  10  Si  3.299266317249  7.559841066927  1.195554903045  1.390807345933  1.833773862731  -0.604675949093
  11  Si  3.253680218709  7.542093262149  5.531937129585  0.739927097761  1.544185176739  -0.483248425362
  12  Si  7.620309355142  3.169513540110  1.207030993492  0.906638046268  0.341200559552  0.084244947692
  13  Si  7.577294834098  3.149337980064  5.549537472672  0.613450775969  -0.239153395838  0.299421027215
  14  Si  7.680064851513  7.535184786168  1.238474835309  1.010762658281  1.921410249938  -0.452522571092
  15  Si  7.591780901355  7.490548854567  5.608432800038  1.809487317920  1.614768675611  -0.960833448484
  16  Si  1.079548272903  1.063596558736  1.102113048153  -3.026073517872  -0.750714273415  0.747322113220
  17  Si  1.044262780782  1.032788050271  5.470106581047  -3.794150784837  -1.136949654926  0.639854079811
  18  Si  1.103711769083  5.429259715595  1.145873604249  -2.907275073463  -1.016032303037  0.796747173218
  19  Si  1.068592793617  5.378110797453  5.501238956635  -3.500125100184  -0.631053813338  0.651006477578
  20  Si  5.432735887444  1.026595702538  1.179827084043  0.060546466797  -0.406140331225  -0.300917808034
  21  Si  5.374993474391  0.993369498106  5.517374207432  0.298675552775  -0.651909922518  -0.043055679004
  22  Si  5.483960492325  5.369548662896  1.203846237847  0.089336787772  -0.107171984951  -0.020808136282
  23  Si  5.399445940669  5.348602896859  5.555845303499  0.368828112880  -0.512462278296  -0.156194525123
  24  Si  1.081277890170  3.218283495205  3.315175763623  -3.534820824148  -0.367965649634  0.218622389702
  25  Si  1.006881321409  3.212792798686  7.657868012577  -3.556028872119  -1.562721206073  0.910035039544
  26  Si  1.123884660942  7.580740772619  3.329944597161  -2.741287072596  1.245653230535  0.028186190959
  27  Si  1.050806580639  7.527958965676  7.701041956445  -2.967705203489  1.177995260649  -0.135964288301
  28  Si  5.431537985273  3.189289949541  3.346705572836  -0.081105863532  -0.096301669149  0.471649427906
  29  Si  5.358524207252  3.159409558571  7.714228743314  -0.338401820767  -0.561021869811  0.072341921584
  30  Si  5.455397522177  7.527732300960  3.371345412138  1.070612419125  1.753540990291  -0.310871446012
  31  Si  5.395440613643  7.504327403512  7.746432233058  0.383048633620  1.266884120065  -0.329379471630
  32  C  8.842079373860  8.761222023416  0.119797630181  2.468695337420  -0.638498321949  -0.042902113212
  33  C  8.788167980610  8.712449808110  4.451924145190  1.940191058305  -0.960281521280  0.319130840807
  34  C  8.740832555403  4.265828264184  0.145164435057  2.989500501751  1.241305081803  -0.682994092278
  35  C  8.687876144158  4.228146909526  4.502978961268  2.534560256980  0.955556005198  -0.853277233481
  36  C  4.506404902338  8.794023156710  0.053708365852  -0.443921595177  -1.029062287985  0.522114214341
  37  C  4.447155668601  8.741852948827  4.406541226554  -1.138070659459  -1.193531130874  0.576534868067
  38  C  4.389028640671  4.311911781294  0.096383341450  0.593797126253  0.570206974686  -0.385544587495
  39  C  4.302087811540  4.278797926286  4.436602585132  0.507057463141  0.079599827349  0.036003869960
  40  C  8.666739808170  2.100442498438  2.301581494334  3.113005137607  0.239478248003  -0.470060658452
  41  C  8.620148645552  2.049725815908  6.665608651677  2.722350248954  0.611565541710  -0.873134030013
  42  C  8.723686533184  6.427419895336  2.326595160912  2.742405615548  0.756650305421  -0.545659472013
  43  C  8.667475193130  6.403229660723  6.699635273832  2.507681052575  0.327553377189  -0.659745037906
  44  C  4.349890781350  2.119822711198  2.263339656839  -0.438295130788  0.306819194669  -0.318127948056
  45  C  4.285331201313  2.079599235084  6.595423958565  -0.418473359447  0.348609154742  -0.170031069848
  46  C  4.382956878330  6.451392663479  2.271171841948  -0.374847317922  0.371785350082  0.197844252352
  47  C  4.319157373545  6.436370307997  6.623949435953  -0.466622212534  0.143745894864  0.229270340825
  48  C  2.292615968574  8.781751190491  2.202132890283  -0.778008247608  -1.022218029536  0.828859073776
  49  C  2.080556594664  -0.076966706251  6.566631389735  -0.745645709999  -1.505613477192  0.465203431763
  50  C  2.181037287687  4.303261960192  2.242467309813  -0.256468452294  0.477250754647  -0.003195641574
  51  C  2.127292862964  4.271613733167  6.598826690548  -0.303247764796  0.181861793531  -0.263505649777
  52  C  6.625587989078  8.765582518052  2.257876897895  -0.165006091329  -1.645567051575  0.681758888203
  53  C  6.594803642052  8.709301136797  6.605505994486  -1.216263950615  -1.045229041299  0.659870398880
  54  C  6.532838523385  4.270070462210  2.307971362744  0.055089557894  0.424200446453  -0.417118365184
  55  C  6.476677518243  4.235710701493  6.641141950123  -0.383753178378  0.295916642849  -0.080426620826
  56  C  2.203978172499  2.144662214591  0.048488940560  0.336992064187  0.807235454113  -0.317436457468
  57  C  2.118608091859  2.100513081848  4.390831978110  0.274799124151  0.489195137244  0.305626804266
  58  C  2.237730755828  6.498088746488  0.096021561724  0.283166727073  0.348780712950  -0.543949539176
  59  C  2.159570515341  6.452404521071  4.433368034156  0.070666893256  0.562809893450  -0.055405925682
  60  C  6.534354351614  2.123602130656  0.102987002359  0.547724139708  0.277298187149  -0.339928495569
  61  C  6.482085889992  2.089537756802  4.445341792505  -0.131918761578  0.037657774239  0.117959620204
  62  C  6.581882982577  6.458266512599  0.141971251886  0.629351582323  0.734705550873  -0.443909388007
  63  C  6.527522165222  6.416260440780  4.486530133450  -0.502518435935  0.611352522631  -0.104682186044


MDSTEP:  2
LATTICE_CONSTANT: 1.889726125458
LATTICE_VECTORS
  8.928385012384  0.000000000000  0.000000000000
  0.146568127906  8.829346432987  0.000000000000
  -0.225825253038  -0.150019460748  8.712513187158
VIRIAL (KBAR)
  -53.798705070362  -37.394348168276  54.348691506317
  -37.394348168276  -12.503705575248  27.371709045961
  54.348691506317  27.371709045961  25.338158297432
INDEX    LABEL    POSITIONS    FORCE (eV/Angstrom)
  0  Si  3.235101908537  1.039094506671  3.321169001577  0.140170729237  -0.939272323268  -0.095325490025
  1  Si  3.173363014109  1.000326788281  7.651749546125  -0.458595581384  -0.947751195834  0.660610688743
  2  Si  3.261054983575  5.379792305357  3.360088428700  0.150538676851  -0.206792985624  -0.421198892802
  3  Si  3.204096235243  5.339234817424  7.701780378861  -0.270422840103  -0.218464866641  0.308187793965
  4  Si  7.594044487451  1.002418757389  3.376874099338  0.427167491897  -0.674057877667  -0.180816957896
  5  Si  7.523188163395  0.961673848275  7.714235918691  -0.062175632922  -0.943921254549  0.517876244284
  6  Si  7.612281257545  5.362253233923  3.405458534490  1.216532925194  -0.793396791259  0.047593912282
  7  Si  7.560974105282  5.306350121653  7.761191396491  0.146062278919  -0.512269237151  0.123877803977
  8  Si  3.283998927084  3.238833958992  1.153436826584  0.056772644612  -0.674097934596  0.204749813932
  9  Si  3.222378645238  3.199071253388  5.489439389610  0.004329887101  -0.668492584479  0.370922036791
  10  Si  3.297446696764  7.561448699344  1.193702772818  1.433832966126  1.801331789034  -0.599623305507
  11  Si  3.254560618452  7.543678153217  5.532128175537  0.677978096507  1.500136072521  -0.507945024140
  12  Si  7.617994739509  3.167028798495  1.206034707599  0.955720547437  0.462787595271  0.093456776801
  13  Si  7.576250483308  3.150073681387  5.551522518031  0.667988592361  -0.172819149957  0.245184833603
  14  Si  7.678733720465  7.535009767150  1.239200257274  1.044098677103  1.876439459375  -0.458324568169
  15  Si  7.594397661461  7.491910605201  5.607119543759  1.800583919432  1.617009574021  -0.910682556329
  16  Si  1.080535398586  1.061687142413  1.100564960224  -3.046506165575  -0.708560433804  0.763280117019
  17  Si  1.042977529369  1.034129094280  5.471251048772  -3.749250727113  -1.126904571388  0.635977975907
  18  Si  1.104840544411  5.427284663977  1.145592081856  -2.926524660163  -1.002645522814  0.833919505213
  19  Si  1.068475075930  5.379836026324  5.501712107688  -3.474717484556  -0.686452665169  0.669932253749
  20  Si  5.434014576519  1.028732784485  1.178318835320  -0.021242551336  -0.449670622456  -0.238458300325
  21  Si  5.377341589813  0.993416333183  5.519640950219  0.208102304717  -0.630060985880  -0.095354280666
  22  Si  5.483961741403  5.369788565756  1.206150676793  0.049848141179  -0.092059441853  -0.090779335780
  23  Si  5.401149993422  5.350080476430  5.556289079429  0.299822057410  -0.490722613711  -0.166928045038
  24  Si  1.080891021879  3.220764353612  3.317545205831  -3.522213920327  -0.373910395030  0.178579693530
  25  Si  1.004736038797  3.214226304562  7.658649975771  -3.480276173770  -1.564653431684  0.898538355035
  26  Si  1.123668129283  7.582533799613  3.331404106318  -2.720898245232  1.203873722921  -0.009471063359
  27  Si  1.051339448461  7.527114954464  7.701544698898  -2.980580712995  1.197876966064  -0.141524686107
  28  Si  5.431355170799  3.187503705623  3.348423076032  -0.019980984017  0.020229659501  0.435680977610
  29  Si  5.360329769961  3.161180415230  7.715119077980  -0.411651767415  -0.487303671171  0.045774262001
  30  Si  5.455304634224  7.528924194652  3.371748692037  1.066531253461  1.691381156784  -0.325832745120
  31  Si  5.396338659007  7.504965600608  7.744467938313  0.363290645258  1.255246073900  -0.299823015684
  32  C  8.844698573948  8.756949729683  0.121380382481  2.383381355006  -0.539811869860  -0.112222913857
  33  C  8.789872653144  8.714355723958  4.452301642032  1.930011348228  -0.956108765338  0.320643720961
  34  C  8.740116075895  4.266743389936  0.144699084734  2.988353091923  1.203566024285  -0.676900942618
  35  C  8.686277850209  4.231444867739  4.501365082094  2.546401549793  0.880033766702  -0.777567946889
  36  C  4.507156353567  8.792811115386  0.051262038358  -0.449030094974  -0.972381678637  0.560907281836
  37  C  4.445541773221  8.738857929952  4.406253884361  -1.100332072977  -1.100982269406  0.624659876449
  38  C  4.385621437959  4.314121364836  0.096667044899  0.684631496067  0.525416619469  -0.351825696801
  39  C  4.305014182885  4.279527415271  4.436202814408  0.453807840894  0.100421537123  0.035560263761
  40  C  8.669058280297  2.104620673029  2.297651860172  3.067816699736  0.128583393419  -0.372464841998
  41  C  8.618908564296  2.051350181216  6.665690304301  2.726198420779  0.593206906396  -0.861459896815
  42  C  8.723656632145  6.425772166988  2.327205213162  2.746723595146  0.809212582197  -0.564004693205
  43  C  8.672898672219  6.405408058594  6.698806277169  2.422780276574  0.302381435400  -0.649009607815
  44  C  4.349044152488  2.122891206033  2.266727780141  -0.402919182841  0.208219478427  -0.386551976470
  45  C  4.288608519514  2.083091695405  6.597436681984  -0.480696735706  0.250662017886  -0.200859710941
  46  C  4.381316086160  6.451987077914  2.269069974123  -0.353504076234  0.407110969210  0.247281060390
  47  C  4.318601832448  6.440106582055  6.623861286644  -0.451728822949  0.062709597283  0.228163824129
  48  C  2.295084532083  8.784691353010  2.200253206881  -0.818085344844  -1.063045298355  0.864274216466
  49  C  2.079619849281  -0.075920530742  6.569149845147  -0.764655505967  -1.526319214712  0.393939771590
  50  C  2.184089529323  4.301694037078  2.244570576518  -0.335468096042  0.513809160483  -0.038735608472
  51  C  2.130780215688  4.270406276828  6.597829218278  -0.378418290169  0.203491283167  -0.247202795926
  52  C  6.625944719775  8.764698899136  2.259407932697  -0.179255459947  -1.575719836611  0.661691589427
  53  C  6.591339553864  8.708284094007  6.604909997710  -1.111167140493  -1.051373572462  0.681858210497
  54  C  6.534121424467  4.273764000040  2.305307517437  0.019706637736  0.311839482983  -0.321824079134
  55  C  6.477226851327  4.238889948718  6.637936271575  -0.378213460020  0.255779960379  0.021201031131
  56  C  2.203231075976  2.142887813221  0.049413346997  0.340801622069  0.857988170243  -0.334580614503
  57  C  2.119574957929  2.102327216529  4.391852977566  0.236996494502  0.415379363526  0.287999677104
  58  C  2.234407299570  6.498858908284  0.096096687820  0.346651747894  0.324066292120  -0.534447022480
  59  C  2.157555564599  6.448984131194  4.432066536655  0.122439192831  0.680238157016  -0.025028620583
  60  C  6.530842658321  2.127235371970  0.103530363825  0.629355921005  0.192502765595  -0.374705104003
  61  C  6.484158788546  2.092684726876  4.448924151833  -0.156169214799  -0.053421213232  0.056098582523
  62  C  6.579756898763  6.458437987387  0.141515814717  0.671967972348  0.738814024979  -0.454524720482
  63  C  6.529494934941  6.417870491007  4.490194517625  -0.522716152463  0.611699216915  -0.192417090765


MDSTEP:  3
LATTICE_CONSTANT: 1.889726125458
LATTICE_VECTORS
  8.928385012384  0.000000000000  0.000000000000
  0.146568127906  8.829346432987  0.000000000000
  -0.225825253038  -0.150019460748  8.712513187158
VIRIAL (KBAR)
  -54.051833881416  -38.050410202268  54.450315770815
  -38.050410202268  -12.933912380999  28.207079074491
  54.450315770815  28.207079074491  24.979333621296
INDEX    LABEL    POSITIONS    FORCE (eV/Angstrom)
  0  Si  3.232754346024  1.037332217910  3.323792911282  0.192258157541  -0.935713461417  -0.199687881081
  1  Si  3.172274240251  1.002777592557  7.653697799142  -0.408804592885  -1.003441245551  0.548239693673
  2  Si  3.260938528408  5.378143321381  3.363048274455  0.178027895618  -0.209801711670  -0.524624367755
  3  Si  3.201378161718  5.341701557863  7.702742566650  -0.179853204173  -0.202469400541  0.224865546950
  4  Si  7.595711164522  1.005138112719  3.374615960271  0.372775176280  -0.772276640806  -0.081919529753
  5  Si  7.521653482199  0.959036070754  7.712349260280  -0.018948996613  -0.893870583293  0.556201278903
  6  Si  7.613575875670  5.359730237091  3.402879905432  1.269750659338  -0.714776146161  0.063550008017
  7  Si  7.559130528579  5.309280655701  7.757854893776  0.166434568454  -0.592094363478  0.165047961048
  8  Si  3.281660860144  3.235960963296  1.153241976088  0.134408930121  -0.616084263526  0.171532058158
  9  Si  3.223412653097  3.201727745866  5.486792420917  0.031246694839  -0.705842635570  0.401285143047
  10  Si  3.298733263052  7.559082532069  1.192758214980  1.401029606920  1.882499840085  -0.562305922944
  11  Si  3.254768728001  7.543752729755  5.530516071753  0.668235779412  1.536192045938  -0.473131593934
  12  Si  7.616544125359  3.170054267862  1.206526716326  1.031842197222  0.328660159527  0.052567624553
  13  Si  7.574330123734  3.146780175916  5.551133002587  0.676386759411  -0.132191132821  0.260943961657
  14  Si  7.681274326574  7.537415647099  1.238044535789  0.978078894348  1.832278276801  -0.466605053410
  15  Si  7.598477579491  7.489238594416  5.606970363346  1.718090369715  1.667673052771  -0.949585779431
  16  Si  1.077410095310  1.062568313355  1.102215880957  -2.977192541095  -0.739851369929  0.742213940018
  17  Si  1.040491263681  1.036448231614  5.472489314566  -3.598289684208  -1.173229699712  0.648236099613
  18  Si  1.102733306799  5.423813475760  1.147732382104  -2.770705369980  -0.897307800323  0.758106394561
  19  Si  1.069389759815  5.380981429014  5.503206778462  -3.486087926000  -0.699470944698  0.615894606198
  20  Si  5.436816737708  1.027278066510  1.179991864497  -0.134112514820  -0.419050820123  -0.289351090133
  21  Si  5.376008539532  0.995350277997  5.517446907902  0.276391819257  -0.721693254457  0.039285419617
  22  Si  5.484612166055  5.366652946819  1.203349242760  0.060429683275  -0.035295844010  -0.068482088116
  23  Si  5.398870754455  5.348133495998  5.553702794171  0.350871179417  -0.350435531744  -0.175454434034
  24  Si  1.080300428256  3.217563969185  3.320314296493  -3.495234812155  -0.281968929205  0.110303157885
  25  Si  1.006637030820  3.210602732588  7.661914319636  -3.449779508300  -1.440158382922  0.774456490580
  26  Si  1.122518242225  7.581258106539  3.332005657591  -2.684957023051  1.228963061499  -0.012882036114
  27  Si  1.048013602756  7.528114423749  7.701331722449  -2.901785504995  1.159216365508  -0.126712718007
  28  Si  5.433541651716  3.190472202706  3.348757108299  -0.099524278638  -0.126957053834  0.336004485253
  29  Si  5.360760059553  3.162607520820  7.713224947106  -0.408937273464  -0.486024991850  0.111172574167
  30  Si  5.454031823554  7.530433797087  3.371902105107  1.097260290424  1.630145764339  -0.354638602633
  31  Si  5.393103759442  7.508396270146  7.743305244118  0.395786056592  1.212442512936  -0.344411243486
  32  C  8.843485230822  8.756756612334  0.120237817346  2.395716618808  -0.535988406905  -0.099862392215
  33  C  8.789373459424  8.715499851646  4.454101830199  1.930613885697  -0.953729510835  0.291855418092
  34  C  8.741914397050  4.265255187876  0.146314969140  2.927794880021  1.264318620092  -0.735047586410
  35  C  8.686547221597  4.229117512746  4.503495553420  2.538907472751  0.893613986770  -0.822186777881
  36  C  4.504224640361  8.793981181521  0.046570123747  -0.361961008842  -0.949798188020  0.705994369828
  37  C  4.448326140868  8.741719241673  4.407826673147  -1.187211568898  -1.153949846810  0.582546938029
  38  C  4.384273912254  4.316328665655  0.096669595779  0.676915882148  0.442652842694  -0.375581365007
  39  C  4.309077584242  4.276953097832  4.433640353662  0.400052978473  0.170602714365  0.052830410306
  40  C  8.666986649577  2.104876831609  2.301495932303  3.106294794170  0.186903105377  -0.471564498976
  41  C  8.622282713994  2.052156552463  6.668413676219  2.638027664376  0.575516217201  -0.888600956908
  42  C  8.730741296982  6.428938570382  2.325093606396  2.616642550188  0.720250026732  -0.513192998223
  43  C  8.673356251201  6.400803290543  6.693224118082  2.471572076794  0.346926205597  -0.564302320923
  44  C  4.343459994773  2.122922996200  2.264215863831  -0.255313742080  0.191679979187  -0.311339488487
  45  C  4.290435970603  2.086695852358  6.597354085190  -0.545646693037  0.185977952121  -0.218779970008
  46  C  4.380686365287  6.447831463292  2.265984115473  -0.303910740275  0.469123488382  0.338886134817
  47  C  4.318065155495  6.444657023949  6.619191365722  -0.429853812598  -0.052969777146  0.275362172269
  48  C  2.290010108971  8.781125528285  2.203193952064  -0.740406513410  -1.037041626699  0.826687740876
  49  C  2.080187965970  -0.081474096815  6.574372224553  -0.837693174957  -1.372199673388  0.267460566856
  50  C  2.187725833018  4.298557734828  2.244283807027  -0.462386396286  0.530685007295  0.010295219560
  51  C  2.133210848901  4.273519312474  6.592390385155  -0.437616771984  0.116320154024  -0.103207516790
  52  C  6.626636286812  8.765946438693  2.262530022253  -0.165402139882  -1.617541776410  0.603482775218
  53  C  6.594938415892  8.703149742327  6.608515058132  -1.216869111888  -0.958665298032  0.560661809328
  54  C  6.538882365027  4.269778681865  2.302656394227  -0.076584670193  0.418076185296  -0.291798639959
  55  C  6.474152299326  4.242387639996  6.633649057116  -0.305000299848  0.165385023206  0.084689093755
  56  C  2.206127313549  2.141209070199  0.045672124805  0.232173853262  0.857504028489  -0.212721426778
  57  C  2.124417750882  2.105433566893  4.387797501368  0.117709388297  0.317531078955  0.455427283022
  58  C  2.239799416948  6.502789101225  0.093983105684  0.126858968371  0.201569548739  -0.486940500416
  59  C  2.159699593539  6.449068365562  4.431349155661  0.063862912414  0.670086912162  -0.014235178370
  60  C  6.532985377730  2.125519148430  0.104297480345  0.600064346440  0.254752427945  -0.416055154434
  61  C  6.480100392763  2.088191126046  4.447672461570  -0.053997999029  0.050469771106  0.056661725277
  62  C  6.576437942559  6.460730803405  0.137052819758  0.740957884321  0.720472854626  -0.360858822829
  63  C  6.533121272139  6.419238221394  4.486966744293  -0.589403001133  0.553401102122  -0.176680165686


MDSTEP:  4
LATTICE_CONSTANT: 1.889726125458
LATTICE_VECTORS
  8.928385012384  0.000000000000  0.000000000000
  0.146568127906  8.829346432987  0.000000000000
  -0.225825253038  -0.150019460748  8.712513187158
VIRIAL (KBAR)
  -54.005142523623  -38.434190602182  54.411183111453
  -38.434190602182  -13.179519461375  28.328746035578
  54.411183111453  28.328746035578  24.837767121740
INDEX    LABEL    POSITIONS    FORCE (eV/Angstrom)
  0  Si  3.234217798769  1.037250551972  3.322166424427  0.161987902216  -0.895852045451  -0.211242888668
  1  Si  3.175813332237  1.004659449218  7.650748785658  -0.544297798500  -0.947260006408  0.597307708257
  2  Si  3.257166462091  5.378195239690  3.362032050314  0.184768986291  -0.196978985601  -0.595392378374
  3  Si  3.198921851369  5.341238909000  7.699998554800  -0.101583224852  -0.211163939639  0.355444150533
  4  Si  7.594247336514  1.004322875656  3.370482042490  0.415559703908  -0.689900065698  -0.030162074322
  5  Si  7.522890468459  0.955625957366  7.712224450940  -0.012616646777  -0.780710561989  0.536225642466
  6  Si  7.610560084227  5.361811257988  3.405275487215  1.380397068662  -0.787856522967  -0.071464809733
  7  Si  7.560720854307  5.312482856650  7.760959989978  0.062169624171  -0.636296411281  0.091529075938
  8  Si  3.278076447930  3.231990115355  1.153525675999  0.222008871341  -0.475554358021  0.193944285142
  9  Si  3.220743014358  3.205037306437  5.483688637323  0.032133599454  -0.748564140854  0.366173946926
  10  Si  3.298284750613  7.560527819741  1.193714082031  1.345203333338  1.817914611874  -0.622045423928
  11  Si  3.256661475478  7.544607686161  5.529578266698  0.598123045848  1.548073809089  -0.384724349825
  12  Si  7.619575322951  3.170812046533  1.210044402770  0.978596532366  0.219701660833  -0.009090146599
  13  Si  7.572252320848  3.149136001974  5.550178291237  0.742188544092  -0.180970794811  0.235621822608
  14  Si  7.680629799262  7.534703573491  1.240440847290  0.984256315017  1.943625270432  -0.480762314115
  15  Si  7.598132400404  7.491864361125  5.610248615403  1.767527974321  1.591941582847  -1.079326508341
  16  Si  1.079286867704  1.065065864677  1.104251032609  -2.983304440781  -0.767711642654  0.693117639521
  17  Si  1.040377515345  1.036179150723  5.473746899876  -3.613605783453  -1.074702003432  0.556570149500
  18  Si  1.101801373356  5.424159492904  1.149419413038  -2.814932500909  -0.891986228474  0.715609535459
  19  Si  1.064285935333  5.382865932873  5.504246109943  -3.375533570565  -0.795617031628  0.611880909645
  20  Si  5.433773725063  1.024178181748  1.177367867436  -0.044056002577  -0.319848452788  -0.192688443594
  21  Si  5.378406494102  0.997960492012  5.519413908701  0.201002848939  -0.724769365516  -0.029957482479
  22  Si  5.482009771574  5.368024787953  1.201773194838  0.112951722370  -0.184631756353  -0.023181792081
  23  Si  5.395716873480  5.351237791906  5.550340342292  0.458500722897  -0.439245934954  -0.146623055504
  24  Si  1.078931764005  3.215560349105  3.317859361912  -3.473665305393  -0.199635433216  0.115121917176
  25  Si  1.003689701145  3.211416689208  7.665891289164  -3.364265290118  -1.424383417305  0.695392492065
  26  Si  1.119287251019  7.581737717429  3.334312970502  -2.633731233602  1.221211492516  -0.060280870272
  27  Si  1.050639180660  7.525541613739  7.699583014244  -2.921970862898  1.215454710432  -0.078887903820
  28  Si  5.434013930514  3.191628360003  3.351972543970  -0.115907435720  -0.153810392192  0.205911546711
  29  Si  5.358401732057  3.163885026659  7.714337053719  -0.399832640871  -0.517559822613  0.090564408087
  30  Si  5.457169582545  7.533592262802  3.374049156421  0.963721782849  1.572988252221  -0.416223634529
  31  Si  5.389325043734  7.509563342108  7.744163064915  0.458215952582  1.222653704459  -0.308005328396
  32  C  8.848758105793  8.759809860385  0.117419234385  2.321028017860  -0.626257168995  -0.033294494784
  33  C  8.785551386338  8.719557774827  4.450181615962  1.988382589790  -1.036848999551  0.386016070024
  34  C  8.740191177934  4.264490860826  0.145001448642  2.945212022039  1.285835934226  -0.702758180566
  35  C  8.687047021986  4.231708096384  4.497765946432  2.498881379199  0.830434147069  -0.699338543756
  36  C  4.501721349769  8.797908094449  0.048503198180  -0.353337134399  -1.046375227412  0.609424672934
  37  C  4.442347591909  8.744674136111  4.411464720768  -1.045378031329  -1.236677175353  0.558711397340
  38  C  4.383532678326  4.314993283766  0.095025291013  0.640607026287  0.458264823740  -0.329649276128
  39  C  4.306506982490  4.278355091370  4.428201703457  0.428099871990  0.189831363618  0.135353973924
  40  C  8.674579460915  2.104166266654  2.305956707445  2.980465001230  0.200631284233  -0.584928674871
  41  C  8.626621507529  2.052119357072  6.667339822227  2.527877220306  0.586567174787  -0.892241162231
  42  C  8.730208267889  6.426018715440  2.321457828467  2.606846173757  0.739211966879  -0.435486803538
  43  C  8.676315626577  6.398557895762  6.688024041380  2.412679890628  0.381313406339  -0.471292697177
  44  C  4.346421482202  2.122825056033  2.263786333919  -0.314970795256  0.195152043991  -0.293140565170
  45  C  4.286093876674  2.091400912396  6.592524342533  -0.431302508946  0.128673474385  -0.166306469225
  46  C  4.377816624764  6.444204148172  2.259944939528  -0.232880408689  0.612746487294  0.529958617761
  47  C  4.322807491326  6.441932757728  6.623330334787  -0.569931632699  0.059251823395  0.171242668339
  48  C  2.291325755475  8.782673047840  2.199737533427  -0.746850693078  -1.064503951746  0.911079481440
  49  C  2.073735560482  -0.076740476048  6.578078825133  -0.667074353977  -1.522926599133  0.209276833058
  50  C  2.182441128382  4.303570155291  2.240575815771  -0.388255400260  0.388614335496  0.079238148311
  51  C  2.139132931681  4.274071213615  6.594439007911  -0.673996806316  0.112186894681  -0.179866671566
  52  C  6.626069703915  8.768817821792  2.267995200841  -0.195296201653  -1.694870983328  0.452995749203
  53  C  6.596650959019  8.701177045631  6.605074451744  -1.284405110659  -0.884924921641  0.669389794653
  54  C  6.543111441991  4.265731211194  2.304626385369  -0.194624032727  0.551082747048  -0.321141129510
  55  C  6.471671156316  4.240580712147  6.634129842794  -0.279429427773  0.275655529846  0.065616691375
  56  C  2.205770994818  2.143679823283  0.048257136350  0.235850589497  0.796193524601  -0.281484487635
  57  C  2.124005379732  2.106210892877  4.381890223080  0.117820485349  0.296162518736  0.568225507559
  58  C  2.236964860912  6.499036391562  0.096046702558  0.199238498623  0.298669043236  -0.545456142513
  59  C  2.159041232714  6.446259842389  4.433281095689  0.046499393336  0.765251298450  -0.019599644034
  60  C  6.529902195592  2.123811021177  0.104145449283  0.693284254808  0.265181304095  -0.402362316408
  61  C  6.479122839448  2.086245217181  4.442011324354  -0.013260942655  0.094874763528  0.197842028682
  62  C  6.571883209875  6.465236702235  0.141574354961  0.824999061572  0.679307781521  -0.453997922396
  63  C  6.538825550564  6.419952669911  4.484086334371  -0.746789789502  0.613735575105  -0.052382278547


MDSTEP:  5
LATTICE_CONSTANT: 1.889726125458
LATTICE_VECTORS
  8.928385012384  0.000000000000  0.000000000000
  0.146568127906  8.829346432987  0.000000000000
  -0.225825253038  -0.150019460748  8.712513187158
VIRIAL (KBAR)
  -54.118810278190  -38.412835295432  55.214521121286
  -38.412835295432  -13.550997087490  27.870698435514
  55.214521121286  27.870698435514  24.466100096002
INDEX    LABEL    POSITIONS    FORCE (eV/Angstrom)
  0  Si  3.231246982378  1.035611013045  3.321516595886  0.197718498082  -0.944710520374  -0.133693068347
  1  Si  3.178973757369  1.006066449493  7.653661813753  -0.598531245436  -1.030576519839  0.476116122223
  2  Si  3.256154126327  5.374724539514  3.361132582835  0.083487388767  -0.085101356201  -0.510854194357
  3  Si  3.195134334038  5.342116374447  7.704545866946  -0.074659730349  -0.272977478565  0.239529082150
  4  Si  7.590692768986  1.007578093033  3.367248296501  0.535866215985  -0.823074062914  0.097984282202
  5  Si  7.525749291793  0.953590170314  7.711421660786  -0.108297174673  -0.702848021794  0.555536485378
  6  Si  7.610615069857  5.361846602635  3.407569140293  1.340675798773  -0.794810309419  -0.144207481744
  7  Si  7.565189628718  5.316604864843  7.757098196154  -0.062405314647  -0.649277724108  0.217022199990
  8  Si  3.273615892966  3.227598035834  1.157356971752  0.259417753336  -0.380242665815  0.097225412138
  9  Si  3.224534217183  3.200425061140  5.483049395935  -0.087950740106  -0.565286295514  0.309898222584
  10  Si  3.295755097457  7.558501684520  1.196134439387  1.376839969085  1.830968882451  -0.607932096696
  11  Si  3.258028778517  7.541105394809  5.529081713708  0.549618966098  1.677881870230  -0.384673620494
  12  Si  7.619050291072  3.170508454127  1.211004739508  1.073926425454  0.319378411950  -0.090475604088
  13  Si  7.575682019806  3.149673011158  5.547441838134  0.567516813573  -0.171083605254  0.389329871878
  14  Si  7.683836990006  7.537004020127  1.236219642819  0.910541241585  1.988989002115  -0.367113785329
  15  Si  7.603116168305  7.492176275326  5.608785069976  1.731035300206  1.535714118007  -1.111786236084
  16  Si  1.076920620900  1.068878750665  1.108433286340  -2.954442661577  -0.785609909214  0.574788473104
  17  Si  1.035382064642  1.039603117003  5.477491978961  -3.535215303886  -1.114508745157  0.498804190681
  18  Si  1.097917936498  5.427840275399  1.153721295761  -2.814687709781  -0.958070905227  0.684264968611
  19  Si  1.059243702019  5.385629115942  5.508888149056  -3.207901925081  -0.776461652073  0.521889206581
  20  Si  5.433841842527  1.019382149514  1.174351953919  -0.036933035146  -0.140819991696  -0.063080838366
  21  Si  5.376461990011  0.998918040022  5.517150643294  0.295696220175  -0.775780120412  0.046106813708
  22  Si  5.484401505977  5.363575802505  1.203864057104  0.001910124119  -0.102531044897  -0.142463543273
  23  Si  5.394459909721  5.354606926775  5.548257107641  0.501890534077  -0.474309311941  -0.138405743576
  24  Si  1.078237385232  3.217149983471  3.322229638734  -3.520580171619  -0.233308221573  0.121080122600
  25  Si  1.003707736767  3.212231233040  7.665495053163  -3.324774839403  -1.381806807246  0.685188503092
  26  Si  1.113732643653  7.586850677649  3.333002885998  -2.529114163647  1.126767488839  0.010077852756
  27  Si  1.053660554628  7.522167719702  7.697328844345  -2.922782898180  1.339212873887  -0.032726124010
  28  Si  5.436822320617  3.189598554400  3.349072567854  -0.214404928183  -0.005682280515  0.246823412681
  29  Si  5.360437747242  3.162578548159  7.709703095320  -0.440350055067  -0.426918451591  0.194234437601
  30  Si  5.459375002010  7.537818109371  3.369285813417  0.911853873726  1.501191614577  -0.325406515961
  31  Si  5.393137952333  7.506924403916  7.745374310768  0.332569642067  1.197507007848  -0.377287221831
  32  C  8.845533080957  8.765461306373  0.119934494612  2.385976190209  -0.712821013934  -0.017912023480
  33  C  8.792502716285  8.715482279627  4.451182175736  1.790065313104  -0.853938193695  0.296372333313
  34  C  8.737568432387  4.270278390201  0.140428869363  2.998459734371  1.173131771147  -0.583907917670
  35  C  8.683453860209  4.231690565235  4.502424110709  2.569178727815  0.896200313013  -0.784698811100
  36  C  4.502099936035  8.796506882094  0.054155429359  -0.362050132983  -1.080964711433  0.456367002405
  37  C  4.447432788954  8.742040997163  4.418512704315  -1.188600330120  -1.193532988997  0.365167730524
  38  C  4.379332568354  4.310842850347  0.091102420540  0.701144507971  0.496532210510  -0.194363263253
  39  C  4.304827687822  4.284546592608  4.430160643382  0.525906403277  -0.014035030562  0.058662960347
  40  C  8.675051115441  2.105998398195  2.305738444885  2.970016522991  0.203072804913  -0.552365608965
  41  C  8.626898595188  2.052617105052  6.669431253504  2.503461190959  0.589894976334  -0.945171882319
  42  C  8.725328593922  6.428783729563  2.322836527651  2.675774156345  0.723424611063  -0.431435646897
  43  C  8.681056152573  6.399155285627  6.693365559910  2.356244321534  0.425362957445  -0.593345701362
  44  C  4.342427167245  2.125518414234  2.266791402012  -0.239246566893  0.060612333610  -0.364602605762
  45  C  4.285232232385  2.095674505467  6.587712503125  -0.341652516340  -0.020450671548  -0.059598474549
  46  C  4.375100153266  6.442294856024  2.262365932830  -0.168938818219  0.612712981731  0.461875555239
  47  C  4.317748770703  6.438269626928  6.616589292638  -0.466373362423  0.165910934074  0.431787730026
  48  C  2.285489911785  8.780626650643  2.196306415947  -0.677062779960  -1.014037838234  0.992912412516
  49  C  2.071539910174  -0.073944148766  6.572888783477  -0.540579442112  -1.557011473179  0.348288605308
  50  C  2.175085495240  4.298745293268  2.244186445259  -0.308529938053  0.494256251823  0.010485978195
  51  C  2.139033544552  4.274504889853  6.590633881586  -0.685477109961  0.089159585927  -0.108929137321
  52  C  6.621928866468  8.768060271586  2.274103826501  -0.134173938856  -1.682081878205  0.299094136787
  53  C  6.600597930523  8.696638364276  6.604413817092  -1.350275221325  -0.752754404399  0.674132733384
  54  C  6.546419784875  4.265838958037  2.298472471800  -0.221692041335  0.514577910776  -0.133987161051
  55  C  6.470917755236  4.247186199703  6.639691012594  -0.221382863415  0.187251031563  -0.136793498784
  56  C  2.207987447023  2.140939896677  0.043903792049  0.138947413800  0.832934988790  -0.157114825500
  57  C  2.120888121878  2.105702566567  4.381742898101  0.153008437188  0.276203781633  0.604744646680
  58  C  2.234268573332  6.500528354977  0.101047644805  0.222320253151  0.262515683750  -0.595896730619
  59  C  2.159293423567  6.453700999449  4.435489998566  -0.051738219379  0.588943635765  -0.127927489823
  60  C  6.532549967448  2.131040892837  0.108144006523  0.606788937202  0.049638548244  -0.526152027890
  61  C  6.477515845993  2.086546150590  4.439601416616  0.046266658901  0.117922013560  0.259140028413
  62  C  6.574523127999  6.469257329665  0.146478940782  0.794005483848  0.572996463152  -0.547603860920
  63  C  6.538713400695  6.421665197083  4.478251557132  -0.717323839619  0.626557146795  0.066981228324


MDSTEP:  6
LATTICE_CONSTANT: 1.889726125458
LATTICE_VECTORS
  8.928385012384  0.000000000000  0.000000000000
  0.146568127906  8.829346432987  0.000000000000
  -0.225825253038  -0.150019460748  8.712513187158
VIRIAL (KBAR)
  -54.243545988889  -38.381051944816  54.287142665244
  -38.381051944816  -14.278402182584  27.963005497985
  54.287142665244  27.963005497985  23.632805890195
INDEX    LABEL    POSITIONS    FORCE (eV/Angstrom)
  0  Si  3.236046612955  1.033436898745  3.322273259746  0.040242118950  -0.968875995738  -0.109324300544
  1  Si  3.173976236547  1.008726314729  7.654011363779  -0.551773711293  -1.085391361204  0.424610796187
  2  Si  3.260633464640  5.373932321497  3.363938941101  -0.045716034721  -0.071887983761  -0.527632035303
  3  Si  3.191318631860  5.344177063698  7.701821626029  -0.116563726452  -0.294872657802  0.206051712683
  4  Si  7.591895998285  1.002130896383  3.370630692472  0.595241202520  -0.710657735121  -0.080263170640
  5  Si  7.525429219147  0.953587231556  7.714665500309  -0.062360318659  -0.710314604530  0.512153439317
  6  Si  7.607159253996  5.358081490974  3.410414957186  1.463121715693  -0.645890098168  -0.106460511712
  7  Si  7.569633611274  5.316979011197  7.754983980110  -0.085666085965  -0.639904491226  0.258130947347
  8  Si  3.271060067507  3.224251587568  1.152474931020  0.342803165024  -0.337799763973  0.262861141113
  9  Si  3.220433874097  3.202615947931  5.484372086646  -0.106666388436  -0.618615837125  0.317909193577
  10  Si  3.293203514933  7.561000375737  1.200539377830  1.458351941907  1.653347827496  -0.708252454296
  11  Si  3.261242727641  7.544006723768  5.531330141553  0.429017490837  1.591152012432  -0.490876076081
  12  Si  7.617383218806  3.172146601969  1.207344129182  1.123130195663  0.213565450655  -0.011496016297
  13  Si  7.571575705312  3.152599736497  5.551347660998  0.661793031891  -0.194343591846  0.259427410371
  14  Si  7.682289117551  7.536444839012  1.239948287145  0.929432961580  1.920284604740  -0.464068714604
  15  Si  7.599951780666  7.496425632828  5.607249279458  1.827398535588  1.511440645101  -0.977841522153
  16  Si  1.080446664013  1.073661349690  1.109231984617  -2.970371154296  -0.878526077658  0.630000498677
  17  Si  1.036356816464  1.043491018052  5.473614649570  -3.523150380899  -1.259044357361  0.598811251510
  18  Si  1.091704322765  5.423889845104  1.151938991388  -2.574537966569  -0.900143990780  0.681067423039
  19  Si  1.053226685773  5.382918076572  5.504188022875  -3.064322419109  -0.654132704124  0.560404724811
  20  Si  5.435377557410  1.019112018379  1.176567657153  -0.169101806826  -0.230347132039  -0.137529788637
  21  Si  5.377478643201  0.996207771684  5.516481627460  0.148841512568  -0.765492083842  -0.041539490128
  22  Si  5.482450683761  5.364307937711  1.199411557289  -0.012202711738  -0.114535314774  -0.117157974107
  23  Si  5.394298454141  5.356157182643  5.552038629928  0.457308046050  -0.477139092470  -0.223135263814
  24  Si  1.075218963077  3.222169475612  3.319610686420  -3.380165901223  -0.463072201125  0.249181344924
  25  Si  0.999364220843  3.207849954131  7.661544538440  -3.244868866206  -1.275561293400  0.714057416222
  26  Si  1.113755762795  7.582625118976  3.328625804606  -2.417291209854  1.159777351003  0.126375138448
  27  Si  1.048902533804  7.525451538846  7.702454972657  -2.846898942447  1.315979721131  -0.162632791220
  28  Si  5.434193190850  3.192420830437  3.345426319572  -0.133101400925  -0.071587959417  0.431694368603
  29  Si  5.360960740324  3.165588286763  7.708841619559  -0.550715037719  -0.610242831955  0.118587965391
  30  Si  5.460730248676  7.537791520626  3.373271191029  0.860249136773  1.432545064469  -0.401382620111
  31  Si  5.391284434556  7.502461425304  7.741650986290  0.192578968896  1.354441348896  -0.332135289924
  32  C  8.851417111287  8.762474590842  0.123621818077  2.273380785945  -0.624817662895  -0.100335395027
  33  C  8.799197985625  8.719895255360  4.449718097038  1.704634585629  -0.962407397366  0.318350622670
  34  C  8.743066005508  4.265530007197  0.138032132879  2.843845107372  1.221852371669  -0.600325037721
  35  C  8.692561832628  4.229848082539  4.501915989950  2.307895888341  0.889995793853  -0.774361268199
  36  C  4.494428784138  8.802463705476  0.055614461536  -0.201618900391  -1.232039995474  0.441326645494
  37  C  4.440422792301  8.734143540135  4.416192767775  -0.986310687305  -1.072771251317  0.468422992132
  38  C  4.373672785035  4.308418957446  0.084628053217  0.781306354554  0.541236489967  -0.098655317791
  39  C  4.301345440588  4.290767217209  4.436739723153  0.664887068172  -0.209507051857  -0.017513463213
  40  C  8.680136483539  2.105963165042  2.302973798998  2.813316531549  0.208962836407  -0.527673274691
  41  C  8.629850728714  2.057907208219  6.666921048644  2.379097896890  0.460618025773  -0.836562733083
  42  C  8.730947458973  6.430124856651  2.326348509215  2.484984805924  0.645692228790  -0.461008228522
  43  C  8.682096449804  6.397490674780  6.693822829050  2.280952716443  0.534610214766  -0.666341705341
  44  C  4.347703930168  2.118626085329  2.269765253224  -0.354908586067  0.234037817393  -0.452297935972
  45  C  4.280475453439  2.087737590763  6.580345359913  -0.229515442676  0.216879982523  0.093841245166
  46  C  4.378627949560  6.435509851474  2.270266463334  -0.210552544191  0.752805708878  0.264317664284
  47  C  4.314106465356  6.433094117224  6.609503370738  -0.419115103164  0.282323351149  0.606758166667
  48  C  2.287088679070  8.776303860972  2.194872088218  -0.737729935935  -0.858826982402  1.054702802848
  49  C  2.074953681117  -0.074584225433  6.569144924260  -0.677127992388  -1.476968775005  0.423513428017
  50  C  2.177194029174  4.294428947545  2.247996463131  -0.294737290657  0.597396605831  -0.104300612772
  51  C  2.130494748053  4.278827811122  6.591140609123  -0.607645641958  -0.027992111370  -0.126123772120
  52  C  6.620105594029  8.766406137960  2.267674717434  -0.047664250614  -1.699725492256  0.499121745579
  53  C  6.593632712481  8.702901874514  6.604303270717  -1.182077925098  -0.902362949170  0.692669499535
  54  C  6.549318673624  4.270565877666  2.298795336971  -0.310669994299  0.419479514648  -0.210582377030
  55  C  6.469060032056  4.255191447746  6.640114736354  -0.166047240215  0.021716755840  -0.114505108921
  56  C  2.207123511961  2.145103734033  0.045057589590  0.095462313485  0.756334100298  -0.248949756936
  57  C  2.119541385137  2.098127913990  4.386223515260  0.188021879480  0.539296916277  0.361593048057
  58  C  2.233568334576  6.503108962927  0.093031972822  0.210436654149  0.195285542965  -0.337191043551
  59  C  2.164164689482  6.452368252311  4.436484531342  -0.177214103518  0.621554837566  -0.141753917891
  60  C  6.525902991601  2.123607696782  0.112128856633  0.746887709949  0.286072431867  -0.625142435097
  61  C  6.482243792334  2.079203258941  4.440444796876  -0.083349342140  0.326931787476  0.213440527295
  62  C  6.572422370104  6.468588112619  0.138347753422  0.878667983722  0.565152720217  -0.388077070729
  63  C  6.536752806674  6.423182073211  4.485505873382  -0.641529261593  0.575028768473  -0.065954685784


MDSTEP:  7
LATTICE_CONSTANT: 1.889726125458
LATTICE_VECTORS
  8.928385012384  0.000000000000  0.000000000000
  0.146568127906  8.829346432987  0.000000000000
  -0.225825253038  -0.150019460748  8.712513187158
VIRIAL (KBAR)
  -53.987211847942  -37.950492275657  53.880852591641
  -37.950492275657  -14.667266754917  27.441336893436
  53.880852591641  27.441336893436  22.953094968067
INDEX    LABEL    POSITIONS    FORCE (eV/Angstrom)
  0  Si  3.240326389577  1.030301666559  3.324722718954  -0.072506547967  -0.837034415223  -0.096810430808
  1  Si  3.172642411396  1.010071060719  7.656524002265  -0.533350438856  -1.085963853241  0.429207058552
  2  Si  3.265570654963  5.369213202035  3.362897544417  -0.170463904804  0.076392634640  -0.506542722537
  3  Si  3.191426557605  5.344051141355  7.701194075949  -0.200312451626  -0.329148941315  0.149826768285
  4  Si  7.589377888421  1.006952904092  3.365876297697  0.597988594818  -0.726089135581  0.075182995400
  5  Si  7.523031914214  0.956192878290  7.714544882952  0.030171953009  -0.815175400123  0.614568363538
  6  Si  7.611784821662  5.361342830709  3.410474077720  1.393019151673  -0.761005722245  -0.071102827041
  7  Si  7.571150572077  5.317867715636  7.755585876083  -0.147076863600  -0.552665748532  0.260205073750
  8  Si  3.267459873046  3.229009741259  1.157990610734  0.324614748550  -0.403176572331  0.247409640056
  9  Si  3.216916039616  3.200574292093  5.484911902042  -0.010566664080  -0.600856195549  0.217793605148
  10  Si  3.289636872521  7.558288244685  1.203641234377  1.503724895970  1.589328516076  -0.812317274657
  11  Si  3.265526431130  7.545845914385  5.530507352714  0.252929633041  1.502237153277  -0.584717669280
  12  Si  7.618555193759  3.172748468760  1.207708561176  1.143200960356  0.161396815259  -0.044268483135
  13  Si  7.577446012669  3.147492484480  5.546063594681  0.575121972216  -0.144310749464  0.488804102768
  14  Si  7.681836079621  7.535058412045  1.245198771609  0.929963749247  1.923743304619  -0.601471223544
  15  Si  7.600797369438  7.498239821087  5.609455978383  1.845354504229  1.433951783708  -1.058344876852
  16  Si  1.085064379521  1.073060433951  1.109757333113  -2.904688520078  -0.900837080136  0.610137714849
  17  Si  1.035163367260  1.038588813780  5.469520871290  -3.420318405317  -1.127108547185  0.642393456262
  18  Si  1.085633028888  5.421109930186  1.147030722201  -2.421857623109  -0.800231552914  0.751670396992
  19  Si  1.046695548603  5.382458442290  5.503126121956  -2.864322190247  -0.652037987374  0.562357550390
  20  Si  5.435988617593  1.020447272904  1.177702802234  -0.316134698178  -0.246572342122  -0.132485822287
  21  Si  5.375827153012  0.995778540661  5.513225350768  0.138368568593  -0.719350168801  0.034382739254
  22  Si  5.485806671230  5.359171514079  1.202374752705  -0.100292136933  -0.067717559563  -0.149861090039
  23  Si  5.392467168495  5.350822183975  5.555641884994  0.519177102019  -0.496916941094  -0.298416281791
  24  Si  1.072413085520  3.221783921169  3.315613115402  -3.228502127205  -0.532222592571  0.425007578027
  25  Si  0.996297784550  3.213120015949  7.664718564954  -3.152667213911  -1.332360949914  0.617084025256
  26  Si  1.107799318578  7.588653059451  3.325581880301  -2.257849170759  1.010184740974  0.166890212211
  27  Si  1.048824366243  7.525833108024  7.700559051109  -2.788119193236  1.419155963562  -0.168394246188
  28  Si  5.436464796433  3.192855839800  3.346980858256  -0.259754392723  -0.102323435182  0.417129379141
  29  Si  5.363663581512  3.166076798803  7.704336728943  -0.798545182394  -0.741540646574  0.257525516393
  30  Si  5.456946442652  7.533934027837  3.375719009263  0.928770217180  1.536364171633  -0.438376258556
  31  Si  5.394170599002  7.502591429580  7.738239392273  0.101789827969  1.354840928269  -0.250356156216
  32  C  8.861340065207  8.757856092736  0.119446771440  2.111546655194  -0.534124799280  -0.066514349873
  33  C  8.804514722795  8.720707065854  4.446714103737  1.535567787024  -0.903818927044  0.270577263708
  34  C  8.746182955149  4.274323606942  0.142685890409  2.738194965404  1.076878467706  -0.653969613706
  35  C  8.697746526382  4.226648689226  4.506416675665  2.173451462288  0.963607219158  -0.879200431345
  36  C  4.493333953642  8.798463331472  0.060957992570  -0.214467817308  -1.150018880912  0.322607614042
  37  C  4.442718663865  8.740389176899  4.412708181800  -0.935693810950  -1.269355395308  0.517109506694
  38  C  4.365832870445  4.310762636807  0.090132757541  0.970205390851  0.484473276310  -0.196828504993
  39  C  4.304304362101  4.288188123148  4.434635163352  0.611773387217  -0.212932358708  0.066184485540
  40  C  8.686612371930  2.106224370233  2.302550240335  2.707189982763  0.229964791504  -0.560222517242
  41  C  8.631189695180  2.053940725083  6.674478650097  2.336616621119  0.571258032701  -0.986817568858
  42  C  8.736071187332  6.425661745122  2.321349188696  2.358008674709  0.727875459124  -0.390878115480
  43  C  8.691703861417  6.405627752084  6.698985512305  2.036974968345  0.376786911830  -0.760784211352
  44  C  4.343192178013  2.118612148263  2.274169925914  -0.235616506919  0.266324245649  -0.524565842166
  45  C  4.272458403367  2.082298584419  6.572532386523  -0.028168395864  0.320353227207  0.295498237671
  46  C  4.384490898574  6.438310519889  2.268321797940  -0.327831082561  0.605275489937  0.312858474620
  47  C  4.316048854389  6.429862995696  6.606199161938  -0.438685817975  0.355476079373  0.663129518221
  48  C  2.293656279054  8.772430531417  2.202578646956  -0.891441675791  -0.765200891985  0.935685363746
  49  C  2.078411887738  -0.067787269818  6.565191618193  -0.693562466034  -1.638008826784  0.480425616267
  50  C  2.170126891742  4.298366156417  2.252454534164  -0.201156526817  0.569946528003  -0.231368565213
  51  C  2.131918604418  4.272948429973  6.582502618235  -0.680470742158  0.156823420207  0.074381248690
  52  C  6.621466875839  8.771053392978  2.263299220234  -0.017212709742  -1.778062174936  0.623875150417
  53  C  6.598195752419  8.707222731995  6.599048842618  -1.263381595541  -0.925759436604  0.758867208111
  54  C  6.551537652231  4.262979899268  2.301355408810  -0.253689086864  0.572367667276  -0.219256023716
  55  C  6.467421163930  4.248195295184  6.645880790349  0.010403961069  0.165178549572  -0.263452437539
  56  C  2.206548389847  2.153471822645  0.044169547027  0.093422684503  0.647125494884  -0.163342052430
  57  C  2.125625653293  2.099858692108  4.391110042491  -0.012591208722  0.476427394739  0.166832357459
  58  C  2.227136956352  6.502981587836  0.085431703914  0.325747512635  0.167267998956  -0.168445211211
  59  C  2.155539186521  6.447843420808  4.428282643835  -0.003768440503  0.747758436828  -0.011634187240
  60  C  6.522468339131  2.120725027207  0.115738005541  0.827477836539  0.395448085012  -0.713018724203
  61  C  6.473942030584  2.087007424803  4.447612721001  0.153229200499  0.128468134241  0.015242233402
  62  C  6.565098759454  6.469241183750  0.142303100861  1.069380268153  0.542176473770  -0.460176948523
  63  C  6.532173595192  6.420613659485  4.486023686191  -0.498321628412  0.597070832593  -0.006909786836


MDSTEP:  8
LATTICE_CONSTANT: 1.889726125458
LATTICE_VECTORS
  8.928385012384  0.000000000000  0.000000000000
  0.146568127906  8.829346432987  0.000000000000
  -0.225825253038  -0.150019460748  8.712513187158
VIRIAL (KBAR)
  -54.468264128341  -37.927408455646  53.909665652241
  -37.927408455646  -15.081395951499  28.195396765801
  53.909665652241  28.195396765801  22.526879655251
INDEX    LABEL    POSITIONS    FORCE (eV/Angstrom)
  0  Si  3.239504505342  1.035769816586  3.325667393137  -0.183467791953  -1.005928982650  -0.052332755824
  1  Si  3.167431529868  1.008243419382  7.658865534172  -0.308662042467  -1.025268683182  0.372840686735
  2  Si  3.270757224982  5.373477263030  3.364226999538  -0.282650008756  -0.069314762497  -0.470411088606
  3  Si  3.189967748695  5.346199573161  7.697511004006  -0.191335350039  -0.299967910307  0.314824474938
  4  Si  7.585276176902  1.010471828413  3.368118578456  0.806023819752  -0.891389232772  0.113303788377
  5  Si  7.519729073858  0.959863351622  7.719588426646  0.235022754019  -0.822605714375  0.500615819483
  6  Si  7.609410356330  5.356042099955  3.406941089339  1.649306230762  -0.626095025934  0.104411292170
  7  Si  7.564988794873  5.312995448142  7.751322027654  0.082521905911  -0.345267176356  0.428250112381
  8  Si  3.272533939407  3.224690209588  1.160013439070  0.167104513168  -0.066339589554  0.211037892117
  9  Si  3.218726335362  3.199478460568  5.490943370845  -0.024774250457  -0.629759838601  0.123185750898
  10  Si  3.286218019332  7.563298867992  1.208923524638  1.441964346750  1.395600028012  -1.011615560970
  11  Si  3.268806801462  7.551949964921  5.528262275101  0.166650465426  1.397994411533  -0.539770419907
  12  Si  7.618184495695  3.177486012014  1.203735972241  1.106000004448  0.104534524537  0.068960262208
  13  Si  7.572232631434  3.144584012943  5.550686649071  0.654694677598  0.076849653363  0.297163174382
  14  Si  7.679161056459  7.534704263630  1.247064637472  1.065817978534  1.917590821834  -0.618402058182
  15  Si  7.606804275785  7.500555197958  5.608964413486  1.857969713756  1.352493170469  -1.012519810977
  16  Si  1.088120834309  1.077871664910  1.110950679207  -2.921379266659  -0.939448186050  0.530871082471
  17  Si  1.028383119934  1.043362058123  5.472193895741  -3.296416614900  -1.233492917237  0.648845431615
  18  Si  1.080993556542  5.424807020401  1.151711264656  -2.354115375766  -0.798264482716  0.647052087640
  19  Si  1.049992897866  5.381869372217  5.500701219800  -2.801431709301  -0.690520335964  0.618892698776
  20  Si  5.439967038435  1.022213043350  1.173352804701  -0.370415826531  -0.369770937548  -0.129074882479
  21  Si  5.379372079171  0.994424368949  5.508369643871  0.062577255745  -0.808312493623  0.089663917956
  22  Si  5.481074409022  5.363428765012  1.208288842833  -0.062263376054  -0.152130103875  -0.236067014767
  23  Si  5.390141340302  5.355672019488  5.552495047747  0.594485424890  -0.586166218035  -0.161312155468
  24  Si  1.067103881780  3.217476120179  3.317850760948  -3.123354140595  -0.417485417372  0.393686726689
  25  Si  0.999238131016  3.207759271790  7.662693946824  -3.232681466198  -1.169956340971  0.609487104856
  26  Si  1.104768106257  7.594302440718  3.322372312715  -2.173033788588  0.875872067688  0.227677274883
  27  Si  1.052745713728  7.532168781625  7.696243759189  -2.808486020076  1.416280411022  -0.094107661891
  28  Si  5.437556090990  3.188710365854  3.352989726625  -0.365447547435  0.038020769504  0.143864858052
  29  Si  5.362841086440  3.159842105174  7.703774703959  -0.874738069800  -0.515185503139  0.176249506551
  30  Si  5.460250261180  7.538719927906  3.370617391150  0.920874852555  1.349076597079  -0.352800500578
  31  Si  5.399036825964  7.504661360179  7.738246324701  0.010359415851  1.332982413886  -0.191893854799
  32  C  8.872386581881  8.762102634815  0.116675228596  1.938393877860  -0.498604627307  -0.074946902278
  33  C  8.814815013141  8.711421624502  4.442484734757  1.302433898890  -0.646996499355  0.312223771315
  34  C  8.743388388714  4.269612532870  0.140811928083  2.787675795748  1.161152559595  -0.638434569839
  35  C  8.707102448274  4.218593282023  4.506270125366  1.911817656967  1.019126059741  -0.865098233216
  36  C  4.487945796018  8.794666746745  0.060479138452  -0.077835042278  -1.054460644449  0.406013027616
  37  C  4.441161329606  8.734551967123  4.411922439572  -0.873331108587  -1.108176090639  0.480526294976
  38  C  4.368702075594  4.317545236409  0.091893986692  0.933744544750  0.312729743587  -0.199918514169
  39  C  4.306449168825  4.284166537180  4.436869245115  0.565260013529  -0.151907282887  0.052221713751
  40  C  8.680039995308  2.097716914443  2.301386595770  2.759800624034  0.429625957407  -0.613330688432
  41  C  8.626154577130  2.062500852867  6.666020048443  2.359437622227  0.309189939039  -0.757813504505
  42  C  8.740601119366  6.434292235646  2.327450662932  2.197369237532  0.608789718671  -0.463717001253
  43  C  8.702663538185  6.413637223148  6.705636186154  1.808201745082  0.227553220733  -0.858335713334
  44  C  4.338473794725  2.112132960332  2.266028472374  -0.034816051204  0.404052789982  -0.321550119215
  45  C  4.275963785815  2.074067025802  6.565625961362  -0.075907340353  0.396255917286  0.449770548966
  46  C  4.378909532817  6.434497712232  2.267962297169  -0.212896477976  0.816426226632  0.366841061646
  47  C  4.319046175864  6.434449582670  6.610709254111  -0.485425668669  0.337066682756  0.505700458941
  48  C  2.285683013439  8.768800957448  2.204295359040  -0.776392032544  -0.575188022280  0.998730085587
  49  C  2.081922667750  -0.061058867352  6.572097825774  -0.844041492857  -1.705579875397  0.264405807773
  50  C  2.166808395502  4.307526888245  2.259502508875  -0.121627676841  0.297150474242  -0.344603708780
  51  C  2.136907202696  4.265459412684  6.588491691163  -0.753898650200  0.310401512488  -0.056488681609
  52  C  6.628728135229  8.774051538913  2.268369743619  -0.210974405202  -1.753467511125  0.463332889271
  53  C  6.601465679800  8.710823153896  6.602528856621  -1.253211215413  -0.982350035188  0.651914094260
  54  C  6.553474745626  4.272660411767  2.306762305883  -0.391003222397  0.264535876365  -0.352219961313
  55  C  6.471256084139  4.251670975143  6.652169028243  -0.212815534143  0.053859957585  -0.479529390870
  56  C  2.212711943377  2.161422382360  0.036833429551  -0.033797744486  0.485786209577  0.043158121943
  57  C  2.121687477933  2.101616104955  4.397745931817  0.081744026130  0.450184007339  0.053333130119
  58  C  2.218042221474  6.506639231576  0.079377634996  0.526509187704  0.146616609690  -0.003164975433
  59  C  2.156550563016  6.446629555808  4.420993024572  0.022224852314  0.884704513977  0.154306534488
  60  C  6.521261995187  2.125476987830  0.107182103624  0.837038019710  0.300693289205  -0.472826851576
  61  C  6.470022147667  2.087674399053  4.441432586631  0.253625430981  0.071678205323  0.202860311898
  62  C  6.558438404521  6.468109834595  0.149573280013  1.211098192909  0.612048518888  -0.576428138034
  63  C  6.538228998470  6.414405473663  4.488596324634  -0.585121776808  0.782477582348  -0.077507077425


MDSTEP:  9
LATTICE_CONSTANT: 1.889726125458
LATTICE_VECTORS
  8.928385012384  0.000000000000  0.000000000000
  0.146568127906  8.829346432987  0.000000000000
  -0.225825253038  -0.150019460748  8.712513187158
VIRIAL (KBAR)
  -54.144027743546  -37.982973360438  53.326863358252
  -37.982973360438  -15.610462020341  29.162567356540
  53.326863358252  29.162567356540  22.000218874490
INDEX    LABEL    POSITIONS    FORCE (eV/Angstrom)
  0  Si  3.239385971539  1.038811116149  3.327317597509  -0.219697972606  -1.180669494215  -0.126745377310
  1  Si  3.164605321716  1.007389049289  7.656435701521  -0.332576954078  -0.987009772866  0.260849809565
  2  Si  3.265914384476  5.370638993588  3.360130758262  -0.074956925612  0.057645688938  -0.275668890585
  3  Si  3.186690397803  5.347100338717  7.701199143342  -0.192561223931  -0.287266938019  0.121527930336
  4  Si  7.580317291771  1.011203801965  3.367637051419  1.066053303025  -0.875810595573  0.120393772238
  5  Si  7.517004664067  0.954769686118  7.724531482533  0.298794370360  -0.770679702989  0.229792606055
  6  Si  7.608653401165  5.356268071562  3.408282630182  1.621727934252  -0.665738548704  0.198508988902
  7  Si  7.564685224247  5.317056071849  7.746611437569  0.201749751170  -0.477110675738  0.469289185417
  8  Si  3.274499336459  3.230161556703  1.160692384119  0.104153989555  -0.160329857862  0.206060997102
  9  Si  3.219394872977  3.202699893595  5.493486693542  -0.000753987052  -0.731732734225  -0.086770067102
  10  Si  3.282631234020  7.560604234072  1.207907503321  1.492555545779  1.443488047951  -0.937636889119
  11  Si  3.273006438541  7.553092355274  5.533462582894  0.067345960042  1.408315051799  -0.711636463609
  12  Si  7.613592552844  3.179994670732  1.199774581402  1.150378953127  0.162274407831  0.174477060608
  13  Si  7.570107380879  3.150427912291  5.554363845278  0.772673691106  -0.036698928682  0.058405360033
  14  Si  7.674200658591  7.529388382316  1.244909131785  1.372258420936  1.956601914193  -0.467734801735
  15  Si  7.608151937078  7.498796397516  5.608418818004  1.921479853641  1.334053601886  -1.069371922057
  16  Si  1.086041264171  1.080558274317  1.104820006440  -2.868741408150  -1.040288335015  0.719025928806
  17  Si  1.020924007522  1.039059358619  5.476839361883  -3.098742626974  -1.045012110170  0.394031198165
  18  Si  1.075556824751  5.429118201031  1.155293882757  -2.166219104226  -0.859761157131  0.588213928533
  19  Si  1.051565305172  5.380338246954  5.501155579271  -2.740843563733  -0.525246767586  0.486757067167
  20  Si  5.438319247323  1.023266312286  1.176932483301  -0.390182952691  -0.353398302366  -0.236743684697
  21  Si  5.383760927933  0.992912993052  5.506130212942  -0.035323516313  -0.759368115669  -0.028025241448
  22  Si  5.484249743730  5.363727282493  1.201853884254  -0.113883256765  -0.066590114325  -0.081992273946
  23  Si  5.396113587158  5.360027625769  5.558459638696  0.132938476736  -0.699164308445  -0.307471503676
  24  Si  1.068817611782  3.223119489416  3.311474986001  -3.120017723840  -0.675285331422  0.586429858717
  25  Si  0.992414876722  3.207297122728  7.660725233581  -3.040489774413  -1.176299725384  0.607349586373
  26  Si  1.104667513797  7.600023561982  3.316725414165  -2.072518762350  0.727492951786  0.505692386924
  27  Si  1.052670131163  7.538305291042  7.693163745760  -2.673980651669  1.310433112046  -0.060286945221
  28  Si  5.436185994833  3.183189026203  3.348020520368  -0.280341436517  0.233699255816  0.307530303204
  29  Si  5.358099980195  3.163221914371  7.704079094311  -0.794262964147  -0.707032629273  0.143221755778
  30  Si  5.462924143262  7.534663293642  3.365363960701  0.805732506629  1.420563575171  -0.201902908796
  31  Si  5.398465555040  7.511522917160  7.738370860782  -0.006661447216  1.222674623244  -0.161705827180
  32  C  8.879618818282  8.766356762094  0.107417042599  1.874933214853  -0.642766680208  0.063887575623
  33  C  8.821846046811  8.714351038476  4.450531451725  1.079819093811  -0.669498797697  0.102153188393
  34  C  8.750792357083  4.268230164431  0.146918185793  2.593076485875  1.277716441819  -0.845128709138
  35  C  8.713872172089  4.218386950678  4.502076610934  1.774642975774  1.020061572535  -0.745582461771
  36  C  4.479760976840  8.803808048902  0.055569380025  0.115084932356  -1.184275090963  0.560797319555
  37  C  4.433608586485  8.734984315140  4.405686494385  -0.570380843524  -1.156463645783  0.584090479728
  38  C  4.367966247798  4.327241535493  0.086674169082  0.971489977626  0.093401194651  -0.082323990638
  39  C  4.307768755291  4.276673680333  4.427265206999  0.600386273250  0.060594948994  0.275628132146
  40  C  8.673469722555  2.104321802042  2.294361649966  2.824923148814  0.314140468060  -0.507374253122
  41  C  8.621440405833  2.058104381000  6.658645454036  2.345875151745  0.354668335314  -0.585917620392
  42  C  8.746073614846  6.425785928584  2.334992594672  2.023675195168  0.875313991674  -0.639864141563
  43  C  8.708651048147  6.420835061096  6.706284652609  1.691502532148  0.082410563952  -0.865014042267
  44  C  4.340751083995  2.114611573313  2.274818627987  -0.092504621922  0.323425092675  -0.629278063607
  45  C  4.274801566863  2.071747705877  6.563985105541  -0.023173351330  0.436723654045  0.510296341122
  46  C  4.384164311033  6.434419240703  2.266217565456  -0.310663272374  0.765672949165  0.267685655361
  47  C  4.308820501491  6.437160464476  6.620424239417  -0.180607611628  0.247142554755  0.426241816513
  48  C  2.278627264321  8.759267490444  2.213825863458  -0.728572054093  -0.362151014354  0.716090738426
  49  C  2.079778969919  -0.060609261362  6.563641997276  -0.794586027998  -1.688121809277  0.463541243361
  50  C  2.165624646008  4.310823677531  2.266842840632  -0.117251840801  0.300940500947  -0.652410150324
  51  C  2.138708908717  4.272182937860  6.581393005221  -0.829856225423  0.127173054281  0.171788083396
  52  C  6.634225755277  8.772798859228  2.262718898045  -0.303839191590  -1.788763711398  0.525921262083
  53  C  6.604014886157  8.704699270525  6.594018926288  -1.308220539340  -0.837817332325  0.857051313534
  54  C  6.548028927698  4.279869034504  2.309625397833  -0.309073007064  0.093694269933  -0.521580698323
  55  C  6.464976248696  4.247583502134  6.642266600160  -0.056229580377  0.206063313259  -0.151848843202
  56  C  2.214599370612  2.153082062227  0.036642183652  -0.032679503478  0.772223005948  0.024366520878
  57  C  2.131653919070  2.093437073150  4.389977357039  -0.308951424389  0.669281869113  0.288563437956
  58  C  2.227649081944  6.501809890362  0.072517876842  0.178450819093  0.282083650101  0.144166638766
  59  C  2.164454929135  6.450953069186  4.426105091529  -0.119859744330  0.832117631100  0.038058551634
  60  C  6.531178295293  2.118219699397  0.104822859619  0.518727562652  0.480605286356  -0.461206378599
  61  C  6.477061326394  2.092666075684  4.436064688273  0.104403099453  -0.013824773200  0.318858858016
  62  C  6.569219036218  6.469177075834  0.153760883391  0.954171015564  0.610346702326  -0.798914567914
  63  C  6.531518052901  6.409139925805  4.497875576838  -0.349799142594  0.921133719201  -0.276608163071


MDSTEP:  10
LATTICE_CONSTANT: 1.889726125458
LATTICE_VECTORS
  8.928385012384  0.000000000000  0.000000000000
  0.146568127906  8.829346432987  0.000000000000
  -0.225825253038  -0.150019460748  8.712513187158
VIRIAL (KBAR)
  -53.817622862802  -37.669796349501  54.173328298967
  -37.669796349501  -15.596994223493  27.950430014220
  54.173328298967  27.950430014220  22.035022871777
INDEX    LABEL    POSITIONS    FORCE (eV/Angstrom)
  0  Si  3.235678051734  1.037713308441  3.331642204049  -0.083803488644  -1.186576602342  -0.083656166328
  1  Si  3.169973891485  1.009068299903  7.651096743283  -0.576835146730  -1.025733876338  0.345759746203
  2  Si  3.271723288871  5.367063993429  3.355503710246  -0.333048339708  0.122248937795  -0.084103897510
  3  Si  3.185364460299  5.343320450421  7.697736190386  -0.155964338444  -0.241061151601  0.152980705993
  4  Si  7.580956055205  1.006639230468  3.367688216635  1.032757114782  -0.704190438460  0.161215749686
  5  Si  7.519572488244  0.948760893247  7.720182341569  0.237309463815  -0.686376648961  0.341993936843
  6  Si  7.608189575691  5.349754355272  3.405671366187  1.702127892180  -0.504248342956  0.241813667304
  7  Si  7.569301835738  5.322275633043  7.740569679559  0.003495609224  -0.638112319067  0.570712029404
  8  Si  3.268316763350  3.235339173927  1.161896613797  0.162626292939  -0.316019138080  0.198770242315
  9  Si  3.223332780274  3.196424166466  5.497449471719  -0.127958099864  -0.550656037796  -0.219010771105
  10  Si  3.286608739817  7.558381452551  1.203947678966  1.339306240258  1.562363643788  -0.802470293186
  11  Si  3.273924369420  7.549402218209  5.538536833113  -0.001547247155  1.493491662803  -0.817531888162
  12  Si  7.616392081892  3.174773017823  1.194620351692  1.068154807726  0.243988600261  0.258817372691
  13  Si  7.575182905226  3.150816216638  5.552426638557  0.580315694146  0.005418720237  0.136787307516
  14  Si  7.669039367459  7.523795905824  1.245465579512  1.369298449540  2.032692399943  -0.535198010802
  15  Si  7.610127231355  7.502393318065  5.609962644600  2.039118895307  1.169194929113  -1.092261714465
  16  Si  1.088880903075  1.075380432884  1.107631326221  -2.838071492064  -0.881106720680  0.707874757397
  17  Si  1.014067071290  1.045365292890  5.477984404244  -2.947636807484  -1.037298279661  0.232168548302
  18  Si  1.069755371023  5.422331325204  1.154800236544  -2.012534695316  -0.742977829459  0.559300449242
  19  Si  1.053637976391  5.384542556587  5.501540833105  -2.768694316645  -0.526919214327  0.406958369553
  20  Si  5.438253971735  1.024056304780  1.181288590160  -0.461764111921  -0.391848272878  -0.217485010453
  21  Si  5.387117959192  0.987520212461  5.499445966971  0.028407581798  -0.700100171920  0.174728492714
  22  Si  5.485960419355  5.367914921018  1.196811793848  -0.211242129962  -0.250935634484  0.090741252259
  23  Si  5.399632984519  5.361869921942  5.560679095305  0.100618821941  -0.773809001510  -0.523126413375
  24  Si  1.062324095581  3.226275360008  3.314674975878  -2.913570972356  -0.756338965540  0.627628243954
  25  Si  0.993603916494  3.204657948699  7.660132922825  -3.085879962872  -1.000684769142  0.466149465812
  26  Si  1.101162206130  7.594925520264  3.318215823766  -2.007411208787  0.897959515968  0.412861569770
  27  Si  1.058460590920  7.534553242771  7.694186562404  -2.802954757069  1.452558436026  -0.116470130177
  28  Si  5.436870359196  3.180947911506  3.349616290013  -0.469638182980  0.215729714908  0.226731498162
  29  Si  5.350973965091  3.156733796710  7.703065075298  -0.669972349088  -0.690819120249  0.137210476702
  30  Si  5.463503929632  7.535912974161  3.372080874198  0.741914624092  1.432389704267  -0.311500880009
  31  Si  5.396265587562  7.509135682397  7.733031584495  0.017255989807  1.317274153896  -0.008019910317
  32  C  8.878167301855  8.774832716301  0.116436610207  1.901022191587  -0.822348928310  -0.028674717464
  33  C  8.822698145558  8.717508005772  4.452156851319  1.044590881539  -0.733777352347  0.093841901844
  34  C  8.745806122313  4.275270218110  0.142353816326  2.622231138435  1.086571484906  -0.790643505833
  35  C  8.723422981821  4.218026173810  4.504783817778  1.596540721940  1.072900987134  -0.766139009845
  36  C  4.476144532185  8.808014494273  0.061757541385  0.195629357524  -1.317463585432  0.382711964877
  37  C  4.442064224418  8.738862929622  4.416076874223  -0.770652657849  -1.306477855261  0.367054950498
  38  C  4.368646851909  4.322708605955  0.082370130411  0.878685322571  0.153480425297  0.003676485021
  39  C  4.299820518852  4.272244296919  4.424308223970  0.858500886319  0.153075021860  0.408482208717
  40  C  8.676291987528  2.111168723514  2.302549677444  2.758017581617  0.213516727178  -0.590417917389
  41  C  8.623645692337  2.051013965132  6.651868325234  2.268303303820  0.462166016500  -0.510636554318
  42  C  8.750549848852  6.426765419020  2.326555091734  1.877411773627  0.742271057874  -0.486625182762
  43  C  8.711219359714  6.410552946521  6.711970397639  1.687975494425  0.370895497440  -1.058444719893
  44  C  4.332820296695  2.108063127158  2.276098064175  0.047844852634  0.492367478908  -0.647953623288
  45  C  4.273650334483  2.062806167299  6.554390438467  0.104289229410  0.523946008883  0.685958855321
  46  C  4.375478942684  6.432642388215  2.272195121655  -0.008848390269  0.813874325726  0.089709929034
  47  C  4.316586608480  6.433271569835  6.620727443283  -0.414262130508  0.319446206886  0.420996576375
  48  C  2.285265031139  8.765398676746  2.220363277619  -0.812503824452  -0.601521628917  0.581010558312
  49  C  2.071516468099  -0.053364436428  6.554889144845  -0.579570583263  -1.842720553444  0.663465343284
  50  C  2.165337186523  4.309609982323  2.274397438257  -0.215825935201  0.345001401697  -0.830040744927
  51  C  2.135835281905  4.281759813581  6.571625031879  -0.718144594121  -0.146334786515  0.345173463971
  52  C  6.636077556903  8.773077917651  2.264121078667  -0.366558634763  -1.859273788605  0.501593749874
  53  C  6.607745697406  8.696342414367  6.595948122458  -1.418473681264  -0.687056663192  0.845615204244
  54  C  6.548333646807  4.275013322762  2.314248204736  -0.336761467877  0.144822181902  -0.722608122347
  55  C  6.456659686763  4.252294772143  6.648503385402  0.172737432326  0.026874615350  -0.291525376266
  56  C  2.206906466663  2.160421654180  0.030019268843  0.155905502029  0.602782574979  0.128775583266
  57  C  2.140110938107  2.097995830211  4.390088579408  -0.610016424208  0.606664170545  0.365355574810
  58  C  2.225849103535  6.502671310431  0.068325877148  0.285360668300  0.154865139110  0.272614669544
  59  C  2.157768156899  6.455241462537  4.419819428147  0.090994330314  0.708638605032  0.138258670817
  60  C  6.526488618355  2.111423118147  0.107290022023  0.627539598589  0.564282791494  -0.600514166912
  61  C  6.469508171138  2.093874649861  4.438023867583  0.367828824850  -0.081686360999  0.278338849439
  62  C  6.563051865747  6.462373597523  0.145928800640  1.106084633422  0.815903224015  -0.707827253732
  63  C  6.535892429692  6.417977151397  4.493388567291  -0.350055231970  0.684817676755  -0.180952440203


