MDSTEP:  0
LATTICE_CONSTANT: 1.889726125458
LATTICE_VECTORS
  8.511014148544  0.000000000000  0.000000000000
  0.163028227574  8.602690749385  0.000000000000
  0.017615284558  -0.124018601118  8.551800590844
VIRIAL (KBAR)
  227.598929772235  -118.275136472667  -73.502676452814
  -118.275136472667  220.223700809565  115.656890083584
  -73.502676452814  115.656890083584  233.093706823542
INDEX    LABEL    POSITIONS    FORCE (eV/Angstrom)
  0  Si  3.275329244416  1.034025055049  3.263118578619  -0.375684187590  0.268636895390  0.391004541962
  1  Si  3.283391908571  1.008340256198  7.614028598655  0.477741740851  -0.926641561623  -2.560723237407
  2  Si  3.314719566149  5.381491828280  3.297905627958  -0.213546153907  0.082985171118  0.214014523603
  3  Si  3.316637800728  5.343892476037  7.642523078369  0.532194628991  -0.780205077163  -2.570742923956
  4  Si  7.622078354257  0.987440019311  3.256734778355  -0.876849610045  0.550669381248  0.374598358402
  5  Si  7.625965793081  0.962846658466  7.612858315032  0.050979103009  -0.755416339522  -2.720836054882
  6  Si  7.659902335695  5.335177674020  3.294664354047  -0.602294980015  0.308244766684  0.131740638425
  7  Si  7.671210482985  5.310401851690  7.641492227305  0.001560659470  -0.904618566174  -2.591161841238
  8  Si  3.291235359341  3.222744631887  1.107599943079  -0.171566981454  0.110860045120  0.666933442030
  9  Si  3.292886144000  3.194884456913  5.456641743790  -0.120711159893  -0.011668059811  0.155948119180
  10  Si  3.335421495910  7.566271821634  1.139799110183  1.263578996044  -1.876472935764  -0.946663771834
  11  Si  3.341100317733  7.543660993162  5.482037249568  1.311661214887  -2.136758416711  -1.213845947420
  12  Si  7.640114364088  3.177643303619  1.103688184821  -0.907731668379  0.303488966368  0.685437542063
  13  Si  7.646819169381  3.149954123766  5.450323259800  -0.763002636076  0.129257063215  0.158160991399
  14  Si  7.688821960126  7.526757249730  1.131573013904  0.567276783386  -1.834735073926  -0.764877579321
  15  Si  7.683166754182  7.497303582293  5.483112826784  0.948011498363  -2.053587446818  -1.365270448614
  16  Si  1.094671470324  1.075759462296  1.088863821172  3.391029508192  -1.125011959995  -0.327041213067
  17  Si  1.105087796054  1.030155380888  5.444255710940  3.286770648006  -0.934717399039  -0.937452723392
  18  Si  1.141396770270  5.413906482915  1.126631222435  3.385569542089  -1.222016493582  -0.574499794426
  19  Si  1.147961517151  5.386146928722  5.470364561988  3.295429304980  -1.352499805703  -0.954081163405
  20  Si  5.444885938056  1.036242675467  1.090774259718  -0.304818961643  0.230447304961  0.645690206909
  21  Si  5.451529659165  0.998509571086  5.438100469959  -0.295687055258  0.261035369758  0.249910006033
  22  Si  5.487784173504  5.373570708547  1.123637043341  -0.250911808769  0.148372468159  0.549933804666
  23  Si  5.491736724951  5.343631710242  5.467753766210  -0.310099635864  0.138232245458  0.196002042091
  24  Si  1.121193946846  3.231404259682  3.277425180621  3.458033253259  -1.523125235496  -0.749387110679
  25  Si  1.122902105800  3.196184339275  7.632661455554  5.939651712899  -4.114161527547  -5.618707755147
  26  Si  1.164197610998  7.582642272953  3.311696497531  6.361403604621  -5.339516642458  -4.414892128445
  27  Si  1.167594316092  7.541188324842  7.662271835334  10.693638507850  -9.659981205372  -10.745967583420
  28  Si  5.468144009387  3.176727863607  3.282907667098  -0.238984666755  0.349658023307  0.132066635283
  29  Si  5.478207580311  3.157773261477  7.623609632323  0.409939291385  -0.901299379219  -2.598395064618
  30  Si  5.519085971444  7.533220161785  3.305395168311  1.102102277343  -1.970394368038  -1.221410972354
  31  Si  5.515804364585  7.497992362826  7.661637207471  3.393473670909  -4.288909688797  -5.301687915360
  32  C  0.365168466339  8.391610659316  8.546720154088  -10.362929803393  9.901927168319  10.478436858264
  33  C  0.354504209104  8.485969620312  4.335619809525  -6.073694829706  5.019290195654  4.661929878809
  34  C  0.229367874242  4.256051177836  0.023760897024  -5.515242945636  4.398868370801  5.241089943020
  35  C  0.231456292470  4.232640828643  4.368101204064  -2.931848136068  1.417084059906  1.038401530780
  36  C  4.533392018927  8.435174683151  8.544891976539  -3.663735804065  4.230294159107  5.042386868337
  37  C  4.516471206994  8.528728420379  4.342993315873  -1.241716592581  1.675986871513  1.224645181143
  38  C  4.388927218908  4.306065782228  0.026495671973  -0.496399611204  0.843516037982  2.206521060800
  39  C  4.393415181758  4.275798536160  4.373063845310  0.280947122620  -0.224597381963  -0.189525430829
  40  C  0.200624618280  2.075744552742  2.185621261930  -2.770401742947  1.347159892956  0.837817475497
  41  C  0.212522259082  2.042930328502  6.528432426065  -2.953706664869  1.254633817170  0.908236085707
  42  C  0.249533299233  6.427174302965  2.207093456778  -2.790100579752  1.237145488916  1.060314773185
  43  C  0.259092662602  6.389370884670  6.561471747646  -2.901315343286  1.270033410877  0.696220463078
  44  C  4.372525092839  2.114551743845  2.191369239472  0.183071820778  0.007897570924  -0.343391360874
  45  C  4.374539488604  2.084389863065  6.532618829133  0.375737983707  -0.058639668896  -0.263344588474
  46  C  4.415563174662  6.460712792271  2.210893781874  0.345192117251  -0.057170952535  -0.130264023570
  47  C  4.415814709817  6.431767963600  6.563578790669  0.465779509806  -0.310306874194  -0.417007055346
  48  C  2.336159996275  8.567144050941  2.169506824792  -1.171520805653  1.691798484769  1.279710510197
  49  C  2.183455280845  -0.069274658764  6.519029091551  -1.227957518366  1.555509995461  1.309298290829
  50  C  2.214388394716  4.308514964862  2.202767458036  0.459553483423  -0.169658486045  -0.251385038527
  51  C  2.218470279356  4.274227832182  6.543782656437  0.414624364578  -0.273108402144  -0.169980925943
  52  C  6.687963728540  8.525182855498  2.165314219149  -1.337741827974  1.782738841853  1.256489195107
  53  C  6.692788088172  8.486401236221  6.520265982970  -1.430658150907  1.883726248322  1.248347061015
  54  C  6.562589894001  4.272174600002  2.203409432545  0.243862031375  -0.244993430349  -0.309623384537
  55  C  6.571348915765  4.240445058571  6.544080803228  0.304364177351  -0.190488514187  -0.252536376290
  56  C  2.198513285602  2.151342832550  0.014775330608  -0.591092773966  0.938405380522  2.183001959445
  57  C  2.204825091106  2.119408891094  4.367943896589  0.128534335675  -0.197657644159  -0.486043177318
  58  C  2.235421554372  6.500919276937  0.044165690154  -0.202204692739  0.585777908809  2.069028305813
  59  C  2.240410098066  6.468346696054  4.393993727521  0.546053106481  -0.270085541190  -0.520970933710
  60  C  6.540716094757  2.108934088061  0.002883936280  -0.642607621555  1.150068383399  2.412153069831
  61  C  6.548588936628  2.080142445697  4.347927429454  0.224052218633  -0.158752669608  0.027998212207
  62  C  6.584758647462  6.458896523233  0.044885574250  -0.407246919862  0.848766542819  2.033882781035
  63  C  6.590763403625  6.424799519055  4.384399303033  0.302193651963  -0.055319782840  -0.255632831737


MDSTEP:  1
LATTICE_CONSTANT: 1.889726125458
LATTICE_VECTORS
  8.511014148544  0.000000000000  0.000000000000
  0.163028227574  8.602690749385  0.000000000000
  0.017615284558  -0.124018601118  8.551800590844
VIRIAL (KBAR)
  226.532804673433  -116.248344617888  -71.335776397686
  -116.248344617888  218.694163689741  113.339322380329
  -71.335776397686  113.339322380329  231.577901010805
INDEX    LABEL    POSITIONS    FORCE (eV/Angstrom)
  0  Si  3.275792926639  1.033770529918  3.263658341916  -0.383505941729  0.274347759606  0.368094429843
  1  Si  3.283167946143  1.008569080351  7.614138965747  0.470647452324  -0.902681667979  -2.549848892325
  2  Si  3.314327586181  5.381320814077  3.297860009126  -0.198327199747  0.069652735390  0.205490274578
  3  Si  3.316722343467  5.342836537957  7.642631104230  0.517893887962  -0.740590136226  -2.545495276652
  4  Si  7.622328737397  0.987398575446  3.255981145883  -0.919418751388  0.559465203689  0.395685209093
  5  Si  7.625789249748  0.962743627880  7.612582542893  0.018708980183  -0.721064607926  -2.690890998559
  6  Si  7.659628206887  5.334883782194  3.295052202077  -0.612922058444  0.328542181826  0.108808815217
  7  Si  7.671185755718  5.310275412159  7.640196730031  -0.030865038400  -0.896267424279  -2.535235003997
  8  Si  3.292378494948  3.222233478067  1.108133684445  -0.189853740752  0.123282548665  0.668731191159
  9  Si  3.292685320654  3.194283507532  5.456838714612  -0.118645065088  -0.000193448160  0.141809023485
  10  Si  3.336206537572  7.566959913298  1.139911306725  1.229325966063  -1.865197039767  -0.912401421413
  11  Si  3.341751690384  7.542446221710  5.481811740019  1.290787346187  -2.085641487031  -1.204791599870
  12  Si  7.639732784830  3.177846421419  1.104088395989  -0.916805707350  0.284532627170  0.687176184296
  13  Si  7.647312327884  3.150698708614  5.449855980356  -0.781523990445  0.113199490532  0.184983463526
  14  Si  7.689205856306  7.526331396282  1.130686298472  0.525385347203  -1.792303398317  -0.712704450684
  15  Si  7.683863568231  7.497343384998  5.483729681867  0.906918317211  -2.039590077436  -1.392626827017
  16  Si  1.095208594342  1.076264584783  1.088353418452  3.362872065214  -1.078730701794  -0.258456719596
  17  Si  1.105110306590  1.030474864602  5.444270477462  3.267254929679  -0.913913288262  -0.942178132117
  18  Si  1.141932090182  5.414229961070  1.126266254428  3.356629292000  -1.230171822242  -0.550433948642
  19  Si  1.148434862831  5.385874806889  5.470052357854  3.267111987408  -1.321195256040  -0.945691925801
  20  Si  5.445190404889  1.035576713812  1.090963296661  -0.308272639400  0.253661265628  0.640541099893
  21  Si  5.451661621318  0.999296647268  5.438288574792  -0.288391630507  0.246107624508  0.245766448088
  22  Si  5.487159657548  5.373345775945  1.123418229717  -0.224685457090  0.155225484154  0.566027871101
  23  Si  5.491462073508  5.343342264573  5.467614347113  -0.300205141284  0.141165104899  0.194377583855
  24  Si  1.121578071882  3.231990862207  3.277794875129  3.425045259522  -1.535940176046  -0.751905401499
  25  Si  1.124214049470  3.195840983868  7.632442047773  5.800828104553  -4.003232124528  -5.505666242504
  26  Si  1.165272217142  7.581690938416  3.310756476950  6.192713183880  -5.147349870406  -4.222989286927
  27  Si  1.169144381092  7.540232068856  7.659831329479  10.221503861824  -9.157597697777  -10.214731991306
  28  Si  5.467772638803  3.175838196524  3.282671017578  -0.235446693647  0.368757909135  0.151516019581
  29  Si  5.478200801142  3.157379941931  7.622452428718  0.411882438890  -0.891530233094  -2.557298717064
  30  Si  5.518734981602  7.532195432756  3.305463681647  1.101276522751  -1.926074152338  -1.215381794936
  31  Si  5.516302822098  7.497382455660  7.660843420467  3.278529059851  -4.153274872121  -5.182112612601
  32  C  0.361891956022  8.395734112911  8.551451922956  -9.851953092199  9.335157969439  9.896155132239
  33  C  0.350983838910  8.488467753725  4.337314533483  -5.865223931463  4.800850174140  4.453686921958
  34  C  0.227311111813  4.256616232920  0.025671341485  -5.385097298374  4.299028533937  5.098659412580
  35  C  0.230240604740  4.233757927405  4.368403397524  -2.885849988136  1.390111546448  1.023417813122
  36  C  4.531021317627  8.436755709518  8.547090368578  -3.512840411877  4.089036372006  4.896067068685
  37  C  4.516182724522  8.530129670863  4.342912762078  -1.220081797466  1.630401518681  1.226872095862
  38  C  4.389803655755  4.305960614415  0.027216665634  -0.515784512479  0.834451923571  2.177648750016
  39  C  4.392529641491  4.276598599079  4.374071139200  0.288457904569  -0.248650963766  -0.211176158705
  40  C  0.199022212021  2.075177532740  2.186620368091  -2.706393530641  1.369803800925  0.812295235493
  41  C  0.212255509355  2.042723321502  6.529321794230  -2.933847273943  1.270447618171  0.883196220761
  42  C  0.249469644088  6.427602941453  2.206443037400  -2.790149383970  1.216096034409  1.077063872281
  43  C  0.257636715910  6.389782867267  6.561230825247  -2.843325236188  1.240626166422  0.675125363558
  44  C  4.372636572843  2.113778356766  2.190937300522  0.182127185658  0.014407677756  -0.325826053336
  45  C  4.374656972254  2.085100681361  6.532425391227  0.360176101774  -0.078133268689  -0.255353771180
  46  C  4.414787917201  6.460224244492  2.211310298048  0.355031317128  -0.054673864723  -0.140868280722
  47  C  4.416785161393  6.432087362607  6.563304891909  0.431777809020  -0.328450652982  -0.403414967027
  48  C  2.335709977791  8.568014964765  2.170018691363  -1.143628342924  1.670485576460  1.264968477881
  49  C  2.183081608484  -0.068118369732  6.518728711764  -1.195766618610  1.504822295448  1.286487625745
  50  C  2.214347909294  4.308719270590  2.203089510007  0.467125615369  -0.177242914401  -0.263465773358
  51  C  2.217434390434  4.274060781982  6.543274315022  0.438678122317  -0.266354745220  -0.157975559189
  52  C  6.687311513058  8.526203009053  2.164758109843  -1.319507281964  1.722938708356  1.261561234352
  53  C  6.693074709405  8.486309521346  6.520138196087  -1.450941957465  1.886519787357  1.257629436215
  54  C  6.562728126175  4.271580754520  2.203374940975  0.224528388487  -0.228562353802  -0.299589143384
  55  C  6.570574653873  4.240739772021  6.544569468403  0.322011722703  -0.194295974258  -0.278288840017
  56  C  2.198179374547  2.152482926290  0.015135210798  -0.558520929018  0.918901302137  2.171733229218
  57  C  2.205823926230  2.118965255548  4.367240408217  0.104828029564  -0.180732583495  -0.462980612940
  58  C  2.235022945292  6.501535126330  0.046094352710  -0.164790766519  0.559863127043  1.995546845914
  59  C  2.241145438256  6.467795227246  4.392388254062  0.523778985997  -0.255920162385  -0.473518029849
  60  C  6.539999937138  2.109284462944  0.003090954337  -0.634349744738  1.140626878520  2.387854165131
  61  C  6.548764634649  2.080365198782  4.349081306742  0.220993027580  -0.153641019445  -0.000119509477
  62  C  6.584494370434  6.459530691218  0.045092309956  -0.394703244274  0.817051998860  2.011204175041
  63  C  6.590212551985  6.424826040585  4.384717077506  0.316796184643  -0.060370960351  -0.252762747067


MDSTEP:  2
LATTICE_CONSTANT: 1.889726125458
LATTICE_VECTORS
  8.511014148544  0.000000000000  0.000000000000
  0.163028227574  8.602690749385  0.000000000000
  0.017615284558  -0.124018601118  8.551800590844
VIRIAL (KBAR)
  224.699346608698  -112.131747307101  -66.520065494992
  -112.131747307101  215.345046516875  108.232009063893
  -66.520065494992  108.232009063893  228.242631535334
INDEX    LABEL    POSITIONS    FORCE (eV/Angstrom)
  0  Si  3.275834076381  1.032047238101  3.264076414898  -0.346601672158  0.352882667823  0.357891620380
  1  Si  3.280774368630  1.007628413410  7.612642696877  0.566283468303  -0.785549427896  -2.470959723558
  2  Si  3.313235114018  5.382594463650  3.296669580067  -0.097652370604  0.012008598621  0.215936787285
  3  Si  3.317688073237  5.342857505130  7.643965343829  0.485607045557  -0.682841461827  -2.547632365615
  4  Si  7.622991910735  0.989221496170  3.257158560727  -0.944373929047  0.621402924811  0.343410020821
  5  Si  7.624805779485  0.963263871885  7.609057690721  -0.103824203929  -0.654012309275  -2.478901799854
  6  Si  7.659591140644  5.336807001350  3.295713090008  -0.668215433772  0.295556629711  0.084052713010
  7  Si  7.671926289351  5.310064964727  7.638803086781  -0.117337474313  -0.802308362963  -2.455003682605
  8  Si  3.291587647972  3.223427954350  1.109952617420  -0.154735688587  0.058886921882  0.650395259816
  9  Si  3.293580569440  3.192456170125  5.454428567286  -0.031790125140  0.049277695095  0.184534647475
  10  Si  3.334331440601  7.567296774375  1.137953458253  1.292733089402  -1.818442999500  -0.868081153132
  11  Si  3.342821336660  7.542784095752  5.481754901786  1.203779677589  -2.041604986584  -1.181076981721
  12  Si  7.636791730082  3.175342211691  1.103299245474  -0.906974500689  0.388094539716  0.733816035063
  13  Si  7.645788737328  3.151555459808  5.451801711003  -0.761660593252  0.157800620333  0.124799694370
  14  Si  7.687707975210  7.524880541093  1.131322335664  0.469328824487  -1.739371982149  -0.649859592613
  15  Si  7.686170253225  7.497449690675  5.482268084154  0.809228712922  -1.931188528639  -1.290378522990
  16  Si  1.098390624812  1.074242479313  1.086459797955  3.176388158582  -0.906753804876  -0.087818067436
  17  Si  1.106250981804  1.031892532145  5.444871442345  3.165389362061  -0.811521203304  -0.868344040062
  18  Si  1.145212812729  5.412181342406  1.125521911645  3.166845391732  -1.156852074311  -0.387261163200
  19  Si  1.150642010944  5.387362939554  5.469976967537  3.169878255900  -1.399808216367  -0.926780901802
  20  Si  5.446342387169  1.037940468794  1.089778483571  -0.385177449974  0.232467685386  0.718035707079
  21  Si  5.453808051414  0.999651993819  5.440654541631  -0.348278049112  0.279168277077  0.181945221668
  22  Si  5.487053025143  5.373675824738  1.125924274569  -0.242073319200  0.143333777915  0.511283275705
  23  Si  5.492936281716  5.345044396044  5.468178561133  -0.337190306511  0.129293393371  0.159435884794
  24  Si  1.123582246554  3.234070466160  3.279830895168  3.278367654161  -1.521254677733  -0.754546039853
  25  Si  1.125283289490  3.196436058891  7.631019914332  5.539948748528  -3.763865845076  -5.187612901601
  26  Si  1.168124936844  7.581287666674  3.310755506395  5.876756920243  -4.873871664026  -3.981783267402
  27  Si  1.174208365628  7.535837292943  7.656871538844  9.300745290233  -8.153257440267  -9.262070515299
  28  Si  5.467536800959  3.174211722553  3.284278539817  -0.162165053962  0.461598364978  0.114785371171
  29  Si  5.480264121957  3.159037253344  7.622439357532  0.299733804715  -0.768707072726  -2.495549814098
  30  Si  5.518652628218  7.532123204727  3.305556219488  1.108813680128  -1.912917107823  -1.210333812676
  31  Si  5.518195601845  7.496158571954  7.657211982519  3.071491028361  -3.940916150251  -4.927168208943
  32  C  0.336998603720  8.523492332018  0.009218202465  -8.980117158382  8.386349147166  8.817083588857
  33  C  0.346418363965  8.495001629191  4.341013349745  -5.505900281372  4.437671540114  4.099875415320
  34  C  0.219867256073  4.259987650493  0.029850436102  -4.995423148422  3.969780775118  4.747928037201
  35  C  0.224288055228  4.237404967292  4.368297081334  -2.707709851204  1.297946212446  1.035160544958
  36  C  4.529307483717  8.439655074628  8.548157669700  -3.333685996682  3.881792343858  4.710734247333
  37  C  4.514502948990  8.529403137932  4.343147840582  -1.184552018684  1.648399056548  1.249773902442
  38  C  4.385505117922  4.308382467875  0.029559401212  -0.374047339895  0.751661873220  2.110828790122
  39  C  4.395280410197  4.277064401781  4.373472806935  0.224129843130  -0.207013837082  -0.193673285651
  40  C  0.196665918241  2.080263706191  2.183720859885  -2.558410290068  1.226602926125  0.834282240806
  41  C  0.206471762876  2.044876971646  6.530814319909  -2.761912928414  1.214090700702  0.801565821625
  42  C  0.244995400777  6.426324289250  2.208356635292  -2.589940738746  1.199983114864  0.993580063808
  43  C  0.258761692147  6.392694743250  6.561474139831  -2.818732270595  1.162596444419  0.626837550423
  44  C  4.372288333807  2.116611955272  2.194319239880  0.185941479312  -0.059580051621  -0.380501641641
  45  C  4.378559785316  2.088250336343  6.534369574291  0.260656285012  -0.149258085532  -0.298804295451
  46  C  4.413733441927  6.460476081092  2.208936339944  0.337956802322  -0.023290932390  -0.074861235512
  47  C  4.416951311665  6.435444317692  6.562708501822  0.400620690387  -0.406041559995  -0.391939456544
  48  C  2.174856608404  -0.029572553418  2.168489337865  -1.170443219728  1.535930245829  1.314424512827
  49  C  2.181783277653  -0.064653888943  6.521906910830  -1.133158519367  1.376005593125  1.142598639822
  50  C  2.217981419386  4.306625587881  2.204983699794  0.388754665141  -0.104903123122  -0.288392005834
  51  C  2.221517737699  4.272493269989  6.542361615854  0.356399109245  -0.216496101413  -0.149598939258
  52  C  6.686740824426  8.528025335680  2.166754904150  -1.309357672214  1.689637762056  1.234447746793
  53  C  6.689422102643  8.487647574031  6.520022383559  -1.299423205382  1.784437706975  1.196682702696
  54  C  6.564147138721  4.274749923174  2.200805507759  0.167043488142  -0.307926374493  -0.197364802053
  55  C  6.571690933113  4.243525227831  6.541204845673  0.292808454042  -0.211026846359  -0.177263035085
  56  C  2.196712905826  2.150798226920  0.018059185619  -0.510128569352  0.980380054343  2.071642191248
  57  C  2.206654253265  2.120241232346  4.367643979660  0.080659139571  -0.228907263826  -0.457896105685
  58  C  2.231339641473  6.502474852187  0.048209474998  -0.033646761901  0.473233355697  1.924922928311
  59  C  2.239494475802  6.463717145471  4.390750884021  0.579787228499  -0.116006153597  -0.421003329127
  60  C  6.535538675168  2.113611222568  0.005825563750  -0.478350169324  0.991454706308  2.232344505876
  61  C  6.551121029849  2.083358497122  4.352568812233  0.164200862422  -0.221137339972  -0.049423396575
  62  C  6.581545655819  6.459768315515  0.046609083635  -0.322624063480  0.775078360872  1.915649745260
  63  C  6.592843483187  6.425896490379  4.388262507474  0.255337213334  -0.048171031509  -0.328801331486


MDSTEP:  3
LATTICE_CONSTANT: 1.889726125458
LATTICE_VECTORS
  8.511014148544  0.000000000000  0.000000000000
  0.163028227574  8.602690749385  0.000000000000
  0.017615284558  -0.124018601118  8.551800590844
VIRIAL (KBAR)
  223.151793673466  -109.026110586000  -62.913274235454
  -109.026110586000  212.635945077408  104.753875092071
  -62.913274235454  104.753875092071  225.394251107607
INDEX    LABEL    POSITIONS    FORCE (eV/Angstrom)
  0  Si  3.273319284540  1.030728865654  3.266856026102  -0.264247609096  0.367011762912  0.239545970891
  1  Si  3.280037689168  1.010134941660  7.613515107441  0.658264773437  -0.847433327095  -2.559201689193
  2  Si  3.313033393495  5.381020648360  3.299848312043  -0.033854149784  -0.016213894410  0.089506452455
  3  Si  3.315229731713  5.345164710260  7.643946422410  0.626135929171  -0.710483401220  -2.602887864507
  4  Si  7.624187398501  0.992385903516  3.255080518405  -1.041608767599  0.538912421051  0.439124348400
  5  Si  7.623256790037  0.960725691790  7.606141497406  -0.169422737071  -0.530545840978  -2.365243196362
  6  Si  7.660238258623  5.334658111488  3.293146986271  -0.634836123472  0.332503448072  0.112065334255
  7  Si  7.669992222382  5.312895856627  7.634580616382  -0.150200781585  -0.878858705958  -2.349109333052
  8  Si  3.289176917923  3.220806773597  1.109910867198  -0.050640540686  0.097717674554  0.630926086788
  9  Si  3.294602168367  3.195359250621  5.451717565715  0.030369493723  -0.014494988416  0.200044443895
  10  Si  3.335569532411  7.563687043368  1.136916672456  1.229017016433  -1.618644387903  -0.756811593036
  11  Si  3.343210083905  7.541641916832  5.479911545359  1.191355740674  -1.914421835800  -1.128446013097
  12  Si  7.634701192141  3.178342020463  1.104011247874  -0.872057695207  0.244243825363  0.711315679474
  13  Si  7.643377225684  3.148375537855  5.451370837573  -0.781536122917  0.190961762620  0.141385248825
  14  Si  7.690051120707  7.526044218908  1.130100812844  0.275585726720  -1.678240429827  -0.547333367437
  15  Si  7.689909593885  7.493558706132  5.481988460230  0.645195552931  -1.788836095634  -1.290578593679
  16  Si  1.097403179868  1.075055561464  1.087818326233  3.085768184169  -0.841276311040  -0.001329459112
  17  Si  1.106140221813  1.034320018573  5.445592902423  3.182076396828  -0.819269029178  -0.830959739503
  18  Si  1.145198935738  5.408657176950  1.127242678613  3.212891766454  -1.060115661919  -0.392339454169
  19  Si  1.153839427528  5.388263270895  5.470923091872  3.090670385759  -1.494024105640  -1.035211090712
  20  Si  5.449019519518  1.036720097570  1.091780113649  -0.480910625225  0.284483658717  0.686573687988
  21  Si  5.452283858184  1.001898301860  5.438555764800  -0.254584999215  0.199817827799  0.300276125244
  22  Si  5.487603160975  5.370621074498  1.123329677500  -0.215531602634  0.171123899164  0.545884990468
  23  Si  5.490438198894  5.343310420417  5.465704397311  -0.253282280537  0.241314740277  0.127677196296
  24  Si  1.125327974138  3.230475914741  3.282279413036  3.170366723394  -1.376999639775  -0.758293975534
  25  Si  1.130283155123  3.192056953505  7.632193377573  5.197717027727  -3.353250443960  -4.951708194891
  26  Si  1.169928750712  7.577923980789  3.309992380672  5.539398731629  -4.460415418265  -3.573344771465
  27  Si  1.175101735893  7.533624205569  7.653525223811  8.594581054322  -7.445285994252  -8.456525399904
  28  Si  5.469674434928  3.177331850648  3.284502329275  -0.216402669340  0.299942607575  0.011498823940
  29  Si  5.480938806117  3.160367683566  7.619672161721  0.283961083090  -0.742939275029  -2.347791723272
  30  Si  5.517394343560  7.532394560348  3.305405764635  1.139684468960  -1.897859632836  -1.215829354797
  31  Si  5.515891097117  7.497804114167  7.654459576534  2.976099722491  -3.810051211704  -4.794530451707
  32  C  0.326656878355  8.530469665705  0.015248615158  -8.107778912509  7.532180906275  7.958133086445
  33  C  0.339945847542  8.500478620414  4.345849422631  -5.078060347154  4.037733402317  3.677205275651
  34  C  0.215252150839  4.260721569161  0.035824125673  -4.666344605195  3.733761321824  4.297722950005
  35  C  0.220336760143  4.235413324452  4.371883730839  -2.540440400191  1.287607967313  0.926275524200
  36  C  4.524058505131  8.444724534589  8.546799341723  -3.116188437783  3.682954759486  4.674192874816
  37  C  4.517219662133  8.534473047968  4.345222788078  -1.273512217161  1.513536927504  1.194450151190
  38  C  4.383307147694  4.310771513176  0.031540220620  -0.344562052246  0.651357563022  1.994071963740
  39  C  4.399159309523  4.274243119236  4.370726201186  0.148239509502  -0.115764381963  -0.158872094909
  40  C  0.190074697847  2.081401911967  2.188534320855  -2.338257263862  1.220121904184  0.663535243970
  41  C  0.205437272215  2.046182103428  6.534873612663  -2.714490691212  1.176417402352  0.696016206509
  42  C  0.247793083760  6.429804601498  2.207496247858  -2.620658777955  1.065097953642  0.974569756656
  43  C  0.255008725407  6.388780992265  6.556916878185  -2.684598432455  1.260318847991  0.770966632543
  44  C  4.367177212209  2.116428620099  2.191812183849  0.300657248916  -0.062158515819  -0.291451751935
  45  C  4.380982770758  2.091533234525  6.534208297889  0.161494463357  -0.192417842766  -0.324964229854
  46  C  4.413659176682  6.455974721446  2.205591702010  0.348945097380  0.042763941139  0.032942928601
  47  C  4.417099333368  6.439618208321  6.557540447357  0.380527317856  -0.521182266547  -0.332550402170
  48  C  2.169499133610  -0.031050601902  2.171791692103  -0.991642744286  1.470057717658  1.198806097525
  49  C  2.182055373150  -0.067875996074  6.527730693432  -1.136509620755  1.439340841965  0.950817662326
  50  C  2.222199496571  4.302992269486  2.204496379476  0.257084298089  -0.054816189188  -0.224561616201
  51  C  2.224538655154  4.275268926670  6.537001188629  0.303460104691  -0.274641853235  -0.006646690240
  52  C  6.686524572014  8.531895961099  2.170337092955  -1.252826224578  1.520288363152  1.124528672908
  53  C  6.692869737184  8.484791250486  6.524041006295  -1.374638909939  1.797020896367  1.012119946864
  54  C  6.569026436061  4.270266742511  2.198254363606  0.034507544962  -0.174211326833  -0.152693119511
  55  C  6.569155417968  4.246647929756  6.536758203565  0.330668228621  -0.285488159493  -0.110002043445
  56  C  2.198925584895  2.149217802202  0.016250899969  -0.626107802953  1.036966133235  2.181363563929
  57  C  2.211371459267  2.122830022506  4.362989319874  -0.015213483355  -0.291895383650  -0.277967623734
  58  C  2.236426262251  6.506524872132  0.048071522898  -0.251436929022  0.373804766688  1.937826082427
  59  C  2.242005895796  6.463161750907  4.389715413621  0.522391703862  -0.110341934846  -0.390305816976
  60  C  6.536791566098  2.112536803020  0.008686942467  -0.505953594523  1.051130739590  2.112212545687
  61  C  6.547319989713  2.078730168691  4.351232355386  0.234146722175  -0.097776756163  -0.036958119531
  62  C  6.577427736491  6.462090262942  0.044050067320  -0.235902481306  0.723324790285  1.947330802545
  63  C  6.597094836397  6.426734142125  4.384925175674  0.142978615482  -0.103466532753  -0.296463583521


MDSTEP:  4
LATTICE_CONSTANT: 1.889726125458
LATTICE_VECTORS
  8.511014148544  0.000000000000  0.000000000000
  0.163028227574  8.602690749385  0.000000000000
  0.017615284558  -0.124018601118  8.551800590844
VIRIAL (KBAR)
  221.470832276119  -106.553607777215  -59.443493745093
  -106.553607777215  210.598965805968  100.932403818542
  -59.443493745093  100.932403818542  222.810378756620
INDEX    LABEL    POSITIONS    FORCE (eV/Angstrom)
  0  Si  3.274625905977  1.031094747405  3.265380436836  -0.266074669518  0.411677206558  0.209524722028
  1  Si  3.283943369917  1.012070394415  7.609498540966  0.446190812803  -0.678187095262  -2.403780584006
  2  Si  3.309188535681  5.381139073235  3.299043070866  0.006801459585  -0.030814061465  -0.000703630003
  3  Si  3.313050316727  5.344527534575  7.640230943607  0.706081886389  -0.721705774251  -2.412664379921
  4  Si  7.622237662756  0.992021121871  3.251125603824  -1.025592916448  0.642513439614  0.503169716997
  5  Si  7.624442081455  0.957440397624  7.605013033804  -0.275263200774  -0.325449221413  -2.271532042834
  6  Si  7.656568151598  5.337098922426  3.295559235362  -0.549159211980  0.222793500958  -0.019499817589
  7  Si  7.671473768902  5.315999540470  7.636821980719  -0.353667853872  -0.885726662231  -2.322932099644
  8  Si  3.285528932468  3.217081150361  1.110352390672  0.059904844640  0.215001173048  0.671626869723
  9  Si  3.291932228268  3.198906321785  5.448544646430  0.055819467490  -0.086471593008  0.148279387331
  10  Si  3.335061925517  7.563929522513  1.137805717615  1.199945583132  -1.619369651284  -0.782886643899
  11  Si  3.345282547814  7.541311424273  5.478748608827  1.037355388933  -1.781878839245  -0.937929139783
  12  Si  7.637078310130  3.179070798133  1.107755245411  -0.962105063206  0.129443676942  0.671265156383
  13  Si  7.640798557378  3.150842382207  5.450375052154  -0.733207726278  0.115286924574  0.113876716673
  14  Si  7.689165253788  7.522126116196  1.132469390354  0.205331568608  -1.413149770454  -0.490504044906
  15  Si  7.689195824716  7.494996998573  5.485149565137  0.702855865743  -1.808350091631  -1.461864885283
  16  Si  1.101362865842  1.077518268525  1.089598035584  2.963250774393  -0.823488705395  0.001228943864
  17  Si  1.108355849706  1.034172539903  5.446342314048  3.038298584842  -0.709651765049  -0.909323375261
  18  Si  1.146322650733  5.408947261898  1.128534477021  3.074655596133  -1.104626408403  -0.431520648397
  19  Si  1.150995030383  5.389874808189  5.471395190504  3.170935135425  -1.709880043885  -1.134367296580
  20  Si  5.445857365331  1.033861910154  1.089491392878  -0.385646744566  0.409228633592  0.795050174175
  21  Si  5.454499397120  1.004825098488  5.440612428242  -0.300462508097  0.209326116957  0.215508851007
  22  Si  5.484905960749  5.372063830571  1.121964693708  -0.148549001918  -0.008359788647  0.601146024654
  23  Si  5.487076762649  5.346618010513  5.462446085474  -0.117508921519  0.117249937667  0.141437952306
  24  Si  1.126249259070  3.228096099855  3.279526074285  3.087137994175  -1.201739287260  -0.645411863481
  25  Si  1.130306649240  3.192213672578  7.634203138880  5.057759969269  -3.222037051908  -4.839337994767
  26  Si  1.169523214439  7.576449021257  3.311076506345  5.322642383533  -4.233143915260  -3.402557805640
  27  Si  1.181676859097  7.528095342299  7.648914831234  7.758478486985  -6.643418195572  -7.572059598745
  28  Si  5.470106560474  3.178634668156  3.287606281913  -0.213673533617  0.253158185744  -0.120496715362
  29  Si  5.478818521957  3.161556927204  7.619939497872  0.312798594961  -0.785562079545  -2.321834290643
  30  Si  5.520546677262  7.534340989455  3.307256956221  0.958479278885  -1.841363964650  -1.186994732590
  31  Si  5.512998841114  7.497245722142  7.653788571045  2.855388703562  -3.546584297488  -4.559221917569
  32  C  0.323492217831  8.540004133724  0.018903079448  -7.369492800144  6.578863747881  7.188713599779
  33  C  0.330493654708  8.508546222600  4.344648684924  -4.717377428532  3.684037981560  3.504351438010
  34  C  0.207428503416  4.261940963663  0.038553466898  -4.380107490829  3.635010163671  4.118487024145
  35  C  0.216756282891  4.238320406363  4.367558676525  -2.413591199336  1.213465161832  0.996570063530
  36  C  4.501727438756  8.576391573276  0.000119508464  -2.873498305433  3.309649228187  4.338359958310
  37  C  4.511171787226  8.539570754222  4.349352382068  -1.068767296596  1.321424648598  1.079574180900
  38  C  4.381745353000  4.309603785330  0.031799475865  -0.392462381251  0.695392229819  1.989071831391
  39  C  4.396386424152  4.275415071972  4.365117488796  0.158928791898  -0.065165574935  -0.059771686282
  40  C  0.193293860327  2.081521339300  2.193906930000  -2.380434890118  1.163953898285  0.497750970036
  41  C  0.205476348243  2.046627616395  6.535072693335  -2.696000672784  1.219102482013  0.651838070112
  42  C  0.243052891849  6.427161765441  2.205055600733  -2.517055970758  1.142012956062  1.089998412465
  43  C  0.253826110951  6.387269332537  6.552789432889  -2.707891750459  1.377138915956  0.946578201349
  44  C  4.370585315240  2.116126769595  2.191398629902  0.213974923204  -0.039229576864  -0.262861505590
  45  C  4.377208728541  2.095934326428  6.529293256632  0.244604831600  -0.235377477644  -0.275848837980
  46  C  4.411313880073  6.452004908554  2.199306759629  0.382884930848  0.179452821313  0.236828912934
  47  C  4.422492654344  6.436517823551  6.561191075763  0.197948377406  -0.397317030105  -0.429632569262
  48  C  2.170612960195  -0.027489110937  2.168634198889  -1.006864721604  1.355118699181  1.317514394723
  49  C  2.175362926206  -0.060883844056  6.531986239811  -0.819310867645  1.130534033465  0.729097566828
  50  C  2.217492748055  4.307534352516  2.200599725990  0.346791439118  -0.180255607065  -0.138410831197
  51  C  2.231056050460  4.275506765144  6.539127379410  0.069773188281  -0.241411064805  -0.088936142109
  52  C  6.685084453322  8.537287986312  2.176220831559  -1.213303406963  1.315399556798  0.900937690718
  53  C  6.694455542668  8.485032216852  6.520963059562  -1.514864140017  1.807951054350  1.150563951062
  54  C  6.573344754221  4.265743482909  2.200336099239  -0.113481245174  -0.013110108635  -0.170046196869
  55  C  6.567184912179  4.244478812151  6.537082592415  0.320023145584  -0.140396887686  -0.135626922336
  56  C  2.197879802173  2.151832718520  0.020759097659  -0.522867543457  0.923624462763  1.994860737416
  57  C  2.210852310193  2.123117791713  4.356492900043  0.009705322985  -0.270582915041  -0.136461368771
  58  C  2.233287818328  6.502910520291  0.052082952667  -0.138056584439  0.420415427449  1.798190035827
  59  C  2.241715874534  6.459726303479  4.391345253328  0.507948043785  0.008213002967  -0.385163674811
  60  C  6.532819911583  2.111468412344  0.010565887511  -0.385186958539  1.014572071010  2.011595932798
  61  C  6.546573905180  2.076665172296  4.345496012657  0.237761248657  -0.032783351099  0.113812980570
  62  C  6.572088284663  6.466598452753  0.050425788288  -0.096675644233  0.619245913504  1.750093979157
  63  C  6.603387442381  6.426920924022  4.381948542848  -0.052253972751  -0.043669395134  -0.166721205091


MDSTEP:  5
LATTICE_CONSTANT: 1.889726125458
LATTICE_VECTORS
  8.511014148544  0.000000000000  0.000000000000
  0.163028227574  8.602690749385  0.000000000000
  0.017615284558  -0.124018601118  8.551800590844
VIRIAL (KBAR)
  219.366254883718  -102.430858999183  -54.879263459403
  -102.430858999183  207.946523824117  95.780458915778
  -54.879263459403  95.780458915778  220.519382382883
INDEX    LABEL    POSITIONS    FORCE (eV/Angstrom)
  0  Si  3.271508029860  1.029904406578  3.264875161857  -0.197244430849  0.356614955984  0.276176943016
  1  Si  3.287444074703  1.013569833954  7.611380553383  0.427099451997  -0.753734606344  -2.491661265497
  2  Si  3.308115059659  5.377725458564  3.298347907081  -0.057762180020  0.059698435173  0.072467369401
  3  Si  3.309540270536  5.345229604771  7.643827279635  0.752303114043  -0.782359875270  -2.467716392149
  4  Si  7.618187991186  0.995734086264  3.248075082514  -0.939144988038  0.533061985965  0.618373945175
  5  Si  7.627210673283  0.955561014360  7.603245646173  -0.536484167010  -0.113685776547  -2.125908504423
  6  Si  7.655960243444  5.337481473126  3.297870740871  -0.607517655454  0.186825384013  -0.096469188275
  7  Si  7.675799683483  5.320035857582  7.632130705361  -0.598821690348  -0.855583338276  -2.088963112570
  8  Si  3.281012687109  3.212926309304  1.114347792971  0.122757628049  0.285656859167  0.582427508228
  9  Si  3.295731568308  3.194521536573  5.447830547961  -0.050825444441  0.072796728058  0.078471559719
  10  Si  3.332482369459  7.560722517682  1.140170818410  1.246402578532  -1.532305693358  -0.730279509935
  11  Si  3.346800747924  7.536665136793  5.478062003843  0.971642964367  -1.575520903851  -0.905683051495
  12  Si  7.635886555523  3.178736197843  1.108949316353  -0.899985167197  0.217795897047  0.598756684137
  13  Si  7.643721387981  3.151481169921  5.447596773853  -0.935780815736  0.122767748868  0.272023272871
  14  Si  7.692104847065  7.523273351944  1.128244839139  -0.025301501666  -1.230949698363  -0.236081141966
  15  Si  7.693813827425  7.494140751866  5.483554599697  0.606852260830  -1.774246683918  -1.482063115132
  16  Si  1.101039541824  1.081311992455  1.093542592844  2.918580335972  -0.824571227546  -0.089721740125
  17  Si  1.105645642562  1.037721918194  5.449583789420  3.032070513177  -0.746497727659  -0.990994154302
  18  Si  1.144462565763  5.412554992441  1.132442266306  2.929674373102  -1.188442425774  -0.399875728517
  19  Si  1.148201818494  5.392323898700  5.475437310821  3.250624688280  -1.734697092985  -1.258021365458
  20  Si  5.445808130229  1.029316350360  1.086814814262  -0.376320158323  0.615506310952  0.935747192239
  21  Si  5.452382615976  1.006103552447  5.438433492123  -0.185999222918  0.166862450399  0.277748943140
  22  Si  5.487207857293  5.367675402875  1.124270042088  -0.242824861822  0.046683535128  0.497019793304
  23  Si  5.485621912352  5.350178328018  5.460461813395  -0.047499097253  0.054709792338  0.133075979182
  24  Si  1.127808826333  3.229341464181  3.283635071805  2.877852644098  -1.199788622107  -0.597868601136
  25  Si  1.133218048613  3.192410637419  7.631905461352  4.751785269384  -2.923596376534  -4.499781032048
  26  Si  1.166701997476  7.579688152590  3.308618191737  5.311635895393  -4.257933381955  -3.348404596870
  27  Si  1.188367472237  7.522021553962  7.644086402686  6.813569469344  -5.445342439846  -6.456083251090
  28  Si  5.472881363302  3.176744675495  3.284594169131  -0.311895963450  0.396402683110  -0.069600172562
  29  Si  5.481099359655  3.160158377262  7.614476766496  0.242987058984  -0.663549865846  -2.142475824024
  30  Si  5.522750295678  7.537393844654  3.302228816913  0.840648651600  -1.857558596954  -1.029513265923
  31  Si  5.517635291858  7.492968325274  7.653539323062  2.494058103791  -3.283014615970  -4.379578178900
  32  C  0.312482726088  8.551443506532  0.027219832090  -6.212283475740  5.424750952873  6.085911444764
  33  C  0.332058198131  8.508263050760  4.348154226518  -4.777498554351  3.787902995063  3.437456207055
  34  C  0.198921274630  4.269615602038  0.037853829481  -3.905854929243  3.255854878652  3.898864214261
  35  C  0.209216895629  4.238610566856  4.373579176705  -2.179734422132  1.229820178838  0.839087431434
  36  C  4.500081560950  8.578489587521  0.008767220884  -2.636277926153  2.963679179599  3.912256911831
  37  C  4.516238195502  8.538992557353  4.356818778534  -1.185014810348  1.282204702310  0.863074776349
  38  C  4.376715370747  4.305643838106  0.029739251174  -0.308378613189  0.714069987128  2.040078355904
  39  C  4.394490902368  4.281401732287  4.366919682838  0.250844296947  -0.262586992793  -0.145791298683
  40  C  0.189459064397  2.084127315008  2.194558391991  -2.278879723416  1.206685489198  0.554442487212
  41  C  0.201557056229  2.047633484656  6.538404494858  -2.624428000137  1.239047279727  0.573327279378
  42  C  0.234057149466  6.430250352573  2.207659733451  -2.303435776851  1.069432735195  1.049141149476
  43  C  0.254453243949  6.388666676385  6.559269937579  -2.692454463831  1.366334770512  0.775241306497
  44  C  4.367015906283  2.118631847310  2.194428021387  0.264682227616  -0.155929397466  -0.320195490776
  45  C  4.376890045607  2.099915474681  6.524393421030  0.313208718778  -0.374114560488  -0.174671519533
  46  C  4.409092057418  6.449747548406  2.201492279676  0.410454053070  0.178890545003  0.181893304279
  47  C  4.418050777401  6.432487927621  6.553967346100  0.272209972810  -0.286938631916  -0.152704723997
  48  C  2.164568245316  -0.027591807397  2.165529573575  -0.892456113555  1.353091481399  1.381073645076
  49  C  2.173044983183  -0.055955972261  6.527213773988  -0.662462545648  0.991393515550  0.830846746212
  50  C  2.210727583465  4.302252513069  2.204035516446  0.419926306543  -0.036556299657  -0.196743681974
  51  C  2.231554139257  4.275656393531  6.535395298250  0.058375224794  -0.248887053869  -0.027367591152
  52  C  6.680125843172  8.538948608653  2.182689292287  -1.033935420474  1.212388993588  0.629703754869
  53  C  6.698217384732  8.482656742646  6.520688955662  -1.598954831226  1.860330710199  1.126171889660
  54  C  6.576718279705  4.265398009467  2.194303561345  -0.163833373632  -0.019147369275  0.030287705310
  55  C  6.566913055776  4.250750081729  6.542482101734  0.347506553557  -0.205389840411  -0.348733393919
  56  C  2.199486770502  2.149195158127  0.018234358282  -0.623187083307  1.015681510889  2.085903620252
  57  C  2.207648202632  2.122154194613  4.355779494895  0.061385274733  -0.254455164681  -0.078230652557
  58  C  2.230320579118  6.504500283474  0.058966563189  -0.061445262759  0.356334228166  1.686756678424
  59  C  2.242338750494  6.466559326089  4.393260495921  0.413354062587  -0.179212604681  -0.491179496418
  60  C  6.534601339553  2.119300275139  0.016503595232  -0.390440780921  0.724852631652  1.769600223614
  61  C  6.545168559704  2.076863556999  4.343018603764  0.272037146629  0.006029322935  0.190341475026
  62  C  6.573987814693  6.470570832041  0.057100937403  -0.077831012311  0.448753508921  1.563631488674
  63  C  6.603833218261  6.428105352928  4.376021916305  -0.052334375260  -0.036315499262  -0.025020244563


MDSTEP:  6
LATTICE_CONSTANT: 1.889726125458
LATTICE_VECTORS
  8.511014148544  0.000000000000  0.000000000000
  0.163028227574  8.602690749385  0.000000000000
  0.017615284558  -0.124018601118  8.551800590844
VIRIAL (KBAR)
  218.095843147752  -100.029652585519  -53.425565676760
  -100.029652585519  207.034374745446  94.141147199175
  -53.425565676760  94.141147199175  219.594140749048
INDEX    LABEL    POSITIONS    FORCE (eV/Angstrom)
  0  Si  3.276171972003  1.028177359087  3.265772635440  -0.331868258631  0.335129295475  0.284772127351
  1  Si  3.282798906503  1.016324807471  7.610710531602  0.463182320467  -0.773158399561  -2.496896529640
  2  Si  3.312545872070  5.376982986119  3.301354663875  -0.159007513203  0.045399212352  0.045151923216
  3  Si  3.306008669183  5.347115297093  7.640172971937  0.739306775608  -0.827122331002  -2.462923684003
  4  Si  7.618884484418  0.990752786447  3.251636256931  -0.897009465586  0.648082163393  0.428904031853
  5  Si  7.626743498166  0.955760480681  7.605568282602  -0.543403699995  -0.086134232606  -2.101183779506
  6  Si  7.651835131048  5.334053599723  3.300732958125  -0.492366761701  0.302662338038  -0.053229861598
  7  Si  7.680059381660  5.320339128207  7.629224274366  -0.664211536807  -0.843867480226  -1.987736368560
  8  Si  3.278409912438  3.209808629000  1.109632442092  0.235896882635  0.304362594225  0.766857645380
  9  Si  3.291643979516  3.196931635042  5.449073732676  -0.046174935817  -0.002301692981  0.070167870785
  10  Si  3.329885975526  7.562065765113  1.144533724734  1.406237198498  -1.678486470427  -0.849810522242
  11  Si  3.350159682238  7.538448768125  5.480131440324  0.856477320930  -1.652220836747  -1.001597434967
  12  Si  7.633541351327  3.180339447291  1.105525489895  -0.881271505476  0.096568165771  0.695946767490
  13  Si  7.639098619697  3.154508847089  5.451462296356  -0.864246154856  0.070415601254  0.143269693634
  14  Si  7.690235468394  7.521607969692  1.132018499370  -0.007362377541  -1.244348363834  -0.337408019834
  15  Si  7.690263229777  7.497252981384  5.481891601570  0.666022603481  -1.679455915990  -1.321461086188
  16  Si  1.106583245930  1.086081206426  1.094113000454  2.805416572630  -0.914259557138  -0.029433367137
  17  Si  1.108876567471  1.041736248422  5.445194643880  2.930703543200  -0.776899505732  -0.802858338398
  18  Si  1.140222411918  5.408525418639  1.130287508360  3.046496737058  -1.083191288269  -0.297199153168
  19  Si  1.144403611408  5.389283660163  5.470125701229  3.288191761171  -1.499243606432  -1.101552535832
  20  Si  5.447227249594  1.029306053059  1.089373662135  -0.505295020176  0.527474376608  0.881171905222
  21  Si  5.453233784014  1.003717126387  5.437844056310  -0.314622457843  0.191807218410  0.183086468259
  22  Si  5.485172957042  5.368458800342  1.120037235026  -0.249267569986  0.011795215758  0.535051940148
  23  Si  5.485271715466  5.351910326952  5.464336602486  -0.077611454095  0.027828477417  0.030824986255
  24  Si  1.126988568278  3.234028924623  3.280769126623  2.939477596846  -1.474863396710  -0.561935163076
  25  Si  1.131649212833  3.187499680919  7.626173664521  4.682772826552  -2.673078156120  -4.283343313624
  26  Si  1.169418784864  7.573612694654  3.303087312882  5.116350647893  -3.844493343455  -2.838761425939
  27  Si  1.186954348650  7.522974557677  7.647005804219  6.681127154319  -5.270801922667  -6.483287300998
  28  Si  5.470218740756  3.179705086722  3.280839214392  -0.225718715575  0.318068376886  0.127712933123
  29  Si  5.481857111335  3.163086821791  7.612812520314  0.148997125596  -0.853326551603  -2.173642428570
  30  Si  5.524081079985  7.536213366457  3.305972300576  0.823562233321  -1.856046238424  -1.111189619859
  31  Si  5.516524347532  7.486966075708  7.648441022468  2.026939356044  -2.762190195812  -4.001624684020
  32  C  0.311459710957  8.553387147868  0.035810402004  -6.076454955239  5.298655424050  5.832854941212
  33  C  0.333477694937  8.516404851786  4.349213403683  -4.534219928450  3.266740625074  3.103071662140
  34  C  0.198872560815  4.266540285880  0.039058136942  -3.875822165946  3.196843023308  3.726121737873
  35  C  0.214510031059  4.237036083461  4.374375455421  -2.435756960112  1.243001736794  0.842028037402
  36  C  4.490583505079  8.587695503198  0.013002394935  -2.129028062565  2.414803875089  3.559968050889
  37  C  4.509231079123  8.533083878687  4.354898814399  -0.976022882316  1.361234399286  0.919470690175
  38  C  4.370244630053  4.303394694907  0.025059827299  -0.231111961327  0.761488644988  2.075954330305
  39  C  4.390787695714  4.287422693262  4.373334522993  0.384747233623  -0.441924396651  -0.227713989689
  40  C  0.190327955394  2.084898291332  2.192682853217  -2.344354408646  1.227004294515  0.618463127536
  41  C  0.200389918514  2.053445056660  6.537114111584  -2.638072687338  1.006922482670  0.544790369972
  42  C  0.235676178422  6.431869430541  2.212361073285  -2.387754924838  0.865785973291  0.887430839019
  43  C  0.251437884177  6.387757955141  6.560826602765  -2.585282322275  1.425007827814  0.631037253777
  44  C  4.372697478926  2.111565568834  2.197437545162  0.119620134924  0.043052130075  -0.402125336101
  45  C  4.372659321526  2.091694459165  6.516933838792  0.398774807532  -0.109590675811  -0.031384828421
  46  C  4.413085284282  6.442614051090  2.209167898370  0.344030008289  0.323787534435  -0.014288215908
  47  C  4.415001781499  6.426948640518  6.546411897097  0.306079417836  -0.160681283678  0.047819511355
  48  C  2.165993985547  -0.030013064612  2.164407058630  -0.965371745282  1.488894106410  1.489163874578
  49  C  2.176360844529  -0.054548896389  6.523857557288  -0.842309097770  1.012550467622  0.948757114064
  50  C  2.213421291677  4.297509761705  2.207679065203  0.425393149692  0.106961112298  -0.314781528036
  51  C  2.223612884830  4.279707759439  6.535967544779  0.160082669983  -0.357405282177  -0.058695767425
  52  C  6.677579785693  8.539619624845  2.176525764366  -1.009656554630  1.149811249378  0.869699446818
  53  C  6.691052400523  8.491019363447  6.520941535678  -1.399965036122  1.611055090466  1.083756254833
  54  C  6.579663646749  4.269696183638  2.194758389728  -0.276314504358  -0.089344287763  -0.041644837992
  55  C  6.565512325665  4.258439918461  6.542735572613  0.375267583566  -0.361134940735  -0.326271843474
  56  C  2.198010607172  2.153505797113  0.021189989097  -0.611284997761  0.927734186030  1.919265554806
  57  C  2.206227864328  2.114153259787  4.359711472955  0.124498223625  0.013565379514  -0.265581773625
  58  C  2.229392389428  6.507156256554  0.052784563540  -0.062883226314  0.276579026103  1.902538409884
  59  C  2.247583628472  6.464609513373  4.393963225679  0.286373919661  -0.135581713753  -0.490336430432
  60  C  6.527153281712  2.112409483541  0.022332640072  -0.256078793782  0.961710716248  1.596919641637
  61  C  6.550077869144  2.069430781125  4.343806717639  0.102737056367  0.242065696352  0.150912367566
  62  C  6.571186704105  6.469801809713  0.050665720985  0.021984614531  0.421403269243  1.674160647188
  63  C  6.602406815185  6.429089738566  4.383202327094  -0.009564833518  -0.075099240335  -0.147202987483


MDSTEP:  7
LATTICE_CONSTANT: 1.889726125458
LATTICE_VECTORS
  8.511014148544  0.000000000000  0.000000000000
  0.163028227574  8.602690749385  0.000000000000
  0.017615284558  -0.124018601118  8.551800590844
VIRIAL (KBAR)
  216.378176678391  -97.036131381795  -50.797342934317
  -97.036131381795  206.622209188017  92.067176046926
  -50.797342934317  92.067176046926  219.243072801027
INDEX    LABEL    POSITIONS    FORCE (eV/Angstrom)
  0  Si  3.280323911122  1.025490114354  3.268357485397  -0.415504215343  0.477716290529  0.286449075703
  1  Si  3.281813766722  1.017776820242  7.612219494234  0.467807534284  -0.736605610503  -2.416830375304
  2  Si  3.317444141415  5.372304160353  3.300510045554  -0.257424458641  0.167905729348  0.039736611223
  3  Si  3.306410626899  5.346806521830  7.638628502657  0.660006313953  -0.833522435129  -2.457654881635
  4  Si  7.615853715918  0.996041585533  3.247056785156  -0.924714581974  0.653926447221  0.587245159456
  5  Si  7.624180932095  0.958580562875  7.604549860388  -0.469900912936  -0.167030584861  -1.927316616650
  6  Si  7.655788895994  5.337640812054  3.300810365903  -0.561124682154  0.146350704386  -0.023267948687
  7  Si  7.681377584756  5.321157761717  7.629054608763  -0.822818334635  -0.694663133584  -1.888210810180
  8  Si  3.274772990616  3.214787395812  1.115321268428  0.245712166608  0.219380288678  0.763579740786
  9  Si  3.288146926708  3.195101712244  5.449528437217  0.082843213688  -0.013169979868  -0.038202724033
  10  Si  3.326301429236  7.558208991498  1.147586949394  1.472648356454  -1.680304793656  -0.941943241627
  11  Si  3.354590238383  7.539173706867  5.479133194558  0.674799201391  -1.658216382657  -1.077155399535
  12  Si  7.634024719556  3.180901119985  1.106132961924  -0.885418494090  0.029463928910  0.679786396824
  13  Si  7.644444660464  3.149492552369  5.446138324373  -0.974576356375  0.106111258963  0.378409140557
  14  Si  7.689460596987  7.519134341722  1.137312497770  0.007785155396  -1.155095737330  -0.501234174716
  15  Si  7.690709831022  7.497970945854  5.483980250933  0.692813542866  -1.690633147717  -1.433043010051
  16  Si  1.113185217520  1.085468014548  1.094411802249  2.713660952915  -0.900126707186  -0.010107579661
  17  Si  1.109900322137  1.036999683695  5.440619325846  2.864099847382  -0.462739378085  -0.573938582097
  18  Si  1.136082209144  5.405682618323  1.125043158366  3.215974196909  -0.927060331295  -0.142792510398
  19  Si  1.140054863116  5.388533690342  5.468492839437  3.354801402028  -1.414534875500  -1.004368528888
  20  Si  5.447722811518  1.030901655090  1.090858779398  -0.652394563518  0.514219360387  0.905728904307
  21  Si  5.451423072045  1.003616772922  5.434664949252  -0.305560511917  0.245892152118  0.246702427519
  22  Si  5.488447501527  5.363365777219  1.123224495374  -0.330811380469  0.043264730591  0.513481572251
  23  Si  5.483256659688  5.346748808512  5.468027104901  0.003252375213  -0.015258421271  -0.060684657313
  24  Si  1.126353786966  3.233295772081  3.276492898746  2.974753090641  -1.438174016149  -0.327096861413
  25  Si  1.131306296168  3.192289629640  7.627630847678  4.481277212257  -2.577660608680  -4.170844922700
  26  Si  1.166050502709  7.577921431615  3.299024724018  5.132113803145  -3.949136204018  -2.799928495647
  27  Si  1.190149508404  7.521093256030  7.642938439096  6.575272406042  -4.860294269425  -6.261553519314
  28  Si  5.472458527914  3.180273961454  3.282289321085  -0.337123752452  0.277626619282  0.103379872591
  29  Si  5.484800336723  3.163491823083  7.607520140213  -0.193200736329  -0.901186485154  -1.903038726087
  30  Si  5.520284670276  7.531226087118  3.308176266556  0.930772738205  -1.668584965278  -1.182104597532
  31  Si  5.520040701474  7.485681822472  7.643768785402  1.774979008780  -2.502343532476  -3.751495019771
  32  C  0.314675180190  8.553527019418  0.036401530961  -6.029011511682  5.193672136406  5.734743092167
  33  C  0.333782714222  8.520613968105  4.348446397349  -4.632216140184  3.171337466181  3.014457905742
  34  C  0.196591552132  4.276920410194  0.047187361104  -3.745895499331  2.751080960098  3.315126399920
  35  C  0.215884113463  4.234120262427  4.380174598598  -2.472087551679  1.237610230910  0.644353345344
  36  C  4.487940372575  8.586624665795  0.020851153632  -1.964813434722  2.265015220938  3.230145099264
  37  C  4.348506987382  -0.061405979226  4.351776558370  -0.938831771806  1.100775785143  0.965591758219
  38  C  4.361591432357  4.305915304450  0.032311411606  0.066087716803  0.597422585307  1.851735742845
  39  C  4.393521578830  4.284656896632  4.371061107558  0.325148486732  -0.417951012008  -0.135014365873
  40  C  0.192660648645  2.085977296742  2.193179994387  -2.340190499801  1.167819063443  0.526995149949
  41  C  0.197698554815  2.049917423927  6.545781364181  -2.459413575688  1.006735970757  0.260080452096
  42  C  0.236885598985  6.427583121942  2.208444963823  -2.434785701852  1.015813040951  1.006335004851
  43  C  0.257136213262  6.396610295421  6.567031480115  -2.723562388721  1.092948339066  0.350682456605
  44  C  4.368566919196  2.111398211555  2.201882521872  0.211267492499  0.091962776056  -0.468341152859
  45  C  4.365146981649  2.085993196531  6.509020270373  0.584997737012  0.017791907090  0.170184904471
  46  C  4.419393733554  6.445070086038  2.206999426816  0.201714698384  0.169759913803  0.064449343259
  47  C  4.417526724644  6.423361650096  6.542658688749  0.254261660973  -0.076056827156  0.110053408659
  48  C  2.335406946759  8.570690296899  2.172462623154  -1.090574122291  1.536153769487  1.354912143405
  49  C  2.179686359949  -0.045752091589  6.520326183352  -0.821912081826  0.743012113893  0.972203283416
  50  C  2.206932640345  4.301053000125  2.211968055363  0.533712171785  0.092406253757  -0.430065071828
  51  C  2.225653463016  4.273563758258  6.527383719305  0.061052886537  -0.138064910346  0.151939623109
  52  C  6.678168291984  8.546555933762  2.172447954970  -1.033612895726  0.983464694345  1.043449567416
  53  C  6.695440410136  8.497359268193  6.516001270456  -1.546487079762  1.520415055999  1.175979427140
  54  C  6.581910223375  4.261701463324  2.197454170340  -0.249050096463  0.081692438609  -0.035079308455
  55  C  6.564308299733  4.251136218305  6.548331512827  0.530000108802  -0.187654227516  -0.489071826256
  56  C  2.196867749726  2.162011572679  0.022043689900  -0.541727564174  0.793881247928  1.926258580117
  57  C  2.212261103462  2.115461713880  4.364094186022  -0.069313875243  -0.048945167994  -0.446697958776
  58  C  2.222741451326  6.507094185118  0.046983485835  0.129987519365  0.196046472314  2.008750564795
  59  C  2.239330529192  6.459476468488  4.385481319266  0.476801552742  0.009722171797  -0.323778016532
  60  C  6.522912938845  2.110069559187  0.027726787850  -0.176846161601  1.060122211099  1.453276662759
  61  C  6.541925591972  2.077166773429  4.350924412431  0.321779172970  0.053038885601  -0.042473754280
  62  C  6.563174913381  6.470339405849  0.056277679206  0.272330622257  0.326298501684  1.505242704996
  63  C  6.598335265393  6.425999072212  4.383654872542  0.106390588365  -0.042842978230  -0.078110883660


MDSTEP:  8
LATTICE_CONSTANT: 1.889726125458
LATTICE_VECTORS
  8.511014148544  0.000000000000  0.000000000000
  0.163028227574  8.602690749385  0.000000000000
  0.017615284558  -0.124018601118  8.551800590844
VIRIAL (KBAR)
  215.889962482172  -95.085357323143  -49.240087659537
  -95.085357323143  205.515296510564  90.699678462555
  -49.240087659537  90.699678462555  218.703575154569
INDEX    LABEL    POSITIONS    FORCE (eV/Angstrom)
  0  Si  3.279384190976  1.031409943391  3.269433827336  -0.500499051696  0.299177709061  0.318055698336
  1  Si  3.276946830278  1.016069199974  7.613583277761  0.715059495340  -0.695268768943  -2.445905966169
  2  Si  3.322600836373  5.376599660422  3.302027173447  -0.353613039943  0.003891313418  0.057318045284
  3  Si  3.305247378148  5.348781677501  7.634049637522  0.649636896360  -0.777821184811  -2.207129440536
  4  Si  7.611228883886  1.000034610434  3.249474983472  -0.739190040132  0.492346756351  0.615820183675
  5  Si  7.620706293074  0.962473704587  7.608720146447  -0.257651682717  -0.214536075904  -2.004818071188
  6  Si  7.652743089891  5.332651801119  3.297293811063  -0.295251728309  0.251562603915  0.179173183212
  7  Si  7.674983658417  5.316236711410  7.624052677932  -0.663788065418  -0.425738847174  -1.628236742108
  8  Si  3.279819950210  3.210681741849  1.117521425590  0.098319645506  0.550394501890  0.737120224251
  9  Si  3.289989313163  3.194207778711  5.455471959181  0.097883295736  -0.068079336140  -0.151821090515
  10  Si  3.322871899787  7.562096341221  1.152824707007  1.442694400772  -1.818509071030  -1.100572010253
  11  Si  3.358015540852  7.544191992232  5.476718941309  0.512847335533  -1.692044308664  -0.958040434962
  12  Si  7.632957094825  3.185593338055  1.102409120062  -0.966660923965  -0.031889336349  0.814769367499
  13  Si  7.638698884604  3.146670112628  5.450723452875  -0.924038642855  0.317764302476  0.199558409491
  14  Si  7.686468761890  7.517722466572  1.139212799798  0.156833336485  -1.049260960382  -0.553295936472
  15  Si  7.696320785073  7.499212880115  5.483359959517  0.624300704945  -1.685841739632  -1.332954306603
  16  Si  1.118171840909  1.090279489554  1.095392064768  2.605779211712  -0.904763925660  -0.050977648530
  17  Si  1.105279069519  1.042001170250  5.442874482750  2.899594860752  -0.618055018289  -0.613178840367
  18  Si  1.133379598505  5.409336136858  1.129416410535  3.123064022047  -0.949139360003  -0.245873927207
  19  Si  1.145488775286  5.387682666548  5.465529692820  3.187825569903  -1.344290758960  -0.826014151813
  20  Si  5.451585711202  1.032928793447  1.086865457696  -0.717521223767  0.405432857180  0.909454361344
  21  Si  5.454815487582  1.002594207570  5.429882184202  -0.362399515889  0.162579477695  0.294112048209
  22  Si  5.483636045063  5.367661155814  1.129366475061  -0.283253582646  -0.069173559445  0.432342050689
  23  Si  5.480753586966  5.351764116493  5.464961939704  0.106476037493  -0.136029392948  0.066493808199
  24  Si  1.123175694596  3.228676733956  3.278472160869  3.035970948838  -1.437266863441  -0.495831742514
  25  Si  1.136869263370  3.186501066187  7.623961349648  4.079007618781  -2.165534056092  -3.880579803041
  26  Si  1.165558091963  7.581867051731  3.294795913976  5.254120303798  -4.106617039127  -2.827564489185
  27  Si  1.197287623472  7.525271641672  7.636529858967  6.193012443966  -4.462622855008  -5.788797934762
  28  Si  5.473523242439  3.176259018311  3.288190401669  -0.440224781388  0.403921864070  -0.158752280964
  29  Si  5.484185806080  3.157202283564  7.606215859290  -0.336199496347  -0.616850835669  -1.898183853212
  30  Si  5.523589176764  7.534910935673  3.302819142605  0.910471178298  -1.802477738070  -1.059513468479
  31  Si  5.525481748004  7.486426627895  7.642572911146  1.559939359991  -2.341901097387  -3.535416015623
  32  C  0.319182326396  8.562374743058  0.038290181045  -5.897231326565  4.837159101338  5.427597590388
  33  C  0.339128378209  8.514602129966  4.346421207944  -4.845628553834  3.536741260934  3.281934550971
  34  C  0.188588267962  4.273554235343  0.048501802904  -3.314789084369  2.656624773855  3.056481678302
  35  C  0.221508239572  4.226284963866  4.381251930294  -2.721385406077  1.416807552800  0.761665330078
  36  C  4.481146149396  8.585571403171  0.022707945839  -1.700815470800  2.173136483626  3.134925322682
  37  C  4.509975359950  8.537351504256  4.351351085245  -0.840452608559  1.208878176025  0.872957198383
  38  C  4.363734353103  4.312788637065  0.035718267539  0.089723358510  0.391541921023  1.742745708983
  39  C  4.395436137656  4.280470617666  4.373133564798  0.273722362876  -0.347391552980  -0.131646294913
  40  C  0.182033674023  2.078223226212  2.192889719800  -2.134363085191  1.417728889483  0.510458345819
  41  C  0.188810750304  2.058827374354  6.538324404912  -2.357754322105  0.792275850063  0.470202780972
  42  C  0.237565443917  6.436444914851  2.215668829673  -2.521092790537  0.765806142388  0.810106619862
  43  C  0.264271715229  6.405195064245  6.574575003343  -2.793615389724  0.700964646445  0.007785941438
  44  C  4.364207521124  2.104778957769  2.193786234040  0.393817928222  0.238869818709  -0.248782741654
  45  C  4.369144924979  2.077518588173  6.502013180086  0.511991971136  0.125222164552  0.319357711074
  46  C  4.414237755832  6.440907425504  2.206440377156  0.296606352657  0.386939502159  0.129127570191
  47  C  4.421080695944  6.427601583501  6.546724490801  0.172297883677  -0.097393360633  -0.050703607578
  48  C  2.327273716580  8.568909418118  2.174516103204  -0.892594728397  1.717783255403  1.380604453007
  49  C  2.183094035767  -0.037110997425  6.527627439563  -0.868078263374  0.594862710608  0.652263479666
  50  C  2.204204469555  4.309830120326  2.218856415703  0.615642686814  -0.183637839580  -0.551205102844
  51  C  2.231237732698  4.265837854996  6.533435095448  -0.021175813608  0.059950584936  0.015299043935
  52  C  6.684613069601  8.551772434616  2.177855525581  -1.220784871587  0.937848764221  0.879942156719
  53  C  6.698482916793  8.502924720120  6.519816353784  -1.500970945475  1.368712681355  0.994640593531
  54  C  6.583851043305  4.270987812790  2.203009017928  -0.398269556342  -0.203463519472  -0.172333386486
  55  C  6.568560615362  4.254328465090  6.554438509000  0.268250937863  -0.273463389227  -0.717651508316
  56  C  2.202521082373  2.170080022374  0.016386164037  -0.638233050301  0.655311554176  2.124261315213
  57  C  2.208277362365  2.116797091070  4.370237221915  0.049865017915  -0.064317721459  -0.550768677941
  58  C  2.213489461001  6.510774946818  0.042678374356  0.411637782084  0.067504223829  2.105862887762
  59  C  2.240727951110  6.457669733509  4.377940952561  0.516113015289  0.141963183208  -0.116656392224
  60  C  6.520899814021  2.115355457442  0.020911087008  -0.195370260714  1.002672956395  1.683562270895
  61  C  6.538141106492  2.077773154808  4.344697914383  0.403007486445  0.010056936203  0.159827050305
  62  C  6.555874282583  6.469034640326  0.065126694474  0.478593450296  0.326217349263  1.304907280161
  63  C  6.604876438458  6.419276838902  4.386170314618  -0.031209597409  0.164727643425  -0.147528394067


MDSTEP:  9
LATTICE_CONSTANT: 1.889726125458
LATTICE_VECTORS
  8.511014148544  0.000000000000  0.000000000000
  0.163028227574  8.602690749385  0.000000000000
  0.017615284558  -0.124018601118  8.551800590844
VIRIAL (KBAR)
  215.793577569828  -93.774575344326  -48.814656017653
  -93.774575344326  204.967934438878  90.965456873718
  -48.814656017653  90.965456873718  218.091867010075
INDEX    LABEL    POSITIONS    FORCE (eV/Angstrom)
  0  Si  3.279156741951  1.034899608790  3.271211277649  -0.522842399386  0.129869405728  0.240158929893
  1  Si  3.274472318861  1.015328200449  7.610185072405  0.702019483973  -0.631876273626  -2.554182410859
  2  Si  3.317733616712  5.373786540727  3.298112232071  -0.117424589380  0.117985933935  0.234798442110
  3  Si  3.302258940972  5.349518277871  7.636871366485  0.748749832840  -0.870969838296  -2.430318829689
  4  Si  7.605739144758  1.001241962702  3.249166094569  -0.481786069282  0.528246283732  0.622813145561
  5  Si  7.617812626326  0.957588939744  7.612802467371  -0.188087543406  -0.207868580703  -2.296948576028
  6  Si  7.651318087156  5.333179289605  3.298661036149  -0.333904256878  0.171026587598  0.279905452626
  7  Si  7.674423695041  5.320269689295  7.618635587411  -0.540494813873  -0.596805020192  -1.555942717518
  8  Si  3.281761716410  3.216364966275  1.118381104786  0.051222584568  0.428744985930  0.744210452724
  9  Si  3.290699989442  3.197622175539  5.457920804030  0.139323947430  -0.211333016001  -0.398155211737
  10  Si  3.319285365283  7.558297508907  1.151778124946  1.485190359333  -1.652244129858  -0.985688738927
  11  Si  3.362334112920  7.544272808231  5.481775553581  0.450754744867  -1.641649677219  -1.144122588493
  12  Si  7.627653094978  3.188055128729  1.098703949903  -0.953395518698  0.002431537186  0.954400776682
  13  Si  7.636031264534  3.152596777545  5.454367117232  -0.812511409375  0.169751498297  -0.065515112181
  14  Si  7.681196084834  7.511387331440  1.137079661141  0.518263321550  -0.909449485221  -0.454275572808
  15  Si  7.697244622751  7.496410268022  5.482704279640  0.699907252292  -1.668576580167  -1.429237391380
  16  Si  1.117991110954  1.092978014644  1.089061499460  2.488069973148  -0.881794676623  0.311623084464
  17  Si  1.099948579910  1.037909902753  5.447086383903  3.124646854067  -0.396737933708  -0.827728289005
  18  Si  1.129824536722  5.413595484837  1.132692266345  3.305203072499  -1.074863270925  -0.360039765914
  19  Si  1.149118775554  5.385926940243  5.465487658493  3.099628539005  -1.127605223168  -0.877684925055
  20  Si  5.449818672980  1.034248381527  1.090801920178  -0.727348706815  0.444951130265  0.807079485943
  21  Si  5.459058336736  1.001416378956  5.427712990869  -0.441172859197  0.219075982501  0.158700003683
  22  Si  5.486735459189  5.367988172789  1.123161146588  -0.325547726628  -0.007699299299  0.598406107256
  23  Si  5.486558179531  5.356274366049  5.471004792769  -0.346138074910  -0.289257519711  -0.114351711015
  24  Si  1.127005443892  3.233969760065  3.271790794283  2.909817447857  -1.729431279956  -0.342320510707
  25  Si  1.132557919870  3.185696889124  7.620450086195  4.087171075150  -2.176385480509  -3.800618781764
  26  Si  1.168009077985  7.585876452484  3.288099395471  4.944645502075  -3.949202921458  -2.210008177039
  27  Si  1.200304481093  7.529388469946  7.631493450264  6.174211718759  -4.399579226177  -5.521598908298
  28  Si  5.472127456767  3.170863382980  3.283117232121  -0.342986276112  0.576545906603  0.002073757375
  29  Si  5.479629713290  3.160547165913  7.605807583733  -0.232913046744  -0.847146489635  -1.870323140179
  30  Si  5.526259484693  7.529771593534  3.297322922849  0.759526052965  -1.624825396239  -0.842879954088
  31  Si  5.525442831033  7.492025688693  7.641548789331  1.457647533081  -2.313984438257  -3.324174969332
  32  C  0.320120147229  8.570915128727  0.033452229657  -5.776880224203  4.392815360719  5.410953953222
  33  C  0.341220627926  8.520892371366  4.356853515503  -4.800657186975  3.034812228205  2.676625726048
  34  C  0.191090081246  4.273373190774  0.057576214112  -3.335505387970  2.683654116955  2.699286953522
  35  C  0.224556077165  4.226398093000  4.378365207041  -2.765375522997  1.437302020919  0.881500707565
  36  C  4.471657578059  8.597305457927  0.019990342803  -1.362317319802  1.820302174075  3.155554447746
  37  C  4.502449028371  8.539645159069  4.345430382699  -0.492495618334  1.053167385543  0.897750446956
  38  C  4.362320516858  4.322548246553  0.032059006440  0.153235384146  0.174648864810  1.798761276038
  39  C  4.396521529774  4.272820726862  4.363381824153  0.310181267577  -0.105631604873  0.123032431461
  40  C  0.171531883434  2.085621864191  2.186767522023  -1.859246146375  1.249748968221  0.527238691328
  41  C  0.180307223897  2.054818968965  6.531936285052  -2.281061118851  0.984959513243  0.721844478295
  42  C  0.239247564019  6.428064740241  2.224234033331  -2.673097458820  1.085294802896  0.717740053843
  43  C  0.266562551517  6.412773197087  6.575919231717  -2.779301259325  0.412617754453  -0.128791904070
  44  C  4.366829135233  2.107124878050  2.202634844225  0.313210197669  0.180136151822  -0.555124653878
  45  C  4.368454969883  2.074981544833  6.500267562670  0.542098278546  0.192773316598  0.378399672512
  46  C  4.419901821433  6.440483944119  2.204504688441  0.173750948687  0.350726483103  0.043182610209
  47  C  4.411383375756  6.429963460347  6.555992512613  0.483707080638  -0.169217934668  -0.142363838606
  48  C  2.320124620978  8.561217911868  2.184353370121  -0.703635908317  1.899982781356  0.968449176421
  49  C  2.180931029021  -0.034813428925  6.519483179995  -0.814439195307  0.580770473825  0.860211014784
  50  C  2.203612974786  4.312740688809  2.226030783035  0.637473979571  -0.158706292391  -0.871092702909
  51  C  2.233628040382  4.272360191093  6.526394077116  -0.112751283915  -0.124698332358  0.253028316246
  52  C  6.689299501448  8.552681709162  2.172539345306  -1.346215335817  0.843936164495  0.991740248240
  53  C  6.700833095930  8.498689462785  6.511581738178  -1.623922394557  1.472724416891  1.236227792962
  54  C  6.578399388278  4.277820488157  2.206016614091  -0.338910046453  -0.359202511192  -0.340174675806
  55  C  6.562667224167  4.249978050820  6.544344795663  0.406179548808  -0.098158279400  -0.372200093577
  56  C  2.203922962265  2.161875883201  0.017866683696  -0.660523877250  1.019097389122  2.056581813734
  57  C  2.218218194859  2.108204756228  4.361983367696  -0.289080822613  0.201066308135  -0.279948693208
  58  C  2.223004044423  6.505882054041  0.037512813853  -0.068932880592  0.344081218678  2.306904643387
  59  C  2.249029061236  6.461396597293  4.382835352998  0.369464865901  0.079745955792  -0.226101431457
  60  C  6.529986772934  2.108662074458  0.020284086303  -0.632007195835  1.303396617685  1.702994463227
  61  C  6.545300284927  2.082715330618  4.339295447088  0.217266868304  -0.055484190372  0.289576740533
  62  C  6.566066487812  6.469872271276  0.070825588481  0.158191152024  0.369225542267  1.020225020731
  63  C  6.598610454633  6.413515047957  4.395393318181  0.172150607664  0.324769640616  -0.350066041800


MDSTEP:  10
LATTICE_CONSTANT: 1.889726125458
LATTICE_VECTORS
  8.511014148544  0.000000000000  0.000000000000
  0.163028227574  8.602690749385  0.000000000000
  0.017615284558  -0.124018601118  8.551800590844
VIRIAL (KBAR)
  214.032333617150  -90.146358731049  -43.617367993385
  -90.146358731049  203.547231719334  85.913494878148
  -43.617367993385  85.913494878148  216.071754503462
INDEX    LABEL    POSITIONS    FORCE (eV/Angstrom)
  0  Si  3.275344677706  1.034252033138  3.275661933160  -0.352628124986  0.134942525949  0.286514306889
  1  Si  3.280196321408  1.017129456206  7.603879017544  0.376162725915  -0.546227102922  -2.342051757789
  2  Si  3.323527931457  5.370232270294  3.293660553712  -0.355166583616  0.148665072667  0.412009195657
  3  Si  3.301256388309  5.345537860039  7.632531733553  0.770304607929  -0.806400131033  -2.323210305953
  4  Si  7.605846152207  0.997159751107  3.249389864586  -0.529075230183  0.716232882773  0.667030552288
  5  Si  7.620213183553  0.951773499095  7.607585271382  -0.383369342624  -0.003901154819  -2.064270274636
  6  Si  7.650182409589  5.326953041691  3.296077735687  -0.256505723863  0.302847097226  0.334904371607
  7  Si  7.678785310441  5.325448129824  7.611898066518  -0.803081697682  -0.772294302338  -1.403048143114
  8  Si  3.275560958861  3.221744958551  1.119770214238  0.133150860593  0.254721309393  0.755418824226
  9  Si  3.294686020130  3.191525230310  5.461776606692  0.024394115445  -0.044532924540  -0.542246751599
  10  Si  3.323260340791  7.555011197061  1.147801792509  1.255431625071  -1.438893003707  -0.737053427364
  11  Si  3.363383762837  7.539534864123  5.486701224375  0.384886317195  -1.464317561311  -1.243686133233
  12  Si  7.629729878059  3.182778562239  1.093817660853  -1.067488947715  0.075659726989  1.065550454251
  13  Si  7.640562202873  3.153056007372  5.452387337972  -1.038622948196  0.213806570493  0.022377360635
  14  Si  7.675741406020  7.504810230825  1.137640732749  0.476461895690  -0.737751522181  -0.494806901120
  15  Si  7.698800249101  7.498975643181  5.484124475438  0.814493001506  -1.791132294767  -1.482587823197
  16  Si  1.122671067762  1.087854623274  1.091732857108  2.332680241635  -0.497206473152  0.556216534125
  17  Si  1.095229672119  1.044438549846  5.447811694133  3.353227739438  -0.521231133790  -1.154992064922
  18  Si  1.125902775123  5.406734711266  1.131872850167  3.409849468323  -0.985478827659  -0.326320413023
  19  Si  1.153197924996  5.389924311276  5.465404162011  3.003606017151  -1.138688539861  -0.998098036376
  20  Si  5.449637565019  1.035312644785  1.095516629633  -0.788440448799  0.411078499945  0.837442206671
  21  Si  5.462275939563  0.996359740159  5.421092893846  -0.361344572239  0.292964117833  0.351563823214
  22  Si  5.488373418065  5.372196043093  1.118352805186  -0.415508358825  -0.218336680729  0.775925372771
  23  Si  5.489912991452  5.358257484579  5.473290595155  -0.362608697859  -0.396592688223  -0.356518007826
  24  Si  1.122583461078  3.236763481700  3.274671714511  3.120718011099  -1.833974630510  -0.347065458642
  25  Si  1.136195648039  3.182714138368  7.618343429958  3.639138299593  -1.775958096805  -3.668895010319
  26  Si  1.166914497915  7.579171744685  3.288656833568  4.765762207918  -3.513586861252  -2.059875230343
  27  Si  1.209134713148  7.523674762548  7.630640048115  5.224698747794  -3.447634152790  -4.795393777909
  28  Si  5.472790299667  3.168740052313  3.284608063005  -0.518821110806  0.552967564813  -0.077214442322
  29  Si  5.472696548415  3.154010912518  7.604101816876  -0.079137747629  -0.857012794302  -1.853803073548
  30  Si  5.526823396962  7.529975038998  3.303819630434  0.699060634561  -1.537226612616  -0.964272506442
  31  Si  5.523745922902  7.488423444380  7.635123055416  1.270550881519  -1.980843681308  -2.944745797394
  32  C  0.312521872582  8.583436203160  0.046767135158  -4.957426366775  3.252754158884  4.401300382005
  33  C  0.337348896669  8.527025039054  4.360547007891  -4.547015576200  2.704699510106  2.385046208040
  34  C  0.181341372893  4.281542644566  0.055859099911  -2.956299750365  2.202634490490  2.379211995012
  35  C  0.230459856524  4.226372488465  4.382379461806  -2.921215072476  1.565983443135  0.918182676581
  36  C  4.303826097695  0.001234753009  0.028262891718  -1.029141954139  1.441987105954  2.737323921367
  37  C  4.347939004506  -0.057391962915  4.356072727905  -0.715636313071  0.829188212385  0.703999266740
  38  C  4.362343811014  4.318080583868  0.029266057449  0.031936443506  0.279542782632  1.864180227851
  39  C  4.388340169512  4.268257812431  4.360302259872  0.563816861799  0.016489755718  0.267245327776
  40  C  0.170591320635  2.093220366877  2.195786661716  -1.720160739428  0.948652717353  0.227919566463
  41  C  0.178795658339  2.048234870653  6.526209691198  -2.385613466687  1.320121638797  0.997329298459
  42  C  0.239950845881  6.429212909813  2.216887103865  -2.734461487158  0.985288128553  0.855704518728
  43  C  0.265539433396  6.402756340385  6.582196389425  -2.676688259301  0.754135422144  -0.285664691379
  44  C  4.359224261643  2.100461326831  2.203973848394  0.429327679388  0.365155594459  -0.567822490206
  45  C  4.367757824376  2.065844039148  6.490566942029  0.643338590632  0.293674756410  0.558114793906
  46  C  4.411605586604  6.438373762072  2.210301899686  0.459539184973  0.400227455998  -0.132948091221
  47  C  4.419683131641  6.425740100252  6.555838951359  0.202215566761  -0.088187066270  -0.137380023475
  48  C  2.326782419187  8.569166286947  2.191093505678  -0.747450054221  1.520510490056  0.780151157596
  49  C  2.172652579005  -0.025745986070  6.511048975320  -0.567924006274  0.306514389345  1.029634340857
  50  C  2.203931792123  4.311157755940  2.233409711351  0.547565714171  -0.075979455114  -1.060449686782
  51  C  2.231330469264  4.281734736670  6.516691364652  0.016608166377  -0.406663683745  0.427834404956
  52  C  6.690313954623  8.555075634830  2.174315721759  -1.415401072455  0.672347723807  0.956679117654
  53  C  6.704310301548  8.492188681870  6.513815529613  -1.757239325930  1.588295273550  1.224077188382
  54  C  6.578680139073  4.272600961088  2.210785145791  -0.389022294882  -0.293523659337  -0.533071394010
  55  C  6.554722118902  4.254444937377  6.550404571118  0.617364104189  -0.277980636345  -0.524979750254
  56  C  2.195725706296  2.169413791169  0.012876262432  -0.326737723316  0.741721715120  2.052662567907
  57  C  2.226691176097  2.112387392273  4.361637900073  -0.561586028323  0.145227388488  -0.195064179491
  58  C  2.221005340862  6.506793277214  0.035058157563  0.124703640757  0.167057052739  2.362467231812
  59  C  2.242735367072  6.465080604923  4.376337487952  0.588049569069  -0.026400471219  -0.109129188808
  60  C  6.524372702270  2.102526447557  0.024489767219  -0.458430922884  1.327652783293  1.432922673788
  61  C  6.537837793970  2.083890439478  4.341231103857  0.457289216388  -0.109457067773  0.251925355102
  62  C  6.559259900842  6.462875098557  0.064454833990  0.299502162598  0.578265809226  1.081676936740
  63  C  6.603404117510  6.421873209883  4.390847299378  0.143415649924  0.075400043694  -0.233877327362


