ATOMIC_SPECIES
Si 28.085 Si_ONCV_PBE-1.0.upf
C 12.011 C_ONCV_PBE-1.0.upf

LATTICE_CONSTANT
1.8897261254578281

LATTICE_VECTORS
9.304916579784685 0.0 0.0 
-4.8081994260926315 8.010880049796882 0.0 
-0.290122035212268 -0.29188173091664704 10.355163798727668 

ATOMIC_POSITIONS
Cartesian    # Cartesian(Unit is LATTICE_CONSTANT)
Si
0.0
36
-0.037921768282 1.768149549753 2.589508047546 1 1 1
3.022408730447 7.210479856095 2.697876218407 1 1 1
-3.236992944290 7.174246851254 2.616112507737 1 1 1
4.556825321012 6.296272092278 5.290216649455 1 1 1
1.495865226223 0.842702695643 5.165882812967 1 1 1
7.752722156710 0.912065519512 5.276329878538 1 1 1
-0.134234685516 1.718231266148 7.739693815445 1 1 1
2.942544793808 7.135262161949 7.866180753589 1 1 1
-3.297563177537 7.099215883060 7.751084237434 1 1 1
4.482445603317 6.223261779243 10.438057024928 1 1 1
1.406268071910 0.757459375412 10.307686208718 1 1 1
7.669267585878 0.821688714332 10.403925172667 1 1 1
-1.643518865025 4.470470888992 2.613172342179 1 1 1
1.499115164257 4.505329400454 2.658406515213 1 1 1
-0.109528898948 7.185124817828 2.668854585490 1 1 1
6.147808285531 3.610371870398 5.273514593631 1 1 1
3.002920018404 3.570508727571 5.239602727990 1 1 1
4.604518723968 0.869505345983 5.209572652984 1 1 1
-1.714088092939 4.376574651318 7.722956330026 1 1 1
1.392262032285 4.428438375203 7.781271467010 1 1 1
-0.171664259028 7.125690456154 7.804616551021 1 1 1
6.082830345171 3.547965137461 10.400918076793 1 1 1
2.938863977194 3.489837817755 10.366543323286 1 1 1
4.543427081479 0.815783811053 10.354215464947 1 1 1
3.070614579799 1.794724809778 2.648361857165 1 1 1
6.209673825592 1.840672874528 2.688937540461 1 1 1
4.618878221573 4.535581619307 2.701563014912 1 1 1
1.422435115927 6.256477131009 5.246899814604 1 1 1
-1.693231046809 6.228708593286 5.213875908575 1 1 1
-0.109463336021 3.542511162116 5.170881724134 1 1 1
3.000682600173 1.735821288149 7.774322539228 1 1 1
6.149658904369 1.766461125828 7.825201141151 1 1 1
4.540384138600 4.463142175866 7.844714770876 1 1 1
1.347217460623 6.172033131713 10.402307832470 1 1 1
-1.779103935877 6.160144976317 10.330279396713 1 1 1
-0.204890884429 3.453605424987 10.329728875284 1 1 1
C
0.0
36
-0.086645788674 1.748137460919 4.510029475523 1 1 1
2.989776286542 7.192148039427 4.642158359513 1 1 1
-3.268739912669 7.126891223482 4.563113944227 1 1 1
4.535363508323 6.269051571585 7.234563217672 1 1 1
1.443219645258 0.808577984047 7.097806345094 1 1 1
7.708282430181 0.875428563532 7.184622155142 1 1 1
-0.176754478655 1.683316287910 9.656483800594 1 1 1
2.944935173142 7.119455467692 9.771431040216 1 1 1
-3.360440204804 7.072575732746 9.709648589942 1 1 1
4.616437530304 6.355422074029 2.076255583092 1 1 1
1.533996618968 0.894485431971 1.976950357618 1 1 1
7.792973452400 0.952913888660 2.033745923557 1 1 1
-1.676078280928 4.438733990756 4.550649711741 1 1 1
1.464221876435 4.435925029917 4.592660978571 1 1 1
-0.129764364069 7.170196439632 4.611723321293 1 1 1
6.123544892082 3.580372591138 7.207412079173 1 1 1
2.989253744834 3.549517493227 7.157286079358 1 1 1
4.583608693574 0.858924373233 7.155006307324 1 1 1
-1.767484669787 4.368118613411 9.668382518102 1 1 1
1.385387383813 4.405166513474 9.719218106894 1 1 1
-0.203706922815 7.066757913512 9.758715518710 1 1 1
6.205054670917 3.653538438109 2.066392572653 1 1 1
3.067128604301 3.629348753672 2.028811383627 1 1 1
4.664258045716 0.919533634728 2.027547951988 1 1 1
3.047533063822 1.775335622197 4.557133284954 1 1 1
6.164152865030 1.783181190665 4.620899374488 1 1 1
4.590376418990 4.485744523108 4.637892355713 1 1 1
1.387649772918 6.238003635459 7.156904757441 1 1 1
-1.738939992553 6.215760821270 7.138849394519 1 1 1
-0.140626231584 3.498831940014 7.125190332281 1 1 1
2.970717294374 1.695604601236 9.711197581909 1 1 1
6.113106856307 1.729563046740 9.743494553185 1 1 1
4.500237505196 4.421736824830 9.769201636803 1 1 1
1.498247212289 6.323118326749 2.046597448990 1 1 1
-1.663276046977 6.279090792746 1.985246890606 1 1 1
-0.062972382110 3.599543739640 1.977211592677 1 1 1

NUMERICAL_ORBITAL
Si_gga_9au_100Ry_3s3p2d.orb
C_gga_9au_100Ry_3s3p2d.orb
