MDSTEP:  0
LATTICE_CONSTANT: 1.889726125458
LATTICE_VECTORS
  9.393544310298  0.000000000000  0.000000000000
  -4.531834195291  7.946732295866  0.000000000000
  0.236967692270  -0.064543871663  10.369412175381
VIRIAL (KBAR)
  -62.388182882969  -31.815904769873  -30.510198988778
  -31.815904769873  138.342153755531  11.781519500475
  -30.510198988778  11.781519500475  -86.725749581973
INDEX    LABEL    POSITIONS    FORCE (eV/Angstrom)
  0  Si  0.045957614210  1.805178146207  2.568408507980  -0.359568932504  0.239164244537  -0.696011546661
  1  Si  3.238952526552  7.182115096993  2.547839506205  0.340344020704  -2.909000355713  0.228355002553
  2  Si  -3.023100605777  7.251144200986  2.616103834305  -0.173493290984  -4.021812061436  -0.065481948107
  3  Si  4.816156111716  6.262066022316  5.102116287370  0.326626703680  -0.466047377027  0.548619708812
  4  Si  1.636938360189  0.871056438612  5.120161031296  -0.255624527678  4.755862942905  1.504437213797
  5  Si  7.905881194670  0.810694670516  5.063155322401  -0.158035061881  5.032530006337  1.573335936518
  6  Si  0.104907776912  1.796863046740  7.710455845058  -0.277531059216  -0.146412007425  -0.686499440578
  7  Si  3.295959122669  7.168223839554  7.700399103312  0.221142650093  -3.318376675209  -0.107498024436
  8  Si  -2.956780608402  7.242038516442  7.764251514120  -0.490791766471  -4.128989699751  -0.018141214479
  9  Si  4.876306452283  6.244257031263  10.251307489597  0.569932411587  -0.404212691819  1.263809315490
  10  Si  1.688415698856  0.851970247459  10.262274022139  0.108557876189  5.101594490969  2.480275273239
  11  Si  7.954575317395  0.785104038199  10.184399166325  0.415518599039  5.729699240829  3.100462765247
  12  Si  -1.479950872762  4.531570239975  2.603774850144  -0.405534898701  -0.446785841353  -1.077767467439
  13  Si  1.653683960455  4.503588706800  2.559396312297  -0.099197701189  -0.112024377493  -0.408799630403
  14  Si  0.102754136241  7.220165543968  2.586359633430  0.193352219152  -3.540380599196  0.237192730321
  15  Si  6.355618146069  3.534415479569  5.072048738011  0.026235013917  0.208803312299  0.333224093225
  16  Si  3.210285079826  3.562921793753  5.122616507991  0.428344650169  -0.076155403862  -0.275336913186
  17  Si  4.753138802304  0.834657718271  5.083126691335  0.221756516335  5.161562698887  1.711642898015
  18  Si  -1.435801781799  4.501334969921  7.722772013460  -0.225088869941  -0.230382172594  -0.587891766455
  19  Si  1.688190378193  4.483532032763  7.703040441818  0.326548033667  -0.098783398049  -0.326807990749
  20  Si  0.167035439113  7.205006530002  7.724194463024  0.081420147631  -3.381647334908  0.370239406253
  21  Si  6.417687597534  3.524206851637  10.208711025437  0.447736017330  0.023158801101  1.363879302024
  22  Si  3.285079144312  3.545060038010  10.255831103977  0.159346102993  -0.041953368408  0.805760692161
  23  Si  4.820264479815  0.825035582311  10.225607160960  0.349627670299  4.595272689688  2.448044805019
  24  Si  3.163522188948  1.766687505155  2.533579033394  0.343347614057  0.802677054671  -0.075837214556
  25  Si  6.310210459779  1.732247278023  2.506341794710  0.043005009730  0.867968568488  -0.393972599866
  26  Si  4.778236620905  4.467509472854  2.518931996946  0.084462486447  -0.027102691036  -0.281405740846
  27  Si  1.688498017332  6.284843402871  5.130327373166  0.174918118204  -0.590028795582  0.072036833157
  28  Si  -1.428585968587  6.323570476153  5.180979858206  -0.378085639127  -0.663894456470  -0.039666159596
  29  Si  0.096026549104  3.603969658672  5.136085265458  -0.199773391094  -0.319863043388  0.075442859161
  30  Si  3.243299743423  1.753619662992  7.677972414198  -0.248617125068  0.673559553044  -0.129210135996
  31  Si  6.378645924176  1.732658284407  7.652477740923  -0.150077984055  0.440153964116  -0.458401388237
  32  Si  4.837182202737  4.447589642015  7.678563604830  -0.072845928466  0.058410783263  -0.602247059736
  33  Si  1.746005364085  6.254743145068  10.291204052108  0.438117529326  -0.204752623052  0.882414753557
  34  Si  -1.386753159295  6.302148169803  10.305281037947  0.337313334167  -0.796221034775  1.108289023429
  35  Si  0.138185746829  3.564855865697  10.283756118022  0.427683275972  0.244888676591  0.869346310588
  36  C  0.069206133672  1.797413281703  4.498815500556  -0.184881413261  0.095873190328  -0.036465269692
  37  C  3.259599061498  7.179737448131  4.485344788775  0.041775784042  -4.550597609189  -1.705288106259
  38  C  -3.005108336569  7.240576721791  4.559698851859  -0.155717916250  -5.144723041839  -2.162116657737
  39  C  4.845442623585  6.249877285789  7.035605584137  0.327918173273  -0.046650732388  0.899250288432
  40  C  1.651343598364  0.861352900679  7.055034828678  -0.058071285153  3.810492267389  -0.752969280102
  41  C  7.914930391958  0.800272602580  6.977563801356  0.285061410674  3.839162854140  0.184119998397
  42  C  0.117360073679  1.786576611945  9.628282210654  -0.036162665754  -0.210455914757  0.245109042706
  43  C  3.326262201502  7.174383040446  9.613057337595  -0.192598769118  -5.481344573312  -1.413494437998
  44  C  -2.950588072873  7.230555721931  9.703085949901  -0.203000473942  -5.468556388554  -2.091174573378
  45  C  4.786613440050  6.277887106320  1.894666757526  0.109645469635  -0.206084146200  -0.066985687659
  46  C  1.598727845361  0.882105573961  1.922758644893  -0.567151008949  3.621054494554  -1.794696742914
  47  C  7.863085250637  0.822998748790  1.840242128465  -0.061271081000  3.723074479831  -0.925983388542
  48  C  -1.468180048498  4.523470659919  4.531709300991  -0.101502357383  -0.198366797669  -0.244269260573
  49  C  1.666419116819  4.474124630537  4.489947422353  -0.108963709404  0.386774517206  0.086852720410
  50  C  0.136512201135  7.210229152721  4.519666541361  -0.207769324952  -5.099821529831  -1.742775214717
  51  C  6.378944724797  3.529008298923  7.008925794611  0.335027186681  0.349385171058  0.648158781353
  52  C  3.246612481689  3.554247722383  7.037340950412  -0.124677030571  0.138023162516  0.446744274179
  53  C  4.776128663488  0.844030733141  7.024603927528  0.159935563382  3.281128724801  -0.682470833373
  54  C  -1.409994304171  4.502540276328  9.654400546728  -0.227354449643  -0.194939753063  -0.071042268382
  55  C  1.718935393493  4.479296961792  9.630016955827  -0.012403428720  -0.250950659353  0.317466609352
  56  C  0.182504217439  7.189419067371  9.663120450286  0.088095431588  -4.702143770089  -1.527515933159
  57  C  6.323755079937  3.544966927931  1.866647105559  0.052177325119  0.411114649919  -0.156333224911
  58  C  3.189148426461  3.583631711493  1.903591812458  -0.302628514668  -0.127349065496  -0.753846365472
  59  C  4.728437382696  0.848556558871  1.893760503082  -0.519150510811  3.797042931861  -1.804482111807
  60  C  3.205146302045  1.755766306922  4.477808110191  -0.284609950609  0.536562266921  0.047303690154
  61  C  6.325112961590  1.721203389593  4.432700550491  0.220573747509  0.659777768112  0.359468955129
  62  C  4.793834570364  4.455342158721  4.460515990574  -0.034803349220  0.214934044413  0.014758051437
  63  C  1.701259460773  6.283842461297  7.047600895103  0.167715784765  -0.487036289660  0.656376164720
  64  C  -1.427178749705  6.324639298435  7.106644442647  0.307030129555  -0.755454445782  0.251997050287
  65  C  0.116774245752  3.585040370686  7.081763951733  -0.081192742441  0.134186081293  -0.186130558650
  66  C  3.251253154113  1.741561252527  9.608699184029  0.095272201116  0.481908921916  0.413584710936
  67  C  6.395527906448  1.705762145579  9.568275702681  -0.051391058791  0.713979435853  0.511462409757
  68  C  4.847957507347  4.439007147096  9.599313933473  0.189701790744  0.226738233892  0.280528100185
  69  C  1.666978412273  6.315787068072  1.944736925473  -0.560089508404  -0.742430133460  -0.750184469560
  70  C  -1.467528178715  6.338539191613  1.959385681650  -0.448840960168  -0.635575098212  -0.511676147722
  71  C  0.068298565145  3.617207074258  1.935604068926  -0.426768313189  -0.129214266328  -0.729112996062


MDSTEP:  1
LATTICE_CONSTANT: 1.889726125458
LATTICE_VECTORS
  9.393544310298  0.000000000000  0.000000000000
  -4.531834195291  7.946732295866  0.000000000000
  0.236967692270  -0.064543871663  10.369412175381
VIRIAL (KBAR)
  -62.053585768764  -31.961946443838  -30.649032915913
  -31.961946443838  135.851088543103  11.458415444058
  -30.649032915913  11.458415444058  -86.903495707160
INDEX    LABEL    POSITIONS    FORCE (eV/Angstrom)
  0  Si  0.046769158163  1.804499107702  2.568872472402  -0.379245078824  0.268903229166  -0.721581830655
  1  Si  3.238882707377  7.181039050955  2.548094989540  0.346545182595  -2.823660813141  0.186228197927
  2  Si  -3.023081062498  7.251165949465  2.616311602939  -0.169533009930  -4.007200194373  -0.086555930751
  3  Si  4.817031256142  6.260885227768  5.102498518328  0.303628260064  -0.439835845302  0.546216518435
  4  Si  1.636898790792  0.872663624710  5.120699521866  -0.268749448759  4.599510672900  1.445014591706
  5  Si  7.906412334716  0.811979382831  5.063091835664  -0.181686101663  4.917950030940  1.544977674052
  6  Si  0.104858350869  1.796850106070  7.710058573862  -0.284019920685  -0.132980613226  -0.678478792435
  7  Si  3.296801342314  7.168473246008  7.700429949683  0.209939880788  -3.290283932346  -0.121036143338
  8  Si  -2.956329504803  7.241578167801  7.763774725296  -0.497646613487  -4.088790578829  -0.021638801461
  9  Si  4.876152431072  6.244502168945  10.251765561346  0.580121900535  -0.433682482331  1.248806882466
  10  Si  1.688346464065  0.853783575274  10.262608705488  0.094173605146  4.928531119616  2.421022257697
  11  Si  7.954535276808  0.785329620725  10.184902512048  0.408380926514  5.628700086886  3.058597898997
  12  Si  -1.479784614303  4.530809558942  2.603408503257  -0.410147466075  -0.444438324141  -1.075578211267
  13  Si  1.653731445039  4.504277408872  2.559517566871  -0.106552536128  -0.120730731679  -0.423430820142
  14  Si  0.102256605144  7.219024285051  2.585900453443  0.188704459254  -3.463333935014  0.227163138671
  15  Si  6.355116440679  3.533828222195  5.072270423819  0.041796354699  0.230887278679  0.318149209585
  16  Si  3.210086092894  3.564102788147  5.123101977599  0.435444087493  -0.080285060864  -0.300159619750
  17  Si  4.753100262122  0.836001636000  5.084026073502  0.216071116503  5.034981134186  1.658634980564
  18  Si  -1.435839106886  4.501158930756  7.722259226871  -0.224949358820  -0.240032604776  -0.579536212753
  19  Si  1.688650540408  4.484065363985  7.702257521657  0.308036397800  -0.110808742748  -0.307059994475
  20  Si  0.166643152019  7.203643012314  7.723668551276  0.096299466059  -3.307320935241  0.363625457453
  21  Si  6.418160269437  3.524338514118  10.208500691533  0.422533245132  0.023738755601  1.373167356609
  22  Si  3.284731723070  3.544643851223  10.255550683538  0.161394564089  -0.038043557573  0.812582937066
  23  Si  4.821194837610  0.826121652089  10.225721317997  0.320309410653  4.469378058275  2.410710286130
  24  Si  3.163820994351  1.767464552846  2.533495851241  0.346024263459  0.801970149367  -0.070877929496
  25  Si  6.309895941689  1.732834567492  2.506760467931  0.044847210741  0.859800747971  -0.405755394935
  26  Si  4.778266043100  4.467317832923  2.518912215999  0.084690736092  -0.027632453689  -0.281863532910
  27  Si  1.687929419117  6.285760910361  5.129915488328  0.192266464302  -0.608324651185  0.076850233851
  28  Si  -1.428851157528  6.322854165488  5.181538442436  -0.376755253424  -0.657326062375  -0.051213742015
  29  Si  0.095904624499  3.604517809129  5.135441857007  -0.192035240373  -0.317030219191  0.069343308154
  30  Si  3.243471785157  1.753121546591  7.678204269113  -0.265614021478  0.700630446644  -0.138196975001
  31  Si  6.377293626273  1.733141377227  7.653192624944  -0.112125105062  0.439537195004  -0.461332782241
  32  Si  4.837241237529  4.446852238245  7.679298333694  -0.077440968108  0.074113631261  -0.624019567133
  33  Si  1.746096347966  6.253931941637  10.290988354013  0.430133229332  -0.209452811823  0.891361390350
  34  Si  -1.385991566625  6.301909535589  10.304867337990  0.320582458565  -0.806298151660  1.116411565176
  35  Si  0.138273068341  3.565324664430  10.283418442220  0.409040454945  0.235098442948  0.871409522982
  36  C  0.067937391288  1.797466846510  4.498092059670  -0.153305198310  0.105177725786  -0.027072254571
  37  C  3.259867188802  7.178290708395  4.483656668435  0.050044164190  -4.438574631602  -1.633857546434
  38  C  -3.005811705433  7.237915880264  4.558754172119  -0.129501787820  -4.962335676903  -2.093238613611
  39  C  4.846160797231  6.250581101994  7.036373533971  0.324282153519  -0.067694460965  0.885771003572
  40  C  1.650478338906  0.862753617592  7.054802440680  -0.038313447348  3.750591418643  -0.735609212610
  41  C  7.915585141758  0.802233054209  6.977985520336  0.266593302061  3.786786805418  0.191878924934
  42  C  0.117017415695  1.786800581580  9.627833039647  -0.034607280336  -0.215167903506  0.245781278338
  43  C  3.325275948334  7.171566658442  9.612846040201  -0.172901117735  -5.336009842009  -1.369776241441
  44  C  -2.949558354769  7.228025104788  9.701807721527  -0.209537874199  -5.283151793880  -2.021575738440
  45  C  4.786975985540  6.277048208329  1.894486519292  0.099405172105  -0.184601178339  -0.073227748108
  46  C  1.599368069295  0.883351043429  1.922555567270  -0.571890251277  3.570433796702  -1.778162853930
  47  C  7.862719091024  0.825227631973  1.839447864318  -0.054919136484  3.615520566923  -0.882888088322
  48  C  -1.467700944690  4.524185050064  4.531122550972  -0.116268373905  -0.227792288009  -0.232985267483
  49  C  1.667080806490  4.474960592280  4.488478962480  -0.125601492070  0.373616997561  0.118123900516
  50  C  0.136114752273  7.208236036467  4.519692953985  -0.209604198617  -4.951567612296  -1.703871386577
  51  C  6.379232588246  3.528487531197  7.008112120125  0.322123532163  0.362347125087  0.665260781039
  52  C  3.245589651687  3.554656018204  7.036193848386  -0.102063311707  0.131168004335  0.474823225032
  53  C  4.776744518528  0.845966347970  7.024960929580  0.141871542761  3.191018439693  -0.658593773979
  54  C  -1.411525344030  4.502454905525  9.654118147172  -0.192924471675  -0.201524103286  -0.073416996942
  55  C  1.718459063236  4.478363896773  9.630933663077  -0.005172930269  -0.243525924414  0.287948466566
  56  C  0.182807820943  7.186833230082  9.662411016502  0.097865608677  -4.554144878183  -1.483898736623
  57  C  6.323100276272  3.544205198156  1.866779396455  0.061102952032  0.428969102325  -0.158764213988
  58  C  3.188813700612  3.583889899553  1.903645226595  -0.297662173464  -0.121809122984  -0.756201808749
  59  C  4.728367175869  0.850149936832  1.893046204346  -0.524804215411  3.714966400414  -1.769442451094
  60  C  3.205574687430  1.756282575241  4.478257431335  -0.295536073333  0.540642993881  0.039463852454
  61  C  6.324549199976  1.721487744495  4.432535249653  0.229083037914  0.652217847582  0.363871836370
  62  C  4.794408351245  4.456644400657  4.460519102833  -0.043822336433  0.175376017091  0.017450250039
  63  C  1.701077631351  6.284303191514  7.048316662692  0.180443017431  -0.484783841064  0.627482146006
  64  C  -1.426909782464  6.324441082403  7.107615535659  0.300686633791  -0.753829758088  0.220256611505
  65  C  0.116678442501  3.584651129619  7.080814228955  -0.074378408510  0.151681266026  -0.175269935807
  66  C  3.250658590241  1.741633600258  9.608235384418  0.113275411234  0.475508487741  0.418208253280
  67  C  6.395296915847  1.706341894100  9.568838118105  -0.041578762804  0.702778749946  0.497346543999
  68  C  4.847053615054  4.437868732652  9.598655094384  0.204106002917  0.238948838714  0.302018881046
  69  C  1.666059675046  6.316489427337  1.945927186212  -0.543287020251  -0.754126440408  -0.778222482086
  70  C  -1.468024855885  6.337471018759  1.959906808861  -0.444207904056  -0.618944336021  -0.531364805101
  71  C  0.068503993564  3.617264106222  1.934468690621  -0.423458316722  -0.134405069849  -0.710202925909


MDSTEP:  2
LATTICE_CONSTANT: 1.889726125458
LATTICE_VECTORS
  9.393544310298  0.000000000000  0.000000000000
  -4.531834195291  7.946732295866  0.000000000000
  0.236967692270  -0.064543871663  10.369412175381
VIRIAL (KBAR)
  -61.533239780184  -31.943787088367  -31.074119210196
  -31.943787088367  131.247750515446  10.478785758837
  -31.074119210196  10.478785758837  -87.334239327458
INDEX    LABEL    POSITIONS    FORCE (eV/Angstrom)
  0  Si  0.048665594520  1.802939978185  2.566819746539  -0.435353378514  0.327358293584  -0.663658889950
  1  Si  3.239019980743  7.181800629957  2.549083615334  0.345568695181  -2.774293899038  0.139110193172
  2  Si  -3.021011743370  7.248163290295  2.615726624180  -0.172519951048  -3.867620347582  -0.146306404071
  3  Si  4.818220307522  6.262676149049  5.102935669077  0.291847835305  -0.460456388210  0.496873974824
  4  Si  1.638064351157  0.876520384375  5.119791083445  -0.323280450721  4.386484755302  1.416781041267
  5  Si  7.908595423205  0.813939728067  5.065904142968  -0.227426744812  4.684052817505  1.417939103387
  6  Si  0.104731334271  1.797081142447  7.712137071852  -0.282189887575  -0.078164880363  -0.707978997704
  7  Si  3.298450809450  7.168996512544  7.700885804178  0.191667986460  -3.253948734595  -0.179060997116
  8  Si  -2.955672960199  7.242780746978  7.766061626429  -0.515332390301  -4.086088817737  -0.042895014804
  9  Si  4.875428111749  6.246323552988  10.252663908680  0.605668890978  -0.514536167387  1.257895815887
  10  Si  1.689104047169  0.856841844898  10.264890266934  0.036390331947  4.706455632490  2.342074836297
  11  Si  7.956227989789  0.786014636988  10.186502737606  0.362513739068  5.308778626528  2.956051817659
  12  Si  -1.480080470119  4.528903713628  2.604594460628  -0.412637452777  -0.440922680930  -1.093506036111
  13  Si  1.655616658936  4.506199526347  2.560237580168  -0.186728244982  -0.171950470664  -0.443320865794
  14  Si  0.101860740122  7.218423935626  2.586488573653  0.162649635528  -3.386522066790  0.190357938770
  15  Si  6.355897249754  3.534110505409  5.070528585781  -0.000088295316  0.210478723455  0.359876320562
  16  Si  3.210651659812  3.561616713415  5.124056455966  0.435333133497  0.061286959715  -0.327945217782
  17  Si  4.753270038369  0.839482253056  5.084675111775  0.164813585032  4.729521825015  1.544437115293
  18  Si  -1.437955419097  4.501022827791  7.722114606340  -0.211376115195  -0.215071282143  -0.563694836165
  19  Si  1.686379655869  4.485682050118  7.701544870848  0.365083840843  -0.146303054891  -0.310327026233
  20  Si  0.167400862189  7.202254762231  7.721919385642  0.104788659171  -3.301217679921  0.370886987312
  21  Si  6.417847868986  3.523015042106  10.208481656207  0.478855727002  0.084077441825  1.376403038811
  22  Si  3.282247048543  3.545776216499  10.256217914434  0.209820803810  -0.046300422678  0.745451894585
  23  Si  4.822952240378  0.828092336256  10.226269162153  0.283997967488  4.173078942822  2.294051834886
  24  Si  3.163820699972  1.770346628339  2.531148608818  0.308870051081  0.725214831257  -0.043189692159
  25  Si  6.307670244483  1.733870947373  2.507133155002  0.101636309826  0.893337788061  -0.433023184257
  26  Si  4.776834909908  4.465833295634  2.519500985972  0.141736158069  0.036408640989  -0.309314317410
  27  Si  1.690224853867  6.286804436669  5.129746343277  0.159007776050  -0.639211625970  0.120910676535
  28  Si  -1.429304003084  6.324473839230  5.183903674147  -0.403009532555  -0.719646693464  -0.067851221911
  29  Si  0.098201729756  3.606509694184  5.136871246725  -0.256553609546  -0.332499517659  0.060561546340
  30  Si  3.242504438227  1.753555659725  7.676678316707  -0.256193047185  0.726372277462  -0.097343520193
  31  Si  6.377136935086  1.735660245109  7.652856045927  -0.134326795436  0.430668818044  -0.439681103101
  32  Si  4.839237691974  4.449337457881  7.677419285902  -0.133595921408  0.085329518808  -0.554127347834
  33  Si  1.746023235177  6.255335090931  10.292697165972  0.387977962748  -0.259638208916  0.839618902396
  34  Si  -1.383750650845  6.300356457019  10.306628012950  0.217720677045  -0.848053345420  1.049421865360
  35  Si  0.140853494331  3.564520263678  10.283203931871  0.326608652464  0.275098068415  0.847726553123
  36  C  0.068303521399  1.797989613797  4.499053685183  -0.141659855588  0.129985385612  -0.057149188522
  37  C  3.257420335271  7.174547766043  4.481218103069  0.122994758183  -4.153378968867  -1.503830910081
  38  C  -3.004677087942  7.237282373863  4.554743887044  -0.109015225594  -4.771283658257  -1.983283051272
  39  C  4.847278900324  6.253468257735  7.033944009107  0.329988677235  -0.073104735765  0.922616507919
  40  C  1.649429756695  0.863343635795  7.055390925856  -0.026738368979  3.764431410071  -0.758331926664
  41  C  7.916545416030  0.806696168619  6.978915145281  0.240807713833  3.673300723911  0.231104393789
  42  C  0.113438689232  1.787117719290  9.628542562338  0.058217501603  -0.230142562963  0.237242121961
  43  C  3.323065337611  7.163407703127  9.610488699323  -0.134484643087  -4.888341224809  -1.206439662296
  44  C  -2.953678362228  7.227191595586  9.701000203349  -0.123449586101  -5.112550964330  -1.923501434893
  45  C  4.789234708317  6.280016636145  1.897915296395  0.036949505652  -0.246642851304  -0.116352457774
  46  C  1.596277019049  0.885800479650  1.921028314442  -0.476813996343  3.416738776516  -1.710720842492
  47  C  7.865051420564  0.829250952566  1.842487109947  -0.108306680810  3.506200969445  -0.897446756862
  48  C  -1.470568693202  4.522334936088  4.534011922596  -0.041219411296  -0.191869205692  -0.273926791062
  49  C  1.665901509789  4.478475919883  4.490567197673  -0.062429891711  0.305773084363  0.067916533426
  50  C  0.135751624542  7.202431079009  4.521919427559  -0.200811608703  -4.601197188720  -1.662586686319
  51  C  6.376451286595  3.531722118794  7.009638175460  0.374258018390  0.307301729235  0.598415921547
  52  C  3.247267805015  3.558178691942  7.034032187282  -0.137928004907  0.065968915735  0.537163186400
  53  C  4.775105991083  0.845850583956  7.022041007230  0.180473414005  3.175007875974  -0.583059116685
  54  C  -1.410665084881  4.499686923120  9.651054067064  -0.205421338180  -0.172398178943  -0.011537404877
  55  C  1.716261852904  4.481765764078  9.627251869600  0.043765046286  -0.316151425332  0.370318930865
  56  C  0.180156263505  7.180115978561  9.660911885701  0.179564061153  -4.166709663081  -1.384520639379
  57  C  6.324345065855  3.547892085582  1.863438982012  0.018526741411  0.351561461681  -0.086351611275
  58  C  3.189494047449  3.580335273278  1.902182479587  -0.332359483958  -0.005353631217  -0.734117818933
  59  C  4.727916868018  0.852623740777  1.889959991747  -0.537370854950  3.587877713069  -1.677880467471
  60  C  3.203277177543  1.760036390848  4.478821720094  -0.227046168446  0.472977594967  -0.012558198433
  61  C  6.322243606313  1.718266402925  4.432278929002  0.278014350466  0.724914236782  0.373657403991
  62  C  4.796899897333  4.458824870283  4.459377084458  -0.098370723203  0.117256107729  0.040289185511
  63  C  1.705230961565  6.280176135731  7.049010274974  0.118321081359  -0.353447842927  0.587008690499
  64  C  -1.429075448994  6.325137857068  7.109400644277  0.335827740599  -0.756221447527  0.190887861617
  65  C  0.115231099976  3.587906973310  7.081854381438  -0.058688138865  0.084840990618  -0.190960824920
  66  C  3.249473607028  1.738394682925  9.610718129204  0.144835226028  0.566952506146  0.352628772543
  67  C  6.397705153356  1.708505969990  9.570702008426  -0.082123463251  0.624017655801  0.450771545580
  68  C  4.850471055185  4.436554951391  9.600930020662  0.116541621356  0.264895981840  0.254332491372
  69  C  1.663996724117  6.318373892839  1.942799170422  -0.471784471884  -0.766933717832  -0.735026126267
  70  C  -1.467648302031  6.333379253248  1.956271888546  -0.420917503545  -0.549362823867  -0.470541819972
  71  C  0.065405082652  3.615096677136  1.930969555560  -0.314092639379  -0.086470704985  -0.637436594442


MDSTEP:  3
LATTICE_CONSTANT: 1.889726125458
LATTICE_VECTORS
  9.393544310298  0.000000000000  0.000000000000
  -4.531834195291  7.946732295866  0.000000000000
  0.236967692270  -0.064543871663  10.369412175381
VIRIAL (KBAR)
  -60.280941421476  -31.915499785743  -31.656154398974
  -31.915499785743  125.836480335431  10.486417411045
  -31.656154398974  10.486417411045  -87.757579381273
INDEX    LABEL    POSITIONS    FORCE (eV/Angstrom)
  0  Si  0.049135483396  1.799980512698  2.569299488439  -0.482380954613  0.497468033585  -0.689894959081
  1  Si  3.242235331310  7.177761489308  2.552087059730  0.275562034016  -2.570168176263  -0.027569661038
  2  Si  -3.021286142032  7.245145299299  2.616281166046  -0.153320996656  -3.679352076374  -0.236838457274
  3  Si  4.816018695698  6.263105902444  5.102942012742  0.336718029386  -0.496215864757  0.472062580920
  4  Si  1.640146634371  0.880988896458  5.120462169957  -0.395328833871  4.016823309729  1.310822475865
  5  Si  7.909089002799  0.817143439041  5.064481415574  -0.216277710623  4.344286999562  1.327956853273
  6  Si  0.102995174140  1.797982822179  7.712159199622  -0.246915058055  -0.089202273956  -0.692885805753
  7  Si  3.295156949390  7.170878060534  7.699764597444  0.258707935536  -3.187997403972  -0.279420529194
  8  Si  -2.957895548542  7.241534271596  7.765358650355  -0.479573988730  -3.974441552968  -0.149935441486
  9  Si  4.874295836671  6.247397276121  10.254104865100  0.607424005178  -0.572844551485  1.218750535322
  10  Si  1.688722703791  0.856853235448  10.267107204936  -0.049316455652  4.490736130384  2.244436220748
  11  Si  7.955190981932  0.785854141963  10.189320009532  0.378896752089  5.109975842763  2.863088755760
  12  Si  -1.481903568959  4.530028237914  2.600855794045  -0.391460828538  -0.469179041187  -0.998199440810
  13  Si  1.657951418999  4.508590023328  2.560785668228  -0.292159776947  -0.226803978990  -0.516557811006
  14  Si  0.100675728589  7.218427977272  2.586740464192  0.201696409270  -3.236485479762  0.155310173270
  15  Si  6.358316128689  3.532446554896  5.068957787952  -0.096489936143  0.321875553396  0.384212661937
  16  Si  3.207834826711  3.561737737291  5.126653335371  0.457510026235  0.081568902623  -0.414561836187
  17  Si  4.754101064416  0.841322772561  5.087439232812  0.127738306575  4.570104527873  1.397332078564
  18  Si  -1.434837879434  4.502594541921  7.720836330292  -0.305254106660  -0.248512608328  -0.476380016590
  19  Si  1.685531553788  4.482461595034  7.698128685865  0.388703022313  -0.018313890238  -0.174157598212
  20  Si  0.163996702781  7.201032043053  7.720607173833  0.154509594485  -3.158088859857  0.342273724448
  21  Si  6.419459987270  3.525269226728  10.209006018660  0.442050191529  0.005404353153  1.385559418875
  22  Si  3.282093025641  3.542828828414  10.254326074033  0.206155014065  0.061832413966  0.819631463615
  23  Si  4.822936148640  0.832468857834  10.223883465742  0.296173745459  4.066740517196  2.309570139575
  24  Si  3.161038099326  1.768822312877  2.532602874895  0.308792315455  0.822790018954  -0.084822321375
  25  Si  6.308478386218  1.731347855981  2.510192678323  0.052899987893  0.987840402642  -0.475266005770
  26  Si  4.779437838862  4.463524861348  2.519227534663  0.079022788807  0.021311790579  -0.306610920143
  27  Si  1.692067817146  6.288513743056  5.126360956421  0.046899472028  -0.679584484216  0.159465657410
  28  Si  -1.428896028807  6.325870226339  5.185574483315  -0.472864027353  -0.824412139811  -0.175932267540
  29  Si  0.101050841715  3.603590115630  5.138891422060  -0.370745311468  -0.241512428824  -0.005568657620
  30  Si  3.245519544451  1.751035137794  7.675080205938  -0.367655306224  0.814747859314  -0.014111325102
  31  Si  6.375278835731  1.737961187147  7.649890182687  -0.042476042520  0.414047592524  -0.394496246435
  32  Si  4.840906790039  4.447818209902  7.674958066643  -0.095736184202  0.164591179142  -0.451724011534
  33  Si  1.749199023540  6.257059115150  10.290182192763  0.325026222376  -0.298018863566  0.907257296431
  34  Si  -1.380331722176  6.302465064095  10.305887099319  0.170796742858  -0.921813531395  1.050917507778
  35  Si  0.142303491563  3.564312507830  10.283039174601  0.279671108647  0.268878835294  0.899431313962
  36  C  0.069826878143  1.796223169585  4.500075896714  -0.140936345789  0.157655271456  -0.060827474994
  37  C  3.253586193968  7.166760638883  4.478713309930  0.215834471911  -3.708084731335  -1.352589015253
  38  C  -3.008623413714  7.235148887738  4.549052829233  -0.043671404158  -4.499673836137  -1.789195264223
  39  C  4.851590221607  6.254285880052  7.031611950495  0.211258255252  -0.070160878613  0.958768324116
  40  C  1.651197391034  0.866674645143  7.052787171982  -0.040689197444  3.623412140688  -0.664298793982
  41  C  7.921449816718  0.812497685833  6.975083990099  0.145445548754  3.502414737808  0.315918212093
  42  C  0.108577724290  1.787091596650  9.627662810543  0.156291834766  -0.261609000844  0.250372893639
  43  C  3.319891566654  7.158977582874  9.605907456187  -0.050699097956  -4.607704137406  -1.056362825568
  44  C  -2.955815652950  7.222380571302  9.694198363133  -0.056782272235  -4.807501935514  -1.731959392624
  45  C  4.790856454633  6.275845660244  1.897417390489  0.025501558018  -0.166397950107  -0.131387516807
  46  C  1.591474335872  0.891523922561  1.922693222367  -0.425318175286  3.125464731219  -1.692457405487
  47  C  7.866927326086  0.836427761379  1.845669083935  -0.139462656023  3.138538087531  -0.827992249571
  48  C  -1.475250094809  4.517367860633  4.534079651872  0.085646542178  -0.097060356355  -0.275680920422
  49  C  1.662419641906  4.483269287252  4.486471435945  0.000847918036  0.194320060527  0.197921919872
  50  C  0.134399834498  7.199757310242  4.522054997784  -0.162239914422  -4.370690354006  -1.612669784451
  51  C  6.378881318149  3.532387897358  7.009126309235  0.350790857344  0.308483970164  0.586783071666
  52  C  3.250584034865  3.559057318742  7.038944313019  -0.205818320039  0.029389897047  0.436019465289
  53  C  4.772293220839  0.851475430414  7.020235526298  0.247294066641  2.950294788628  -0.502455092800
  54  C  -1.412085504317  4.495270206664  9.654318063549  -0.135602952723  -0.036945443039  -0.091007619618
  55  C  1.715099373572  4.484140078240  9.632164212378  0.072367372474  -0.381584536609  0.223185746337
  56  C  0.184012877563  7.180291900048  9.662078860168  0.124055261516  -4.074054473854  -1.419506519838
  57  C  6.325797015894  3.548346032535  1.864694592772  0.004725664683  0.318646532210  -0.102575772581
  58  C  3.189252583426  3.581168662107  1.903419233627  -0.325030957954  -0.037610321588  -0.745106090448
  59  C  4.722484049375  0.858226325541  1.889671907715  -0.447635203040  3.406799983538  -1.613437031982
  60  C  3.199257769587  1.756631832597  4.475579364478  -0.122443224628  0.569012131148  0.073906816556
  61  C  6.325415499744  1.722508058719  4.435080188204  0.201968049299  0.604410683829  0.336384192840
  62  C  4.793462415543  4.460690974089  4.457421735831  -0.041362734996  0.033140124635  0.104375722031
  63  C  1.701133724329  6.284020817870  7.045254005194  0.183409213409  -0.431664032872  0.614816118522
  64  C  -1.429020622608  6.322089141078  7.106362384147  0.307214543287  -0.663236046646  0.262591654698
  65  C  0.112927829251  3.589650697024  7.086452104530  0.024192211076  0.033652110141  -0.293848063988
  66  C  3.246634246809  1.738923615144  9.613961147794  0.192645042161  0.521805855567  0.241699877461
  67  C  6.402277089825  1.705203366276  9.568880956704  -0.192841963419  0.724057289603  0.456332957295
  68  C  4.851213114269  4.438303829544  9.605103301599  0.100712377506  0.208758278178  0.145930476386
  69  C  1.660778208649  6.319607194065  1.943583664230  -0.366927853938  -0.723116647396  -0.759178160730
  70  C  -1.464451741793  6.336264754842  1.958798784061  -0.505404064280  -0.569707245722  -0.539308996925
  71  C  0.060140744408  3.615988141676  1.931707265951  -0.184332635922  -0.111531802604  -0.626309002113


MDSTEP:  4
LATTICE_CONSTANT: 1.889726125458
LATTICE_VECTORS
  9.393544310298  0.000000000000  0.000000000000
  -4.531834195291  7.946732295866  0.000000000000
  0.236967692270  -0.064543871663  10.369412175381
VIRIAL (KBAR)
  -60.173190884877  -31.722638375565  -31.644713321441
  -31.722638375565  123.469336476532  9.793191907899
  -31.644713321441  9.793191907899  -88.496104656311
INDEX    LABEL    POSITIONS    FORCE (eV/Angstrom)
  0  Si  0.051159474069  1.802429696059  2.567271692316  -0.491152646381  0.476028844969  -0.717958889058
  1  Si  3.238816296275  7.180033266682  2.549360596870  0.459697175217  -2.585501996963  0.024763105319
  2  Si  -3.024003799787  7.242717239829  2.615726952894  -0.122795339752  -3.467157488480  -0.301706779402
  3  Si  4.815127454438  6.264160127220  5.099789165843  0.392945358873  -0.498759416056  0.504248560642
  4  Si  1.638563913671  0.885435875798  5.121805774572  -0.420546189002  3.765413442001  1.235139708393
  5  Si  7.905728639262  0.821174502157  5.067010744890  -0.176122897434  3.992378207358  1.127661909645
  6  Si  0.102070002689  1.796846348412  7.711043153154  -0.228136668087  -0.061740196816  -0.600734370279
  7  Si  3.293354591725  7.170610059816  7.696084180377  0.360822609390  -3.313502313212  -0.191316055107
  8  Si  -2.954726733508  7.239605994499  7.768472044987  -0.587145600234  -3.955444745884  -0.179191299964
  9  Si  4.875956079470  6.246873815304  10.254288114851  0.590741827440  -0.617355729058  1.241023567807
  10  Si  1.686982573679  0.856108171399  10.265770211918  -0.048812059491  4.419168744502  2.214330361500
  11  Si  7.955958072561  0.785959006267  10.187199410665  0.309615334401  4.833882061420  2.815948322509
  12  Si  -1.479967230093  4.529702307922  2.600395525907  -0.505670576429  -0.443222071719  -0.930593643136
  13  Si  1.655298130665  4.511491334663  2.557564671274  -0.273728393429  -0.246222072860  -0.368740581385
  14  Si  0.099027974346  7.214697520336  2.582666402466  0.189394884474  -3.165030128267  0.262400999809
  15  Si  6.361610102336  3.530803395103  5.071651854101  -0.183774206660  0.390539496382  0.324176738375
  16  Si  3.209241345041  3.563322570204  5.123816262295  0.427335332140  0.098601151052  -0.433309435758
  17  Si  4.750365389269  0.846709287403  5.090202751870  0.238100743507  4.373008351258  1.280614503534
  18  Si  -1.438155836994  4.505508311527  7.718242378254  -0.175035164284  -0.310114489727  -0.405032587531
  19  Si  1.689767801701  4.482755118863  7.699462793734  0.322071181218  -0.078126751373  -0.192624351825
  20  Si  0.163766151660  7.202674612058  7.723981749959  0.197834264867  -3.117301013760  0.260949794559
  21  Si  6.421371050845  3.524484633003  10.206937464948  0.400452909078  0.019338593166  1.444121786010
  22  Si  3.284969736748  3.539983550698  10.256049246360  0.091530221260  0.201761780830  0.785151844241
  23  Si  4.821575552131  0.832597431561  10.224946837789  0.251706542279  4.075580521233  2.291911401789
  24  Si  3.160789196818  1.770270283643  2.534375982620  0.363756937859  0.814591163055  -0.201375728084
  25  Si  6.308165048345  1.732028757996  2.505927017069  0.136179690115  0.991667289570  -0.483855829957
  26  Si  4.777544652488  4.460972163252  2.520727518398  0.126671799881  0.128379996880  -0.416167211693
  27  Si  1.691619837260  6.286091588524  5.127686633556  0.028990584414  -0.554985426542  0.153563501244
  28  Si  -1.431389996439  6.324336122172  5.185633186984  -0.449467349723  -0.714830033639  -0.127581893832
  29  Si  0.100312557562  3.602208081262  5.135157575337  -0.378684295467  -0.152402797345  0.108747808132
  30  Si  3.242025367236  1.753883240145  7.678221840060  -0.356509527792  0.729312434715  -0.092517354700
  31  Si  6.379304255744  1.738279934602  7.647963792374  -0.137825964209  0.416857152660  -0.304098855916
  32  Si  4.838218459958  4.446706250543  7.674296389675  -0.120334022577  0.273784428857  -0.401683897401
  33  Si  1.752247729269  6.258476775042  10.292869740105  0.299363584371  -0.352049034177  0.873245181985
  34  Si  -1.381216969880  6.299162539915  10.305638410382  0.174293898490  -0.931007099984  1.058989143597
  35  Si  0.139107001692  3.565238425094  10.287230868998  0.388520499131  0.220214206327  0.808010633963
  36  C  0.064753034867  1.801035263481  4.495702291034  -0.049202777493  0.073186233652  -0.014394088909
  37  C  3.257601010506  7.161410389516  4.476302517142  0.121497487558  -3.360150914435  -1.243441347891
  38  C  -3.009220988326  7.231944834152  4.550725839079  -0.034560303962  -4.215388483797  -1.792731074014
  39  C  4.857726926395  6.260053214008  7.027158664757  0.097454335180  -0.222233276697  1.035382326405
  40  C  1.645077747160  0.863911800532  7.057304505524  0.072655855561  3.725821332649  -0.744168342838
  41  C  7.926638415434  0.809468089913  6.974311333109  0.035581980920  3.647729660187  0.308529682893
  42  C  0.104689251051  1.783325092724  9.631397995836  0.206911461690  -0.175612820232  0.168011099471
  43  C  3.321409627097  7.149863680420  9.604569988912  -0.051597863001  -4.217423006942  -0.984900621552
  44  C  -2.957016754408  7.218010079298  9.694099719744  0.010719920840  -4.671420249463  -1.698104411983
  45  C  4.795136394318  6.276515899649  1.893531802518  -0.097097413116  -0.179980429256  -0.071285244255
  46  C  1.594982018180  0.896225214899  1.915891760268  -0.468989572695  2.891446671595  -1.519282552265
  47  C  7.872687199132  0.838633687338  1.843537838957  -0.224581769820  3.116788961883  -0.815745326035
  48  C  -1.476980941340  4.522759416835  4.539149953700  0.127193519196  -0.227371627064  -0.359842956722
  49  C  1.657383656209  4.488514607551  4.491398577722  0.097232662211  0.051728777477  0.040382278176
  50  C  0.130356671141  7.201595869451  4.526201422965  -0.099695210701  -4.325493937212  -1.660918372128
  51  C  6.373953942449  3.536709729660  7.015543763008  0.465174276782  0.205317528072  0.455600256414
  52  C  3.250530397897  3.552793625676  7.035337002374  -0.193835859578  0.158418536502  0.466482420729
  53  C  4.769790327880  0.855464212627  7.016809135815  0.288653212005  2.838027884629  -0.362296888653
  54  C  -1.409037561088  4.489356525493  9.657060905063  -0.213950150577  0.070011464101  -0.187521345495
  55  C  1.713259729864  4.488556303445  9.629616052433  0.119870798569  -0.499056522761  0.328127516253
  56  C  0.184782015119  7.179243977018  9.666749000262  0.097103626440  -4.045675093919  -1.466849373200
  57  C  6.327375699942  3.550351399666  1.863760044787  -0.035355325583  0.263393096298  -0.088694663691
  58  C  3.182752955443  3.587435501858  1.901090758388  -0.211159084521  -0.183621592263  -0.684755160072
  59  C  4.727524994253  0.855876115265  1.885387813966  -0.560412220030  3.420087530020  -1.546055048969
  60  C  3.202980789804  1.754436474963  4.471652990118  -0.257221840144  0.688997878491  0.133301662432
  61  C  6.328493713240  1.721479271828  4.429091385294  0.104752887225  0.640887420922  0.460818830773
  62  C  4.795943942807  4.465662283159  4.451306560031  -0.062656793041  -0.105272507191  0.237384123279
  63  C  1.706185547669  6.279569896806  7.047514961973  0.065751831424  -0.314973059860  0.572817414339
  64  C  -1.433239413541  6.326956374002  7.108803697199  0.442506640301  -0.751743799324  0.234889820329
  65  C  0.117644936406  3.586832664982  7.086821876913  -0.101412141881  0.106736952515  -0.324273986811
  66  C  3.242411923249  1.743514507067  9.610638621379  0.250532785262  0.401325360106  0.315388142410
  67  C  6.397208238453  1.705184312740  9.573827546056  -0.084744017794  0.679559996078  0.314213852697
  68  C  4.851875232571  4.437979607704  9.609750291331  0.108857981503  0.186042204749  0.038600730678
  69  C  1.665682045495  6.317587620343  1.948763959070  -0.500666527975  -0.653729266932  -0.870759211612
  70  C  -1.468994455195  6.331842492379  1.955155948729  -0.418327594234  -0.493664491649  -0.500489485853
  71  C  0.058217509218  3.621197209409  1.932827531833  -0.141269273972  -0.178451471304  -0.639930762352


MDSTEP:  5
LATTICE_CONSTANT: 1.889726125458
LATTICE_VECTORS
  9.393544310298  0.000000000000  0.000000000000
  -4.531834195291  7.946732295866  0.000000000000
  0.236967692270  -0.064543871663  10.369412175381
VIRIAL (KBAR)
  -59.389834749579  -31.564906598365  -31.933186757878
  -31.564906598365  117.998863274649  9.344933286413
  -31.933186757878  9.344933286413  -88.685007825879
INDEX    LABEL    POSITIONS    FORCE (eV/Angstrom)
  0  Si  0.049733449337  1.803685980376  2.567189586072  -0.489608896692  0.483340928681  -0.782127126777
  1  Si  3.237827453098  7.179162389997  2.551205543421  0.419022102641  -2.541349873491  -0.051435209446
  2  Si  -3.028606566648  7.242945988976  2.616753694228  -0.020427765577  -3.392581178827  -0.353196002701
  3  Si  4.817095113832  6.264179133668  5.103703133330  0.238284356037  -0.510334802737  0.389126302038
  4  Si  1.635972771187  0.888388306946  5.124349299346  -0.436970378141  3.582131522926  1.112820149318
  5  Si  7.905331227437  0.825273242984  5.064338757141  -0.211103533238  3.932580832637  1.085115886134
  6  Si  0.100337498024  1.795254638100  7.712141605206  -0.185510786978  0.069274900126  -0.652653075644
  7  Si  3.290469744898  7.167045040707  7.691520111015  0.345663101154  -2.975434427020  -0.246263868611
  8  Si  -2.958352519707  7.237468065050  7.765688045095  -0.491485566472  -3.710858440478  -0.231891469084
  9  Si  4.875073591542  6.249290458182  10.251210436323  0.563821321177  -0.748597539686  1.256451882502
  10  Si  1.682359464577  0.854266937693  10.268850526397  0.014195850122  4.419272273333  2.119801626952
  11  Si  7.956353516989  0.787844345516  10.185772904593  0.220870853390  4.479354776538  2.760048641558
  12  Si  -1.482746305870  4.529945001826  2.603832657423  -0.402266348776  -0.507568514457  -1.037480068691
  13  Si  1.658460000074  4.508903501259  2.556654309542  -0.381726078612  -0.328869303912  -0.430188671386
  14  Si  0.101358812549  7.213391143624  2.578900831138  0.152987551367  -3.199863647684  0.277801789852
  15  Si  6.361201065008  3.535112489540  5.075365546082  -0.218500008818  0.281703405740  0.249207892558
  16  Si  3.210713730023  3.561146370873  5.120968352122  0.296479192019  0.202198013069  -0.416078675197
  17  Si  4.748346725714  0.847723612741  5.090247851347  0.161400848354  4.013453597840  1.140594616630
  18  Si  -1.440083905304  4.506220559094  7.721660201270  -0.110620179139  -0.296956027551  -0.378565627392
  19  Si  1.690018943920  4.487192499726  7.700851452556  0.287991786335  -0.135544410164  -0.246238841064
  20  Si  0.165201454054  7.206192423270  7.726897676103  0.152109170387  -3.048845284284  0.214397888675
  21  Si  6.420464679444  3.524638234892  10.205753668664  0.487704050677  -0.007753866078  1.487318708858
  22  Si  3.286294188592  3.542325339751  10.259764894605  0.092073594955  0.134548632456  0.723850166307
  23  Si  4.821980996316  0.834795098291  10.221946014462  0.244461909946  3.892871208870  2.279893412251
  24  Si  3.165180323910  1.768882548289  2.535030428262  0.257049569410  0.795920171380  -0.256174489312
  25  Si  6.303891403207  1.735086824673  2.505928472894  0.258146060667  1.005007684699  -0.487861450936
  26  Si  4.781600933100  4.460328354823  2.523273025185  0.061818854598  0.106786686713  -0.545573356646
  27  Si  1.688212641647  6.287843419568  5.125208989833  0.060579058185  -0.682073570262  0.220922377489
  28  Si  -1.430625546892  6.319434233365  5.188608613290  -0.443879833101  -0.594678355990  -0.214493324835
  29  Si  0.099927425075  3.602370778550  5.137947542951  -0.424255720963  -0.123768649469  0.025044958480
  30  Si  3.238371817007  1.750985315050  7.680800544815  -0.231948852629  0.923537544454  -0.091553694017
  31  Si  6.383282981420  1.738961590655  7.645885896836  -0.206669624101  0.454945316193  -0.244974578333
  32  Si  4.835792404358  4.443900891030  7.669726573197  -0.186457531637  0.351943365863  -0.244684211654
  33  Si  1.748680900894  6.260506253454  10.294266304422  0.360811702502  -0.557239544418  0.808269678835
  34  Si  -1.383884098616  6.300528408042  10.310162070818  0.263286714810  -1.023488115174  1.059659865082
  35  Si  0.141967967850  3.567410233070  10.289654818330  0.298716758820  0.086964440169  0.755659483437
  36  C  0.061906471206  1.803201282605  4.490686729702  -0.025484047868  0.053263306916  0.072296462692
  37  C  3.251768468150  7.162827239426  4.480504171367  0.243625051187  -3.393307604411  -1.277631748199
  38  C  -3.011814063151  7.226845567310  4.554600256538  0.024370498688  -3.926328025285  -1.748380408161
  39  C  4.852622600948  6.265005860544  7.026399606616  0.182484429598  -0.339979393243  1.051443337264
  40  C  1.651396796229  0.873870608983  7.057535621957  -0.090199653315  3.331397055664  -0.633257863552
  41  C  7.929685319959  0.818286435878  6.968977280313  0.008480656163  3.322499046763  0.461482921277
  42  C  0.097621973566  1.778191383646  9.628751613627  0.332943358378  -0.062630859395  0.207709990452
  43  C  3.314591978623  7.143105874510  9.597051597061  0.065930173506  -3.850062855435  -0.784336646348
  44  C  -2.954873373004  7.213951764243  9.695820268805  -0.034780081119  -4.534701419823  -1.756521180488
  45  C  4.796319990991  6.273002141378  1.892530333913  -0.163322285705  -0.091303135076  -0.044218434374
  46  C  1.591914788937  0.899605887221  1.908600163590  -0.394727362817  2.702997677324  -1.332014379165
  47  C  7.872046475258  0.843499405831  1.848161652099  -0.249431200675  2.941016625438  -0.848987180811
  48  C  -1.479372730920  4.529607603401  4.535192813195  0.142021062333  -0.438486814619  -0.235402457224
  49  C  1.653048161178  4.483170217061  4.485659940034  0.195973591124  0.163646186541  0.148557378806
  50  C  0.131506363319  7.191761738488  4.518827777345  -0.169339328517  -3.826882733700  -1.444498710757
  51  C  6.369152141575  3.540767723481  7.022992599459  0.577708724520  0.163448486598  0.297661628634
  52  C  3.246851481586  3.556814623432  7.030567773307  -0.152213578606  0.085579008128  0.534763626014
  53  C  4.770951821067  0.862095730053  7.015238392566  0.260690721144  2.666375413540  -0.298108669873
  54  C  -1.407772857572  4.488665075671  9.662559000843  -0.233288766508  0.098161695541  -0.271325051022
  55  C  1.710643073852  4.481435143620  9.624925024849  0.195954468531  -0.335272103261  0.450633824532
  56  C  0.188437034659  7.173817475088  9.668908175589  -0.030036865735  -3.790109929135  -1.422446038604
  57  C  6.332087337669  3.555160257572  1.862154111647  -0.125244925535  0.183471492218  -0.034707639456
  58  C  3.185368306867  3.582157135255  1.898802672086  -0.185383789900  -0.086220883214  -0.629301019845
  59  C  4.733425881284  0.856313201285  1.884256063737  -0.668094908636  3.366733916769  -1.538355833237
  60  C  3.196119985598  1.761143603821  4.472745019008  -0.127800814065  0.476272068578  0.086744406267
  61  C  6.323118437604  1.715738105159  4.427105402641  0.158724301970  0.838668440073  0.520466208282
  62  C  4.790282865905  4.463032683407  4.445800660374  0.053163741366  -0.032190250964  0.397407244018
  63  C  1.702717833754  6.284935628221  7.053864396262  0.092913533784  -0.376470493309  0.385612299217
  64  C  -1.430450015789  6.326173646272  7.106899811979  0.365545451107  -0.704284722418  0.310351576107
  65  C  0.118411964008  3.591260781299  7.084982716474  -0.150112761263  0.030835083057  -0.258819509249
  66  C  3.245741225207  1.744522114675  9.614370894218  0.122847319934  0.355564550804  0.268399755482
  67  C  6.396371547099  1.703921297969  9.574921978629  -0.048895442570  0.704800533578  0.253883662089
  68  C  4.856893548301  4.431870954286  9.612726629063  -0.016645777198  0.340173842088  -0.067607406213
  69  C  1.661238539023  6.309921273370  1.941465336472  -0.350888754902  -0.517575539810  -0.788624935567
  70  C  -1.466027441759  6.324884719856  1.961542587541  -0.523657968218  -0.280225508729  -0.584296872001
  71  C  0.055157863092  3.616267394660  1.925611990942  -0.079872072860  -0.068901907800  -0.503123922218


MDSTEP:  6
LATTICE_CONSTANT: 1.889726125458
LATTICE_VECTORS
  9.393544310298  0.000000000000  0.000000000000
  -4.531834195291  7.946732295866  0.000000000000
  0.236967692270  -0.064543871663  10.369412175381
VIRIAL (KBAR)
  -59.213889826724  -31.449547182787  -31.781579603297
  -31.449547182787  115.128567229553  9.148562306715
  -31.781579603297  9.148562306715  -88.722577725082
INDEX    LABEL    POSITIONS    FORCE (eV/Angstrom)
  0  Si  0.050966461211  1.801557798448  2.565461283928  -0.552244010667  0.482897104320  -0.739959850110
  1  Si  3.240487866586  7.178688678980  2.548556564882  0.413319294273  -2.458643986167  -0.135131280675
  2  Si  -3.027072603190  7.238698103055  2.619118452166  0.011371946546  -3.406826233849  -0.400424651847
  3  Si  4.811953032472  6.266783996431  5.104225421048  0.333376616158  -0.588180610977  0.441673666226
  4  Si  1.634700786620  0.889420850250  5.120370090217  -0.468698252588  3.334558930825  1.097217342059
  5  Si  7.901413060210  0.831115812925  5.064285108914  -0.216826127928  3.660780448658  1.027068489309
  6  Si  0.102285990752  1.798099337680  7.712198917296  -0.228261302999  0.145495765785  -0.719695653571
  7  Si  3.289489916123  7.171159595610  7.691784468930  0.354424395122  -2.990793231028  -0.284247775338
  8  Si  -2.959159342311  7.238478632604  7.766445456409  -0.442398546034  -3.717021957018  -0.284446652367
  9  Si  4.874306196177  6.243934647462  10.254254547406  0.593299726597  -0.585036715033  1.168262155449
  10  Si  1.681789620121  0.857334877602  10.264649879124  -0.089351211511  4.274281606014  2.169421430382
  11  Si  7.959642198070  0.788202258777  10.187438702631  0.137236081915  4.306905610453  2.663541648739
  12  Si  -1.487550137398  4.524883525170  2.606358578335  -0.299812928275  -0.517366419697  -1.061502891469
  13  Si  1.661396449971  4.503926600346  2.556921923224  -0.435078633695  -0.185148910530  -0.498735045995
  14  Si  0.099620438876  7.211553183279  2.573966457409  0.240222813076  -3.020604696179  0.316133530285
  15  Si  6.360220679767  3.535872096267  5.080160018959  -0.108336870189  0.238561543511  0.137980059944
  16  Si  3.214730955068  3.558643760775  5.123108040578  0.244360866177  0.288309493195  -0.378259210201
  17  Si  4.747351946816  0.850678896103  5.092811960504  0.135249923162  3.977002437231  1.065388430816
  18  Si  -1.435576047676  4.501809911514  7.720740702492  -0.154352819033  -0.211826125272  -0.316082297228
  19  Si  1.690253693176  4.487123337440  7.700125909613  0.345828109963  -0.108145875097  -0.242854325559
  20  Si  0.162754854270  7.209794810444  7.722632967234  0.300062585613  -3.032114073586  0.240308898225
  21  Si  6.418451600449  3.527251054799  10.205992438849  0.469948433972  -0.135165228090  1.504498719682
  22  Si  3.290109910122  3.545568540682  10.260101401790  0.032915001828  0.107698212343  0.677789825003
  23  Si  4.823484287371  0.837149924099  10.223200304700  0.215303018409  3.716057706118  2.227692620878
  24  Si  3.161856215833  1.773629620319  2.539921930785  0.292506808462  0.633843522874  -0.330708270090
  25  Si  6.300784987465  1.733753280570  2.506156080870  0.409267685329  1.028451835785  -0.509772468356
  26  Si  4.777888800453  4.457354472364  2.526155859135  0.171663211888  0.167906380442  -0.617837690444
  27  Si  1.692029841629  6.288795426023  5.124684496231  -0.061178115023  -0.707415795661  0.202641381203
  28  Si  -1.430056518800  6.319714997679  5.188873032078  -0.329785496276  -0.704404190133  -0.161386335331
  29  Si  0.104960878797  3.597702005658  5.133024530674  -0.433519377823  0.038654486441  0.073480269492
  30  Si  3.237583261548  1.749424612276  7.685734412438  -0.242240720928  0.975053143805  -0.172216474752
  31  Si  6.383411873306  1.740306403327  7.648135413443  -0.215993257113  0.445431463636  -0.264549761730
  32  Si  4.840903173373  4.443747280150  7.669926039259  -0.306377290629  0.301491254647  -0.241481226595
  33  Si  1.748820385781  6.256212474688  10.290597823044  0.398386858021  -0.478423298042  0.819050810513
  34  Si  -1.388554206495  6.297909161513  10.305806462271  0.409180692602  -0.952847824389  1.132926463682
  35  Si  0.137042415018  3.567224505778  10.288763086950  0.359860852626  0.157263683705  0.822799107129
  36  C  0.062825141256  1.805229129414  4.492404264659  -0.061344808500  -0.072501969711  -0.006584953381
  37  C  3.249574583957  7.159868045091  4.474927767284  0.344309564364  -3.060597535910  -1.126876357586
  38  C  -3.007078559202  7.216537903073  4.557411028129  -0.081213745613  -3.573859426743  -1.701255601131
  39  C  4.849978533493  6.257475274601  7.032408902771  0.210660797189  -0.147181783784  0.894959262906
  40  C  1.649016140564  0.876228903782  7.051296286467  -0.058508260860  3.192018433986  -0.488382326308
  41  C  7.926953012536  0.828966846450  6.973458368822  0.072942791425  3.094073591128  0.352155058176
  42  C  0.090695231872  1.786041935274  9.624585465022  0.462457639575  -0.210716358226  0.237354776958
  43  C  3.315907895064  7.139914100644  9.593839070846  0.085870327025  -3.684440784064  -0.669140507793
  44  C  -2.951648995127  7.210954046567  9.696382852284  -0.141833338149  -4.333130547529  -1.735060466641
  45  C  4.800247694737  6.273908645759  1.886115134845  -0.225150213799  -0.203806431355  0.080179586230
  46  C  1.585872448138  0.895672616175  1.911159128004  -0.222670062957  2.747706446849  -1.343160189115
  47  C  7.875803910075  0.845391346630  1.842851711070  -0.319313065893  2.865908448461  -0.740644160485
  48  C  -1.471827313215  4.525477091618  4.531245752815  0.018588024020  -0.404278657150  -0.094802445464
  49  C  1.656828578357  4.484756344088  4.482787438900  0.225541351323  0.101280545813  0.189263346012
  50  C  0.132134386431  7.195857646022  4.522381320911  -0.174754683471  -3.922539817717  -1.529994040440
  51  C  6.372673238591  3.537306374074  7.027933456376  0.558644866501  0.250384259250  0.215141621446
  52  C  3.245873003029  3.554120122815  7.035576359999  -0.078255244298  0.117774074507  0.471288327558
  53  C  4.773995627471  0.870760955949  7.011455337371  0.193691462933  2.482138892996  -0.157338131284
  54  C  -1.415731930797  4.490495954031  9.667466102046  -0.097581283598  0.027417979800  -0.384360929751
  55  C  1.713026024260  4.478953143692  9.623368330340  0.118242498831  -0.336816990235  0.482308342106
  56  C  0.192282365948  7.170858524498  9.667765812637  -0.135997074046  -3.608385484104  -1.375717732718
  57  C  6.331461569549  3.551327519543  1.869679529091  -0.169610607995  0.241442176793  -0.146587603115
  58  C  3.188089884856  3.577515483016  1.894048576728  -0.240757567788  0.012384044022  -0.561380311527
  59  C  4.740025333482  0.866091922735  1.888249986237  -0.909498364941  3.046244384361  -1.552993786405
  60  C  3.192138022187  1.761340851105  4.477190867740  -0.066895894181  0.495814518057  0.007620054893
  61  C  6.316056962506  1.711259887994  4.420283415052  0.264707745018  0.968254425172  0.681687306204
  62  C  4.795861935826  4.465022294225  4.444140171208  -0.066535503452  -0.064626796575  0.489590279513
  63  C  1.704884242630  6.281459468339  7.050694139503  0.072584884561  -0.237283796570  0.426052013661
  64  C  -1.423584582511  6.322686079626  7.113444721534  0.186873473071  -0.622241202799  0.177403746964
  65  C  0.121964624387  3.598612880018  7.080834133851  -0.164061830071  -0.141393147410  -0.221067743090
  66  C  3.239570864977  1.747980931628  9.618755102879  0.280174621261  0.300544260909  0.209400150845
  67  C  6.398087122552  1.699111901355  9.567290804902  -0.093002942657  0.832928700819  0.431370867577
  68  C  4.858164729034  4.437662747978  9.608288408283  -0.018276924184  0.190236493069  0.027830887762
  69  C  1.666016246163  6.314136568958  1.935498516768  -0.430043727610  -0.677605705189  -0.724562596627
  70  C  -1.464182425777  6.317387780931  1.963578159957  -0.569254971466  -0.176498107205  -0.649549291369
  71  C  0.053711942399  3.609774833512  1.930584443938  -0.054059892598  0.030673407243  -0.592729441937


MDSTEP:  7
LATTICE_CONSTANT: 1.889726125458
LATTICE_VECTORS
  9.393544310298  0.000000000000  0.000000000000
  -4.531834195291  7.946732295866  0.000000000000
  0.236967692270  -0.064543871663  10.369412175381
VIRIAL (KBAR)
  -59.419948619094  -30.509357224551  -31.525042285636
  -30.509357224551  112.440196373581  7.718782976794
  -31.525042285636  7.718782976794  -88.244665727414
INDEX    LABEL    POSITIONS    FORCE (eV/Angstrom)
  0  Si  0.050350481968  1.806798779825  2.564757108202  -0.532435565853  0.337158859321  -0.638239559378
  1  Si  3.244509966180  7.178692571200  2.551515786444  0.251369276532  -2.493895142324  -0.232297492996
  2  Si  -3.031385121138  7.237341808966  2.614187739319  0.056467114780  -3.195226994340  -0.368269786119
  3  Si  4.806519910097  6.263296338862  5.099087903764  0.578316848190  -0.401456775612  0.621054579193
  4  Si  1.631901270903  0.888530990021  5.123435689221  -0.321956601329  3.344111575646  1.042464779193
  5  Si  7.895953321373  0.837305342426  5.069213376719  -0.073152814437  3.151690762283  0.815070851326
  6  Si  0.096956618028  1.798279512920  7.714742183318  -0.075616158420  0.146626579083  -0.812524033421
  7  Si  3.286954064409  7.168150391151  7.692060094300  0.527845553922  -2.970151676008  -0.277282944586
  8  Si  -2.960052063552  7.242551220116  7.767256661011  -0.372175184949  -3.683092982759  -0.400509042076
  9  Si  4.869837147450  6.242381739130  10.256695154894  0.715820398818  -0.615329780617  1.118548870394
  10  Si  1.686633934390  0.862742071142  10.266792561875  -0.300532802441  3.823710466562  2.046724944958
  11  Si  7.958397437570  0.791783811414  10.184882738001  0.139165757543  3.873948166779  2.608772364933
  12  Si  -1.491656353017  4.528208241263  2.608053950253  -0.160845036425  -0.644459058846  -1.057365159566
  13  Si  1.658167569802  4.507534749522  2.561241996435  -0.441084527243  -0.182637770905  -0.626610135931
  14  Si  0.097051257274  7.205831769987  2.570814083987  0.255809307760  -2.972557156239  0.440298184990
  15  Si  6.354503450754  3.531602065479  5.076161366114  0.015257136526  0.401880052910  0.329350714035
  16  Si  3.219427269303  3.554856820252  5.124779179376  0.096042565440  0.437460454766  -0.490951488009
  17  Si  4.749084338110  0.851218536376  5.098714288546  0.132212650177  4.038946545441  0.941980046199
  18  Si  -1.439286824368  4.505886708424  7.725801036614  -0.044428095674  -0.164722033281  -0.420113670562
  19  Si  1.693340631412  4.492279831856  7.698142526771  0.228640020397  -0.232552863727  -0.187500473085
  20  Si  0.162148370439  7.213104840543  7.719037395906  0.299869880680  -3.193941718151  0.351118054512
  21  Si  6.413583910716  3.524547462502  10.210650057135  0.520686216923  -0.031100949556  1.408309549639
  22  Si  3.287338015333  3.544662121414  10.262260508736  0.100512097192  0.222759009418  0.672255917898
  23  Si  4.828552053486  0.840120690442  10.223846679421  0.092879088503  3.413742643625  2.116590889536
  24  Si  3.165724963700  1.778606744580  2.540722634739  0.260315301345  0.579268264454  -0.256515916414
  25  Si  6.295715914309  1.738902914932  2.508260233521  0.590431540058  0.934973521595  -0.504226159232
  26  Si  4.774408997083  4.461103879744  2.530053851479  0.229874055539  0.131488057394  -0.612713980687
  27  Si  1.695988088641  6.288213091743  5.122320760206  -0.189827357004  -0.675987783514  0.304170864406
  28  Si  -1.426371188026  6.321192902490  5.184816850851  -0.417758046860  -0.777480059402  -0.150818762231
  29  Si  0.108062541739  3.596686362510  5.128525731198  -0.575059947833  0.040273738121  0.217606670744
  30  Si  3.233133733177  1.753738050481  7.691219862782  -0.104426523100  0.839146977972  -0.388490039304
  31  Si  6.381010187052  1.745125705884  7.645215032620  -0.076616818060  0.351226636007  -0.327361326797
  32  Si  4.836894234130  4.440016976122  7.671787118540  -0.195800111763  0.413178791836  -0.362183809992
  33  Si  1.752696774106  6.251491078829  10.288800416418  0.306219175937  -0.331342376141  0.857131041545
  34  Si  -1.390510006632  6.302509990023  10.303159302148  0.333374705241  -1.142215788674  1.162782438545
  35  Si  0.141700942727  3.572713987782  10.285088742295  0.234567985417  0.004964027776  0.849997005570
  36  C  0.064453679850  1.799329144583  4.500735337024  -0.104321308779  0.049023707357  -0.182234528630
  37  C  3.249072108856  7.148910528810  4.473098028039  0.362207211305  -2.467338412484  -0.996277958857
  38  C  -3.002901770657  7.219718748573  4.549007827220  -0.187511328753  -3.653187006843  -1.616520918908
  39  C  4.857014124280  6.259637388119  7.033259922267  0.065911441930  -0.214030996372  0.824340768728
  40  C  1.657659634233  0.883138750785  7.048377656987  -0.264967717708  3.029898061527  -0.334809940383
  41  C  7.935438571377  0.823496933921  6.969608314257  -0.136049575221  3.195656801516  0.500895359727
  42  C  0.086424962131  1.780690005949  9.623522675539  0.572675930755  -0.036251928788  0.281156521942
  43  C  3.323049851342  7.128747932782  9.593821766845  -0.075616301176  -3.184601390810  -0.562521592221
  44  C  -2.956610747757  7.204803160943  9.694303135548  -0.067338086375  -3.864668554470  -1.544224996269
  45  C  4.799317998373  6.269267347243  1.885063161815  -0.237968284611  -0.100285060936  0.078575072123
  46  C  1.587635939023  0.903822137293  1.911864062373  -0.208899374988  2.541912414822  -1.325064061562
  47  C  7.877084098810  0.844114728554  1.844283765545  -0.378354218589  2.955125505760  -0.734553414563
  48  C  -1.479942227402  4.517073506026  4.530506339646  0.160941292324  -0.260187154284  -0.091151549430
  49  C  1.650585371791  4.492367273561  4.475814533391  0.388834687827  -0.069881571944  0.376607316366
  50  C  0.134443741431  7.200184674460  4.527115028504  -0.141816542122  -4.058736792909  -1.695453893477
  51  C  6.381787460732  3.544670476374  7.034855669856  0.332532067572  0.129746572352  0.066144997859
  52  C  3.241600625067  3.547993902779  7.028779648480  0.015394971839  0.268902076162  0.623016866834
  53  C  4.777430278190  0.864864993415  7.004689246405  0.125434687729  2.815060775022  0.041380515049
  54  C  -1.420753070338  4.486522309417  9.666589622343  -0.030859202282  0.127902294302  -0.277334684956
  55  C  1.716234357921  4.482680105122  9.627452503366  0.099302361560  -0.450573317624  0.341520207153
  56  C  0.185428054981  7.165157743977  9.667557657628  0.034653791078  -3.262538289403  -1.323143166806
  57  C  6.335106191666  3.558998059490  1.875621950112  -0.327217748409  0.117585394657  -0.213073976326
  58  C  3.184962343271  3.585614203002  1.900320996361  -0.155923898163  -0.108531688149  -0.637153897923
  59  C  4.744439360026  0.861461349319  1.892513375289  -1.000961688790  3.204842395876  -1.644679529965
  60  C  3.198846005584  1.765853265489  4.481443912829  -0.177515580939  0.407943431720  -0.074338367316
  61  C  6.320252058435  1.716075245218  4.423498879896  0.111662371217  0.870225215715  0.640931000065
  62  C  4.797798300015  4.473540445603  4.449722524485  -0.147777208761  -0.288381529484  0.372137471514
  63  C  1.708499092554  6.284375949800  7.057077599212  0.027900397024  -0.280647986401  0.257043650938
  64  C  -1.417775593593  6.329092600397  7.106890740355  0.060179743247  -0.701306829702  0.290067766832
  65  C  0.118181954435  3.599776987951  7.086699616799  -0.085354818610  -0.086891960833  -0.308940737910
  66  C  3.231099754408  1.751497017850  9.613422215819  0.516252640376  0.278246225613  0.351070653050
  67  C  6.398955235104  1.698094497278  9.560870786010  -0.149304343071  0.834156412681  0.538526435390
  68  C  4.856411015260  4.441936955464  9.600890964320  -0.059143557854  0.009055817902  0.241487374590
  69  C  1.661913107438  6.314116235476  1.929161055758  -0.326179226630  -0.675752512048  -0.636045776576
  70  C  -1.471628503716  6.315789682025  1.970157110830  -0.473926860479  -0.115062055981  -0.792681828627
  71  C  0.059668678524  3.603583581035  1.932504559692  -0.220837809000  0.265167715589  -0.624951144685


MDSTEP:  8
LATTICE_CONSTANT: 1.889726125458
LATTICE_VECTORS
  9.393544310298  0.000000000000  0.000000000000
  -4.531834195291  7.946732295866  0.000000000000
  0.236967692270  -0.064543871663  10.369412175381
VIRIAL (KBAR)
  -59.800050742828  -30.052975046497  -30.962522051955
  -30.052975046497  110.667305009664  7.197931904938
  -30.962522051955  7.197931904938  -88.094754181660
INDEX    LABEL    POSITIONS    FORCE (eV/Angstrom)
  0  Si  0.050115492980  1.810092086749  2.566102884210  -0.525862946336  0.379533872605  -0.709916503826
  1  Si  3.242044339860  7.177364705305  2.549036213294  0.257287567032  -2.427588023227  -0.246331168136
  2  Si  -3.035818035892  7.233603655261  2.610369861848  0.123990422896  -3.011775245330  -0.366925398567
  3  Si  4.803705541459  6.264100173337  5.102659901778  0.633983107384  -0.411988368540  0.442382699498
  4  Si  1.626878593697  0.890653867197  5.123305551815  -0.267891517240  3.465071755982  0.905810628493
  5  Si  7.893296477708  0.833874497545  5.073969473423  -0.070316866431  3.258815600545  0.564168997762
  6  Si  0.095688905163  1.798743680433  7.715687985551  -0.108095600711  0.213558385582  -0.831851117922
  7  Si  3.286824005754  7.171050845812  7.687407466674  0.485891630766  -3.147064858691  -0.140689566402
  8  Si  -2.958389903130  7.246440345797  7.767688015134  -0.419026065282  -3.618042610773  -0.420975364414
  9  Si  4.870718253253  6.245395575587  10.259425798001  0.716191211706  -0.748504177764  1.020021342361
  10  Si  1.682700914316  0.861077857857  10.266868556582  -0.061205658470  3.917766164667  2.070124136966
  11  Si  7.962331513870  0.793735871278  10.190831725197  0.015808017098  3.820068744708  2.585192058405
  12  Si  -1.496376110264  4.530306698472  2.603952006042  -0.038632824365  -0.869836467048  -0.955849947219
  13  Si  1.655811175323  4.512929814039  2.564380788464  -0.278224699592  -0.407875448286  -0.835024109949
  14  Si  0.092141917500  7.199205297753  2.569142428562  0.373564933998  -2.700733102021  0.410155255504
  15  Si  6.355174194281  3.529654157379  5.076088993037  -0.007579162247  0.358117377408  0.318016480583
  16  Si  3.218450850107  3.557830398239  5.118687790395  0.181008075585  0.328010560738  -0.452639352081
  17  Si  4.743194290013  0.848966998833  5.103187019096  0.371422986209  4.164028549477  0.766638637796
  18  Si  -1.443643927061  4.510132029895  7.728809268126  0.106909393165  -0.231976625800  -0.476611729918
  19  Si  1.695797286105  4.490986040221  7.698304905554  0.254790980560  -0.273053638395  -0.248415814146
  20  Si  0.160824866979  7.213114896683  7.722557974721  0.298808653244  -3.204682481695  0.311595307685
  21  Si  6.417860113724  3.523379372547  10.209004009088  0.438344876727  -0.049791978307  1.411866972545
  22  Si  3.290371621582  3.545067742652  10.256530453157  0.017645963309  0.139672040043  0.650347815686
  23  Si  4.833995345807  0.845568701958  10.230221628067  -0.013202802108  2.873013127238  1.886908108953
  24  Si  3.168428842824  1.784234755489  2.534526053003  0.273382521394  0.447757180176  -0.132386087359
  25  Si  6.290559287631  1.739167631711  2.506043576391  0.750219188335  1.001552606748  -0.351822626596
  26  Si  4.775093978924  4.466234144609  2.524472215621  0.344970131662  -0.086747230021  -0.505097433844
  27  Si  1.696757156946  6.293281478772  5.119566008714  -0.264542204304  -0.820979262755  0.447547717113
  28  Si  -1.427682306483  6.315733584906  5.180056702515  -0.487310112078  -0.694481440805  0.003065392926
  29  Si  0.103698945382  3.600037085717  5.128829253348  -0.487604169270  0.007890018537  0.179355039631
  30  Si  3.235309613375  1.749785703796  7.686271490472  -0.100748083874  0.936516514411  -0.401795836759
  31  Si  6.380444576695  1.751254055854  7.645281253275  -0.113347088440  0.279160052277  -0.412104511991
  32  Si  4.840308807408  4.443014687502  7.666019471337  -0.258272320273  0.310392158613  -0.278561586463
  33  Si  1.756473805147  6.253493398288  10.293877888741  0.282608270643  -0.494551260799  0.661461776270
  34  Si  -1.387226844422  6.300697186977  10.307619787375  0.293549997804  -1.101539979375  1.088442350265
  35  Si  0.144992701436  3.572086825077  10.283234282448  0.156987652577  0.043682767655  0.847777324275
  36  C  0.056749775348  1.808739316138  4.495676764882  0.017710145956  -0.128222096957  -0.070165532864
  37  C  3.242935483308  7.148169279833  4.466085182342  0.491852688776  -2.431531582427  -0.874605243620
  38  C  -3.004446439507  7.225645219880  4.542962847802  -0.213800494284  -3.810221380881  -1.562898895483
  39  C  4.857879067014  6.252550355974  7.024872532507  0.021982564439  0.019819896260  0.995737770509
  40  C  1.649202846891  0.891445422643  7.041980329995  -0.149822626625  2.768761325188  -0.171935018481
  41  C  7.929128415478  0.821706367253  6.963663173249  -0.047811368244  3.294077002042  0.627832306948
  42  C  0.090363109737  1.772221703585  9.631173629785  0.498517893899  0.159131593565  0.109653789422
  43  C  3.327243684937  7.132771030398  9.594625137711  -0.099363886015  -3.230057947617  -0.593029253957
  44  C  -2.954502114859  7.203719497298  9.701551652461  -0.079423266149  -3.924003637662  -1.673080925101
  45  C  4.798093683088  6.266712233981  1.883247912972  -0.248552455670  0.014634000740  0.068768598705
  46  C  1.592558457724  0.905175163197  1.908886305447  -0.316720072985  2.446564861839  -1.265016171394
  47  C  7.867552566539  0.848777847155  1.852426897210  -0.209084038874  2.835086235130  -0.859986678865
  48  C  -1.485847323020  4.508353955771  4.538621679322  0.249964760951  -0.046641955587  -0.340695835997
  49  C  1.649522673235  4.494018337617  4.467984782896  0.360546527447  -0.037873386696  0.519120323014
  50  C  0.133310922885  7.199793269700  4.532899253176  -0.159696277043  -4.176190424625  -1.870938000202
  51  C  6.384313063075  3.550848589793  7.028291593700  0.328822802699  0.017554679566  0.201984867088
  52  C  3.246929699747  3.548356168799  7.023629475540  -0.042632696448  0.251102026156  0.649641302480
  53  C  4.780867102868  0.862121439387  6.996247407259  0.072839878544  2.794544398951  0.260776598421
  54  C  -1.425592293935  4.493188612070  9.669318354901  0.098358247903  -0.068050560699  -0.341220307123
  55  C  1.710582953466  4.478442815586  9.618798068241  0.270308696520  -0.355215232295  0.507535034476
  56  C  0.187252093919  7.154346166479  9.666282819869  0.070412530923  -2.669247600824  -1.069770184453
  57  C  6.344131958186  3.551079907610  1.868122338750  -0.512492709734  0.307851273096  -0.150857240451
  58  C  3.193453170397  3.580885773500  1.893375923321  -0.339594395391  0.095483556917  -0.548986382022
  59  C  4.751034179598  0.867425270200  1.895871894755  -1.187653991297  2.816748899509  -1.662497406769
  60  C  3.207375768406  1.759145775661  4.479527162555  -0.429325648467  0.600839116622  -0.095794687862
  61  C  6.326754570486  1.721403331494  4.418824852978  -0.099082762781  0.710761220943  0.764283130289
  62  C  4.806880936271  4.473848777458  4.454384573585  -0.317152104860  -0.240672714453  0.171718799320
  63  C  1.702666460085  6.278620811281  7.066048024313  0.157558578895  -0.142223238751  0.042336959289
  64  C  -1.422651631399  6.327590854197  7.113045506913  0.120560631584  -0.588776706328  0.134168042079
  65  C  0.125546270044  3.602443375822  7.079092109886  -0.295969593367  -0.115696323339  -0.114631169382
  66  C  3.239424309747  1.746847180367  9.607559889367  0.346436900712  0.303054576143  0.423528809978
  67  C  6.397127451675  1.693774104651  9.556552179931  0.008564438940  0.930957310114  0.587603877402
  68  C  4.856732956037  4.436164090537  9.601098244220  -0.007878036467  0.186008161334  0.169070064512
  69  C  1.664993038726  6.305786413593  1.922647109273  -0.406421685603  -0.470428940659  -0.546152326457
  70  C  -1.473393301374  6.307176884469  1.965887888505  -0.500814489698  0.080913376217  -0.736338664445
  71  C  0.065655900300  3.611094782561  1.923593359745  -0.326648149258  0.157764941688  -0.489040236126


MDSTEP:  9
LATTICE_CONSTANT: 1.889726125458
LATTICE_VECTORS
  9.393544310298  0.000000000000  0.000000000000
  -4.531834195291  7.946732295866  0.000000000000
  0.236967692270  -0.064543871663  10.369412175381
VIRIAL (KBAR)
  -59.559838857631  -30.413397331363  -31.354158490305
  -30.413397331363  108.185819529921  8.009015988536
  -31.354158490305  8.009015988536  -87.628078265759
INDEX    LABEL    POSITIONS    FORCE (eV/Angstrom)
  0  Si  0.044058607473  1.815167274420  2.566930071601  -0.429417103268  0.288599844412  -0.726349604569
  1  Si  3.245854222320  7.170837825532  2.552724506164  0.247230411399  -2.176355871284  -0.425511705646
  2  Si  -3.032501323858  7.229999859937  2.606806246888  0.068904623348  -3.030862727248  -0.225226352314
  3  Si  4.804768908213  6.260014323460  5.107837980414  0.600225262668  -0.445866298050  0.306875284814
  4  Si  1.629058596344  0.886857239106  5.118689448660  -0.303930097174  3.553199383492  1.005385963377
  5  Si  7.897817749061  0.835372909078  5.072313707716  -0.195048959381  2.866426581580  0.422572027731
  6  Si  0.090328949926  1.792897062058  7.716079885906  -0.000262778054  0.339839634452  -0.817819337741
  7  Si  3.288233747890  7.172935606911  7.689165186728  0.534587392031  -2.944282176702  -0.371747678666
  8  Si  -2.954919129516  7.240642140855  7.769966605127  -0.494365181669  -3.247755458696  -0.510355910501
  9  Si  4.865490618100  6.251436675155  10.260730346224  0.818293741374  -0.889548857607  0.964794351777
  10  Si  1.677900877749  0.856289445266  10.266922294749  0.156594966274  4.086561597226  2.090585226206
  11  Si  7.965185382247  0.799191756872  10.191925894836  -0.171570950327  3.711643769051  2.617239058873
  12  Si  -1.496324395468  4.530869125570  2.607816922049  -0.112066829762  -0.929012967660  -1.077152958296
  13  Si  1.658899390084  4.507940140331  2.557786531612  -0.270885481212  -0.250258843158  -0.714937925258
  14  Si  0.093923782230  7.202256324954  2.564545275505  0.288145986115  -2.828302321200  0.506505227205
  15  Si  6.358454195926  3.531745102971  5.078395410140  -0.062559877160  0.269565907869  0.246746972030
  16  Si  3.213389686111  3.561144551269  5.121365834866  0.393024806419  0.325678265187  -0.458548674561
  17  Si  4.745432592912  0.848285450909  5.102693499968  0.315550813916  4.090341913577  0.732066349744
  18  Si  -1.446246813361  4.504998605438  7.729889767285  0.073145536904  -0.155823157849  -0.514955567041
  19  Si  1.702224788889  4.486921193025  7.699205677081  0.120337540738  -0.231790872510  -0.249414257939
  20  Si  0.161665244753  7.209820256724  7.724073155934  0.252340070603  -3.062507214497  0.251243204159
  21  Si  6.411534611619  3.517460654323  10.208484327197  0.478765491640  0.121858994075  1.424221237363
  22  Si  3.290663993338  3.545835471112  10.263166780326  0.073101174877  0.149507880456  0.435840637527
  23  Si  4.831914045349  0.843902890524  10.225876853084  -0.063308712283  2.912612592773  1.963213484881
  24  Si  3.166694981216  1.789945651363  2.540022781535  0.261867385397  0.384052912809  -0.258056528427
  25  Si  6.290807551024  1.741795018088  2.506876463606  0.565266879191  0.968538170584  -0.262951119162
  26  Si  4.770843813675  4.469920669569  2.521897541746  0.479797926103  -0.198879743358  -0.455608551899
  27  Si  1.701687512725  6.292270092024  5.121762894770  -0.392930837673  -0.748717251080  0.385166733250
  28  Si  -1.430141747586  6.318682411251  5.183603528203  -0.487177241545  -0.714523373515  -0.045371474635
  29  Si  0.109040010912  3.603010810055  5.135021972339  -0.626887961640  -0.041389117941  0.060783521439
  30  Si  3.235213326509  1.747259808258  7.683514506766  -0.113272696537  1.033456130797  -0.293658450671
  31  Si  6.375195725125  1.748582602853  7.643175485567  -0.146417429560  0.452150571834  -0.386510539581
  32  Si  4.840561812089  4.447196643580  7.671235696290  -0.319949701365  0.164986148486  -0.368933422925
  33  Si  1.756769159984  6.248765683744  10.290207859064  0.277870085613  -0.318372997432  0.748125582459
  34  Si  -1.385364377848  6.300489531533  10.303097145985  0.183398437187  -1.277856203346  1.177165351804
  35  Si  0.145794091953  3.565706765572  10.287468636804  0.131257097933  0.274850435567  0.682725180012
  36  C  0.049339780596  1.802202642472  4.497307134533  0.225169339046  0.107648800224  -0.104592511417
  37  C  3.242260290702  7.137434907899  4.455928457093  0.613138257661  -2.038388908891  -0.486708424200
  38  C  -3.012589866711  7.220324119125  4.547152833213  -0.081999505405  -3.711466820104  -1.624362054831
  39  C  4.865372649730  6.248703737807  7.025635373387  -0.139688689616  0.160045429554  1.024419092027
  40  C  1.655908122669  0.899738355605  7.047476353197  -0.361670191945  2.370735247173  -0.233182344320
  41  C  7.921885280037  0.832480215313  6.955544358215  0.044268851644  2.862409702021  0.881976567161
  42  C  0.090580936175  1.770974169374  9.638895917225  0.507457655857  0.139953456081  -0.041753301045
  43  C  3.325078294979  7.139129727432  9.584787798469  -0.082831502234  -3.178925690413  -0.353461655325
  44  C  -2.952585351548  7.202188889773  9.701133455966  -0.145774161474  -3.981502168729  -1.668621256161
  45  C  4.802412647977  6.259462915638  1.884475612511  -0.348218500204  0.245816271406  -0.028080392970
  46  C  1.592826608349  0.902480827615  1.912634510116  -0.392949790977  2.560568581682  -1.295672264344
  47  C  7.859568299927  0.855350928348  1.857744976584  -0.080708931961  2.541571499486  -0.877957252184
  48  C  -1.492891364553  4.514666059946  4.532070970871  0.493302827690  -0.173180374142  -0.138558643470
  49  C  1.658038552671  4.497787793409  4.468287847666  0.180873461945  -0.150264643615  0.463877488995
  50  C  0.131346228616  7.197038398068  4.527325516804  -0.122649868311  -4.043699272659  -1.702133769796
  51  C  6.378349323462  3.554283472534  7.022485127067  0.389443729464  -0.056443134539  0.327997879615
  52  C  3.242070026028  3.541770408993  7.026832865021  0.092596114001  0.412308253025  0.569042966047
  53  C  4.773708774663  0.865518891588  6.998066229089  0.179535330428  2.562678323131  0.235421589440
  54  C  -1.432065461321  4.486241469018  9.662249545538  0.214650539511  -0.035646320642  -0.171574523143
  55  C  1.715199333098  4.485809236144  9.615175612556  0.178753518022  -0.592553485809  0.609961540475
  56  C  0.182854736502  7.150350665752  9.666759240261  0.197758082432  -2.601892291093  -1.069146400204
  57  C  6.334005133984  3.551685240714  1.863606947987  -0.351504239451  0.292177255712  -0.078484646267
  58  C  3.199499765908  3.584101286169  1.884864668282  -0.487459578880  0.040680588485  -0.429582127964
  59  C  4.740096881407  0.871027428966  1.900291644044  -1.007279981395  2.850868360501  -1.727086230456
  60  C  3.206959308752  1.769157084860  4.475779732476  -0.416304732810  0.419780628227  -0.000784243321
  61  C  6.332558215505  1.715249440342  4.429214726888  -0.180854444747  0.846514702312  0.549685075023
  62  C  4.816566298199  4.472130782034  4.447485348076  -0.512455701773  -0.240950862240  0.300480870247
  63  C  1.705389072247  6.279790676220  7.070223055664  0.155525001134  -0.194200590234  -0.034716566156
  64  C  -1.428375018096  6.331875436337  7.120427445517  0.308058444078  -0.763095758347  0.006581567863
  65  C  0.122719193161  3.601481609386  7.083900337623  -0.225178266974  -0.097055264369  -0.141101498990
  66  C  3.243108736617  1.751793495487  9.600923534364  0.193467818190  0.188022212465  0.576868163233
  67  C  6.391850621581  1.699535299837  9.560431277734  0.107511846176  0.749944055484  0.456357418409
  68  C  4.857074327743  4.437620640570  9.597754324547  -0.073642012154  0.233887772876  0.289437552577
  69  C  1.666969623351  6.306758012081  1.930093705945  -0.405214598063  -0.506351156864  -0.740490666905
  70  C  -1.475762913658  6.298494184919  1.972684741600  -0.391461776265  0.275614970739  -0.895209132327
  71  C  0.069781335815  3.618382673565  1.913838402407  -0.403318133755  0.002625351010  -0.306993200134


MDSTEP:  10
LATTICE_CONSTANT: 1.889726125458
LATTICE_VECTORS
  9.393544310298  0.000000000000  0.000000000000
  -4.531834195291  7.946732295866  0.000000000000
  0.236967692270  -0.064543871663  10.369412175381
VIRIAL (KBAR)
  -60.500308064092  -31.021429988168  -31.008581738230
  -31.021429988168  106.730894159983  7.147606698106
  -31.008581738230  7.147606698106  -86.844123381288
INDEX    LABEL    POSITIONS    FORCE (eV/Angstrom)
  0  Si  0.046774826999  1.820163050249  2.566084586576  -0.545834199623  0.328834594319  -0.640942562951
  1  Si  3.250871018713  7.169845233640  2.545932929923  0.098610688582  -2.044741869184  -0.339941011792
  2  Si  -3.031618148037  7.231623984780  2.610313977078  0.105752497945  -2.878290218519  -0.265915261462
  3  Si  4.803930508512  6.253796512205  5.103989154773  0.609075309273  -0.287900524265  0.366447336718
  4  Si  1.624362676123  0.891308562708  5.125273251657  -0.240285046698  3.492071456078  0.838247868415
  5  Si  7.895269281413  0.842869868444  5.075228612990  -0.047734788235  2.394147526966  0.274157522084
  6  Si  0.097143317635  1.792828543169  7.712535141680  -0.150467371437  0.267189349135  -0.814047570498
  7  Si  3.285885658885  7.166394546385  7.693645689082  0.727200483611  -2.883459021770  -0.408394713102
  8  Si  -2.959101873209  7.239573473112  7.775283855803  -0.375990814494  -3.273662474028  -0.670383001415
  9  Si  4.859933755422  6.247276609082  10.264572069091  0.939942746673  -0.739135295744  0.947605926911
  10  Si  1.672575862703  0.863640750556  10.269109310505  0.222672840096  3.867595641049  2.059739023940
  11  Si  7.966089774717  0.804408023599  10.187110832664  -0.147200408210  3.595279910614  2.714389841107
  12  Si  -1.495106855754  4.528412513559  2.611336128670  -0.137921510795  -0.801359957282  -1.260946026412
  13  Si  1.656709376542  4.511610204619  2.562303638739  -0.236041760247  -0.386362203434  -0.876526121339
  14  Si  0.094909668237  7.207387301210  2.565774540126  0.405784519498  -3.012989937437  0.483486842646
  15  Si  6.358619905661  3.528520786646  5.079109544249  -0.129802086478  0.391597047560  0.188207303403
  16  Si  3.209543544898  3.557815872547  5.114714299089  0.363122086590  0.544956335535  -0.281273283903
  17  Si  4.745234148715  0.850656464678  5.097859533916  0.363874752995  3.748046598014  0.706983208351
  18  Si  -1.448858417606  4.508836052543  7.731612577651  0.158758163385  -0.261453800498  -0.644618453027
  19  Si  1.698183881753  4.491832653997  7.704103347066  0.177057279258  -0.479475281968  -0.264004767572
  20  Si  0.168118054759  7.215318517642  7.728152106018  0.120536487718  -3.181572303642  0.189062014512
  21  Si  6.412595912747  3.518078133116  10.209969294712  0.439383396772  0.061687340970  1.379008247818
  22  Si  3.292809819735  3.540780390941  10.269112837865  -0.022523794716  0.276074387412  0.404009791876
  23  Si  4.830964170446  0.844638213471  10.229165577795  -0.031163333751  2.769570271104  1.883400383262
  24  Si  3.163681444139  1.783761091158  2.541712929162  0.395298319582  0.561466899915  -0.297620549493
  25  Si  6.295891599777  1.742936555828  2.512186102384  0.442211494202  1.003836043306  -0.503803332533
  26  Si  4.769589767035  4.473618077888  2.516762331361  0.430465478843  -0.353223444146  -0.346397629810
  27  Si  1.700577737494  6.288533656731  5.124820416047  -0.244983575110  -0.622259630027  0.304535890617
  28  Si  -1.429431268734  6.319259087601  5.183466021351  -0.570495633207  -0.794590110848  -0.090338110945
  29  Si  0.104664116843  3.606674588698  5.132973929208  -0.540759913515  -0.046173869783  0.080689024170
  30  Si  3.229059141508  1.750720868683  7.680956975333  -0.063471483417  0.898189787147  -0.212094972212
  31  Si  6.379960887132  1.745802682265  7.648099767145  -0.168377726097  0.559812713926  -0.523334440094
  32  Si  4.839324940131  4.453376878751  7.677997670868  -0.307575448581  -0.089110283921  -0.514160945393
  33  Si  1.754595895436  6.246913639210  10.290150201433  0.317979718970  -0.227528067359  0.905377728103
  34  Si  -1.391893927416  6.302142455889  10.303808480883  0.384934989161  -1.323277111238  1.192167942573
  35  Si  0.147963529235  3.565844873281  10.281880809603  0.075672957004  0.358096761648  0.752015513031
  36  C  0.050417076401  1.810795579935  4.504687549210  0.190381201929  0.003966140365  -0.256759932293
  37  C  3.246645460128  7.132204001578  4.447072370994  0.524984085064  -1.680088031743  -0.224923158012
  38  C  -3.014899396858  7.225700901433  4.549249375355  -0.034059327913  -3.768086187332  -1.642798008048
  39  C  4.873439677059  6.240219166535  7.024874547484  -0.314653265602  0.319373033340  1.063990515145
  40  C  1.650023819711  0.894287866793  7.039845497517  -0.233062393133  2.396606030209  -0.013886978785
  41  C  7.923179844067  0.824178884331  6.954930229040  0.024266010741  2.922229181073  0.933753672844
  42  C  0.089371220289  1.769371929002  9.636294197651  0.580113706933  0.231140913685  -0.087468624427
  43  C  3.323318891078  7.142001536056  9.589880226958  -0.043474509202  -3.264032272825  -0.397321903122
  44  C  -2.944267167048  7.204944365382  9.697758929261  -0.399067818745  -3.859160561843  -1.474749363793
  45  C  4.800428204108  6.258253318067  1.893095074704  -0.233464211439  0.339845359980  -0.251039408936
  46  C  1.592512328223  0.914636435208  1.918132836864  -0.473288749478  2.182404053158  -1.327840972854
  47  C  7.856359947868  0.860774574448  1.849376071489  0.020534837045  2.385396014606  -0.756849694661
  48  C  -1.493494386433  4.505055934555  4.522044929215  0.428541046035  0.033386526594  0.086596383735
  49  C  1.649976626223  4.506984648602  4.460741942379  0.277342465390  -0.386646973198  0.677234268233
  50  C  0.132066062238  7.186904525936  4.521294052671  -0.119976624588  -3.521398940698  -1.438821701378
  51  C  6.382646319004  3.559220927151  7.018093088773  0.277721660982  -0.184316225700  0.481951027630
  52  C  3.234196602292  3.534857722759  7.031529125931  0.182591642410  0.626276016717  0.425872177448
  53  C  4.773946342927  0.869250080686  6.997310620648  0.186159302045  2.528567479390  0.217067933428
  54  C  -1.437032649828  4.485711358785  9.656511507874  0.294648105662  -0.005248984847  -0.055383312450
  55  C  1.718778529238  4.493736372820  9.619267656917  0.127798624995  -0.809841857026  0.538788240676
  56  C  0.184481886595  7.146055733143  9.668991796835  0.122332474828  -2.417789518794  -1.048318426985
  57  C  6.331120875510  3.557180949491  1.859407961481  -0.293492702085  0.217969666201  -0.009156742577
  58  C  3.199451989886  3.577786338200  1.881521966183  -0.509051021372  0.135230555945  -0.314788584003
  59  C  4.740326125267  0.869372034068  1.894614879287  -0.932906207107  2.975174611076  -1.606130915412
  60  C  3.210354077818  1.776976470341  4.475213512117  -0.507327389675  0.192530390719  -0.016085275029
  61  C  6.342087327938  1.716786445040  4.423464166466  -0.407917823001  0.813840892405  0.673505010773
  62  C  4.810564179549  4.475455742663  4.444900035503  -0.391694435226  -0.420757326561  0.286162027909
  63  C  1.714772023855  6.272637205961  7.079650379133  -0.061814954859  -0.021123067727  -0.218949702072
  64  C  -1.430423591523  6.329734681444  7.118777136867  0.438257606459  -0.644553505733  0.059947702369
  65  C  0.125251388098  3.592702159925  7.079925201407  -0.307209559243  0.159713516637  -0.043816995153
  66  C  3.238969958865  1.755320672367  9.605929667076  0.251896036706  0.107093709200  0.446662844949
  67  C  6.401343536456  1.690302648224  9.559992271972  -0.143393164507  0.974416259525  0.481267132492
  68  C  4.851676449242  4.438926572915  9.601442935772  0.038356968101  0.160749634543  0.291761160733
  69  C  1.668917106462  6.297898372402  1.939618781656  -0.417271026322  -0.252746318533  -0.933430418744
  70  C  -1.467484434518  6.304601226057  1.978958371494  -0.607794762181  0.161330306990  -0.960364165331
  71  C  0.066875368351  3.623335482336  1.910832211757  -0.352711145194  -0.063337779407  -0.300464469883


