MDSTEP:  0
LATTICE_CONSTANT: 1.889726125458
LATTICE_VECTORS
  9.292319154132  0.000000000000  0.000000000000
  -4.759212952927  8.286594539616  0.000000000000
  0.303596492803  0.049396808324  10.473648469680
VIRIAL (KBAR)
  5.799935030368  42.189929310244  -45.393348671417
  42.189929310244  -121.653416153321  -10.509569664941
  -45.393348671417  -10.509569664941  -125.772233505145
INDEX    LABEL    POSITIONS    FORCE (eV/Angstrom)
  0  Si  0.024014999840  1.818680056105  2.557402102383  1.044009638106  0.053297188994  -1.245877024260
  1  Si  3.116573518851  7.250433373333  2.503546540530  0.019507631169  1.355321682004  -0.698569477382
  2  Si  -3.140857522222  7.210513645535  2.587286063313  1.116043191933  1.834268177540  -1.033838356539
  3  Si  4.720852122061  6.370529381518  5.050048204800  -1.806742675234  -0.729410206446  0.944500628077
  4  Si  1.639035555201  0.923549017397  5.104429224526  0.190087327472  -1.106331474063  0.277471204102
  5  Si  7.908631482476  0.975156743423  5.031436062371  -2.413757081337  -2.571417379757  0.919844536611
  6  Si  0.093294494817  1.834273357057  7.705156995344  1.143823725646  -0.192735027709  -1.032399447389
  7  Si  3.198644534216  7.267496110654  7.649184140335  -0.326420749935  0.924257874242  -0.631378587160
  8  Si  -3.056698374592  7.232824318744  7.735820711051  0.439771436658  1.714611762986  -0.900962861850
  9  Si  4.805159680912  6.379928511051  10.200864436798  -1.867908860914  -0.614624589006  2.396410332374
  10  Si  1.710249649531  0.940333410242  10.246835076081  0.637089272316  -1.038920670976  1.805470555925
  11  Si  7.977471367392  0.977513409891  10.158295562364  -1.838655710402  -2.405043426567  2.783802002257
  12  Si  -1.547968668207  4.523018076227  2.586001769085  0.694942063321  0.354947939963  -1.467223540288
  13  Si  1.580980422900  4.543658335042  2.534210374280  -0.141171823166  -0.162054155743  -0.865142911318
  14  Si  -0.012220688521  7.236136862296  2.548097827416  -0.006580767840  1.290738505893  -0.878577926804
  15  Si  6.310066431056  3.670383338225  5.031624009324  -2.203680609692  -1.299347294673  1.036106073494
  16  Si  3.164677612565  3.647735025072  5.087350599407  0.482192997971  -0.005671486080  -0.154676384836
  17  Si  4.754328729470  0.943342682831  5.067175708676  0.347840326629  -1.193102135075  0.065844104934
  18  Si  -1.486248259933  4.518751835704  7.706236274439  1.013977387442  0.807845476859  -0.587638194270
  19  Si  1.631150501321  4.552119664875  7.667796987973  0.394026403606  -0.152717447600  -0.205811672267
  20  Si  0.067326092951  7.248273611736  7.685619342519  -0.115477692578  1.190775842760  -0.396468483625
  21  Si  6.396617561718  3.685177645254  10.165397814541  -2.008971246993  -1.333240378102  2.794276062818
  22  Si  3.259503444709  3.656485106371  10.222075002492  0.283396478461  0.219623075410  1.543048552009
  23  Si  4.836181175162  0.967340790324  10.199525950781  0.535720549181  -1.321593412575  1.785068808222
  24  Si  3.139507197068  1.836226194044  2.515493908786  0.396520080596  -0.460393298884  -0.782296862518
  25  Si  6.288552872932  1.854819228015  2.477476759805  -0.397989487223  -0.559738924128  -0.988970564677
  26  Si  4.707272044025  4.554666992816  2.482320805877  -0.288042597996  -0.175924801563  -0.541690544481
  27  Si  1.590922525096  6.345136648460  5.095223859705  0.312610303996  0.534817136452  -0.350184492659
  28  Si  -1.523780013685  6.325349663220  5.154702024567  -0.021742294305  0.707676472359  -0.350038988664
  29  Si  0.049679731975  3.632897984664  5.116992519881  0.160360630912  -0.005448831499  0.150044367693
  30  Si  3.235964957622  1.847231658206  7.658031301840  -0.225515895506  -0.419243865153  -0.500365521572
  31  Si  6.370303831386  1.881206229293  7.616044234988  -0.494950318015  -0.993663423534  -0.510449943190
  32  Si  4.785606810099  4.568439180359  7.636904422142  -0.624628077315  -0.224912701431  -0.454320765105
  33  Si  1.669026843170  6.346647186299  10.246064537617  0.583934421748  0.930647198418  1.288098804007
  34  Si  -1.462410672928  6.333034618213  10.275792468573  0.797960479522  0.806469456382  1.606305191277
  35  Si  0.114985590716  3.624764820448  10.259215803472  0.906658701803  0.646222293247  1.738232316636
  36  C  0.053012261919  1.822962857419  4.488768055358  2.149594886568  0.895405909460  -1.130480543480
  37  C  3.155058363353  7.261098064093  4.432045824965  -0.409737845039  1.085384286662  0.330472905995
  38  C  -3.110135212518  7.215252338680  4.534896048157  1.979184175893  2.362540665305  -1.213057472023
  39  C  4.756325131627  6.364714008858  6.986072550404  -0.820600703351  -0.035749060178  0.483830867717
  40  C  1.660146025335  0.936304895913  7.041809458642  0.258463622601  -0.999253765360  0.661250022868
  41  C  7.926101244583  0.968040915757  6.951961659542  -0.953526753732  -1.520899073041  0.989134452329
  42  C  0.124933514559  1.836376648508  9.621427731681  2.089248885510  0.706893870847  -0.807753512828
  43  C  3.228004718435  7.284688375361  9.566540742465  -0.269571439382  0.871055683346  0.709045357269
  44  C  -3.043544034226  7.232516775041  9.672798082154  2.187227671884  2.387628671716  -0.992574581511
  45  C  4.685052863885  6.368677201266  1.849058566021  -1.449762106689  -0.526804484562  -1.085234446878
  46  C  1.592072183854  0.916102572271  1.905702537530  -0.381213281385  -1.077560567945  -0.729154283878
  47  C  7.853456909570  0.975447366208  1.809064272088  -1.430848173029  -1.975567636341  -0.526074944891
  48  C  -1.536819139366  4.519793504975  4.504455316706  2.212602231880  1.160113836564  -0.815430689701
  49  C  1.595927882911  4.527167663397  4.459985200757  -0.109168201452  0.145381428328  0.199417235551
  50  C  0.020549066049  7.232913406324  4.484546822401  -0.269653646865  1.169590097172  0.091860268142
  51  C  6.338554293044  3.674962576286  6.971120889971  -0.918321434621  -0.483813304509  0.383183458604
  52  C  3.203011183299  3.645065966465  7.008161702701  0.056169629069  0.347033012362  0.396653730556
  53  C  4.785023823839  0.957978205296  6.999650755988  0.330938229825  -1.146062952887  0.550216641874
  54  C  -1.455158325380  4.529789957201  9.633658575746  2.117113018423  1.150970339173  -0.826578536016
  55  C  1.675744241055  4.554273042455  9.598590683537  -0.172684424926  -0.310721492988  0.412779569713
  56  C  0.089890330753  7.247272758993  9.623542739120  -0.061353972076  1.145790401482  0.209105702128
  57  C  6.267699960535  3.663265554519  1.826836102497  -1.186889592460  -0.491218788852  -0.746907443720
  58  C  3.133911307429  3.644321229337  1.866808818447  -0.371015163938  -0.014548942599  -1.064133830390
  59  C  4.713275883511  0.936337591731  1.868775514800  -0.348052651005  -1.110413104712  -0.838975529364
  60  C  3.191890657985  1.835035010443  4.455701103788  -0.408441710355  -0.250957131689  -0.155217101079
  61  C  6.307142501542  1.856430600839  4.398493288562  0.039134633923  -0.387059594314  0.418325785288
  62  C  4.734462156024  4.564881240544  4.422544817447  -0.403134636106  -0.296250894745  0.162255977240
  63  C  1.620952129976  6.347680654544  7.010532590469  0.058741028742  0.402568014887  0.398895036060
  64  C  -1.521459739489  6.340265354030  7.072718287233  0.700444788274  0.179639549312  0.259170080517
  65  C  0.076917842594  3.626266192769  7.061200752832  0.118389422334  0.421400788671  0.010193699481
  66  C  3.252730476448  1.854430996331  9.584712191501  0.040007094836  -0.370638825846  0.242552623860
  67  C  6.393909277656  1.868379085543  9.539538896500  -0.100604375450  -0.225868710605  0.377884613274
  68  C  4.799745179789  4.572975766056  9.558020796168  0.114857121266  -0.171881077055  0.520170476682
  69  C  1.566868610702  6.353957794946  1.902823626849  -0.751894875355  -0.064120260977  -1.414207307851
  70  C  -1.571105862670  6.317425536292  1.922948743786  -0.264532131497  0.378004081068  -1.032177858432
  71  C  0.006851519380  3.621835610222  1.916989745301  -0.089346482348  0.244003879903  -0.986081412684


MDSTEP:  1
LATTICE_CONSTANT: 1.889726125458
LATTICE_VECTORS
  9.292319154132  0.000000000000  0.000000000000
  -4.759212952927  8.286594539616  0.000000000000
  0.303596492803  0.049396808324  10.473648469680
VIRIAL (KBAR)
  5.389321916945  41.937908720712  -45.382476456516
  41.937908720712  -121.802872793463  -10.442056158335
  -45.382476456516  -10.442056158335  -125.797109782711
INDEX    LABEL    POSITIONS    FORCE (eV/Angstrom)
  0  Si  0.025067641584  1.817969090540  2.557771614414  1.011398926950  0.062956056269  -1.277078698741
  1  Si  3.116448588444  7.250089825383  2.503642802680  0.016665782971  1.361426736972  -0.706494226798
  2  Si  -3.140616470577  7.211541314191  2.587327493848  1.103035093045  1.806999630435  -1.043960363138
  3  Si  4.721360809878  6.369303348180  5.050498437662  -1.807407666603  -0.679689476017  0.934785837358
  4  Si  1.639072547349  0.924149233063  5.104756954687  0.188040997316  -1.111679690871  0.270249868358
  5  Si  7.908775148956  0.975135298072  5.031260323042  -2.415546949490  -2.570515114463  0.924561769017
  6  Si  0.093489220049  1.834252459313  7.704700307647  1.138147415803  -0.188383109708  -1.021884169914
  7  Si  3.199392696907  7.268474289857  7.649124997839  -0.341892130596  0.917981122048  -0.624656743480
  8  Si  -3.056087424772  7.233367746756  7.735192276746  0.431120091627  1.713413117013  -0.883178092332
  9  Si  4.804586902849  6.380137505517  10.201517059539  -1.808091237272  -0.600738179190  2.366656067703
  10  Si  1.710271202499  0.941091959459  10.247053845773  0.637669599794  -1.052842017037  1.795093338827
  11  Si  7.977044119095  0.976341658116  10.158744514118  -1.801278438440  -2.365514830427  2.769453408572
  12  Si  -1.547613376821  4.522395111919  2.585568523913  0.681135932578  0.356337880193  -1.471009401312
  13  Si  1.581020697436  4.544338443317  2.534253241112  -0.147079936553  -0.164407698033  -0.879305124227
  14  Si  -0.012752562833  7.235825462259  2.547446987450  -0.012570506777  1.300688666598  -0.855674942437
  15  Si  6.309181684958  3.669537020342  5.031966431722  -2.134280672646  -1.254995319591  1.001769040828
  16  Si  3.164487875360  3.648928126744  5.087856795312  0.485712760429  -0.020247446130  -0.179630551466
  17  Si  4.754311847163  0.943595036695  5.067792386005  0.343878578187  -1.199107792645  0.060900261333
  18  Si  -1.486072746107  4.518754136675  7.705723531408  1.005130973846  0.797139223983  -0.585184658276
  19  Si  1.631622254540  4.552643731649  7.667034851789  0.375981776151  -0.158222991204  -0.188309758348
  20  Si  0.066899984000  7.247695515788  7.684961730571  -0.099896699181  1.203549017053  -0.370588979976
  21  Si  6.396668236089  3.685076314121  10.165433185085  -2.016095159736  -1.332821493379  2.796217493181
  22  Si  3.259177332050  3.656113851521  10.221921228667  0.281172157611  0.212422006704  1.545693014813
  23  Si  4.837143498807  0.967410498516  10.199526226023  0.507302683477  -1.324550831926  1.787340941117
  24  Si  3.139815136099  1.836786279551  2.515289375492  0.398049812187  -0.469901423081  -0.773779405916
  25  Si  6.288162603616  1.855161274982  2.477793228063  -0.398489825749  -0.580004214342  -0.998491884444
  26  Si  4.707237479669  4.554449789170  2.482256314864  -0.290977275907  -0.174025597860  -0.541911488354
  27  Si  1.590377578768  6.346247374822  5.094739448377  0.325120399149  0.526741027187  -0.343173427419
  28  Si  -1.523983992234  6.324868952277  5.155207294928  -0.015977512992  0.728084163009  -0.359391053799
  29  Si  0.049619668900  3.633500143192  5.116361926003  0.173011912484  -0.006811815003  0.144302344437
  30  Si  3.236140967538  1.846545826992  7.658199402046  -0.240862179952  -0.402851395602  -0.509415714511
  31  Si  6.368892293510  1.881443030091  7.616750178440  -0.456420187203  -1.003854474873  -0.513103633221
  32  Si  4.785571063266  4.567653109085  7.637664560844  -0.629898059699  -0.206018850621  -0.476826729682
  33  Si  1.669142874549  6.346031014620  10.245918525345  0.570401860161  0.934809552152  1.292583929234
  34  Si  -1.461569953224  6.333071283968  10.275464314663  0.785037735615  0.810014277442  1.609989877507
  35  Si  0.115155187576  3.625302557714  10.259027379375  0.890648636401  0.630431060012  1.739696730808
  36  C  0.052681170557  1.823337557493  4.487605199199  2.155080748311  0.895781836379  -1.106450300969
  37  C  3.155145138541  7.261915037287  4.431175375549  -0.401512552636  1.069608260797  0.354553701740
  38  C  -3.109981090076  7.215606817329  4.534332561542  1.965777939123  2.351945072821  -1.194042702349
  39  C  4.756581998427  6.365422203760  6.986673645495  -0.817620352123  -0.060265052968  0.477593280800
  40  C  1.659407903291  0.935773760579  7.042145097047  0.279931773766  -0.994485296170  0.648320574160
  41  C  7.926258510875  0.967848478730  6.952706715549  -0.966219255932  -1.514483003973  0.974265483641
  42  C  0.125444535969  1.836969075071  9.620555674542  2.045100564441  0.681491940831  -0.782222032388
  43  C  3.226987548910  7.284423458366  9.567181971014  -0.248861417754  0.873130240259  0.697749926991
  44  C  -3.041554272165  7.233141623624  9.671961110522  2.108757322616  2.355105131837  -0.965625859830
  45  C  4.684789067566  6.367709484767  1.848469344415  -1.436492236211  -0.503018764358  -1.075183534040
  46  C  1.592787090363  0.915460825658  1.905927438969  -0.387253511486  -1.069720611004  -0.729911268247
  47  C  7.852540654263  0.975387368752  1.808430632642  -1.399755695838  -1.966625585130  -0.511709618422
  48  C  -1.535410566907  4.521053533880  4.503639157590  2.134232581619  1.104001551631  -0.785698352816
  49  C  1.596589490448  4.527906668715  4.458561952837  -0.122446213282  0.143675799936  0.228312936314
  50  C  0.020126761121  7.233438422389  4.485310123138  -0.273011440771  1.171217717107  0.078898826508
  51  C  6.338338744393  3.674107151317  6.970200787169  -0.915473011822  -0.464887710685  0.403554218369
  52  C  3.202060991026  3.645558211864  7.006994481624  0.076021435430  0.333755523650  0.423098243072
  53  C  4.785708362731  0.958135622247  7.000502871514  0.309927532533  -1.151882255669  0.536304458372
  54  C  -1.455747701226  4.530245176154  9.633072712260  2.127109909822  1.141054918989  -0.822192902364
  55  C  1.675203533344  4.553315970260  9.599545673589  -0.159646429101  -0.292234605532  0.382464164495
  56  C  0.090133907353  7.247035766048  9.623530825826  -0.052785734225  1.146124521414  0.201825409242
  57  C  6.266547481069  3.662141399187  1.826731187079  -1.160668937467  -0.467502614821  -0.741459672871
  58  C  3.133549113830  3.644624723983  1.866737604479  -0.366784167763  -0.015541638317  -1.063717059380
  59  C  4.713274398772  0.935959871863  1.868449015346  -0.350962002375  -1.103083123796  -0.835159400748
  60  C  3.192269305886  1.835234968689  4.456069081709  -0.413819192688  -0.237452046360  -0.156359075338
  61  C  6.306505864239  1.856294489651  4.398351627787  0.050011920117  -0.384261959910  0.424142393896
  62  C  4.734887995285  4.565978163163  4.422607172792  -0.408920118850  -0.324727545459  0.159939406936
  63  C  1.620726530441  6.348498697613  7.011144939812  0.071144920660  0.395232515311  0.377202550075
  64  C  -1.521032755798  6.340442721952  7.073692261319  0.688882805554  0.169422212944  0.229657098472
  65  C  0.076902202256  3.625992312549  7.060329884416  0.124402535870  0.432277172534  0.014655627799
  66  C  3.252113715141  1.854160915113  9.584179696221  0.061770213989  -0.366295811019  0.255467308209
  67  C  6.393658520345  1.868581340587  9.540047659910  -0.090479769189  -0.228022779297  0.369133279231
  68  C  4.798811225858  4.571677244694  9.557458210324  0.129139424690  -0.147170209317  0.536330303294
  69  C  1.565872834141  6.354932599875  1.903747180364  -0.734213254662  -0.082468866822  -1.427075303491
  70  C  -1.571528511519  6.316764471256  1.923260809563  -0.262128749437  0.383788997406  -1.040985186830
  71  C  0.007192474523  3.622042546632  1.915751154683  -0.090136271915  0.230706291697  -0.971921796837


MDSTEP:  2
LATTICE_CONSTANT: 1.889726125458
LATTICE_VECTORS
  9.292319154132  0.000000000000  0.000000000000
  -4.759212952927  8.286594539616  0.000000000000
  0.303596492803  0.049396808324  10.473648469680
VIRIAL (KBAR)
  4.765725223421  41.864423981051  -45.552542926302
  41.864423981051  -122.289011430666  -10.385356913178
  -45.552542926302  -10.385356913178  -126.245346057355
INDEX    LABEL    POSITIONS    FORCE (eV/Angstrom)
  0  Si  0.027441829887  1.816339208435  2.555528049121  0.964014979936  0.105767344988  -1.213434432090
  1  Si  3.116472532644  7.252289179771  2.504324736125  0.005207768425  1.353206579375  -0.728085367999
  2  Si  -3.138109964156  7.210536107475  2.586413601414  1.093637470349  1.822531956617  -1.046773018293
  3  Si  4.721824620637  6.371011868403  5.051069080338  -1.741485485187  -0.628621970736  0.857823553644
  4  Si  1.640395036822  0.926043928893  5.103444929057  0.155525653502  -1.137142976182  0.302048403112
  5  Si  7.910190800658  0.974523001581  5.033859488158  -2.398643991135  -2.531860050641  0.860812116333
  6  Si  0.093850785151  1.834464462314  7.706660829659  1.133417377792  -0.160579706340  -1.050606798692
  7  Si  3.200852583663  7.270443294347  7.649407834854  -0.369584731172  0.874977393184  -0.637100074380
  8  Si  -3.055111804905  7.236563657148  7.737183198411  0.393547996200  1.693597099750  -0.905300471661
  9  Si  4.803042119433  6.381901498033  10.202799440904  -1.735880397352  -0.628316618949  2.351587692442
  10  Si  1.711215502165  0.942095344695  10.249120371050  0.578422780759  -1.080829589226  1.774099348245
  11  Si  7.977977709642  0.974280283701  10.160245404876  -1.808891341568  -2.335191531840  2.766283663523
  12  Si  -1.547534325209  4.520764371081  2.586618631980  0.677357292352  0.365949320529  -1.489025952444
  13  Si  1.582891988256  4.546245555690  2.534816640037  -0.224289011026  -0.202886639903  -0.896987775823
  14  Si  -0.013217575320  7.236861779774  2.547663101597  -0.040217410766  1.270318772062  -0.844427712390
  15  Si  6.309214908720  3.669308832653  5.030459449409  -2.175694659063  -1.291937965690  1.040124053548
  16  Si  3.165070711942  3.646462677771  5.088852681111  0.478640681804  0.096768062372  -0.207889749493
  17  Si  4.754525531313  0.944933949545  5.067892526884  0.292621016879  -1.233521887853  0.053449738049
  18  Si  -1.487766467583  4.518974351256  7.705576970368  1.013491217927  0.823172220491  -0.574303977961
  19  Si  1.629374712450  4.554244128747  7.666362997299  0.436316114973  -0.182347330837  -0.191654801532
  20  Si  0.067590291513  7.247856962744  7.682960327574  -0.091843576406  1.172511084291  -0.342200820382
  21  Si  6.395518051518  3.683286799544  10.165903034742  -1.870008841545  -1.237019017953  2.776287281002
  22  Si  3.256733806789  3.657332263557  10.222840317525  0.321257944706  0.179189256908  1.479150550685
  23  Si  4.838965142602  0.967390694254  10.199859913345  0.475086454622  -1.338167989210  1.770382940356
  24  Si  3.139832714955  1.839231407043  2.512700653189  0.359201671463  -0.567148553435  -0.738986013678
  25  Si  6.285784599183  1.855703013804  2.477962282134  -0.344999834789  -0.575950250407  -1.022955236352
  26  Si  4.705677286758  4.552914958916  2.482755746072  -0.240727907909  -0.110620751305  -0.570512189541
  27  Si  1.592718655123  6.347680849840  5.094426005344  0.280656055984  0.516480226162  -0.298227689739
  28  Si  -1.524312893585  6.326964579914  5.157466653166  -0.033916391175  0.698658873802  -0.373735642013
  29  Si  0.052042185109  3.635598602932  5.117817067693  0.117394547468  -0.033271192603  0.136773887790
  30  Si  3.235182124036  1.846600841956  7.656545918458  -0.227495055701  -0.393774292881  -0.461819712854
  31  Si  6.368617320689  1.883466024711  7.616395813689  -0.485105842486  -1.032690984391  -0.489359153313
  32  Si  4.787377722588  4.570042089973  7.635836080748  -0.689005826966  -0.191395679685  -0.409004864981
  33  Si  1.669117950664  6.347827272121  10.247765176210  0.515689148924  0.909089257167  1.254492633014
  34  Si  -1.459169475104  6.332073485113  10.277394557103  0.685839219493  0.793125263705  1.556885100360
  35  Si  0.117901068740  3.624633972401  10.259111166723  0.816945301998  0.659411723587  1.720770500718
  36  C  0.054901644139  1.824495422899  4.487699752360  2.092005103421  0.885871393182  -1.099477432447
  37  C  3.152335546166  7.262596858913  4.430334115617  -0.324350093619  1.071516499568  0.378932957524
  38  C  -3.107163318914  7.220848926647  4.531044607180  1.870805405108  2.263165045454  -1.126508807016
  39  C  4.756782802808  6.368315327600  6.983916228452  -0.779942209385  -0.057877542038  0.541348724926
  40  C  1.658614969815  0.932552023630  7.043845303237  0.288659440035  -0.930710197859  0.607599456515
  41  C  7.926228457719  0.968053043969  6.954264837391  -0.965106325231  -1.494314505223  0.968535937058
  42  C  0.123536454170  1.838006506252  9.620439394586  2.103371619893  0.649774791084  -0.757150119527
  43  C  3.224715918716  7.281252351114  9.566485489169  -0.212704067181  0.927280444018  0.713832736508
  44  C  -3.043811975979  7.238443982595  9.672001844676  2.133970155740  2.268974365891  -0.915359803776
  45  C  4.685813992618  6.370422125386  1.851093243039  -1.490326483289  -0.564432218357  -1.096352940749
  46  C  1.589844360172  0.914182791589  1.905242254378  -0.279150011116  -1.050488627755  -0.736347965886
  47  C  7.853792666667  0.974926510135  1.811768048676  -1.450946907048  -1.974959500245  -0.542873631527
  48  C  -1.536470471389  4.520273259727  4.506084530713  2.195163190745  1.142550493036  -0.827374949510
  49  C  1.595412728405  4.531237282857  4.460738703696  -0.054306723525  0.101593910893  0.171739037295
  50  C  0.019712697884  7.232551943584  4.488968709184  -0.258995707438  1.195213658715  0.006529109526
  51  C  6.334563272302  3.676677215063  6.971516611689  -0.842764869413  -0.513482092884  0.342560210688
  52  C  3.203882201146  3.649243625651  7.004791269460  0.034829269944  0.256674177847  0.485816451657
  53  C  4.784204835904  0.954531174045  6.998542819734  0.344561722090  -1.086872422934  0.583301027812
  54  C  -1.453023741333  4.528555697388  9.629407134940  2.016076210637  1.125957554101  -0.723877307886
  55  C  1.672882233310  4.556678709523  9.595939805270  -0.099586715405  -0.342159845434  0.461337499344
  56  C  0.087361330579  7.244897583015  9.623385849675  0.027877560289  1.197340872840  0.188559548506
  57  C  6.266810812273  3.665108144266  1.822922689072  -1.191442764052  -0.538910835423  -0.680753610411
  58  C  3.134173934459  3.641155463163  1.865027828200  -0.399377522865  0.089196852724  -1.049576033921
  59  C  4.712963739654  0.934563301058  1.866113319218  -0.359859678913  -1.074420711723  -0.803148040858
  60  C  3.189876778296  1.838363734807  4.456476064465  -0.339282530606  -0.283639910951  -0.195724859947
  61  C  6.304056421424  1.852240536200  4.398143722920  0.105638047762  -0.297846951368  0.436999236631
  62  C  4.737086255629  4.567756895905  4.421579617009  -0.456043360180  -0.357584662339  0.171811540487
  63  C  1.624792060687  6.345078565466  7.011637500648  0.010918725186  0.502654445711  0.352415321726
  64  C  -1.522886581478  6.341881151741  7.075484921418  0.715080089748  0.154153254290  0.205840368298
  65  C  0.075614541931  3.629473561004  7.061522605507  0.134335733170  0.354120814504  -0.014320260822
  66  C  3.250887357423  1.850245770172  9.586531710004  0.100847574594  -0.258867436577  0.206845288323
  67  C  6.396027475315  1.869997696738  9.541808555569  -0.132561506421  -0.288774349590  0.333611462408
  68  C  4.802168444783  4.570053291153  9.559921360697  0.042889891424  -0.099530978771  0.484228271689
  69  C  1.563656510759  6.357356612864  1.900097936313  -0.662754275164  -0.106637136664  -1.379492348019
  70  C  -1.571005692135  6.313478208833  1.919216507434  -0.243652715323  0.432307395720  -0.982387279805
  71  C  0.004361323670  3.620168414198  1.912041778921  0.009644335079  0.261684501629  -0.919698802028


MDSTEP:  3
LATTICE_CONSTANT: 1.889726125458
LATTICE_VECTORS
  9.292319154132  0.000000000000  0.000000000000
  -4.759212952927  8.286594539616  0.000000000000
  0.303596492803  0.049396808324  10.473648469680
VIRIAL (KBAR)
  5.120618765961  42.088501233537  -45.859107639924
  42.088501233537  -122.499871544056  -10.245699870505
  -45.859107639924  -10.245699870505  -125.938196893314
INDEX    LABEL    POSITIONS    FORCE (eV/Angstrom)
  0  Si  0.028392467937  1.813303615984  2.557818917136  0.933140016240  0.256405756529  -1.233530043725
  1  Si  3.119570953145  7.249668030625  2.507030257857  -0.086086951339  1.342258066672  -0.793429654074
  2  Si  -3.137949377898  7.209472952745  2.586658790437  1.075285267682  1.834138867698  -1.069408096647
  3  Si  4.718924462710  6.371383848972  5.051199427244  -1.635135240767  -0.605708734118  0.814954462421
  4  Si  1.642641812565  0.928614813772  5.103733052218  0.095878464452  -1.229220970509  0.287781420115
  5  Si  7.909938464504  0.975247705417  5.032245361311  -2.332359170207  -2.522897172563  0.874344527752
  6  Si  0.092600953026  1.835337828658  7.706565248584  1.188303208768  -0.181186032786  -1.019861235817
  7  Si  3.197365906767  7.273743323620  7.648129270047  -0.296742914460  0.826849477282  -0.684213440268
  8  Si  -3.057022149876  7.237302777061  7.736183945300  0.454270881319  1.684740967933  -0.943959816634
  9  Si  4.801105411498  6.382936132202  10.204616132178  -1.657611585182  -0.614574436556  2.300954923826
  10  Si  1.711020372553  0.940118529230  10.251142182626  0.507894806041  -1.037217147648  1.738021746362
  11  Si  7.976194721507  0.971493723626  10.162997482472  -1.732247844358  -2.273665966084  2.720787656797
  12  Si  -1.548982959335  4.522166094037  2.582744085611  0.708753062126  0.354042162336  -1.389773202821
  13  Si  1.585213844420  4.548625424634  2.535208872071  -0.325839499722  -0.245165096659  -0.969103519727
  14  Si  -0.014472281272  7.238465666358  2.547559494356  -0.014401335223  1.296892039591  -0.817145889700
  15  Si  6.310886364037  3.667128730994  5.029122348829  -2.298033108356  -1.214434486577  1.072771926998
  16  Si  3.162268757031  3.646595891082  5.091490805244  0.496458366720  0.096238198393  -0.294972485410
  17  Si  4.755400465254  0.944725881686  5.070144423284  0.250821156755  -1.211799474957  -0.026935696254
  18  Si  -1.484228128097  4.520902751102  7.704295049578  0.896459098164  0.785966644345  -0.495276876512
  19  Si  1.628551082022  4.551011290750  7.662987581834  0.463033715492  -0.038433030184  -0.058591382307
  20  Si  0.064118579639  7.248171180852  7.681403136399  -0.047581857623  1.176219433676  -0.302452805762
  21  Si  6.396323223801  3.685087125089  10.166908323600  -1.914560860432  -1.331684475640  2.783921284015
  22  Si  3.256618067811  3.654462341835  10.221200537292  0.308993593041  0.265447397323  1.534961326239
  23  Si  4.839014698792  0.969873842017  10.197294311917  0.490399435145  -1.353282539021  1.808055187677
  24  Si  3.137067405599  1.837263103673  2.513915880342  0.353628313373  -0.489425059766  -0.779244737900
  25  Si  6.286439300292  1.852675152524  2.480819135912  -0.396533128955  -0.504586972529  -1.057360974535
  26  Si  4.708148821228  4.550556013085  2.482392560949  -0.309174069771  -0.123479476060  -0.567816909851
  27  Si  1.594603410336  6.349787191003  5.090896624649  0.160088637121  0.499443976344  -0.256035527164
  28  Si  -1.523778118367  6.328848222022  5.159032376578  -0.099995573405  0.625225715748  -0.479679010545
  29  Si  0.055019765934  3.632781823451  5.119863425569  0.013752713012  0.046776771132  0.072370811079
  30  Si  3.238207089376  1.843695496733  7.654822592889  -0.329865676676  -0.331490369774  -0.371561014860
  31  Si  6.366638712151  1.885264233490  7.613412883690  -0.393351312744  -1.068498663115  -0.443708617173
  32  Si  4.788856011098  4.568427773808  7.633424717922  -0.653776442967  -0.107782775343  -0.309443728637
  33  Si  1.672337613856  6.349952809465  10.245392731737  0.443669269708  0.885548715679  1.312851618486
  34  Si  -1.455589725589  6.334745914613  10.276827981078  0.639784356658  0.747760995587  1.544539046328
  35  Si  0.119519519788  3.624558246459  10.259246341314  0.773117251978  0.645901067233  1.763878310849
  36  C  0.058219320433  1.823336187496  4.487884653919  2.037489433705  0.874733606126  -1.067628681692
  37  C  3.148142049442  7.259006928852  4.429341760591  -0.233150859355  1.145338494528  0.387095638198
  38  C  -3.109519240158  7.224366265092  4.526041802444  1.853094130380  2.180352472445  -1.012571088073
  39  C  4.760202508416  6.369145182033  6.981277894616  -0.903264631142  -0.072528402491  0.584368047283
  40  C  1.660635965543  0.932111391065  7.042338812126  0.262355266952  -0.895442718502  0.627388599246
  41  C  7.930164138757  0.969703377723  6.951026066411  -1.079475782899  -1.509325126790  0.981106719570
  42  C  0.120318376628  1.838687227718  9.618760840163  2.138525047279  0.588825201716  -0.705234916901
  43  C  3.221479313519  7.281493962677  9.563446815026  -0.131632191358  0.936323570833  0.761541576305
  44  C  -3.044135864759  7.239562592098  9.666009852074  2.098628678144  2.214069899457  -0.789064933456
  45  C  4.686208866858  6.365995866941  1.849808095511  -1.459924484879  -0.486539093510  -1.090656035975
  46  C  1.585200461934  0.916317677751  1.907689883227  -0.208364297800  -1.122652055823  -0.795368541319
  47  C  7.854590019385  0.977700262281  1.815234853874  -1.478735229765  -2.065609792696  -0.573906078732
  48  C  -1.539355370344  4.516378133466  4.505707670998  2.337702762615  1.262922797541  -0.847294998797
  49  C  1.591937385923  4.535866631588  4.456726343351  0.012039273861  0.014314248219  0.297498779280
  50  C  0.018314168124  7.234534474439  4.490445092449  -0.218684886683  1.198578317944  -0.019972800729
  51  C  6.336015660386  3.676683651925  6.970799214684  -0.833260161244  -0.500814268708  0.345219898243
  52  C  3.207337208190  3.650275447396  7.009662147986  -0.037065770090  0.206543184537  0.385725448443
  53  C  4.781523879008  0.956732420599  6.997674284516  0.415028771036  -1.124444176813  0.587772916706
  54  C  -1.452659615389  4.525181959677  9.632098903523  2.083174329119  1.266449773508  -0.803210783098
  55  C  1.671604598450  4.559032130928  9.600925263936  -0.059834370026  -0.383460379923  0.316771317785
  56  C  0.091096093751  7.249382485894  9.625816491069  -0.030691865176  1.165287192793  0.104895481563
  57  C  6.267290784877  3.664846768249  1.823700812318  -1.203535544988  -0.574394581861  -0.698525720821
  58  C  3.133878634350  3.642064805094  1.866011172327  -0.390222821147  0.042753375052  -1.049471192374
  59  C  4.707673517049  0.936420627082  1.866527914202  -0.260917501012  -1.092751543257  -0.795098040223
  60  C  3.185767210042  1.834351380127  4.453086569717  -0.225640711720  -0.177609638988  -0.096618334018
  61  C  6.307089843699  1.855660600382  4.400995865084  0.030319965232  -0.400927507325  0.401274399207
  62  C  4.733361452769  4.569241556615  4.419729921260  -0.390962012456  -0.419709628669  0.227280415586
  63  C  1.620608546346  6.349610960893  7.007692780282  0.072128951639  0.403316669549  0.397118923756
  64  C  -1.522527098880  6.339563746469  7.072458672746  0.674515975382  0.228547335784  0.286816057877
  65  C  0.073466328707  3.631433599188  7.066262225268  0.213334314506  0.289028486019  -0.130370802953
  66  C  3.248012661600  1.850111315135  9.589657619645  0.155275981983  -0.286039447220  0.109222589144
  67  C  6.400558894531  1.865961840468  9.539893388286  -0.242944947820  -0.187314714012  0.349735711413
  68  C  4.802851338889  4.571509422438  9.564279318612  0.026733602017  -0.135686028873  0.372918727578
  69  C  1.560284587838  6.359120335208  1.900364725648  -0.556398199383  -0.080553150672  -1.376466262111
  70  C  -1.567666733784  6.317152293362  1.921332233712  -0.331111014319  0.391621990503  -1.026597969514
  71  C  -0.000642954272  3.621339554385  1.912552745996  0.135035757806  0.221472265969  -0.912383649016


MDSTEP:  4
LATTICE_CONSTANT: 1.889726125458
LATTICE_VECTORS
  9.292319154132  0.000000000000  0.000000000000
  -4.759212952927  8.286594539616  0.000000000000
  0.303596492803  0.049396808324  10.473648469680
VIRIAL (KBAR)
  4.498147712349  42.246418490494  -45.518066535360
  42.246418490494  -122.436094944196  -9.965078531258
  -45.518066535360  -9.965078531258  -126.783685937797
INDEX    LABEL    POSITIONS    FORCE (eV/Angstrom)
  0  Si  0.030902756968  1.815669983058  2.555604356666  0.918902619336  0.220663528607  -1.258592857986
  1  Si  3.116027674591  7.253283911338  2.504040685890  0.097337533946  1.317884923170  -0.737950518129
  2  Si  -3.140244951331  7.208939038014  2.585818550262  1.123724075564  1.847853557690  -1.044307980170
  3  Si  4.717355796650  6.372400457772  5.048164379913  -1.540092774810  -0.564018521274  0.831966492032
  4  Si  1.641227844789  0.931259528942  5.104725193876  0.088606824327  -1.264683039484  0.292326247406
  5  Si  7.905851126967  0.976919566187  5.034618853354  -2.170117516562  -2.544121698777  0.750474282045
  6  Si  0.092168846887  1.834169754122  7.705336870601  1.207938445278  -0.160926601178  -0.920828536874
  7  Si  3.195372725481  7.274854612570  7.644309787482  -0.182267649523  0.766233347616  -0.620572209226
  8  Si  -3.053532514990  7.237318696646  7.739024555028  0.333343053221  1.727012255326  -0.969373756009
  9  Si  4.801987507513  6.382398335197  10.205171170288  -1.635180616540  -0.615746941448  2.321151308151
  10  Si  1.709471670847  0.937474351947  10.249631212300  0.523943478334  -0.987122366962  1.748468805951
  11  Si  7.976236534182  0.969061957974  10.160827996452  -1.802953162509  -2.298150396453  2.771735607702
  12  Si  -1.546668644995  4.522122979438  2.582149293378  0.584376941924  0.381395176499  -1.328617737898
  13  Si  1.582548985510  4.551520428057  2.531832404276  -0.306311167089  -0.252391496202  -0.820898584252
  14  Si  -0.016194275304  7.236292638874  2.543151348007  -0.013610262961  1.312128741464  -0.697374801358
  15  Si  6.313424003546  3.664957776087  5.032052967630  -2.331658419698  -1.143802538274  0.991762722244
  16  Si  3.163688655957  3.648185763592  5.088694816762  0.457575827925  0.093196361954  -0.315561867092
  17  Si  4.751707074883  0.948126039216  5.072418639042  0.357400028888  -1.294525474053  -0.098358424061
  18  Si  -1.487133240370  4.524171913228  7.701694605576  1.030130882438  0.736808360725  -0.424960003315
  19  Si  1.632812866042  4.551297902704  7.664361392161  0.396668170735  -0.086172881367  -0.078186252121
  20  Si  0.063818600551  7.251302789621  7.684556218488  -0.004556824419  1.112927639060  -0.337855691166
  21  Si  6.397424680092  3.683843178152  10.165320173284  -1.921859224500  -1.310589721408  2.815032143928
  22  Si  3.259530108831  3.651687015489  10.223169459238  0.183562629624  0.384558608787  1.513043685993
  23  Si  4.837720827987  0.968140381643  10.198185389874  0.442389028142  -1.329710598490  1.804803800437
  24  Si  3.136833906376  1.838260266537  2.515450421145  0.415114824085  -0.509869739932  -0.899750913964
  25  Si  6.285971560900  1.852843335194  2.476353497522  -0.310980792457  -0.526242722995  -1.064717941228
  26  Si  4.706122270885  4.547953572345  2.483802808080  -0.267254231360  -0.020003723963  -0.676278613296
  27  Si  1.594194316278  6.347770088476  5.092079557489  0.132499687648  0.629627610398  -0.259535070107
  28  Si  -1.526143988062  6.327812136978  5.158986728884  -0.066968683136  0.756960111472  -0.428656433863
  29  Si  0.054413575026  3.631498830049  5.116156354738  0.016499606416  0.124575073964  0.185224496436
  30  Si  3.234725894686  1.846149812075  7.657841426148  -0.317082112825  -0.434301015920  -0.451304239322
  31  Si  6.370543589925  1.885073656233  7.611469586601  -0.490694431298  -1.082830655898  -0.351856954106
  32  Si  4.785975967812  4.567222241123  7.632811920955  -0.680723628327  0.003415538324  -0.260284169437
  33  Si  1.675427079079  6.351777080764  10.248219619899  0.404667490911  0.849356720320  1.271391108553
  34  Si  -1.456313853881  6.332016968198  10.276748874472  0.654641531091  0.762141402636  1.562746821262
  35  Si  0.116492551990  3.625613688680  10.263735014114  0.891095680106  0.594084708616  1.680143168940
  36  C  0.054895422667  1.828724315711  4.482702277397  2.024983860904  0.750267104412  -0.976976558754
  37  C  3.151796192748  7.257555470189  4.428328469327  -0.357284034905  1.176784021176  0.371969235393
  38  C  -3.108593129015  7.226528325951  4.528338680224  1.798483641859  2.171347373561  -1.087480968545
  39  C  4.765443908743  6.374910614140  6.976523850372  -1.012383814495  -0.212662152944  0.677138826552
  40  C  1.654759759524  0.925718516989  7.047893767686  0.395093497791  -0.796224083373  0.548284134321
  41  C  7.934368749125  0.962647814174  6.950787760260  -1.190516404971  -1.399558176656  0.988382448246
  42  C  0.118022245961  1.835603883865  9.621728378647  2.196886205809  0.683382383131  -0.774206501938
  43  C  3.222932359811  7.276833618607  9.563569683776  -0.142108445068  1.014083624977  0.709199970424
  44  C  -3.043605508690  7.240832580581  9.666668642764  2.098797478766  2.170276114182  -0.794308213081
  45  C  4.689295552837  6.366408934602  1.845151920057  -1.583971622429  -0.505495850782  -1.038178876002
  46  C  1.588882424893  0.917606426515  1.901609059235  -0.260205103035  -1.109536504536  -0.733600703776
  47  C  7.859274044886  0.975725657832  1.813307718192  -1.552107185666  -2.028248255204  -0.556893540487
  48  C  -1.539277123488  4.522862174176  4.510318791017  2.307149356499  1.123413224765  -0.913335351756
  49  C  1.586910390325  4.540967351890  4.461733475955  0.112803717401  -0.104389851774  0.133026359057
  50  C  0.014225662104  7.240846868284  4.495870942874  -0.147946748437  1.110540205638  -0.120253726741
  51  C  6.330137127763  3.680355368978  6.977022618976  -0.709614494860  -0.600256563869  0.215215926533
  52  C  3.207419131391  3.644154062873  7.006014435786  -0.028582822951  0.322731931687  0.417204865413
  53  C  4.779155728575  0.957447934922  6.995123682241  0.449745355810  -1.081278973514  0.678181954850
  54  C  -1.447829311991  4.520315305505  9.634269626978  1.959362845990  1.350187862511  -0.875895335717
  55  C  1.669658756107  4.563446849255  9.598452281972  -0.000965981698  -0.484015573356  0.421318230407
  56  C  0.091740921798  7.252543364700  9.631711194544  -0.043887614554  1.136798009220  0.044949927408
  57  C  6.267898863777  3.666134748861  1.822287533341  -1.224394418544  -0.624106249008  -0.673123522138
  58  C  3.127326637263  3.648396201596  1.863438198355  -0.282547237966  -0.114407804938  -1.000881617329
  59  C  4.712864453635  0.930455893849  1.862901198206  -0.391393515342  -0.991548982847  -0.765931995868
  60  C  3.189407330956  1.831556255714  4.449023211244  -0.346871328993  -0.055057569512  -0.019949479787
  61  C  6.310030171022  1.853824217901  4.395059188955  -0.065593249716  -0.346122050834  0.528785545921
  62  C  4.735562144353  4.573849088135  4.413713475708  -0.405931761010  -0.536588565103  0.349308698447
  63  C  1.625570977429  6.345830785990  7.009778859298  -0.041067314315  0.489383789817  0.365216135175
  64  C  -1.526450833860  6.345147355567  7.074919445440  0.799725542376  0.129407166213  0.261055981717
  65  C  0.078335375110  3.628820712874  7.066763320141  0.081183331143  0.344569662134  -0.168748121811
  66  C  3.243760319198  1.854053258963  9.586228673246  0.219618976795  -0.384739091664  0.202223021807
  67  C  6.395449795062  1.865210675074  9.544754347284  -0.138217199195  -0.213104150303  0.219559923805
  68  C  4.803454029495  4.570908505943  9.569108649682  0.036588520612  -0.136249393720  0.263011884015
  69  C  1.565036221757  6.357616937486  1.905049148399  -0.692918109620  -0.028984276083  -1.460651254479
  70  C  -1.572069436293  6.313502273771  1.917297955552  -0.249290472278  0.448037131503  -0.986226609884
  71  C  -0.002309638474  3.626816126745  1.913443206003  0.169269686368  0.135750982537  -0.941837827495


MDSTEP:  5
LATTICE_CONSTANT: 1.889726125458
LATTICE_VECTORS
  9.292319154132  0.000000000000  0.000000000000
  -4.759212952927  8.286594539616  0.000000000000
  0.303596492803  0.049396808324  10.473648469680
VIRIAL (KBAR)
  4.534182015536  42.487893841837  -45.527859231228
  42.487893841837  -123.233499285095  -10.107410200968
  -45.527859231228  -10.107410200968  -126.743228075900
INDEX    LABEL    POSITIONS    FORCE (eV/Angstrom)
  0  Si  0.029961152869  1.816838537320  2.555336517100  0.927269067717  0.208568805310  -1.322043876283
  1  Si  3.114914343749  7.253754032558  2.505623604262  0.037974761462  1.266601813790  -0.769047075599
  2  Si  -3.144419479855  7.210993744675  2.586590172984  1.209370344293  1.784178467237  -1.049990735994
  3  Si  4.718659366079  6.372397044633  5.052190933999  -1.693903334110  -0.559960374621  0.714934682832
  4  Si  1.638811620430  0.932483884196  5.106944817663  0.091301815838  -1.238329459844  0.254991278950
  5  Si  7.904768683742  0.978772710342  5.031817283826  -2.175933398876  -2.547818499407  0.725557823675
  6  Si  0.090929701900  1.832543968593  7.706325355177  1.273581699365  -0.048766946875  -0.961800186653
  7  Si  3.192301301480  7.272691175494  7.639598248342  -0.206388838255  0.852605515589  -0.558694436382
  8  Si  -3.056842069829  7.237132959764  7.735969090114  0.449049067381  1.735443589554  -0.905047690443
  9  Si  4.800340310016  6.384815530770  10.202464566692  -1.609915626017  -0.690620921459  2.302311657800
  10  Si  1.705045330344  0.933775801711  10.252551481315  0.616407027326  -0.899997248856  1.697990966648
  11  Si  7.975906211479  0.968497106973  10.159386301222  -1.923375499448  -2.351144372967  2.822677219018
  12  Si  -1.549073237928  4.522648968344  2.585449684804  0.706850338598  0.334858043578  -1.427616125815
  13  Si  1.585699661195  4.548930475165  2.530766704898  -0.410204395876  -0.324016295736  -0.881961692559
  14  Si  -0.013933178965  7.236524377851  2.539056048327  -0.044755822881  1.251293039369  -0.663284142604
  15  Si  6.312277066469  3.668739751513  5.035996006952  -2.280105096979  -1.216726943982  0.893541961096
  16  Si  3.165171429979  3.646007707460  5.085887358445  0.319839823282  0.178293437061  -0.301650930241
  17  Si  4.749729396272  0.947193298804  5.071989996140  0.298267302915  -1.293882300012  -0.114032637660
  18  Si  -1.488647277180  4.525243828277  7.705105582583  1.084397253642  0.753372710214  -0.405907023399
  19  Si  1.633089635853  4.555732519341  7.665789365879  0.363433601016  -0.126982293812  -0.134632555823
  20  Si  0.065184372040  7.256273884320  7.687266426645  -0.055013308663  1.080169952522  -0.332241532402
  21  Si  6.395720484707  3.683539886805  10.164607349505  -1.778593484805  -1.316425412245  2.822882455684
  22  Si  3.260886178157  3.654091603893  10.227135172734  0.175710073629  0.300062495227  1.467753209949
  23  Si  4.838191780619  0.968481075387  10.195017222062  0.450245343500  -1.356439061510  1.848112774205
  24  Si  3.141242677329  1.836417516261  2.515864941900  0.313198975482  -0.544091726953  -0.950503108237
  25  Si  6.281544295001  1.855379928037  2.476155399757  -0.196673405779  -0.535874934663  -1.069747530055
  26  Si  4.710043219286  4.547258787095  2.486258954307  -0.339525404749  -0.040219043471  -0.806696073848
  27  Si  1.590822680935  6.349928890089  5.089459994881  0.154217800037  0.519698687479  -0.180181549326
  28  Si  -1.525248132143  6.323415877651  5.161858721855  -0.048024770178  0.901514237082  -0.517315864483
  29  Si  0.054164206888  3.631756682327  5.118972595709  -0.016749579764  0.145071710947  0.106024284344
  30  Si  3.231085889637  1.842852130760  7.660296870649  -0.175861720697  -0.258868251849  -0.442479163597
  31  Si  6.374401088604  1.885240098639  7.609375283899  -0.564708918302  -1.067024217024  -0.290928922780
  32  Si  4.783357391895  4.564323997116  7.628290681968  -0.747969672202  0.087624175648  -0.106572546586
  33  Si  1.671896427574  6.354219298837  10.249752966161  0.464374444944  0.673136044960  1.233771734977
  34  Si  -1.458815960501  6.333964512864  10.281445599481  0.751219134327  0.695967946945  1.554023933051
  35  Si  0.119526176478  3.627913938845  10.266458582194  0.809282844359  0.457759789227  1.657869220789
  36  C  0.053715068443  1.831434238898  4.476913466461  1.991188973586  0.709581282926  -0.856895159004
  37  C  3.145579041662  7.262616873424  4.433827794798  -0.216381975102  1.093893482364  0.295011054341
  38  C  -3.109713706107  7.226559571169  4.532779630298  1.828170653764  2.194166851766  -1.131045626142
  39  C  4.759448042117  6.379870949231  6.975477012583  -0.924072210442  -0.332897899867  0.715042600609
  40  C  1.661337825131  0.932044732976  7.049163120734  0.206042419368  -0.907138008820  0.518734480950
  41  C  7.936430719766  0.967411636561  6.945999838209  -1.211281000718  -1.442947278174  0.998958413778
  42  C  0.112553529878  1.831160211975  9.618325106084  2.346007638700  0.804818942179  -0.729782167687
  43  C  3.216042003518  7.274278320592  9.557412175437  -0.021567746359  1.027971782972  0.772727662505
  44  C  -3.039784759169  7.242270250719  9.669115217984  1.955207961928  2.139999756101  -0.854835822011
  45  C  4.689284732482  6.362633687390  1.843373738661  -1.616309805900  -0.428365033508  -0.985714338334
  46  C  1.585982913756  0.917773079516  1.894948606585  -0.189562480190  -1.111643730941  -0.637663218789
  47  C  7.857566910046  0.976458329948  1.818139468885  -1.561790077173  -2.058691381177  -0.609403540798
  48  C  -1.539917738452  4.530795456184  4.505917025985  2.206625715315  0.870207076004  -0.757015919140
  49  C  1.582587403638  4.535497550152  4.456069259941  0.215552260789  0.028954931218  0.234216300371
  50  C  0.015336593466  7.235379543676  4.489734924537  -0.232053328821  1.190033971465  -0.047195328331
  51  C  6.324391610396  3.683766239184  6.984278352921  -0.573055843784  -0.634131670279  0.059946229491
  52  C  3.203872964064  3.648307054793  7.001205621695  0.005835170776  0.233663687719  0.484944426422
  53  C  4.780446628271  0.960931044218  6.994388763328  0.423314063091  -1.109255290507  0.694874047829
  54  C  -1.444818770102  4.520652230834  9.639214746850  1.867712449539  1.346217587463  -0.925591846389
  55  C  1.666945031017  4.556337771935  9.593836115176  0.088202779892  -0.305009740996  0.537618231805
  56  C  0.095282682033  7.251279981670  9.635084809409  -0.183050012529  1.187921028515  0.010813313409
  57  C  6.271655337623  3.670230671992  1.820212124185  -1.326898497511  -0.715156318400  -0.630081847605
  58  C  3.129884642056  3.643173434939  1.860896165336  -0.257014152865  -0.030246734994  -0.964261418154
  59  C  4.718901114639  0.927349079693  1.862396126584  -0.508464210277  -0.974569910135  -0.770482759330
  60  C  3.182474510653  1.837665679338  4.449992132362  -0.214864426299  -0.235262144315  -0.052379030065
  61  C  6.304518055077  1.847290179237  4.393127804466  -0.001372600250  -0.142049489592  0.593458324986
  62  C  4.729625312136  4.570873009010  4.408297485889  -0.285327754587  -0.446573509582  0.500410712929
  63  C  1.622017454907  6.351842663200  7.015961525947  -0.022017125872  0.413347014109  0.188091679942
  64  C  -1.523374479528  6.345072462913  7.073036579691  0.714957312129  0.159325724156  0.343684244149
  65  C  0.079249083004  3.633439881962  7.065049094777  0.029689743270  0.260612287937  -0.114090698864
  66  C  3.247064787865  1.854429415195  9.589870039708  0.095058963118  -0.410853600641  0.170367349909
  67  C  6.394570148307  1.863230576605  9.545772743657  -0.099710977312  -0.178740103876  0.166500950925
  68  C  4.808414290634  4.564540953305  9.572265258550  -0.085450720179  0.036208876489  0.154260453632
  69  C  1.560438278170  6.350452452776  1.897276661168  -0.542292419588  0.091977153667  -1.384744100074
  70  C  -1.568966634089  6.307300977113  1.923294398146  -0.353003591355  0.632739452805  -1.050692551594
  71  C  -0.005119826361  3.622138713146  1.905985140938  0.223686410317  0.232858799496  -0.847852907919


MDSTEP:  6
LATTICE_CONSTANT: 1.889726125458
LATTICE_VECTORS
  9.292319154132  0.000000000000  0.000000000000
  -4.759212952927  8.286594539616  0.000000000000
  0.303596492803  0.049396808324  10.473648469680
VIRIAL (KBAR)
  3.363750464852  42.137058916563  -44.910674291437
  42.137058916563  -123.095354703859  -9.864649315066
  -44.910674291437  -9.864649315066  -126.533621240727
INDEX    LABEL    POSITIONS    FORCE (eV/Angstrom)
  0  Si  0.031680929293  1.814615958179  2.553422728033  0.848903830681  0.184650762605  -1.282354147095
  1  Si  3.117443849465  7.254588532931  2.502728092128  0.025397904450  1.274288033136  -0.826021306016
  2  Si  -3.142463022617  7.208524320376  2.588715548996  1.210139682676  1.747426131486  -1.093552555684
  3  Si  4.712853486921  6.374984858666  5.052825152296  -1.521988443920  -0.566237998360  0.734975446027
  4  Si  1.637721122332  0.931860371309  5.102670903771  0.092893614845  -1.268437182640  0.325624315194
  5  Si  7.900175504586  0.982388956811  5.031640110410  -2.082632123385  -2.512838377611  0.724164721178
  6  Si  0.093379461863  1.835348115219  7.706276460623  1.218130984474  -0.001084987569  -1.031074287417
  7  Si  3.191131816771  7.278120843052  7.639755271589  -0.210694027642  0.749643429731  -0.545838874046
  8  Si  -3.057325774332  7.240014589490  7.736495240449  0.463316531856  1.619372149635  -0.933631202294
  9  Si  4.798826133265  6.379479637758  10.205867980041  -1.442121957715  -0.436499946961  2.194434076193
  10  Si  1.704682373891  0.935016321118  10.248205922143  0.524436132023  -0.910305126090  1.768937691442
  11  Si  7.978458242588  0.966508420926  10.161073615137  -1.947930488815  -2.341297601494  2.780493435461
  12  Si  -1.553496035449  4.517876905028  2.587841575541  0.829070971100  0.347821055127  -1.447976824215
  13  Si  1.588626327445  4.543955241490  2.530879113194  -0.461985028693  -0.174114380931  -0.946479514674
  14  Si  -0.015739486833  7.236215600215  2.533798367099  0.050768989742  1.262521144794  -0.544903967320
  15  Si  6.310588422437  3.668984576591  5.041011839036  -2.030786202620  -1.176468464738  0.738952423544
  16  Si  3.169196680505  3.643496885010  5.088066358239  0.261613314741  0.247071463376  -0.267742760897
  17  Si  4.748781637471  0.948325261429  5.074123081533  0.263523502515  -1.339338765451  -0.180232656244
  18  Si  -1.483728874581  4.521194018264  7.704176690742  1.038385735704  0.842527878817  -0.346026786520
  19  Si  1.633350302937  4.555666298546  7.665102164970  0.423594283460  -0.087215061857  -0.129882038547
  20  Si  0.062666615895  7.261294783390  7.682813921297  0.092950895967  1.004406798406  -0.260994019114
  21  Si  6.392928825390  3.685703116181  10.165304948963  -1.805142446335  -1.469095578583  2.817097504930
  22  Si  3.264730632771  3.657391666659  10.227727245776  0.111611086071  0.256680269433  1.431626652827
  23  Si  4.839765768010  0.969032515004  10.196123175242  0.425528150100  -1.356267867930  1.837631331013
  24  Si  3.137937859227  1.840704230867  2.520517909725  0.351923348789  -0.713910230421  -1.024169202538
  25  Si  6.278281627275  1.853517017923  2.476183102362  -0.047078360539  -0.534235879737  -1.099311484182
  26  Si  4.706193205915  4.544234401219  2.489052080260  -0.235120359093  0.020062224928  -0.878909503750
  27  Si  1.594672050251  6.351293762119  5.088797703121  0.030114521107  0.506507991296  -0.198881809513
  28  Si  -1.524543109127  6.324210654839  5.162019106787  0.075128346978  0.817870605191  -0.454386816269
  29  Si  0.059337658231  3.627180268806  5.114077403658  -0.018894238374  0.301988194992  0.150444307164
  30  Si  3.230316602759  1.840885215708  7.665110178787  -0.177476707263  -0.225582929851  -0.522178226160
  31  Si  6.374406977069  1.886062042840  7.611609013018  -0.572938488521  -1.102359491952  -0.308449584717
  32  Si  4.788275254950  4.564079580101  7.628537595915  -0.868052672741  0.045317170391  -0.103848825095
  33  Si  1.672071491158  6.350348212241  10.246230664851  0.493366134838  0.761768612646  1.250956816043
  34  Si  -1.463318440531  6.331935980764  10.277259828357  0.905847666081  0.788316281538  1.605909719261
  35  Si  0.114776027228  3.627855597281  10.265876802502  0.873822633889  0.520592605504  1.695968749755
  36  C  0.056253746818  1.833989310781  4.477884574929  1.856940028799  0.546401607837  -0.886341052358
  37  C  3.143015630428  7.263262280846  4.429514706288  -0.133026791531  1.129170859737  0.329667904072
  38  C  -3.103529196178  7.221168545647  4.536086311477  1.599231508354  2.219714971116  -1.147926203525
  39  C  4.755915069545  6.372346051904  6.981216075543  -0.840885981442  -0.150308337452  0.588124817171
  40  C  1.659195142910  0.930998181270  7.043849189198  0.242670582883  -0.903961060019  0.610160466918
  41  C  7.932718568801  0.974263928922  6.950912684748  -1.127404859457  -1.506373335402  0.854159609268
  42  C  0.107243897580  1.839707592432  9.613405863107  2.417154413523  0.655251784623  -0.667665141584
  43  C  3.217287632234  7.275005107961  9.555450450475  -0.011916527912  1.000831414717  0.815980690703
  44  C  -3.034961809208  7.244634369769  9.670402131968  1.690542439154  2.077089756658  -0.848312966020
  45  C  4.692045240628  6.363269427460  1.836202228983  -1.643788830970  -0.518033298788  -0.866293532783
  46  C  1.580105383421  0.910775478868  1.898065348412  -0.006400431341  -1.030056411726  -0.632898218207
  47  C  7.860270117290  0.974333968399  1.813021987162  -1.615173836627  -2.016183906239  -0.543470876450
  48  C  -1.530713808589  4.527716227863  4.501550949660  1.925392096993  0.808520256304  -0.568462793287
  49  C  1.586383548506  4.536975478700  4.453265569251  0.251317934637  -0.014197837615  0.269346943540
  50  C  0.015914237958  7.243505577433  4.494410932224  -0.224205715300  1.085298602494  -0.136003143724
  51  C  6.326988289740  3.679664187749  6.989028251303  -0.574933255840  -0.546442415052  -0.022501859138
  52  C  3.203021447234  3.645731511693  7.006174188257  0.075014258684  0.250717183524  0.420875147854
  53  C  4.783621071206  0.966563278098  6.991403378480  0.339418602661  -1.148541353115  0.776456444464
  54  C  -1.451090093541  4.523485681705  9.643596270707  1.998108003888  1.288774267340  -1.036217558207
  55  C  1.669241423698  4.553880081986  9.592349295883  0.018769663890  -0.287860703772  0.571310002908
  56  C  0.099005096732  7.252319920096  9.635093794274  -0.287231448458  1.157729699080  -0.011989664493
  57  C  6.270064272318  3.665676059608  1.827259273133  -1.380191123461  -0.669815330558  -0.722755455863
  58  C  3.132548678845  3.638576747146  1.855872993817  -0.314789679961  0.056968720480  -0.913861463015
  59  C  4.725628799355  0.933640399732  1.867006887192  -0.745275296953  -1.077862841729  -0.852813971705
  60  C  3.178422608400  1.837291345937  4.454326222210  -0.143117689888  -0.206408308023  -0.117805755789
  61  C  6.297327972956  1.842024144120  4.386364451984  0.104090366912  -0.005070805842  0.753653394677
  62  C  4.734932469339  4.572529742698  4.406719740170  -0.399843440351  -0.460120115174  0.582190937285
  63  C  1.624091539135  6.349000969552  7.012632599416  -0.038575036493  0.526702117363  0.243446546150
  64  C  -1.516228361123  6.342278640913  7.079608265624  0.524839762811  0.211462616005  0.211536602856
  65  C  0.082946180062  3.640976562405  7.061016773876  0.012139175304  0.077681837769  -0.089189245902
  66  C  3.240872105042  1.857272562789  9.594175498215  0.256618134961  -0.442311350490  0.125336839472
  67  C  6.396244903266  1.857711425275  9.538071374753  -0.142899460435  -0.042122416839  0.352001419740
  68  C  4.809630199847  4.570088569696  9.568005265860  -0.089768001877  -0.098789115622  0.242020490032
  69  C  1.565062229333  6.355157406542  1.890830974539  -0.619855394205  -0.076821219702  -1.310138461182
  70  C  -1.566984530187  6.300537429681  1.924955311470  -0.403659446253  0.703079829594  -1.084366108965
  71  C  -0.006321896284  3.615888558602  1.910680670595  0.243068558866  0.322341707663  -0.917625582637


MDSTEP:  7
LATTICE_CONSTANT: 1.889726125458
LATTICE_VECTORS
  9.292319154132  0.000000000000  0.000000000000
  -4.759212952927  8.286594539616  0.000000000000
  0.303596492803  0.049396808324  10.473648469680
VIRIAL (KBAR)
  2.369185207923  42.894229611197  -44.040079539690
  42.894229611197  -122.762149655319  -9.804121202721
  -44.040079539690  -9.804121202721  -125.633772363372
INDEX    LABEL    POSITIONS    FORCE (eV/Angstrom)
  0  Si  0.031546310560  1.819754477841  2.552532214229  0.835946811188  0.012550693847  -1.195430554957
  1  Si  3.121332679726  7.255874863741  2.505449960311  -0.151862513692  1.231830334592  -0.924822664318
  2  Si  -3.146363707188  7.208938755596  2.583546713953  1.252482845180  1.813029677871  -1.011005709977
  3  Si  4.706782958952  6.371504739421  5.047788398036  -1.099652380056  -0.275389169236  0.856601691474
  4  Si  1.635114539965  0.929389164351  5.105471424100  0.263809039780  -1.233294776874  0.264367314352
  5  Si  7.894074773201  0.986457556443  5.036464316453  -1.869892020683  -2.550903003804  0.641603343622
  6  Si  0.088546993255  1.835477933041  7.708712753366  1.387680560622  -0.001467519585  -1.109975510755
  7  Si  3.188401820168  7.276396655381  7.639941028053  -0.014926481574  0.756138300068  -0.531307033240
  8  Si  -3.057907339634  7.245920480606  7.737083419474  0.562260006964  1.560568346185  -0.993135923565
  9  Si  4.793657820984  6.377977758827  10.208661126087  -1.268017151516  -0.412837690933  2.129237695200
  10  Si  1.709737553124  0.938642364062  10.250211019800  0.323498266131  -0.992333597635  1.761563393135
  11  Si  7.976497128814  0.967806001527  10.158557828973  -1.923658994972  -2.439322729730  2.842467508849
  12  Si  -1.557214426091  4.521498853913  2.589404175396  1.012725213229  0.256574115812  -1.420323052531
  13  Si  1.585388203658  4.547567181548  2.535045365017  -0.463748905903  -0.162184315965  -1.075339977999
  14  Si  -0.018373754778  7.231965643096  2.530350186599  0.084531762150  1.325823774623  -0.430801453849
  15  Si  6.304210741212  3.664228416112  5.037219648603  -1.904410963158  -1.021290276017  0.927360290282
  16  Si  3.173898921772  3.639695777276  5.089775464662  0.110430809627  0.373942810942  -0.378351277439
  17  Si  4.750558096801  0.947038487218  5.079597479857  0.253566765663  -1.325501279566  -0.320342622446
  18  Si  -1.487029889203  4.525633035609  7.709226737517  1.207824656890  0.928966922453  -0.413174464069
  19  Si  1.636463957530  4.560829983687  7.663157593448  0.306815952580  -0.199104176342  -0.077144170803
  20  Si  0.061988979409  7.265991549198  7.679046128722  0.112690750438  0.963079811882  -0.211652664028
  21  Si  6.387279534405  3.682541255759  10.170413506973  -1.671915820828  -1.338578164444  2.693116721103
  22  Si  3.261985773806  3.656536429769  10.230145331304  0.176203451128  0.350569108305  1.405238550126
  23  Si  4.844905756394  0.970260697763  10.196635545473  0.278515812946  -1.395494659391  1.792982870335
  24  Si  3.141827019484  1.845218338011  2.521080377072  0.323198338781  -0.770147920479  -0.952839371461
  25  Si  6.273055777682  1.858129795192  2.478084720496  0.128982561415  -0.632798221248  -1.094454262826
  26  Si  4.702573653162  4.547933017143  2.492860382097  -0.179771520732  -0.010370066437  -0.875271246033
  27  Si  1.598661660598  6.351128468037  5.086296024901  -0.097724823431  0.554321176549  -0.093410588187
  28  Si  -1.520718671309  6.326211532995  5.157862266046  -0.007916749705  0.767008059307  -0.435575941525
  29  Si  0.062581764506  3.626255093234  5.109605044966  -0.153500296431  0.297482090278  0.292206483884
  30  Si  3.225889323888  1.844786178672  7.670475400727  -0.028576988702  -0.369926196565  -0.732385775545
  31  Si  6.371882663257  1.890349606046  7.608673550530  -0.437386417470  -1.203899223414  -0.359616461806
  32  Si  4.784073353665  4.560261268167  7.630445958430  -0.756234018760  0.162033093468  -0.223400304551
  33  Si  1.675980509353  6.346052880922  10.244581638352  0.391756597570  0.917700952140  1.291775135579
  34  Si  -1.465103612088  6.337134981442  10.274775160338  0.826901262518  0.626873859509  1.610766878963
  35  Si  0.119611125102  3.633469899943  10.262502432890  0.750312987024  0.359934619355  1.693838297019
  36  C  0.059423257783  1.828586495763  4.485508932726  1.761133072289  0.614750629145  -1.027657315998
  37  C  3.142129707509  7.255670436445  4.428855019800  -0.139380552397  1.246106090832  0.297720811014
  38  C  -3.098002493556  7.229003412228  4.528127604157  1.276332393909  1.999242226142  -0.992555367791
  39  C  4.762105945042  6.374505653839  6.981820612664  -0.997039952106  -0.226013081197  0.518532333294
  40  C  1.668080575767  0.934617697709  7.041813027254  0.021270050586  -0.925024464190  0.700565257727
  41  C  7.940239879513  0.965098443418  6.947465894145  -1.344570563746  -1.383725492191  0.982828107841
  42  C  0.104543850187  1.835051301709  9.611616064443  2.531051420823  0.813428444509  -0.609829572217
  43  C  3.224351035609  7.267602653841  9.556626155295  -0.208258053046  1.118961811245  0.771396789500
  44  C  -3.038451600849  7.243632861435  9.669034746045  1.692654027979  2.097223148400  -0.775207375830
  45  C  4.689975941390  6.358375708182  1.834389947110  -1.639278800578  -0.421746545962  -0.855508528608
  46  C  1.582042605298  0.915890295195  1.899340841466  -0.003565165455  -1.060269172887  -0.678980443196
  47  C  7.860509331502  0.969135529496  1.814612432391  -1.626210785365  -1.890052895617  -0.499760293514
  48  C  -1.537296972988  4.520286892592  4.500431041638  2.060552331135  0.955231350374  -0.561998154165
  49  C  1.580161048460  4.544493643535  4.446356995487  0.414851170228  -0.163128406452  0.454334854451
  50  C  0.018183868579  7.251855439441  4.500264442995  -0.174609955488  0.972838696949  -0.276612212862
  51  C  6.335191900207  3.686388193299  6.995759564020  -0.864325936749  -0.696682617218  -0.203611128392
  52  C  3.198872191795  3.639712085837  6.999336979458  0.157156059326  0.388684898264  0.569174792648
  53  C  4.787172785612  0.957750763321  6.985387411590  0.248016508891  -0.930220336099  1.018867485014
  54  C  -1.454427750407  4.520525293908  9.642196149762  1.977477883463  1.352507796929  -0.899747783266
  55  C  1.672369850097  4.557646370362  9.596504964600  0.008205493067  -0.376192248940  0.435021343824
  56  C  0.092029298075  7.250447795084  9.635981132089  -0.090778211044  1.201069507559  -0.060194988739
  57  C  6.272736426171  3.672614579673  1.832738854264  -1.572415548387  -0.817835411321  -0.804353358594
  58  C  3.129361666719  3.646711282332  1.861862262740  -0.235679306681  -0.070172544608  -0.966111010925
  59  C  4.730174747502  0.925696900537  1.871832735858  -0.847192102149  -0.921708309021  -0.918666324038
  60  C  3.185069362266  1.841239659541  4.458478511819  -0.243443696365  -0.285931416036  -0.189826033345
  61  C  6.301394043758  1.846057622001  4.389637727718  -0.053535211737  -0.090521597229  0.718438222128
  62  C  4.736601084802  4.580730191373  4.412376480238  -0.474646108984  -0.668615400159  0.460759114010
  63  C  1.627617093474  6.352531166537  7.018869370805  -0.088841263847  0.477968054018  0.081306106416
  64  C  -1.510147881389  6.349354882116  7.073081703620  0.392947972953  0.139420875646  0.324369969087
  65  C  0.079305053678  3.642316654892  7.066988195795  0.090191334920  0.118265788026  -0.186311328705
  66  C  3.232382071374  1.860191907615  9.588775082476  0.498175056455  -0.440332467276  0.279037289362
  67  C  6.397072933577  1.855991086175  9.531587597798  -0.195771196891  -0.016812726010  0.456779789572
  68  C  4.807819056763  4.574130600778  9.560779881984  -0.138641699139  -0.258907306441  0.441690741920
  69  C  1.560806613496  6.355619687672  1.884023116114  -0.517381163600  -0.073604150851  -1.221970614378
  70  C  -1.574297584018  6.299645902224  1.931184970784  -0.305845255499  0.750774419472  -1.193772576472
  71  C  -0.000126474680  3.609931605424  1.912339794881  0.070457349019  0.547438092678  -0.931513738785


MDSTEP:  8
LATTICE_CONSTANT: 1.889726125458
LATTICE_VECTORS
  9.292319154132  0.000000000000  0.000000000000
  -4.759212952927  8.286594539616  0.000000000000
  0.303596492803  0.049396808324  10.473648469680
VIRIAL (KBAR)
  0.903934559320  43.045322104199  -43.621041129896
  43.045322104199  -122.924466436345  -10.622375847281
  -43.621041129896  -10.622375847281  -126.157041694696
INDEX    LABEL    POSITIONS    FORCE (eV/Angstrom)
  0  Si  0.031781425597  1.822936266517  2.553686568795  0.793613209356  0.020315141709  -1.297293729931
  1  Si  3.118728524227  7.255826960647  2.502732472031  -0.170573165625  1.260246114251  -0.926241190753
  2  Si  -3.150385734007  7.206921174777  2.579508026313  1.328244626320  1.890254336207  -0.971093105905
  3  Si  4.703392128573  6.372351884078  5.051441317617  -0.934223430678  -0.214628726615  0.640565872501
  4  Si  1.630293100943  0.929939486089  5.105073973438  0.317444210046  -1.128105881854  0.110688450943
  5  Si  7.890800664694  0.981067601066  5.041160818869  -1.755689962784  -2.339643213106  0.369893551139
  6  Si  0.087781991977  1.835891223231  7.709556366957  1.277558267892  0.000877779012  -1.158561917527
  7  Si  3.188085293664  7.280577266776  7.635201131146  -0.062593772117  0.639008332887  -0.443765646351
  8  Si  -3.055924156556  7.251611051801  7.737311178252  0.427441923386  1.450339608767  -0.982566235691
  9  Si  4.793857384820  6.381061160888  10.211738988576  -1.224607649733  -0.503062476167  2.029509410823
  10  Si  1.706018917218  0.935323612006  10.250189048036  0.584912333648  -0.948590549144  1.771998873832
  11  Si  7.979722527310  0.967589154434  10.164587101497  -2.044335272446  -2.452875346776  2.812425806290
  12  Si  -1.561531006488  4.523906858606  2.585177537993  1.142493356682  0.053612329027  -1.301622397550
  13  Si  1.583024022893  4.552969272794  2.538029997136  -0.301832440169  -0.368894845425  -1.282940106939
  14  Si  -0.023341936484  7.226815867879  2.528379267275  0.208838796051  1.374200647990  -0.371537146641
  15  Si  6.304221988012  3.661791581736  5.037352720081  -1.992218008910  -1.111192759635  0.938342707696
  16  Si  3.172927445618  3.642647533949  5.083722759175  0.191919524977  0.251899039875  -0.340545448707
  17  Si  4.744709739579  0.942944008291  5.083636542905  0.501370296350  -1.238412456210  -0.510814673184
  18  Si  -1.490956783887  4.530254090930  7.712237352975  1.355207795890  0.873841997306  -0.473056179652
  19  Si  1.638947469351  4.559547683256  7.663357884837  0.336996018662  -0.228076517109  -0.140904989773
  20  Si  0.060601171070  7.267429738719  7.682373369196  0.113831224930  0.884573489071  -0.238700828263
  21  Si  6.390802474978  3.680923985582  10.169208850917  -1.742877237181  -1.381848745149  2.708194540329
  22  Si  3.265045383614  3.656985959817  10.224667089903  0.086133827885  0.243902671756  1.380882056167
  23  Si  4.850412823704  0.974056508953  10.202899319469  0.190444674373  -1.495231331095  1.722031615255
  24  Si  3.144552501904  1.850382760679  2.514644575316  0.343244732225  -0.911781677043  -0.829301947884
  25  Si  6.267740621470  1.857855908276  2.475665292115  0.271172540771  -0.592777683491  -0.949495164973
  26  Si  4.703117902385  4.553014547038  2.487188545408  -0.070971416027  -0.217565717673  -0.771796340991
  27  Si  1.599462370477  6.356619524345  5.083404685389  -0.182564802574  0.431067683723  0.054211797958
  28  Si  -1.521888989909  6.321282820080  5.153004290159  -0.064698751154  0.861669127901  -0.268940822759
  29  Si  0.058362993814  3.629694179667  5.109934195678  -0.064405983532  0.264220629472  0.252108822894
  30  Si  3.228091261986  1.840418458204  7.665408883977  -0.025859741151  -0.293475925509  -0.736550559743
  31  Si  6.371193111490  1.895943696778  7.608728690022  -0.479549459959  -1.286799168762  -0.442438884960
  32  Si  4.787295391406  4.563172699128  7.624725989922  -0.818563705695  0.065331601121  -0.141167983767
  33  Si  1.679786926541  6.348484305802  10.249808431466  0.364260640773  0.781602022329  1.135908626545
  34  Si  -1.461650900178  6.335929944307  10.279389549395  0.794346965855  0.683606040290  1.558686715264
  35  Si  0.123080066596  3.632964686414  10.260937872411  0.680226437851  0.388335221679  1.707294008982
  36  C  0.053217886555  1.838451119930  4.479771226218  1.754284285687  0.392690170651  -0.863174654854
  37  C  3.135590152807  7.257912224850  4.422881652867  0.002117900422  1.203548352466  0.398389958100
  38  C  -3.098371245938  7.239470521663  4.522583860873  1.131018718457  1.773256348116  -0.892145890271
  39  C  4.762117011075  6.367408996396  6.973187564730  -0.959797377323  0.029517192449  0.734924699514
  40  C  1.659853725337  0.939747351108  7.036247424801  0.152418062683  -0.992893004357  0.787773926336
  41  C  7.932958909782  0.959629225149  6.941907893271  -1.162089533256  -1.256138017611  1.174827421398
  42  C  0.110055175280  1.827265553861  9.618551282983  2.436222609521  0.979615708376  -0.767385648901
  43  C  3.228438317106  7.275082835546  9.558501072645  -0.236317149031  1.031251483644  0.731403689808
  44  C  -3.034929153294  7.247338429404  9.676901020489  1.622858893317  2.041286976635  -0.871811119488
  45  C  4.687625943024  6.355562362536  1.831824342014  -1.640174639298  -0.327991774461  -0.858552613668
  46  C  1.587130070486  0.914349662040  1.896882088279  -0.131955175148  -1.027854617530  -0.679606829698
  47  C  7.849975386839  0.969906480520  1.822944175104  -1.381257877224  -1.897377674527  -0.609291090112
  48  C  -1.541676097036  4.512543696994  4.508168146760  2.218592516389  1.201477151745  -0.843899584522
  49  C  1.579119249136  4.546069801721  4.438589684097  0.390729159135  -0.115774439602  0.594952029490
  50  C  0.017024706842  7.255505936414  4.507188433662  -0.195958307661  0.868840549465  -0.432510908401
  51  C  6.336756057681  3.691902430050  6.988978790777  -0.852765352463  -0.809586284402  -0.065835446462
  52  C  3.204315144203  3.640170574282  6.994143554783  0.093446682680  0.359100429930  0.597122728609
  53  C  4.790708081172  0.951998597329  6.977730794942  0.178712719840  -0.854804691120  1.211746904825
  54  C  -1.457653661998  4.528175331201  9.644424893284  2.080576442066  1.173862255163  -0.954475803075
  55  C  1.666645266855  4.553468831688  9.587925639629  0.187514559163  -0.271981320575  0.595706042590
  56  C  0.093752576560  7.243221866679  9.635720829924  -0.070313331003  1.314770370316  0.029809118469
  57  C  6.280761916107  3.663944997355  1.824764263810  -1.755717769284  -0.650008355203  -0.762914149311
  58  C  3.137788425736  3.642013667013  1.854652936022  -0.414408595264  0.117823810117  -0.880118287561
  59  C  4.736893091319  0.928345932776  1.875774467092  -1.032338646617  -1.027430806550  -1.034664189286
  60  C  3.193546164546  1.833974774925  4.456468989450  -0.486307137432  -0.098575823965  -0.201738220921
  61  C  6.307763851372  1.850613933270  4.385025962924  -0.266837176007  -0.245126465695  0.841011859423
  62  C  4.745421144857  4.580733078554  4.417109719758  -0.642827320834  -0.603844897792  0.252699014067
  63  C  1.621690681567  6.347385429884  7.027698624639  0.037047963424  0.609598493512  -0.126988181858
  64  C  -1.514756604020  6.348528498688  7.079264025391  0.455551393582  0.224267655767  0.168150356954
  65  C  0.086810386808  3.645147847496  7.059479197991  -0.122714857480  0.073506196740  -0.002972383296
  66  C  3.240692104857  1.854964830563  9.582854891092  0.337799949962  -0.405153448651  0.366195241890
  67  C  6.395207822981  1.850987103757  9.527203324035  -0.030010955333  0.093241496568  0.513823472604
  68  C  4.808077136097  4.568142479094  9.561147986728  -0.086412044610  -0.063333636049  0.365402609414
  69  C  1.563732950856  6.347773576013  1.877038491882  -0.597112647372  0.110318283079  -1.152825354459
  70  C  -1.575927360482  6.291728637500  1.926593549301  -0.345938185309  0.920293059193  -1.153982585120
  71  C  0.006094746646  3.617669556828  1.903182330939  -0.041774382565  0.423668480550  -0.822453686900


MDSTEP:  9
LATTICE_CONSTANT: 1.889726125458
LATTICE_VECTORS
  9.292319154132  0.000000000000  0.000000000000
  -4.759212952927  8.286594539616  0.000000000000
  0.303596492803  0.049396808324  10.473648469680
VIRIAL (KBAR)
  0.566594670266  42.577306655435  -44.144320919628
  42.577306655435  -122.781757802510  -10.453169199057
  -44.144320919628  -10.453169199057  -125.501321026016
INDEX    LABEL    POSITIONS    FORCE (eV/Angstrom)
  0  Si  0.026177842515  1.827888045576  2.554311964346  0.865143583973  -0.080129690724  -1.323907190198
  1  Si  3.122391416302  7.250567026208  2.506187183672  -0.200901129227  1.296006133205  -1.006952874051
  2  Si  -3.146655303735  7.205001458313  2.575736851188  1.253857683630  1.886822213424  -0.844201989366
  3  Si  4.703916742258  6.368333836567  5.056687481540  -0.994013403197  -0.253645962392  0.512359051567
  4  Si  1.632674194079  0.924564884379  5.100184708233  0.272123793549  -1.039620296301  0.218847851065
  5  Si  7.894742930728  0.980642677380  5.039438310364  -1.966889032407  -2.459847520339  0.389747320111
  6  Si  0.082898074338  1.829971539016  7.709836026710  1.373252383963  0.101101223499  -1.135885577137
  7  Si  3.189306605140  7.283762722969  7.636854730241  -0.039079532484  0.613854557316  -0.575475827245
  8  Si  -3.052162581179  7.247554075713  7.739396835236  0.350233532800  1.587261807347  -0.945617646065
  9  Si  4.787962993525  6.387186581281  10.213390343665  -1.034984443506  -0.567029687613  1.938991813217
  10  Si  1.701440852720  0.928863375871  10.250140366084  0.820931209456  -0.828897953465  1.738046126011
  11  Si  7.981868639092  0.970889987237  10.165759336669  -2.245650051584  -2.462829666186  2.844017345367
  12  Si  -1.561073519021  4.524786534012  2.588923664820  0.984521221527  -0.054145123500  -1.473742824806
  13  Si  1.586104127279  4.547992990765  2.531281859967  -0.288281677226  -0.207829166750  -1.168015358620
  14  Si  -0.021616662969  7.231266827428  2.523513565931  0.109227891390  1.308600266274  -0.287913919477
  15  Si  6.306820172407  3.663377749848  5.039872248563  -2.024664254638  -1.208443071280  0.872172972311
  16  Si  3.167870030220  3.645935539074  5.086439313201  0.400976295168  0.238097522390  -0.351635626776
  17  Si  4.746992685522  0.940406466530  5.082704158185  0.433301741333  -1.180329141771  -0.498657735300
  18  Si  -1.493130820684  4.525500567438  7.713319073633  1.291770412089  0.929551923267  -0.525112511454
  19  Si  1.645403213451  4.555498287827  7.664295591414  0.201538927668  -0.175598682633  -0.141476464778
  20  Si  0.061378000354  7.265539951468  7.683699497676  0.057645176491  0.909507952125  -0.233354403011
  21  Si  6.383727619979  3.674547642897  10.169134518818  -1.616445470686  -1.171876154118  2.711828688189
  22  Si  3.265361284188  3.657789496425  10.231554390114  0.139421734565  0.242935344136  1.214933985359
  23  Si  4.848401485781  0.970889999078  10.198497901618  0.129125522452  -1.431240385572  1.780075028157
  24  Si  3.142842641268  1.855626590696  2.519901880310  0.326508812833  -0.977174941604  -0.952328133207
  25  Si  6.267824309696  1.859935566841  2.476292850563  0.077102510385  -0.631602961580  -0.848645492600
  26  Si  4.698724841555  4.556656129664  2.484522247853  0.056712381095  -0.324432635746  -0.726079564826
  27  Si  1.604420889368  6.356038274902  5.085466441965  -0.315870152508  0.508458052379  -0.004351785841
  28  Si  -1.524203244035  6.324766257699  5.156457668856  -0.066022317401  0.873164847317  -0.310139801651
  29  Si  0.063849447925  3.632755965686  5.116151909033  -0.193556601686  0.208085231673  0.135240910165
  30  Si  3.228020702806  1.837470002126  7.662536896202  -0.027752431408  -0.211346758559  -0.622453162517
  31  Si  6.365818452096  1.892734262768  7.606612501023  -0.511281279438  -1.134399720764  -0.416944137696
  32  Si  4.787355909513  4.567270465322  7.629989416071  -0.883058179685  -0.074192303918  -0.229252131338
  33  Si  1.680110332827  6.344195010229  10.246301396707  0.346106879748  0.955056643613  1.174976530896
  34  Si  -1.459616386175  6.336335570898  10.275028459171  0.687121776016  0.526570091838  1.614087765670
  35  Si  0.124061214367  3.626703031317  10.265467511375  0.669951568755  0.615175099078  1.577625084114
  36  C  0.047202894629  1.832332898934  4.480764565787  2.045210395952  0.670807877129  -0.921662000148
  37  C  3.134521552631  7.250097939461  4.413747534061  0.107302377940  1.247198894561  0.646530154698
  38  C  -3.105434369941  7.238634669784  4.527312667124  1.291353510953  1.841325641414  -0.992583142586
  39  C  4.768821922717  6.363570168138  6.973740892545  -1.116222575208  0.138352904685  0.775838688521
  40  C  1.666801793292  0.945018519379  7.042514389283  -0.069198203500  -1.131861841089  0.601964724474
  41  C  7.924820666466  0.966747851894  6.934228483451  -1.033192010207  -1.385362591642  1.328629454401
  42  C  0.111829574220  1.826677120596  9.625569038168  2.442167507471  0.965026637635  -0.911403764110
  43  C  3.226162911581  7.284864673902  9.549727660163  -0.217818534366  0.952184982743  0.928915421727
  44  C  -3.031644934158  7.250599783865  9.677126489944  1.446260532343  1.939562098469  -0.813657735934
  45  C  4.690827007539  6.348037810379  1.832307117578  -1.707279735020  -0.114735913011  -0.918458247546
  46  C  1.587546644117  0.908864299642  1.901100556593  -0.215250766036  -0.922078093456  -0.689844216744
  47  C  7.841049504330  0.972677938521  1.828463640095  -1.204524342098  -1.918693880762  -0.692813545588
  48  C  -1.547138725361  4.519858424461  4.501213211024  2.430586610109  1.079169718715  -0.645636161960
  49  C  1.587659374503  4.549776679022  4.438953665036  0.214001269057  -0.213335329850  0.531681126754
  50  C  0.015030883016  7.256803775405  4.502770196392  -0.137152253115  0.831030229418  -0.318867351131
  51  C  6.329843139580  3.694672864349  6.982957182109  -0.742121907940  -0.859548248019  0.067699385676
  52  C  3.199564784054  3.633671570391  6.997304755705  0.220998484257  0.502096543064  0.516230096233
  53  C  4.783634801402  0.952464500468  6.980313538239  0.288964415655  -0.929555728433  1.121070713570
  54  C  -1.462534498876  4.522225825882  9.636863451254  2.113885722315  1.169740364531  -0.752352789317
  55  C  1.671195137344  4.560902114662  9.584374012365  0.099081883993  -0.492502298663  0.702992907692
  56  C  0.089242173019  7.242426756998  9.637080550488  0.068373601306  1.315040386828  0.004196158656
  57  C  6.269636400037  3.663780874749  1.819757203213  -1.488963126785  -0.612878637554  -0.659126300906
  58  C  3.143774922448  3.645247125773  1.845875680279  -0.565797783522  0.048610373937  -0.806623240911
  59  C  4.726080559090  0.928860033607  1.880698559438  -0.837209324038  -1.019335240226  -1.058491309150
  60  C  3.193083931241  1.843424238940  4.452636454150  -0.463689133141  -0.247839624851  -0.091945333149
  61  C  6.313432738032  1.843692170484  4.395477473588  -0.336218721076  -0.099001546510  0.624023523484
  62  C  4.754844889481  4.578723344234  4.410275546253  -0.846595358852  -0.584638365379  0.377412382070
  63  C  1.624316486662  6.349159238770  7.031737635855  0.038114943840  0.540725752420  -0.193956106043
  64  C  -1.520210890165  6.353466205366  7.086673262239  0.640556472616  0.048994098411  0.035685499893
  65  C  0.084122486733  3.644338068842  7.064377122055  -0.051651597774  0.084211948902  -0.039399190990
  66  C  3.244369593601  1.859342236949  9.576172479610  0.187458153021  -0.503150500742  0.527602093084
  67  C  6.389900004988  1.856075355646  9.531023153495  0.070456378430  -0.078121864936  0.388872769097
  68  C  4.808355420854  4.569398731020  9.557961782437  -0.155621644073  -0.004532412780  0.481438673588
  69  C  1.565556352024  6.349211693033  1.883997743633  -0.587674453586  0.060644339754  -1.285958068297
  70  C  -1.578172559487  6.283720217846  1.933054905951  -0.234753260004  1.104512667876  -1.273348282672
  71  C  0.010449023361  3.625171050107  1.893159540115  -0.131962610721  0.252299573345  -0.695463300674


MDSTEP:  10
LATTICE_CONSTANT: 1.889726125458
LATTICE_VECTORS
  9.292319154132  0.000000000000  0.000000000000
  -4.759212952927  8.286594539616  0.000000000000
  0.303596492803  0.049396808324  10.473648469680
VIRIAL (KBAR)
  -1.953599085836  41.426912975690  -43.569722305362
  41.426912975690  -121.786447395932  -10.410202546699
  -43.569722305362  -10.410202546699  -124.999944749579
INDEX    LABEL    POSITIONS    FORCE (eV/Angstrom)
  0  Si  0.029338804826  1.832757145381  2.553261190045  0.682623845580  -0.089893283205  -1.270446681773
  1  Si  3.127254258330  7.250767354789  2.499195854908  -0.373575943085  1.294736767998  -0.879644361992
  2  Si  -3.145365040529  7.208315040372  2.579031933990  1.254637678485  1.857012815018  -0.830968289789
  3  Si  4.702530646223  6.362182062082  5.052909249285  -0.906911191503  -0.059069273358  0.546467919416
  4  Si  1.628176175598  0.927438357337  5.106498298211  0.347738375828  -1.045266707311  0.060369660499
  5  Si  7.891585752267  0.986309809841  5.042341938799  -1.721494012186  -2.560879059038  0.310514549108
  6  Si  0.090184309426  1.829821002198  7.706182011697  1.168082554025  -0.016536527002  -1.163206451626
  7  Si  3.186761434430  7.278444050589  7.641265242347  0.154685574907  0.653698564533  -0.605019956641
  8  Si  -3.056055165292  7.248146464932  7.744564552933  0.471854449332  1.539151904292  -1.103630885286
  9  Si  4.781769442193  6.383137315787  10.217566749407  -0.707995201136  -0.295108252254  1.833296727119
  10  Si  1.696344068575  0.934525988471  10.252206267996  0.925582948390  -0.876174778103  1.740606069573
  11  Si  7.982060487357  0.973985030497  10.161022183557  -2.220260420283  -2.562293362354  2.947434266557
  12  Si  -1.559479249481  4.522630480457  2.592306624076  0.928418793983  0.057476249364  -1.682903154391
  13  Si  1.583908137322  4.551677631653  2.535643313580  -0.254001195530  -0.328600135314  -1.332265204630
  14  Si  -0.020692243784  7.237819025257  2.524469910025  0.229070586159  1.187861662579  -0.334255199661
  15  Si  6.306311806548  3.659645667580  5.040801246065  -2.040107881618  -1.060730223248  0.808251649256
  16  Si  3.164026620719  3.642576772228  5.079824507108  0.364815169961  0.433541711829  -0.180240104750
  17  Si  4.746834694334  0.940966755669  5.077447380238  0.490608249809  -1.192663486037  -0.403525082164
  18  Si  -1.495323769684  4.529710892185  7.715038394609  1.380521212680  0.834474575623  -0.650455958097
  19  Si  1.641390202829  4.560429053472  7.669230343133  0.260642123620  -0.410980439338  -0.159935837211
  20  Si  0.067763923462  7.272402787337  7.687611965577  -0.073956427852  0.779046301910  -0.293022418025
  21  Si  6.384069117110  3.674720662518  10.171061840352  -1.622414620828  -1.232239910058  2.688326915053
  22  Si  3.267529894831  3.652766513004  10.237768103043  0.041531186941  0.355248622424  1.208071792086
  23  Si  4.847517721133  0.970133003211  10.201723709613  0.169233449129  -1.448621284088  1.744390700812
  24  Si  3.139851311576  1.848974384383  2.521353512825  0.461023493167  -0.817726705727  -0.984961887559
  25  Si  6.272740650916  1.860527380469  2.481401275640  -0.053792726815  -0.611648382220  -1.085236931367
  26  Si  4.697325445033  4.560310404630  2.479294117891  0.002789889873  -0.471627266138  -0.628008071613
  27  Si  1.603337588125  6.352733738748  5.088390145220  -0.185078659438  0.636287625026  -0.080620729574
  28  Si  -1.523348078560  6.325888379996  5.156229201569  -0.141248405447  0.812130515560  -0.350538807707
  29  Si  0.059622423659  3.636505450559  5.114129445534  -0.098721076167  0.202067038911  0.150514858864
  30  Si  3.221895898058  1.840503413922  7.659866408244  0.020130004401  -0.345263442409  -0.535722275741
  31  Si  6.370458266126  1.889409287165  7.611526327222  -0.541869881176  -1.049769625490  -0.551658462290
  32  Si  4.785925583178  4.573368531389  7.636799377775  -0.871906618561  -0.324734716208  -0.371862177777
  33  Si  1.677960510844  6.342780448967  10.246390382552  0.377823772696  1.042202009328  1.296689244208
  34  Si  -1.465972882967  6.338608400974  10.275889897570  0.889754384641  0.496837008226  1.611922689611
  35  Si  0.126415718662  3.626958056634  10.260187124588  0.618118574501  0.692233448336  1.627175564231
  36  C  0.049742242850  1.841378226241  4.487488622513  1.922133728386  0.521560238140  -1.027215228728
  37  C  3.138500380361  7.247506370077  4.405801786878  -0.001642757089  1.268332622123  0.781122990590
  38  C  -3.106640675472  7.248472051267  4.529916721930  1.255575154582  1.678233007260  -0.977938878508
  39  C  4.776104493167  6.355068171101  6.972780380168  -1.292668131346  0.288941683285  0.818595821734
  40  C  1.661152435242  0.936754368470  7.035554413408  0.068348347564  -1.038840163291  0.799728979245
  41  C  7.925249698233  0.955034254073  6.933973153837  -0.989527730853  -1.238055169493  1.411628981745
  42  C  0.112174025040  1.825737667601  9.622268721957  2.493388066758  1.041184376440  -0.937031865347
  43  C  3.224295071601  7.291055034225  9.555850231624  -0.184855941702  0.865752898971  0.861770333865
  44  C  -3.022047856437  7.258111694108  9.674438761745  0.936158556611  1.740225640430  -0.612128638294
  45  C  4.687750819749  6.346538578577  1.840211332668  -1.548661103476  -0.015296689472  -1.086199601088
  46  C  1.587375110930  0.918222271452  1.907085549485  -0.283666148418  -1.087085820572  -0.779948881811
  47  C  7.836938383057  0.974518620516  1.820243462306  -0.998689105536  -1.875242325585  -0.605986546933
  48  C  -1.546185512878  4.511254321144  4.490779830254  2.299601670346  1.240766748879  -0.402198777950
  49  C  1.579624059867  4.558922869067  4.431462226913  0.307959551768  -0.423071207498  0.743164540695
  50  C  0.015739066766  7.250585809466  4.497849920384  -0.144634196637  0.965509994802  -0.201368427378
  51  C  6.333231140092  3.698965178700  6.978356044114  -0.850267273524  -0.986159544242  0.214308177267
  52  C  3.191794506890  3.626831011753  7.001958591647  0.305906354909  0.699431959141  0.378509407490
  53  C  4.783960274858  0.953390352173  6.980269378277  0.292883131691  -0.905801070111  1.096619812297
  54  C  -1.465976017742  4.522664011670  9.630658870121  2.154957130326  1.189747768846  -0.634864827445
  55  C  1.674710332673  4.568909623195  9.588540789511  0.053495892612  -0.686250612906  0.636804591835
  56  C  0.090765387604  7.241278325322  9.640175331062  -0.002993594579  1.337992154732  -0.013569000855
  57  C  6.265838412442  3.668549545446  1.815091782980  -1.388773904589  -0.659796489156  -0.593042049236
  58  C  3.143664216768  3.638938547859  1.842230098271  -0.588214167936  0.128010962741  -0.723859412567
  59  C  4.726446421965  0.924095675587  1.875558881918  -0.793884525462  -0.920116873197  -0.933036884004
  60  C  3.196440636069  1.850707320143  4.451997003414  -0.555210215461  -0.445680062620  -0.095587855202
  61  C  6.322837045196  1.844469634999  4.389786629790  -0.552987075601  -0.117732110563  0.752114513238
  62  C  4.748574353978  4.581772218154  4.407752033332  -0.709001978489  -0.748225475169  0.358152382339
  63  C  1.633605121904  6.342596140268  7.041037041026  -0.166291997170  0.687015192732  -0.369439714819
  64  C  -1.521992365471  6.351977808249  7.085046332992  0.756998662777  0.159196276070  0.095737157163
  65  C  0.086794076925  3.635704232671  7.060483684054  -0.135201824000  0.324234549965  0.052459763151
  66  C  3.240225988240  1.862314189686  9.581139036524  0.245823562717  -0.574110211146  0.406138004179
  67  C  6.399363152932  1.846177512566  9.530529936815  -0.169162467886  0.133157718906  0.428031710636
  68  C  4.802891687509  4.570513138671  9.561804629580  -0.043212308891  -0.063720990728  0.479511196053
  69  C  1.567357263786  6.340807525021  1.893084641353  -0.595526546624  0.291665873870  -1.429992014961
  70  C  -1.569768195239  6.290493118623  1.939024773874  -0.440027002792  0.977981900143  -1.306892474945
  71  C  0.007761037792  3.630324424024  1.889841288565  -0.084481869471  0.172063286218  -0.680000960177


