ATOMIC_SPECIES
Si 28.085 Si_ONCV_PBE-1.0.upf
C 12.011 C_ONCV_PBE-1.0.upf

LATTICE_CONSTANT
1.8897261254578281

LATTICE_VECTORS
8.680056517993957 0.0 0.0 
0.11751072649872878 9.13681881318267 0.0 
0.1869825282372222 -0.20831936895720304 8.804812227021326 

ATOMIC_POSITIONS
Cartesian    # Cartesian(Unit is LATTICE_CONSTANT)
Si
0.0
32
3.368981909075 1.060577968217 3.306452892375 1 1 1
3.401697153211 0.982486793230 7.747113567570 1 1 1
3.411037355553 5.483554771797 3.366469755043 1 1 1
3.430323551127 5.445554775724 7.789895414090 1 1 1
7.820595646497 1.028956420468 3.241196497699 1 1 1
7.874544940086 0.965808165097 7.685982122018 1 1 1
7.838401885364 5.446489161611 3.302594961766 1 1 1
7.875126250096 5.410807580351 7.749416400047 1 1 1
3.371586054464 3.279588236214 1.102192394280 1 1 1
3.384924519540 3.271058758458 5.543380583081 1 1 1
3.396815429284 7.726487040914 1.170023089078 1 1 1
3.437797956050 7.659582502389 5.607154663667 1 1 1
7.800697782136 3.263970812794 1.072504914350 1 1 1
7.844159907269 3.205998904363 5.511189596564 1 1 1
7.850111907972 7.696989623386 1.112898927234 1 1 1
7.871110406805 7.644156442349 5.543997449463 1 1 1
1.114332322851 1.088476937081 1.107445820368 1 1 1
1.164262764456 1.056061218703 5.537957278873 1 1 1
1.167938471117 5.508821754930 1.157032011726 1 1 1
1.209221081099 5.469828264869 5.571199465592 1 1 1
5.581666265890 1.069886530606 1.068540088244 1 1 1
5.608345968132 1.000729166628 5.492410424669 1 1 1
5.582975367920 5.479687119235 1.124019187226 1 1 1
5.643947563077 5.440835516770 5.559641754908 1 1 1
1.160106392601 3.275810494590 3.351540827797 1 1 1
1.213543461665 3.221882377301 7.793185005082 1 1 1
1.197900635844 7.721707285263 3.390678777045 1 1 1
1.245131096119 7.663349947768 7.831379959696 1 1 1
5.580131662359 3.240899908379 3.305304248738 1 1 1
5.649366444490 3.203858539292 7.727618039168 1 1 1
5.616848025165 7.693871006865 3.351119511771 1 1 1
5.691095948939 7.633481980091 7.793715322631 1 1 1
C
0.0
32
8.879571677477 -0.064337884030 -0.102456634920 1 1 1
8.917879809336 -0.097659537266 4.338732261812 1 1 1
8.890062997938 4.382059023290 -0.039988376107 1 1 1
8.959704323750 4.330573484335 4.394271209267 1 1 1
4.444402568700 -0.037084148547 -0.029454087126 1 1 1
4.482141457774 -0.083527188438 4.385673589976 1 1 1
4.456945150340 4.419759908850 0.020624473272 1 1 1
4.514110213643 4.362726824232 4.439651498892 1 1 1
8.911537150747 2.148612847331 2.156564339117 1 1 1
8.944525612878 2.065798666571 6.593820458821 1 1 1
8.949550783073 6.569452002486 2.208701584973 1 1 1
8.981395700560 6.529628763483 6.623148263584 1 1 1
4.473736024151 2.159552988559 2.178925940144 1 1 1
4.523693444805 2.117169120768 6.631951556541 1 1 1
4.507055556597 6.599943582345 2.240489279142 1 1 1
4.555378062272 6.563469604577 6.667293511775 1 1 1
2.238814736369 -0.036990832217 2.209008962321 1 1 1
2.268790629973 -0.080753358679 6.643895195047 1 1 1
2.277375990354 4.395048319180 2.253560967669 1 1 1
2.319130456848 4.348075106698 6.669742149822 1 1 1
6.677922557937 -0.069485273680 2.161158877677 1 1 1
6.721928722161 -0.106904303654 6.568000944042 1 1 1
6.719253276409 4.366509388595 2.197163344659 1 1 1
6.754212448618 4.298161879438 6.628219168394 1 1 1
2.220154635427 2.187036069425 0.008012116264 1 1 1
2.294517143929 2.151760030588 4.431531332945 1 1 1
2.261655433730 6.626142995908 0.044507110880 1 1 1
2.307684402617 6.569749616120 4.491298935513 1 1 1
6.667434255695 2.184696029822 -0.039696714090 1 1 1
6.716407536580 2.118593580126 4.400178770094 1 1 1
6.690923254997 6.606327378471 0.013079993994 1 1 1
6.725733539672 6.557521960345 4.431961251142 1 1 1

NUMERICAL_ORBITAL
Si_gga_9au_100Ry_3s3p2d.orb
C_gga_9au_100Ry_3s3p2d.orb
