MDSTEP:  0
LATTICE_CONSTANT: 1.889726125458
LATTICE_VECTORS
  8.659006616996  0.000000000000  0.000000000000
  0.003339649135  8.731954511223  0.000000000000
  0.029007594051  -0.051512404004  8.664931110064
VIRIAL (KBAR)
  85.425166791441  -7.622619509666  -13.916621055793
  -7.622619509666  63.917999585181  22.371554890412
  -13.916621055793  22.371554890412  84.532793934041
INDEX    LABEL    POSITIONS    FORCE (eV/Angstrom)
  0  Si  3.266211162721  1.080670629333  3.269841937017  0.152162911551  -0.384511502096  -0.229178703745
  1  Si  3.282165270788  1.070814064751  7.598024190438  0.124724765939  -0.701978399141  -0.253547180469
  2  Si  3.266701628414  5.424454089724  3.284091981953  -0.177088691642  0.023909970708  -0.462868548309
  3  Si  3.270955395134  5.408166335758  7.623228707133  0.473096437744  -0.326143251834  -0.648858338140
  4  Si  7.632184109587  1.083071831011  3.259177142025  -0.571135687931  -0.320551933551  -0.083437924014
  5  Si  7.624414970984  1.071536030662  7.607158917404  0.029426578864  -0.843062549905  -0.622500660297
  6  Si  7.610038811303  5.436251440496  3.265806668599  0.243951845379  -0.512497310208  0.116112283262
  7  Si  7.626216165010  5.410493867439  7.620315148405  0.153811027824  -0.452656662401  -0.807755802555
  8  Si  3.272267506734  3.270505951141  1.086648090829  -0.256621988737  -0.496146486699  0.385582178726
  9  Si  3.271893808647  3.261444657253  5.426018262467  -0.252779913804  -0.611486821830  0.404539012606
  10  Si  3.255540916640  7.592197072565  1.105188560308  0.554737325443  0.868204092311  -0.141513970900
  11  Si  3.273679612662  7.603112548083  5.447113643172  -0.201577399848  0.319635202445  -0.070790995299
  12  Si  7.612022823430  3.241856971869  1.082288752954  -0.284535862384  0.375359976893  0.148317945051
  13  Si  7.624596288000  3.234922062534  5.427461734379  -0.360495549524  0.062441347934  0.249959101756
  14  Si  7.635976332954  7.605242701355  1.085704829595  -0.831099097473  0.691264861182  0.294216692297
  15  Si  7.607267805976  7.576034318497  5.455341146077  0.356149164941  0.871196091071  -0.411940468781
  16  Si  1.083075888066  1.082835026980  1.075260664412  0.856611286233  -0.069115821427  0.545503455811
  17  Si  1.107086682935  1.068433212895  5.446257742969  0.096677000663  -0.354792501742  -0.130485941353
  18  Si  1.077889314071  5.436548973211  1.100171278673  0.976593262869  -0.486642680537  0.134003001308
  19  Si  1.105459355368  5.419128780024  5.456764796162  0.228828505704  -0.186677774067  -0.097553276588
  20  Si  5.437677012589  1.077667724401  1.091123862570  -0.107418335070  0.052507801804  0.037509544990
  21  Si  5.446718718960  1.071052783527  5.425247845528  0.073203183934  -0.279944567214  0.178887119789
  22  Si  5.451738299423  5.416931710797  1.096067457890  -0.148830814123  0.104483127826  0.095234384539
  23  Si  5.432452662368  5.423900359197  5.451039755008  0.230493812259  -0.254007414666  -0.220507730589
  24  Si  1.098186273549  3.247424623036  3.277587367154  0.456707581370  -0.080254043129  -0.491999777290
  25  Si  1.089338031379  3.261235859347  7.623659877930  1.515549869688  -1.463919768914  -0.946522525268
  26  Si  1.104361274058  7.604592210646  3.273258058137  0.555022137583  0.238595159482  -0.208597393152
  27  Si  1.100922236448  7.578459093328  7.643898707186  1.192389368409  0.286605000574  -1.059671521827
  28  Si  5.452550033745  3.245947115178  3.253309256512  -0.370013321753  0.180210804426  0.338592145123
  29  Si  5.444753591198  3.244358472379  7.618556144303  0.556549533202  -0.625870479674  -0.893120317324
  30  Si  5.441534574359  7.596346015757  3.255201635040  0.283877665950  0.430087955246  0.038462062439
  31  Si  5.444963102126  7.590536206608  7.626101850496  0.575722064988  0.006033599288  -0.778558831436
  32  C  0.041431167845  8.730746857490  0.000790680874  -0.973131869615  0.045343018895  0.505297854528
  33  C  0.048137739766  -0.023082185898  4.325812705075  -0.607578024920  -0.229721389130  0.729107558654
  34  C  0.074490189679  4.288043483904  8.662250462080  -1.381440862539  0.990011810951  1.065696635828
  35  C  0.050749215691  4.319650375852  4.358456822917  -0.526724824277  0.558939804214  -0.058239528499
  36  C  4.390391052793  -0.046908774096  8.656427115465  -0.785365895924  -0.185202637238  0.801055052425
  37  C  4.369709037737  8.700863244934  4.342824442717  -0.292900576748  -0.124158487182  0.110529115624
  38  C  4.352649280205  4.342279477093  0.006867713499  -0.299282668952  0.693480938665  0.423645653189
  39  C  4.332343201186  4.339205659400  4.351893643101  0.791014757478  -0.028075886546  -0.048205115828
  40  C  0.025048958103  2.179878197182  2.160847048323  0.098299857975  -0.235380501199  0.252769097318
  41  C  0.042814377156  2.152825537117  6.530595605771  -0.239774608808  0.136743180248  -0.158069707123
  42  C  0.042031540720  6.513704780237  2.172187952961  -0.464640178578  0.256941014671  0.300101760795
  43  C  0.057770390435  6.513958411431  6.538597311802  -0.596396896055  -0.281533746085  0.014235781593
  44  C  4.359990967000  2.171389616913  2.183980299739  -0.138184602622  -0.005033494294  -0.226179813469
  45  C  4.364054967375  2.151062611717  6.524832745094  0.011080013652  0.291152925629  -0.370814194064
  46  C  4.362836514174  6.500127893026  2.170506518504  -0.155738760819  0.151161976782  0.256812609994
  47  C  4.358552941773  6.508372235413  6.529266335545  -0.070629963071  -0.017795699089  0.181626459562
  48  C  2.191214776086  8.716127407387  2.171020125472  -0.199559278039  -0.207191940759  0.145802588160
  49  C  2.172836905191  -0.019634152848  6.532118953522  0.350499854344  -0.600823537196  0.053377691187
  50  C  2.183004426318  4.334068628064  2.183266611043  -0.087446749888  0.290442974917  -0.016732885933
  51  C  2.180869359306  4.326199449569  6.539508017953  0.260268817597  0.072152006645  -0.184140618598
  52  C  6.516627624035  0.005811628214  2.171484510574  0.458310737425  -0.818483194897  0.059407174286
  53  C  6.539325418770  -0.032080997675  6.515752027653  -0.145162852474  -0.187719348187  0.197994123855
  54  C  6.534336107692  4.335498272275  2.186796365445  0.089581389241  0.098624898954  -0.304339000203
  55  C  6.541130846372  4.327634006712  6.519750874618  -0.117078111749  0.014869904693  0.068823649210
  56  C  2.182403068706  2.162428337460  0.010108965186  -0.387061143785  0.857990726503  0.220283053289
  57  C  2.170395842675  2.145100964329  4.344494826640  0.370182486115  0.336223854924  0.282023010923
  58  C  2.184352028381  6.516010437106  0.025381831637  -0.573509025159  0.409095878776  0.248902050237
  59  C  2.169919386406  6.494464911285  4.367272792906  0.389044476198  0.492829331935  -0.154795405708
  60  C  6.550114509206  2.120739914956  8.662102870224  -0.386189182078  0.433238356574  0.539362481439
  61  C  6.525792096851  2.165630114616  4.337282880559  0.249481119541  -0.133278683435  0.186289112175
  62  C  6.526417776207  6.512336825546  0.009761080180  -0.262444958917  0.629305345102  0.476928117690
  63  C  6.543979094097  6.497759359387  4.354520226759  -0.502211142799  0.235575574002  -0.006063382897


MDSTEP:  1
LATTICE_CONSTANT: 1.889726125458
LATTICE_VECTORS
  8.659006616996  0.000000000000  0.000000000000
  0.003339649135  8.731954511223  0.000000000000
  0.029007594051  -0.051512404004  8.664931110064
VIRIAL (KBAR)
  85.404784865157  -7.618878383117  -13.866710187606
  -7.618878383117  63.895268745845  22.264092973135
  -13.866710187606  22.264092973135  84.498109228850
INDEX    LABEL    POSITIONS    FORCE (eV/Angstrom)
  0  Si  3.266765515158  1.080303910529  3.270275169185  0.137140460156  -0.384572599097  -0.245224063371
  1  Si  3.281880669352  1.071081480111  7.598530869544  0.127101925353  -0.700853227287  -0.271239340100
  2  Si  3.266315910876  5.424272927959  3.283930092457  -0.169792640803  0.019219520498  -0.460424470211
  3  Si  3.271029786362  5.407188393527  7.623666862091  0.460653822568  -0.290364134215  -0.649524857226
  4  Si  7.632487006318  1.082880734297  3.258344830997  -0.599421505949  -0.323021797097  -0.057906880595
  5  Si  7.624234725495  1.071417944769  7.607243583959  0.036023318489  -0.844704889619  -0.621528226403
  6  Si  7.609910045387  5.435816566822  3.266191832090  0.238719341188  -0.481992997871  0.098127557491
  7  Si  7.626217590342  5.410445063046  7.619325993266  0.143828450513  -0.452929643692  -0.777611424686
  8  Si  3.273396032133  3.269890529604  1.087133503467  -0.280281077298  -0.474580487852  0.381652935807
  9  Si  3.271670299372  3.260740674824  5.426257934649  -0.254885647939  -0.589680048585  0.395725360415
  10  Si  3.256204197993  7.593356627373  1.105439060357  0.528730655766  0.840091682758  -0.137953065255
  11  Si  3.274071050820  7.602319720287  5.447084480324  -0.202806568091  0.336223667432  -0.080724523726
  12  Si  7.611748292779  3.242072435213  1.082596701139  -0.282708683630  0.355270888967  0.143912261721
  13  Si  7.625158586608  3.235655170204  5.427010223429  -0.370385308232  0.049493244622  0.280256335505
  14  Si  7.636120025028  7.605250748092  1.085000038634  -0.827917371498  0.685085997482  0.305093375053
  15  Si  7.607862953682  7.576576521896  5.456121758114  0.334959016082  0.851032190182  -0.447085224839
  16  Si  1.083177665858  1.083521524583  1.074900141859  0.861952402115  -0.078527377426  0.560386142534
  17  Si  1.106561219495  1.068852312416  5.446411125106  0.113326337343  -0.363003443154  -0.150165883493
  18  Si  1.078010835376  5.436998769198  1.099928012765  0.973949052918  -0.502797401757  0.131802101641
  19  Si  1.105405939888  5.419056915677  5.456599720935  0.236861248397  -0.168016117804  -0.108232746519
  20  Si  5.438015387644  1.076971197431  1.091208430111  -0.116210334720  0.063588026044  0.022380764851
  21  Si  5.446914046729  1.071746933621  5.425423750502  0.074632696910  -0.300384502282  0.178742781473
  22  Si  5.451131318291  5.416699239163  1.095770538896  -0.129676711133  0.119180532224  0.106776662890
  23  Si  5.432270870627  5.423543537097  5.450828790514  0.229491779463  -0.240579442288  -0.211472934208
  24  Si  1.098054849970  3.248259072789  3.278001274019  0.464004970980  -0.106785847679  -0.501409819294
  25  Si  1.089890031003  3.261347745595  7.624243028380  1.495883623749  -1.463389561736  -0.959380298442
  26  Si  1.104438496963  7.604599048638  3.273040568084  0.545687986060  0.248044756440  -0.206555287482
  27  Si  1.100840237366  7.579211398590  7.643122051597  1.198166291005  0.271035311922  -1.043032732879
  28  Si  5.452156155893  3.245028341531  3.253108082629  -0.366336667271  0.201069483669  0.357023200773
  29  Si  5.444771995802  3.244012464256  7.617691861936  0.558143148471  -0.616815990764  -0.874639567581
  30  Si  5.441043035103  7.595733626297  3.255486561345  0.294025043198  0.442302761467  0.028798590337
  31  Si  5.444977544209  7.590664057455  7.626085017807  0.571068436311  0.010893114407  -0.777803796111
  32  C  0.041926104525  8.730911377681  0.001516701651  -0.981422460027  0.048342421241  0.478618001872
  33  C  0.046812855562  -0.022692337361  4.325927796432  -0.574683656034  -0.245409020587  0.724903255192
  34  C  0.074093784115  4.287239359168  8.662483844408  -1.376501025335  1.012887830526  1.061110959581
  35  C  0.050499554616  4.320422797806  4.358318546447  -0.521149682095  0.548867302524  -0.053056783511
  36  C  4.389176459391  -0.047101248315  8.656921960926  -0.755559430507  -0.178468727765  0.785940442394
  37  C  4.369801650719  8.701541460391  4.342296400093  -0.284660942361  -0.138164238910  0.130464957558
  38  C  4.353604889800  4.342114047129  0.006872608673  -0.319390482225  0.681540144940  0.421574361263
  39  C  4.331662531467  4.340084655903  4.352957698818  0.797795380748  -0.057199450206  -0.073413866374
  40  C  0.024598776430  2.178675543991  2.161611167644  0.111252535411  -0.193128701535  0.235115072432
  41  C  0.043637688257  2.152169525217  6.531056688278  -0.258585793729  0.164953209267  -0.163264016181
  42  C  0.042901915328  6.513739715981  2.171232191220  -0.498791133188  0.254936230816  0.328197716066
  43  C  0.057240222745  6.513747201352  6.538082467738  -0.574171416984  -0.274791459360  0.022088049923
  44  C  4.359973413176  2.170611036023  2.183595439241  -0.129372380516  -0.003608677665  -0.215370313740
  45  C  4.364025984806  2.151913925500  6.524596141625  0.005086310760  0.264551879081  -0.357926954576
  46  C  4.361860055978  6.499723022938  2.171078505436  -0.135091569846  0.155562675612  0.239479454986
  47  C  4.359307942505  6.508809122612  6.529232880145  -0.090385529576  -0.037166416510  0.189829959863
  48  C  2.191155149536  8.716235584698  2.171076553741  -0.194883771336  -0.193211319712  0.147272346249
  49  C  2.173097226059  -0.019343963138  6.531314128591  0.348297467652  -0.606503643152  0.061667468241
  50  C  2.182744236233  4.334457735242  2.183682911917  -0.077735692488  0.272589036667  -0.034594258009
  51  C  2.179771472909  4.326171074486  6.538993989246  0.282928512033  0.070395992262  -0.170897796926
  52  C  6.516696799695  0.005786991337  2.170447588856  0.456791064926  -0.832548065492  0.081953277345
  53  C  6.540128363935  -0.033004716320  6.515202362636  -0.169872549835  -0.157624929007  0.220247839655
  54  C  6.534412372477  4.335042442363  2.186763996367  0.076863562167  0.105243253999  -0.299043612036
  55  C  6.540187310629  4.328011203128  6.520368615233  -0.091098516124  0.003414235508  0.043338544679
  56  C  2.182151107709  2.163536132358  0.009680512083  -0.372123824912  0.844011404814  0.234864508356
  57  C  2.171491736671  2.144871764257  4.344099834888  0.339274028532  0.344353814162  0.292150694429
  58  C  2.183804283545  6.516555321510  0.026579433764  -0.547549311340  0.401042141256  0.207476651668
  59  C  2.170591663500  6.494219870051  4.365814395199  0.366187339153  0.497912690453  -0.116622572297
  60  C  6.549501343000  2.120802372413  8.661557675028  -0.377864686809  0.428229308822  0.547563569146
  61  C  6.525978008484  2.165863099422  4.338500335972  0.253042984374  -0.135071985131  0.151517518055
  62  C  6.526211659420  6.512882846131  0.009342459298  -0.256793277294  0.612165506913  0.480047373281
  63  C  6.543105150303  6.497902720111  4.354938241723  -0.473759543666  0.232365888261  -0.009994776655


MDSTEP:  2
LATTICE_CONSTANT: 1.889726125458
LATTICE_VECTORS
  8.659006616996  0.000000000000  0.000000000000
  0.003339649135  8.731954511223  0.000000000000
  0.029007594051  -0.051512404004  8.664931110064
VIRIAL (KBAR)
  85.387505518709  -7.407458724773  -13.302323870978
  -7.407458724773  63.716473257243  21.700211951091
  -13.302323870978  21.700211951091  84.328216123714
INDEX    LABEL    POSITIONS    FORCE (eV/Angstrom)
  0  Si  3.266985531548  1.078354248425  3.270482538275  0.152558983669  -0.314120655152  -0.238045973667
  1  Si  3.279369067712  1.070210150779  7.597817410755  0.238825454680  -0.621740316999  -0.248031622922
  2  Si  3.265233241683  5.425529251340  3.282510890209  -0.083693576839  -0.022576807481  -0.423873160123
  3  Si  3.271975851465  5.407364034612  7.625652457144  0.431244352220  -0.248780575751  -0.694914174267
  4  Si  7.633260113835  1.084400479024  3.259366415519  -0.593783151019  -0.280014554326  -0.101726615453
  5  Si  7.623257203527  1.071895712493  7.604429655709  0.005460570958  -0.862536838842  -0.492377682990
  6  Si  7.610165558218  5.437461328832  3.266849050504  0.195222426413  -0.500290672864  0.088136925649
  7  Si  7.627018139445  5.410386923097  7.618536176790  0.112405262489  -0.389516761384  -0.750829525077
  8  Si  3.272574119094  3.270879611676  1.088853811492  -0.258626574418  -0.522882693663  0.352452809592
  9  Si  3.272518743077  3.258710820908  5.423935019587  -0.182281280745  -0.517311393681  0.442706570550
  10  Si  3.254088413418  7.594622882994  1.103747271500  0.596399434938  0.823916028582  -0.137816934199
  11  Si  3.274627576989  7.603489619481  5.447413812262  -0.244911502354  0.298762567991  -0.097814447694
  12  Si  7.609025080330  3.239592527421  1.081620913788  -0.250716964207  0.465460495580  0.171134163918
  13  Si  7.623776241622  3.236490035291  5.428988684811  -0.328723349431  0.102908997825  0.228968081824
  14  Si  7.634157220483  7.604650993257  1.085985737486  -0.802508990254  0.652436190019  0.299867304332
  15  Si  7.609973143621  7.577675892949  5.454984998634  0.319254872792  0.857800209907  -0.397713067138
  16  Si  1.085500512216  1.081843036231  1.073287832589  0.759147054165  -0.031297319684  0.596397451145
  17  Si  1.106618371164  1.070459243530  5.447284183633  0.098187005872  -0.349836258904  -0.139441079732
  18  Si  1.080472994641  5.435200038027  1.099418050312  0.858211632686  -0.485900084706  0.200027738478
  19  Si  1.106572053644  5.420941219882  5.456812037429  0.205842441492  -0.258146863179  -0.104032512495
  20  Si  5.439233352404  1.079269653271  1.089811249728  -0.195658088962  0.013618613580  0.084736425683
  21  Si  5.449185192841  1.071914534295  5.427766691544  0.003668973122  -0.279398413188  0.122772875981
  22  Si  5.451057325881  5.417016904812  1.098118809251  -0.162426940746  0.121534463581  0.043325580227
  23  Si  5.433927054763  5.425114521272  5.451253575698  0.172804579598  -0.230529769649  -0.222511597091
  24  Si  1.099041767347  3.250829658803  3.280123351130  0.396812621936  -0.125518008042  -0.538584755386
  25  Si  1.089480319117  3.262815376586  7.624382759045  1.479698029282  -1.456407199417  -0.933841412276
  26  Si  1.105351196598  7.606049349969  3.274419432448  0.509613939344  0.222688917326  -0.276839882417
  27  Si  1.102804278950  7.578055803768  7.643313173165  1.128567101797  0.313911973449  -1.027432368089
  28  Si  5.451875351157  3.243344258660  3.254786206298  -0.293847609180  0.309062001993  0.322820619099
  29  Si  5.446885564085  3.245764152996  7.618256863701  0.465780840412  -0.527701200987  -0.867497737400
  30  Si  5.440683352680  7.596475047681  3.256006533956  0.304147192440  0.398387795885  0.014176321968
  31  Si  5.445940183261  7.590870762275  7.623966668111  0.543936536763  0.008911476240  -0.723024136874
  32  C  0.041773799518  8.727190828187  0.003518394909  -0.998453823565  0.123672841173  0.416420623893
  33  C  0.046497310674  -0.020212159157  4.326631253250  -0.524167137076  -0.262668710660  0.717016624073
  34  C  0.069870063351  4.287970995656  8.663419546548  -1.267368791151  0.968507595350  1.015673548538
  35  C  0.046446586315  4.323394059982  4.357347490268  -0.427150308006  0.493745752624  0.008979142098
  36  C  4.389677569647  -0.047630001553  8.654687566989  -0.766271800680  -0.144377057306  0.816501760950
  37  C  4.368873305665  8.699394225531  4.341650726649  -0.258050920766  -0.061351142804  0.170787047515
  38  C  4.349464116741  4.344413065429  0.007804676731  -0.205440071615  0.624715781500  0.416114477133
  39  C  4.334822454727  4.340704253019  4.352470032019  0.728434198222  -0.030812459209  -0.069026508327
  40  C  0.024505918534  2.182506202225  2.158248006352  0.150030044976  -0.291437136261  0.315321276658
  41  C  0.040002999072  2.153435123542  6.531708584725  -0.175356014515  0.165083278764  -0.172460846367
  42  C  0.040268337014  6.511688957013  2.172544219401  -0.391112915952  0.313933954088  0.299628304955
  43  C  0.060188026996  6.515441731170  6.537801192628  -0.612737608847  -0.283369934751  0.025395929865
  44  C  4.359374944239  2.173430161858  2.187066108509  -0.110593613213  -0.089404134253  -0.283452314492
  45  C  4.367643551617  2.155338861990  6.526457926893  -0.072374776693  0.173683560136  -0.386576217193
  46  C  4.360411861371  6.500143744102  2.169010083476  -0.132422280127  0.192368668500  0.290860607826
  47  C  4.359054635112  6.512400068475  6.529113048087  -0.093061558458  -0.116625079455  0.192693080605
  48  C  2.190752492106  -0.012112816797  2.168649346690  -0.260996769348  -0.269685248055  0.210537173564
  49  C  2.173039253307  -0.017575526061  6.533508420583  0.328342011732  -0.638587847757  -0.008840637575
  50  C  2.185940055215  4.332725405859  2.185760955882  -0.151528048318  0.323382989457  -0.069897824525
  51  C  2.183729705363  4.324874076846  6.538070909548  0.203068550462  0.099772278227  -0.160491349673
  52  C  6.517553024638  0.005556476574  2.171496795383  0.428301234612  -0.781586527139  0.071253267289
  53  C  6.537504849684  -0.033308740175  6.514253213814  -0.072078399350  -0.163402149222  0.228243135430
  54  C  6.535712764777  4.338479759526  2.184195001381  0.028769865268  0.004873002689  -0.204170919918
  55  C  6.540971735364  4.330955481010  6.517262358155  -0.101677472091  -0.025945965688  0.142774814432
  56  C  2.180834373158  2.161791273380  0.011048585964  -0.340093189986  0.900147717822  0.195669313402
  57  C  2.172510395907  2.146569546834  4.345110008885  0.311030247459  0.280654324838  0.273145419380
  58  C  2.179813506962  6.517367465297  0.027258186067  -0.450230267955  0.363793154955  0.186579124999
  59  C  2.168814106513  6.490747347771  4.364463721914  0.422885613338  0.619533652462  -0.089176307377
  60  C  6.545246117370  2.124556857811  8.662813965421  -0.263673509331  0.321075521656  0.466209303929
  61  C  6.528360149650  2.168871314405  4.342109652606  0.205658936982  -0.219158878692  0.090500625909
  62  C  6.523373728899  6.512955883597  0.009629243416  -0.202691396226  0.604911734704  0.439604364398
  63  C  6.545101022251  6.499208327576  4.358678688992  -0.509601308698  0.239663118246  -0.096990224550


MDSTEP:  3
LATTICE_CONSTANT: 1.889726125458
LATTICE_VECTORS
  8.659006616996  0.000000000000  0.000000000000
  0.003339649135  8.731954511223  0.000000000000
  0.029007594051  -0.051512404004  8.664931110064
VIRIAL (KBAR)
  85.368716866303  -7.828703014842  -13.349675619873
  -7.828703014842  63.668322113027  22.070064616827
  -13.349675619873  22.070064616827  84.269465901375
INDEX    LABEL    POSITIONS    FORCE (eV/Angstrom)
  0  Si  3.264642224985  1.076806728810  3.273057416748  0.220434503890  -0.312489424857  -0.346567631754
  1  Si  3.278519890945  1.072772955201  7.599453502191  0.316139558190  -0.698265938562  -0.363107958945
  2  Si  3.265036316665  5.423943554328  3.285469817226  -0.037685224176  -0.034979524447  -0.530328630622
  3  Si  3.269498833786  5.409820360172  7.626270031994  0.540030771590  -0.245777748627  -0.771116906911
  4  Si  7.634576046104  1.087255206860  3.257135447723  -0.664007236776  -0.384402644201  0.002214389287
  5  Si  7.621745758564  1.069285894365  7.602195927323  0.017712291119  -0.808232812898  -0.426831430878
  6  Si  7.611109307914  5.435039027806  3.264284349887  0.234198627438  -0.438676086900  0.114960247419
  7  Si  7.625162999966  5.413359628422  7.614899170764  0.106036563645  -0.472630086280  -0.692943600210
  8  Si  3.270127697614  3.268058565562  1.088709703957  -0.167089885670  -0.471204654422  0.317879007742
  9  Si  3.273488641179  3.261419251272  5.421312712275  -0.135802257472  -0.560374984607  0.468244002331
  10  Si  3.255087281705  7.591920927207  1.102961365979  0.583057760167  0.918752085605  -0.108811625373
  11  Si  3.274518630341  7.603151467436  5.445942607717  -0.221509129532  0.356279733704  -0.075163162412
  12  Si  7.607159997871  3.242618915056  1.082139608369  -0.191375576032  0.319109331049  0.136330609269
  13  Si  7.621513464385  3.233291255472  5.428593598146  -0.329942759473  0.136397318563  0.253726510869
  14  Si  7.636063429576  7.606636370230  1.085090490745  -0.889226970444  0.601054752628  0.311953788466
  15  Si  7.613544155108  7.574743057862  5.455012047486  0.224698175260  0.914470589793  -0.438383163345
  16  Si  1.083682630699  1.082956879064  1.074881421238  0.744375052818  -0.071618678133  0.569727639118
  17  Si  1.105453882190  1.073045340558  5.448256056330  0.197291306918  -0.415297118960  -0.134176316841
  18  Si  1.079665992835  5.431906376293  1.101340578776  0.966123949226  -0.401014366526  0.135146287764
  19  Si  1.108751183828  5.422233765859  5.458040814724  0.156738072636  -0.330526187752  -0.196376105852
  20  Si  5.441975593611  1.077974097047  1.091595311570  -0.303242992883  0.040413543762  0.032975441495
  21  Si  5.447781910048  1.073968948278  5.425647586215  0.082999882776  -0.365203316058  0.249067825444
  22  Si  5.451634824009  5.413954665477  1.095363446595  -0.149073355943  0.164595946059  0.068946546695
  23  Si  5.431604179290  5.423256929381  5.448648194863  0.233476473106  -0.103277391266  -0.229933291037
  24  Si  1.099797544578  3.247714608901  3.282646061907  0.362555898845  -0.028251607158  -0.588040497957
  25  Si  1.093085296716  3.259228992309  7.627017593851  1.410484065936  -1.299405218919  -0.989791313241
  26  Si  1.105311143168  7.604436573537  3.274929129895  0.478805087952  0.287359444920  -0.232388213289
  27  Si  1.100890119742  7.578751589297  7.642795845553  1.123193524841  0.253379681945  -1.016294993525
  28  Si  5.453967745943  3.246411983305  3.255081465697  -0.362943912502  0.156370981131  0.226299818437
  29  Si  5.447617293250  3.247177380126  7.616048980729  0.453191021294  -0.506224612464  -0.776587683208
  30  Si  5.439148627050  7.597540445782  3.256276756211  0.355105498696  0.354095416070  -0.018801524937
  31  Si  5.442767344099  7.593873256970  7.622658584328  0.572972027215  -0.029991440009  -0.751002167500
  32  C  0.037843803229  8.727530693004  0.002800493030  -0.895290471125  0.142551616681  0.420926082160
  33  C  0.044026657260  -0.018510985954  4.328749850696  -0.438669670919  -0.289470649057  0.671223220654
  34  C  0.039242137652  4.337806373428  0.001463978473  -1.208300688494  0.995433382079  0.883935472376
  35  C  0.044327281546  4.320756396976  4.360109800677  -0.345596476353  0.520747474878  -0.046785992786
  36  C  4.386491013837  -0.045794793193  8.650200973309  -0.692733056496  -0.135785289258  0.957263385556
  37  C  4.372334283979  8.703090680611  4.342858916040  -0.378089395483  -0.141221870910  0.145024086109
  38  C  4.347401589975  4.346700133997  0.008424119621  -0.191311318394  0.528516377673  0.361087743527
  39  C  4.339106465465  4.338024514342  4.349823555946  0.660348239203  0.041893987802  -0.048286788119
  40  C  0.020090408255  2.182424955213  2.162644582149  0.267021389018  -0.233135979705  0.190349946370
  41  C  0.041046308674  2.153897579918  6.534985434666  -0.208438363871  0.166410259504  -0.222204387443
  42  C  0.044832354619  6.514457499429  2.171126375397  -0.492332682421  0.224115207026  0.318864607880
  43  C  0.058207152052  6.510366424719  6.532760788488  -0.505936379781  -0.167810879778  0.165447726981
  44  C  4.354025613812  2.173222868779  2.184637012919  0.024370403917  -0.096951533400  -0.205423470761
  45  C  4.369799010749  2.158881181580  6.526226142659  -0.152636440345  0.112570053740  -0.402717465654
  46  C  4.359959737136  6.495815625405  2.165959232599  -0.098997520926  0.260601235263  0.383475249622
  47  C  4.358806078221  6.516806449499  6.524414633255  -0.088253958802  -0.230379449172  0.243777942485
  48  C  2.189465231495  8.716913181686  2.171064940080  -0.156513855475  -0.233242933304  0.168703293643
  49  C  2.174485382969  -0.022415970975  6.538407243514  0.262786120681  -0.484807487756  -0.153230090096
  50  C  2.189724119308  4.329436132860  2.185449153553  -0.278097312599  0.352527827804  -0.018669591857
  51  C  2.186627451248  4.327903794251  6.532701732370  0.142416139884  0.019120122923  -0.014037868496
  52  C  6.518732646452  0.007441949280  2.174144581476  0.420750963043  -0.838229144216  0.020819555765
  53  C  6.541938419368  -0.037729777856  6.517493881897  -0.185575174545  -0.072734706523  0.097059690871
  54  C  6.540480985895  4.334247852912  2.181638389822  -0.086466481114  0.123487352882  -0.171084845414
  55  C  6.538119326764  4.334226859772  6.513072804814  -0.046500300139  -0.108693023933  0.205101256739
  56  C  2.183183642901  2.160146397434  0.007733317452  -0.454080941662  0.934160598773  0.323051137231
  57  C  2.177412660721  2.149567671580  4.341042600151  0.200924455408  0.193170129217  0.442662794289
  58  C  2.184565483134  6.521329571120  0.025723809557  -0.659950363685  0.247523406128  0.228153958917
  59  C  2.171199486281  6.490782817763  4.363694810610  0.367710974614  0.610414594503  -0.075868125641
  60  C  6.546671459645  2.122943917715  8.664256594693  -0.285519812767  0.375409113129  0.406337165727
  61  C  6.524592413092  2.164244575285  4.340885597760  0.293167269657  -0.106666861459  0.092155163281
  62  C  6.519352152368  6.515141134916  0.005884508951  -0.125642778696  0.578790396082  0.512287808498
  63  C  6.548737894701  6.500277198619  4.355527572766  -0.592283323989  0.187251690199  -0.080224558913


MDSTEP:  4
LATTICE_CONSTANT: 1.889726125458
LATTICE_VECTORS
  8.659006616996  0.000000000000  0.000000000000
  0.003339649135  8.731954511223  0.000000000000
  0.029007594051  -0.051512404004  8.664931110064
VIRIAL (KBAR)
  85.424199625363  -8.424680538921  -13.488315980029
  -8.424680538921  63.627243920729  21.949684702108
  -13.488315980029  21.949684702108  84.232470800366
INDEX    LABEL    POSITIONS    FORCE (eV/Angstrom)
  0  Si  3.266115357637  1.076939169786  3.271380469757  0.203373430913  -0.274737867694  -0.359989238031
  1  Si  3.282308035512  1.074759654005  7.596191397712  0.159728469023  -0.612670367520  -0.276983702179
  2  Si  3.261190142696  5.424055532322  3.284451633401  -0.015017320551  -0.032112427577  -0.603081822453
  3  Si  3.267289837609  5.409342832844  7.623183853095  0.616576403465  -0.251072781302  -0.621945691267
  4  Si  7.632756034333  1.086573222849  3.253030433919  -0.629478957707  -0.304068726326  0.065819633593
  5  Si  7.622995339709  1.065905201599  7.601733399783  -0.000036638425  -0.684725855047  -0.397456308105
  6  Si  7.607737755401  5.437214902123  3.266697593518  0.335769947979  -0.536381643195  -0.015584083297
  7  Si  7.626732576124  5.416602870997  7.617709506311  -0.042277368798  -0.515641895277  -0.723388411047
  8  Si  3.266439706306  3.264137490615  1.089043680962  -0.069074223150  -0.336530042614  0.342660237270
  9  Si  3.270761613230  3.264778786856  5.418231932215  -0.117654806735  -0.609125557394  0.430656508462
  10  Si  3.254357757275  7.593035121973  1.104073029755  0.544415324384  0.869066253590  -0.169338682502
  11  Si  3.276105708387  7.603601068194  5.445141523628  -0.282355448785  0.360944767621  0.021824497909
  12  Si  7.609770962342  3.243373412566  1.085686071357  -0.261045715479  0.198213439537  0.088337873399
  13  Si  7.619089939744  3.235739354358  5.427636407260  -0.268385035292  0.070699733584  0.231099511828
  14  Si  7.634777394440  7.603501313146  1.087754274008  -0.840505189477  0.761583462958  0.256410369871
  15  Si  7.612685925215  7.577110063924  5.458465921803  0.278944631798  0.866417597653  -0.583963284796
  16  Si  1.086837937464  1.085683999900  1.076857315693  0.677923591022  -0.134517051074  0.504195672092
  17  Si  1.106644095326  1.073036645332  5.449244845994  0.125807641922  -0.345108622049  -0.243514503767
  18  Si  1.080017836888  5.432422893689  1.102813593468  0.862048701778  -0.450220263690  0.070360729474
  19  Si  1.104898842258  5.424245019681  5.458801092822  0.260409633641  -0.505869095972  -0.251269332711
  20  Si  5.438874476653  1.075032060010  1.089082048908  -0.207132312732  0.142504102074  0.130756149923
  21  Si  5.450113425347  1.076701633436  5.427686657186  0.024366100734  -0.366542002090  0.171006770183
  22  Si  5.448960455331  5.415395178889  1.093834611904  -0.092897805669  -0.000837151536  0.118805704866
  23  Si  5.428409967684  5.426446135793  5.445267026921  0.351211005008  -0.206317648586  -0.200334051506
  24  Si  1.099754213778  3.245798152714  3.279951213272  0.350897156920  0.088966407791  -0.529026420891
  25  Si  1.091807697304  3.260091304294  7.630388460870  1.441802659384  -1.307059055737  -1.066114372350
  26  Si  1.103167053786  7.604592699079  3.277161032059  0.474443169806  0.299818533830  -0.315533402176
  27  Si  1.104898468188  7.575867581570  7.640741523790  0.994625889150  0.329919985636  -0.929281431933
  28  Si  5.454349527646  3.247665477173  3.258259212630  -0.369768948178  0.121685891869  0.097908155742
  29  Si  5.445555147573  3.248447946440  7.616856099733  0.466651414618  -0.540977967555  -0.790332617436
  30  Si  5.442031420792  7.600260527889  3.258539183435  0.225496973980  0.302694224054  -0.065224244774
  31  Si  5.439049500146  7.594613494144  7.623376721925  0.648710450654  0.024244366703  -0.714870672936
  32  C  0.040472987911  8.731129017265  0.000400263295  -0.920522794292  -0.011034162184  0.500407296499
  33  C  0.038301321203  -0.013919458725  4.325134385416  -0.313578682178  -0.386700134144  0.775500185583
  34  C  0.034196362433  4.336826048882  0.001450999017  -1.104267666111  1.065122201295  0.912698978340
  35  C  0.042509938620  4.323047454193  4.355003078864  -0.308338926883  0.475674254302  0.067205581720
  36  C  4.383722011617  -0.041213977695  8.652335893998  -0.676804029925  -0.262557373670  0.838089068330
  37  C  4.363666059699  -0.025095404316  4.346145498325  -0.233014621158  -0.227119336534  0.107797523602
  38  C  4.345962902728  4.345433726920  0.007371586588  -0.229810966052  0.553862494129  0.400335700684
  39  C  4.336744960816  4.339323115209  4.344303677549  0.669275563844  0.069848007892  0.039229888121
  40  C  0.025402410307  2.181376969760  2.167637078051  0.150529753870  -0.235932160370  0.044815075748
  41  C  0.043098515036  2.153531746692  6.534446901957  -0.262883958375  0.218488971369  -0.225410310001
  42  C  0.041801862772  6.511139095724  2.168158995485  -0.437906224583  0.305887290186  0.431863952774
  43  C  0.058774672905  6.507707537838  6.528146925386  -0.542044615373  -0.048265947063  0.318660123031
  44  C  4.357211773581  2.172893068788  2.184292566125  -0.049955170653  -0.082927283311  -0.189855518363
  45  C  4.365772624858  2.163527272511  6.521248641653  -0.054559544901  0.062269756133  -0.346426595686
  46  C  4.357254604915  6.492020802819  2.159955875419  -0.045792543330  0.406137427795  0.572861163502
  47  C  4.363822823736  6.513939668779  6.528528230475  -0.247125592269  -0.112628172037  0.135010729755
  48  C  2.187910274146  -0.012848112558  2.167079957680  -0.191459170806  -0.303694059478  0.288867769165
  49  C  2.168917000623  -0.016969501514  6.541775900183  0.446435442703  -0.642148336116  -0.233809164942
  50  C  2.184587455453  4.334305438346  2.181717894649  -0.190517586587  0.217280295030  0.050574801492
  51  C  2.193015478748  4.328377613889  6.534821985763  -0.094212819581  0.029328748427  -0.094615067559
  52  C  6.518636924670  0.010939359969  2.179141702399  0.376168457487  -0.919453057537  -0.130274439712
  53  C  6.547819057663  8.692963711256  6.513680860505  -0.297362809299  -0.046831067878  0.223841383870
  54  C  6.544702124727  4.329963736857  2.183705351246  -0.220906308549  0.268065581618  -0.198370326069
  55  C  6.535845838711  4.332199763004  6.513650318471  -0.036967954675  0.015154425551  0.182582333699
  56  C  2.182276050628  2.162678729307  0.010748719053  -0.403893497148  0.858907157205  0.214086062458
  57  C  2.177067136848  2.150245097495  4.335125068056  0.210990434345  0.185876844453  0.551260920471
  58  C  2.181098877354  6.517613776530  0.028361847089  -0.554631711011  0.330342440367  0.136315875184
  59  C  2.170785208848  6.487926359376  4.365577240436  0.357784222815  0.710477404064  -0.086448602171
  60  C  6.542876881215  2.121332714868  8.664765197452  -0.176031090335  0.366165347163  0.385661549392
  61  C  6.523893740200  2.162172437403  4.335252972684  0.316222201346  -0.055431508220  0.232317832925
  62  C  6.514101272974  6.519533219182  0.011107449288  -0.018508010062  0.518095614617  0.376240448973
  63  C  6.554439859341  6.500697516610  4.352724646345  -0.763882607474  0.255495592281  0.046376238735


MDSTEP:  5
LATTICE_CONSTANT: 1.889726125458
LATTICE_VECTORS
  8.659006616996  0.000000000000  0.000000000000
  0.003339649135  8.731954511223  0.000000000000
  0.029007594051  -0.051512404004  8.664931110064
VIRIAL (KBAR)
  85.320956318605  -7.828180828488  -12.670682009512
  -7.828180828488  63.531927244435  20.735385649648
  -12.670682009512  20.735385649648  84.187621691559
INDEX    LABEL    POSITIONS    FORCE (eV/Angstrom)
  0  Si  3.263158759132  1.075513012937  3.270679539814  0.252688270416  -0.327792758098  -0.283590439287
  1  Si  3.285710326943  1.076281601636  7.598804065384  0.127062910426  -0.700318673947  -0.399926151272
  2  Si  3.260109170892  5.420641471601  3.283549524235  -0.097913784035  0.075189957159  -0.516378047119
  3  Si  3.263749042054  5.410206587718  7.627395385633  0.653655025284  -0.311671957404  -0.717572961185
  4  Si  7.628842446630  1.089960991527  3.249829662184  -0.517901582911  -0.438522492240  0.191629879291
  5  Si  7.625858484871  1.063902389831  7.600609845747  -0.147415329880  -0.580149341005  -0.307198417446
  6  Si  7.607433862240  5.437336640277  3.269010444266  0.285245768443  -0.559135447794  -0.085595637279
  7  Si  7.631165468056  5.420766329719  7.613567749813  -0.219078827856  -0.522643829717  -0.538400459119
  8  Si  3.261879150540  3.259793172517  1.092926067674  -0.016378200188  -0.250368046568  0.241975671810
  9  Si  3.274501356657  3.260214445303  5.417614843633  -0.220023818978  -0.434637562879  0.371723509515
  10  Si  3.251552995588  7.590683012493  1.106648913275  0.596311229164  0.899166158638  -0.158369928548
  11  Si  3.277170525446  7.599690941905  5.444784639383  -0.312829669336  0.501401711401  0.006850389787
  12  Si  7.608820054757  3.243062437940  1.086679879226  -0.178603632210  0.288502576197  0.009000545182
  13  Si  7.622172458911  3.236362824264  5.424898400530  -0.458207306919  0.072000491415  0.396700107780
  14  Si  7.637357693358  7.605395672551  1.083786323198  -0.943670638452  0.796712765517  0.385352203533
  15  Si  7.617158294379  7.577172726344  5.457172557058  0.229502039864  0.820726517251  -0.616113374924
  16  Si  1.085729495541  1.089714418158  1.080974665798  0.663621799096  -0.187007609347  0.359866111426
  17  Si  1.102933309881  1.076711261424  5.452715058183  0.180989495545  -0.410668490916  -0.328846861546
  18  Si  1.077397616870  5.436255443674  1.106893802728  0.770848870385  -0.549539532132  0.040902018615
  19  Si  1.101105727291  5.427107744861  5.463146599030  0.400448682527  -0.529732780751  -0.376885610744
  20  Si  5.438886569696  1.070394867732  1.086177253896  -0.194396972816  0.322464694171  0.259628185616
  21  Si  5.448108238184  1.077782249477  5.425492432498  0.128544143955  -0.414910621345  0.237420447522
  22  Si  5.451281470692  5.411009335575  1.095974253587  -0.200022577659  0.067802887694  0.007610522727
  23  Si  5.427116144836  5.429895292538  5.443165340004  0.403355245256  -0.252837579708  -0.193555853406
  24  Si  1.100373752983  3.247486935453  3.284100194693  0.223694541309  0.052286314172  -0.519828596600
  25  Si  1.093476844429  3.260946154590  7.629387064002  1.364944580904  -1.220509351052  -1.003783478945
  26  Si  1.098680251238  7.609389117267  3.275763256245  0.571441221825  0.168749782726  -0.292878792786
  27  Si  1.109265378261  7.572189464500  7.638195203520  0.874493410395  0.618339996731  -0.761097531288
  28  Si  5.457070704321  3.245730317565  3.255322132244  -0.459414248898  0.261919552623  0.138987088998
  29  Si  5.447888840985  3.247133422701  7.611919511568  0.412146449051  -0.435692378538  -0.656726784529
  30  Si  5.443983225142  7.604049968417  3.253896425311  0.143823074896  0.206591302073  0.063019419812
  31  Si  5.442927852609  7.591562845700  7.624448190301  0.516378275633  0.034239595534  -0.753677501698
  32  C  0.031304352244  0.005320165213  0.003344250111  -0.660649192242  -0.183232317637  0.387349953105
  33  C  0.043403468668  -0.017472684543  4.326447820654  -0.507821232553  -0.164531203254  0.740953934224
  34  C  0.057328234011  4.290923873282  8.663107238463  -0.895462896331  0.932733312964  0.964565563903
  35  C  0.036661716049  4.322744941803  4.360277013695  -0.152206176386  0.545780547843  -0.042354282831
  36  C  4.383840754538  -0.041985543382  8.658171812974  -0.671098970860  -0.333826577611  0.661117950462
  37  C  4.372743483404  8.705036953224  4.352831259428  -0.388818491651  -0.201571841900  -0.083451015532
  38  C  4.341063579557  4.341360087815  0.004035118436  -0.158999836446  0.584385980007  0.510801847219
  39  C  4.335259404362  4.345418232933  4.346185400287  0.751462159839  -0.126161668657  -0.036941181293
  40  C  0.023600756959  2.182858406663  2.167924693295  0.193443737677  -0.191376380613  0.096432305502
  41  C  0.041133763640  2.153733814734  6.537074003380  -0.246227208929  0.256629532234  -0.278874547386
  42  C  0.034476316727  6.513556016935  2.170234443934  -0.295948002988  0.289112607462  0.424642349449
  43  C  0.061141646895  6.507959843438  6.534123018848  -0.588069649772  0.000288613352  0.180435414090
  44  C  4.353430347631  2.175363043812  2.187380603859  0.011357552033  -0.206807505206  -0.257460596383
  45  C  4.365213620972  2.167747522985  6.516292110418  0.020994936986  -0.081593196708  -0.240375940494
  46  C  4.354688422481  6.489945540089  2.162411332653  0.001409373623  0.407625996175  0.505621333229
  47  C  4.359023415588  6.510138465510  6.521758082942  -0.154197170130  -0.008788796711  0.401420489830
  48  C  2.185860229701  8.717671165671  2.163149012938  -0.107664693796  -0.254582237607  0.366557402666
  49  C  2.167615840955  -0.013465638552  6.536229924274  0.540893897021  -0.706043832702  -0.069570306810
  50  C  2.177390666557  4.329342942423  2.185305498659  -0.110752810920  0.336167758637  -0.014480166334
  51  C  2.193381836374  4.328744729567  6.531085342681  -0.108417303627  0.009251089789  -0.027256867562
  52  C  6.514955149001  0.010804708707  2.184781782811  0.458538413919  -0.875433422004  -0.313504567568
  53  C  6.552558927534  8.689098276879  6.512662313526  -0.392536759273  0.058425081914  0.231836595044
  54  C  6.547989354865  4.329844133922  2.177650060370  -0.261077684426  0.244107198288  -0.006441523913
  55  C  6.535287208722  4.338595988101  6.519305447635  0.007494664948  -0.065727905647  -0.027475673563
  56  C  2.183978591686  2.159989181025  0.006793470233  -0.493346281748  0.923166639927  0.342565460928
  57  C  2.174024723103  2.149648177889  4.334964115299  0.251465358713  0.179428619112  0.584010693386
  58  C  2.177797000269  6.519131183418  0.033910461830  -0.498056884851  0.292370358646  0.058893276581
  59  C  2.171287457102  6.495323516163  4.367732443052  0.256841348730  0.523501492114  -0.193517540251
  60  C  6.515818731587  2.180156111759  0.004465670016  -0.227567533877  0.117564611336  0.216471735654
  61  C  6.522551422986  2.162352628675  4.332870759613  0.362178150727  -0.026241527703  0.295714146198
  62  C  6.516063595641  6.523424343688  0.016678971722  -0.025449039006  0.392044676896  0.245128906563
  63  C  6.554313978685  6.502122266960  4.346969202552  -0.745050218638  0.273378447403  0.176945177992


MDSTEP:  6
LATTICE_CONSTANT: 1.889726125458
LATTICE_VECTORS
  8.659006616996  0.000000000000  0.000000000000
  0.003339649135  8.731954511223  0.000000000000
  0.029007594051  -0.051512404004  8.664931110064
VIRIAL (KBAR)
  85.303151542653  -7.682863473541  -13.457040880270
  -7.682863473541  63.542088663331  21.117742860173
  -13.457040880270  21.117742860173  84.329613269815
INDEX    LABEL    POSITIONS    FORCE (eV/Angstrom)
  0  Si  3.267977274424  1.073550839047  3.271384706843  0.105695891168  -0.355478842043  -0.262353733087
  1  Si  3.280962082009  1.079054926051  7.598852653482  0.180915783286  -0.751713270193  -0.435614681681
  2  Si  3.264526189329  5.419904321226  3.286353984796  -0.214442809628  0.080654964280  -0.532529067318
  3  Si  3.260183550420  5.412253983587  7.624342334925  0.617121704542  -0.344383357116  -0.744368074084
  4  Si  7.629683656883  1.084645906518  3.253244229844  -0.456762771938  -0.328966691780  0.012821808211
  5  Si  7.625524973289  1.063941603869  7.603557295054  -0.118869571818  -0.580235632309  -0.341654088933
  6  Si  7.603615456278  5.433652494071  3.271876397099  0.402288727718  -0.418156108457  -0.038318110710
  7  Si  7.635555625855  5.421183980801  7.611194010379  -0.262618753068  -0.518829530915  -0.479826576501
  8  Si  3.259228576136  3.256491342322  1.088093755497  0.078664716344  -0.218774989099  0.410647471408
  9  Si  3.270355640226  3.262450216109  5.418958774254  -0.222859590353  -0.492679566375  0.372544427723
  10  Si  3.248733264550  7.592861585431  1.111208297572  0.699796273672  0.745989616834  -0.264577328437
  11  Si  3.280088182699  7.602188094322  5.447167574232  -0.442465327765  0.403770984274  -0.072812240794
  12  Si  7.606722679214  3.244689978473  1.083053443659  -0.143158488728  0.163513245521  0.100569472626
  13  Si  7.617713759701  3.239373060480  5.428806755418  -0.371356390707  0.029177593926  0.273304274092
  14  Si  7.635172811481  7.604426888195  1.087773475156  -0.912878767420  0.763228244750  0.282975646468
  15  Si  7.613478059094  7.581176451810  5.455807053596  0.353922322911  0.821198320231  -0.507189622060
  16  Si  1.090498514807  1.094702665367  1.081699528085  0.591081690854  -0.318662326765  0.383063509229
  17  Si  1.105184753702  1.080840964868  5.448553391536  0.150167822767  -0.529033266145  -0.195959008002
  18  Si  1.072415804425  5.432445363215  1.104890472773  0.957634020460  -0.478946571964  0.071421773346
  19  Si  1.096328350031  5.424481468520  5.458137701217  0.526020409821  -0.364225546843  -0.287858861885
  20  Si  5.440368188274  1.070283896785  1.088503822933  -0.327941261014  0.224229643187  0.189173332953
  21  Si  5.449067466735  1.075195956869  5.424889141940  -0.004515955688  -0.406930970637  0.150411305306
  22  Si  5.449261275048  5.411799988538  1.091573311307  -0.214722817270  0.043789170690  0.038578767175
  23  Si  5.426920837726  5.431521634413  5.446927915622  0.364476003448  -0.267383921948  -0.279083505319
  24  Si  1.098641666168  3.252604542815  3.281261059942  0.343858071210  -0.222258657750  -0.438381982052
  25  Si  1.090744468790  3.256620288981  7.624856307572  1.440796659020  -1.097527830174  -0.938050677268
  26  Si  1.099768557706  7.604834434230  3.271282094926  0.650508012078  0.279716190312  -0.107405059927
  27  Si  1.105811901331  7.575225629738  7.643071101826  0.975734535821  0.553694783017  -0.985664834733
  28  Si  5.454357402271  3.248644527480  3.251638837089  -0.365580202257  0.183368506156  0.330070325279
  29  Si  5.448704706911  3.250140147046  7.610765690407  0.298738553678  -0.620118446583  -0.733032176459
  30  Si  5.445074616927  7.603578623274  3.258015245591  0.116235821281  0.172459397369  -0.027555811671
  31  Si  5.441137481786  7.586700229749  7.620595557971  0.355069761046  0.240318722159  -0.667805947556
  32  C  0.034741005914  0.002758872191  0.007357123514  -0.773226462801  -0.047521326298  0.390500857764
  33  C  0.048252828784  -0.012505903085  4.325340877638  -0.561287725386  -0.356218241747  0.730524105854
  34  C  0.059697790339  4.285982376422  8.661954402158  -1.021498081540  0.999078685545  0.939500438001
  35  C  0.043583579885  4.320620964323  4.360365223775  -0.442669959633  0.559799537846  -0.037721884616
  36  C  4.375921341428  -0.035428538422  8.659795323098  -0.477675953474  -0.535630486806  0.610533029747
  37  C  4.366375957405  8.697936345907  4.350150944138  -0.167441193246  -0.071595414526  -0.012405592093
  38  C  4.363720429988  4.287494364492  8.663058325516  -0.076928895345  0.636903349784  0.596375407272
  39  C  4.331958347732  4.351548785377  4.352687680545  0.883436057745  -0.312935600799  -0.116354602079
  40  C  0.026455683643  2.182506309568  2.165681231561  0.063512492683  -0.159667286891  0.142157670433
  41  C  0.041877052176  2.158756203309  6.535099040088  -0.341586231047  0.093628867983  -0.221166277041
  42  C  0.037707975431  6.514548257985  2.174434119272  -0.461020150464  0.164474620967  0.328291562659
  43  C  0.059816754978  6.505953767232  6.535201872070  -0.579852349683  0.127186936506  0.101463638072
  44  C  4.358908422693  2.168255894577  2.190440523038  -0.120203815568  -0.021160838264  -0.349718021735
  45  C  4.360748159403  2.159761492040  6.508779747333  0.125262028887  0.169344558360  -0.085390425289
  46  C  4.358353060735  6.482995787650  2.170347004462  -0.050837314747  0.552317709847  0.304500111375
  47  C  4.355631883681  6.504822618223  6.514647766814  -0.104689514591  0.111567797727  0.589891051598
  48  C  2.187916398672  8.713958452290  2.161211529606  -0.164054295462  -0.120134364195  0.443117906898
  49  C  2.171898367415  -0.013422126631  6.532150395909  0.364605624801  -0.671228327163  0.037260390369
  50  C  2.179658076317  4.324899603047  2.189095461044  -0.095407306946  0.452821533190  -0.135256862403
  51  C  2.185306596278  4.333003459751  6.531657678155  -0.015288290738  -0.100999751653  -0.052457322919
  52  C  6.513608006771  0.009798561741  2.177860568682  0.508148456023  -0.928228371346  -0.092688010609
  53  C  6.543023418733  -0.035941097635  6.512196467398  -0.261957108638  -0.102228795470  0.261005694159
  54  C  6.550856604837  4.334353782431  2.178075383893  -0.363573452328  0.156948968149  -0.087495141835
  55  C  6.533613344551  4.346398016296  6.519816987212  0.049533405345  -0.222687119134  -0.009585789397
  56  C  2.182606730430  2.164225502132  0.008348664636  -0.506551938560  0.845216738008  0.223483152407
  57  C  2.172757077533  2.141995785109  4.339428076720  0.303186023210  0.448803066061  0.348173019527
  58  C  2.176518077241  6.521735773849  0.026420787494  -0.501220647339  0.233619094589  0.308026303081
  59  C  2.176406607261  6.493938198868  4.368674286856  0.131818577391  0.553396084002  -0.205543449827
  60  C  6.508501511027  2.172777481212  0.009047075277  -0.079062880737  0.348293127409  0.106130300586
  61  C  6.527533143361  2.154893929389  4.333743520133  0.206473792976  0.190922932935  0.245116790807
  62  C  6.513304563879  6.522609766737  0.009184592446  0.060248621848  0.387461540210  0.382990995141
  63  C  6.552331111859  6.503355432031  4.354311853655  -0.680745586105  0.227646919564  0.041200228755


MDSTEP:  7
LATTICE_CONSTANT: 1.889726125458
LATTICE_VECTORS
  8.659006616996  0.000000000000  0.000000000000
  0.003339649135  8.731954511223  0.000000000000
  0.029007594051  -0.051512404004  8.664931110064
VIRIAL (KBAR)
  85.264932863026  -7.012745382650  -13.152970393095
  -7.012745382650  63.735129675458  20.870711187306
  -13.152970393095  20.870711187306  84.569373399600
INDEX    LABEL    POSITIONS    FORCE (eV/Angstrom)
  0  Si  3.272279537510  1.070626337776  3.273781593207  0.009605041824  -0.220999423391  -0.247233063962
  1  Si  3.279879970331  1.080514306237  7.601069763857  0.200937473463  -0.739464738704  -0.420524987452
  2  Si  3.269405414030  5.415237607477  3.285310905750  -0.329377076486  0.220951958567  -0.517088363989
  3  Si  3.260543531788  5.412111051979  7.623388270727  0.536212199267  -0.367895444234  -0.778825674426
  4  Si  7.626804133930  1.089599043142  3.248521814159  -0.462321697388  -0.348021252012  0.173554791259
  5  Si  7.623108254757  1.066591938879  7.603143354455  -0.037882448547  -0.681144793962  -0.225862579245
  6  Si  7.607876577671  5.436992071195  3.271958927768  0.324783775086  -0.551187458419  -0.003215656256
  7  Si  7.637011795054  5.422114280211  7.611542383062  -0.363825984378  -0.417128658415  -0.425500046029
  8  Si  3.255537637633  3.261290386648  1.093660206802  0.072545157743  -0.292586780028  0.398832606523
  9  Si  3.266797887888  3.260451825333  5.419517359434  -0.109088610763  -0.483624203863  0.266326813202
  10  Si  3.244906022412  7.589837733947  1.114462577495  0.764984672329  0.694988089691  -0.373661903464
  11  Si  3.284072490648  7.603619363434  5.446488410080  -0.581105159813  0.350601379145  -0.178826816157
  12  Si  7.607459624152  3.245274649966  1.083456375445  -0.135131408258  0.094781678994  0.080036888106
  13  Si  7.623229131399  3.234342598555  5.423527456460  -0.469843295484  0.067411366791  0.513863292021
  14  Si  7.634086852393  7.602642957679  1.093280604669  -0.868296391093  0.820453757717  0.097008907891
  15  Si  7.613817439141  7.582753509206  5.458175443694  0.386780025420  0.768309378610  -0.607931800849
  16  Si  1.096339757702  1.094294089289  1.082140042054  0.571465228252  -0.358610882282  0.340575630560
  17  Si  1.105253262923  1.076189553910  5.444186572107  0.192215565650  -0.340730905907  -0.075902207705
  18  Si  1.067557978577  5.429810149519  1.099772761490  1.144453998961  -0.349958624363  0.185500095665
  19  Si  1.091030665324  5.424121431050  5.456784381662  0.693302429959  -0.333938806370  -0.250034580108
  20  Si  5.440924679597  1.071775319917  1.089751205978  -0.476578156433  0.198438904252  0.196165307164
  21  Si  5.447363291007  1.074889908536  5.421698809419  -0.001881338263  -0.361220362825  0.221987541547
  22  Si  5.452547687289  5.406717956850  1.094590009654  -0.304411948465  0.084585476664  0.009687701823
  23  Si  5.425057659886  5.426258696560  5.450511949823  0.432395483349  -0.294821674009  -0.356084532636
  24  Si  1.097115166865  3.252301719207  3.277027278422  0.466347055267  -0.257181887477  -0.235718664227
  25  Si  1.089287780077  3.261951513708  7.627462756868  1.440114256669  -1.149879021127  -0.999334609405
  26  Si  1.094866047523  7.610560032100  3.268157856073  0.777984762382  0.083549338100  -0.105937313589
  27  Si  1.107046989050  7.575345318009  7.640892429870  1.102231772914  0.691092520236  -0.995765403597
  28  Si  5.456549140398  3.249167126440  3.253158463110  -0.485891987914  0.147145275145  0.314456620844
  29  Si  5.451699375558  3.250625266345  7.605968228020  0.000049463167  -0.703227346937  -0.537440214471
  30  Si  5.441035207163  7.599288231500  3.260591491004  0.241492559843  0.335830564603  -0.118629229347
  31  Si  5.444079469499  7.586447480243  7.617068645217  0.264599739618  0.294251414950  -0.582741403855
  32  C  0.045556246877  8.730558631716  0.003576369261  -0.953497326608  0.069119946605  0.539462288303
  33  C  0.051749333835  -0.011207136368  4.322667986339  -0.761970311873  -0.315340886216  0.710087207232
  34  C  0.030702087212  4.346109424424  0.002914002795  -1.085680933705  0.762282427381  0.748665074528
  35  C  0.046558723789  4.317156321920  4.365457657345  -0.549302779083  0.608761069863  -0.181375826080
  36  C  4.345597158213  0.012642922477  0.000343668806  -0.470374261142  -0.481009243210  0.475211880158
  37  C  4.369329632878  8.704986234612  4.346280105012  -0.157041292180  -0.303393320057  0.060561550434
  38  C  4.326183494636  4.341427297751  0.004190243088  0.167175230269  0.529063760290  0.439333653184
  39  C  4.335092831262  4.348886606399  4.350503720928  0.818460384069  -0.312297114326  -0.027548712745
  40  C  0.030722634151  2.182471391460  2.165795753041  -0.012723291783  -0.159965527922  0.079640385734
  41  C  0.041030472999  2.154494915074  6.543150994056  -0.279153745354  0.185024741051  -0.416534956273
  42  C  0.040465156261  6.509698580799  2.170068849102  -0.552671630239  0.310427998153  0.431948143524
  43  C  0.067126060763  6.513763558410  6.540981339025  -0.805460194436  -0.087603837676  -0.081061100379
  44  C  4.354585210612  2.168036954546  2.194927598930  -0.015949483120  0.019507866571  -0.421538308342
  45  C  4.353016104692  2.154284300139  6.500822795819  0.319041578516  0.290213478894  0.114316983606
  46  C  4.364344310171  6.485635402575  2.168434617925  -0.179379869206  0.404060164135  0.361142072806
  47  C  4.357826853111  6.501454327498  6.511330008536  -0.133915158669  0.189849362034  0.645318742576
  48  C  2.194944836532  8.710678519968  2.168426797682  -0.307772997903  -0.032313315689  0.321520858002
  49  C  2.176193406341  -0.005977913767  6.527886809926  0.321028410508  -0.871841217919  0.116250633771
  50  C  2.172751062133  4.328720673696  2.193528664693  0.009908649847  0.423714646419  -0.263115244445
  51  C  2.187206297676  4.327065431026  6.523078864069  -0.104033365193  0.092310648911  0.149739625571
  52  C  6.515415777031  0.015065566091  2.173009666337  0.474005801270  -1.065876416013  0.087557418384
  53  C  6.548325598515  -0.030977486482  6.506595280577  -0.399325620622  -0.167437406385  0.355582538907
  54  C  6.553033085705  4.326556911307  2.180734332617  -0.319081702823  0.319280423856  -0.091934884755
  55  C  6.532147653949  4.339205532297  6.525667323671  0.215186080870  -0.067342572114  -0.167366371779
  56  C  2.181548005823  2.172664990823  0.007840130917  -0.478867071428  0.733194629480  0.285241398612
  57  C  2.178933857896  2.143653868849  4.344303823543  0.110499409407  0.389165520928  0.152013135587
  58  C  2.169515019453  6.521639192383  0.019338826443  -0.348375783572  0.203919302752  0.452100888326
  59  C  2.168029352534  6.489358614935  4.360421156747  0.310163526131  0.680457016261  -0.067541266299
  60  C  6.504403366350  2.169944793981  0.013243660972  0.008010261164  0.451246837072  0.008130798967
  61  C  6.519464198675  2.162588838333  4.340936890034  0.430070355243  0.004249618160  0.050663797515
  62  C  6.505323510914  6.523120097231  0.013759344555  0.274643122990  0.337668942555  0.270480463748
  63  C  6.547720397614  6.500507963902  4.354915744797  -0.540481149226  0.260133617015  0.101309985784


MDSTEP:  8
LATTICE_CONSTANT: 1.889726125458
LATTICE_VECTORS
  8.659006616996  0.000000000000  0.000000000000
  0.003339649135  8.731954511223  0.000000000000
  0.029007594051  -0.051512404004  8.664931110064
VIRIAL (KBAR)
  85.191554251890  -6.850856361435  -13.457051760609
  -6.850856361435  63.814818144675  21.332837168294
  -13.457051760609  21.332837168294  84.649969340269
INDEX    LABEL    POSITIONS    FORCE (eV/Angstrom)
  0  Si  3.271485862488  1.076306124940  3.274674590106  -0.090936954027  -0.395732444606  -0.208130922286
  1  Si  3.274921351408  1.078805703724  7.603119372642  0.439872137947  -0.689753738105  -0.480597948794
  2  Si  3.274537389863  5.419551331433  3.286636737945  -0.430548764326  0.069241235018  -0.480644989171
  3  Si  3.259337753908  5.414246172529  7.619386162775  0.538214436235  -0.326589781558  -0.579498267505
  4  Si  7.622338155709  1.093247851650  3.250797890279  -0.259359529765  -0.520654742024  0.207596408100
  5  Si  7.619782034497  1.070308458059  7.607898170396  0.180333740699  -0.715222843876  -0.345203447405
  6  Si  7.605135122996  5.431763422932  3.268449261838  0.582174983772  -0.418632678862  0.186656439597
  7  Si  7.630775554281  5.417288576114  7.607042962515  -0.165340789161  -0.180462387893  -0.217374524029
  8  Si  3.260525106175  3.257008847798  1.095735056083  -0.083172573287  0.046758761530  0.362840379070
  9  Si  3.268574336689  3.259396268537  5.425565501688  -0.105847181305  -0.515921239937  0.165755901806
  10  Si  3.241233377039  7.594541109046  1.119895566609  0.709538409697  0.511769410005  -0.558916315418
  11  Si  3.287066330608  7.609327772648  5.444382775160  -0.678110746924  0.226829325318  -0.100992112078
  12  Si  7.606649758498  3.249989307772  1.079526491280  -0.194559715656  0.030300887492  0.203432409173
  13  Si  7.617656755202  3.231506863572  5.428159119866  -0.397533153644  0.279589733158  0.337371017301
  14  Si  7.630794041877  7.601909777157  1.095386431471  -0.674769438375  0.882093477411  0.023087806903
  15  Si  7.619323256214  7.584840206448  5.457838616979  0.391157603558  0.679178784191  -0.559420247111
  16  Si  1.100590435607  1.099291600576  1.083240780831  0.501535393980  -0.414403160574  0.257637145126
  17  Si  1.099714091766  1.081232956142  5.446612828046  0.279637400518  -0.492224608301  -0.098083335067
  18  Si  1.064143702838  5.433661929767  1.104258797686  1.121561067793  -0.385220426473  0.051592613346
  19  Si  1.095550226798  5.423641643081  5.454080384411  0.652742529229  -0.342018012629  -0.151993108550
  20  Si  5.444847980528  1.073693972761  1.085514115642  -0.537862003273  0.069369226093  0.197920615646
  21  Si  5.450860034694  1.073658771339  5.416907553638  -0.066479687840  -0.451018245591  0.275441216266
  22  Si  5.447745300277  5.411027531075  1.100558912334  -0.264527513208  -0.013875770098  -0.072881461139
  23  Si  5.422702018106  5.431177961350  5.447345300806  0.519834609351  -0.393509076137  -0.217431342499
  24  Si  1.093075318459  3.248088407699  3.279037933275  0.553829768371  -0.220840389785  -0.346427062775
  25  Si  1.093805964060  3.256653460716  7.624882822534  1.239544922748  -0.948352038653  -0.915000973321
  26  Si  1.092877787650  7.615891070308  3.264854559336  0.898903614422  -0.104029144235  -0.059357005217
  27  Si  1.112304855973  7.581430867405  7.636292896851  1.050805744706  0.706395250838  -0.860964149592
  28  Si  5.457562746002  3.245107356788  3.259132058534  -0.592056081037  0.282295393545  0.045267511153
  29  Si  5.451151235493  3.244403735147  7.605133094732  -0.104135973179  -0.465685087140  -0.566955701583
  30  Si  5.444102913330  7.603661691531  3.255599721108  0.226623494155  0.155903027510  -0.021491396434
  31  Si  5.449001629361  7.588153048214  7.616961387602  0.157882929511  0.294874332562  -0.509382804429
  32  C  0.050800941960  0.003335253530  0.001291611924  -1.154189803601  0.066685747250  0.592649222696
  33  C  0.060203994865  -0.020019848966  4.318791678941  -1.013225492769  0.036997656047  0.863112181073
  34  C  0.024835773040  4.341145633031  0.002166787267  -0.871266314571  0.840629753024  0.710438197366
  35  C  0.053727437100  4.308815864186  4.365871674702  -0.820590954222  0.740774226646  -0.096112987326
  36  C  4.369011023104  -0.042128645874  8.664918512885  -0.314685943011  -0.392336787120  0.537317144581
  37  C  4.368397795936  8.699924989302  4.345127614441  -0.069773548597  -0.130568235932  -0.011430822687
  38  C  4.328407619728  4.348245717217  0.006462505996  0.159233959771  0.333255482488  0.394997643818
  39  C  4.337403671177  4.344785199989  4.352662506121  0.761481140796  -0.250324879436  -0.036655466777
  40  C  0.021965331117  2.173650701766  2.165146115070  0.137174039007  0.094517883007  0.051657006417
  41  C  0.033894087304  2.162744778804  6.535150504635  -0.219779664816  -0.034057272082  -0.180145848895
  42  C  0.042656917321  6.517993732697  2.176831305746  -0.701372375310  0.136473244050  0.297624829447
  43  C  0.075802388383  6.521399980956  6.548178039467  -0.978595997996  -0.328711488990  -0.292035185684
  44  C  4.350043287467  2.161359497197  2.186868908169  0.178089457648  0.160507117406  -0.212247607978
  45  C  4.356800403476  2.146028530040  6.493770826420  0.268464225144  0.363618534342  0.262539084666
  46  C  4.358882196370  6.481660957162  2.168113903725  -0.075146376327  0.621895882430  0.417123901822
  47  C  4.361068999105  6.505907865307  6.515825793181  -0.196664069202  0.172724522700  0.479648144074
  48  C  2.187440436275  8.707637679999  2.169650146885  -0.132630634289  0.185821589866  0.352662712326
  49  C  2.180519214693  0.001365956796  6.534500473055  0.188657266043  -0.923317552911  -0.121883301328
  50  C  2.169602116107  4.337763936374  2.200551137062  0.101982064859  0.141724442383  -0.396156697433
  51  C  2.192657952354  4.319524590150  6.529128472938  -0.176028701326  0.269321788340  0.004769140527
  52  C  6.523071635877  0.018635816103  2.177649361729  0.260610583948  -1.056524731149  -0.071555566527
  53  C  6.552289628439  -0.026767898897  6.509751333028  -0.411519277101  -0.227515173531  0.247452240712
  54  C  6.554917648729  4.336034116956  2.186243507701  -0.463236959486  0.014680337097  -0.231371264520
  55  C  6.536147077145  4.342494426323  6.532032748210  -0.023466930573  -0.168329540486  -0.393964985800
  56  C  2.187251834769  2.180684690509  0.000864363839  -0.598664267667  0.594524723665  0.488855496302
  57  C  2.175094562138  2.145341183589  4.350927808479  0.217862337895  0.367513646379  0.028776817465
  58  C  2.159878756355  6.525326278386  0.013783246787  -0.114343558911  0.150572183253  0.592291703593
  59  C  2.169292912895  6.488090686207  4.353086626915  0.335677035732  0.806828184735  0.111742648475
  60  C  6.502538738055  2.174741578153  0.005267063790  0.003605831446  0.388508457617  0.248581476708
  61  C  6.515766704301  2.163156026933  4.334785210068  0.520158962277  -0.044731816327  0.239368696602
  62  C  6.498024737765  6.521824465667  0.021616466199  0.448460723289  0.377068095007  0.119701130535
  63  C  6.553741933837  6.494029113927  4.357575316983  -0.645229439764  0.451320952036  0.038397966666


MDSTEP:  9
LATTICE_CONSTANT: 1.889726125458
LATTICE_VECTORS
  8.659006616996  0.000000000000  0.000000000000
  0.003339649135  8.731954511223  0.000000000000
  0.029007594051  -0.051512404004  8.664931110064
VIRIAL (KBAR)
  85.628836834213  -7.209751975886  -14.309795284051
  -7.209751975886  64.051786049985  22.768219672050
  -14.309795284051  22.768219672050  85.036002369962
INDEX    LABEL    POSITIONS    FORCE (eV/Angstrom)
  0  Si  3.271399117401  1.079557055856  3.276271270444  -0.109927829796  -0.578971395077  -0.282886905796
  1  Si  3.272352300126  1.078066598873  7.600396343482  0.434068183813  -0.661781715842  -0.591386085219
  2  Si  3.269643739144  5.416760662525  3.282536980840  -0.205787491178  0.190586011417  -0.283973799362
  3  Si  3.256311037851  5.415137792214  7.622767059979  0.583745633278  -0.371975922415  -0.782043044172
  4  Si  7.617013261041  1.094107190023  3.250348757214  0.010886106168  -0.494316019197  0.214445786263
  5  Si  7.617038836445  1.065251683646  7.612550647386  0.272063839551  -0.710176405229  -0.619917287009
  6  Si  7.604011557809  5.432060667661  3.269819057777  0.544685123118  -0.477993573611  0.295816512030
  7  Si  7.630386831105  5.421405818056  7.602110569851  -0.055705075525  -0.319969934254  -0.170759346916
  8  Si  3.262404521219  3.262519049542  1.096466152462  -0.133116102159  -0.055847518485  0.365255406702
  9  Si  3.269215021920  3.262656810504  5.428123449245  -0.063474954400  -0.629951065411  -0.058955583933
  10  Si  3.237394968798  7.591542837533  1.119035068881  0.793335336213  0.582530469021  -0.503621427106
  11  Si  3.290975752282  7.610067812438  5.449733824041  -0.754214470910  0.262933264229  -0.285289078851
  12  Si  7.601611011911  3.252472463727  1.075611297980  -0.167736726484  0.071223273031  0.328355354761
  13  Si  7.615170014653  3.237420413721  5.431850129368  -0.277975436108  0.144440202426  0.084922175013
  14  Si  7.625235669961  7.596238153561  1.093451307873  -0.306017506761  0.999826472249  0.104857160466
  15  Si  7.620166998217  7.582850090690  5.457448682612  0.458700054469  0.678577346024  -0.628258159933
  16  Si  1.099686798442  1.102158587766  1.077016239292  0.450525498861  -0.478935829719  0.500318138749
  17  Si  1.093483522934  1.077184917339  5.451001688852  0.510655516260  -0.298105314766  -0.336508783748
  18  Si  1.059901030186  5.438115010553  1.107636847313  1.320084492060  -0.493647103036  -0.045833915337
  19  Si  1.098309306219  5.422230244838  5.454269908171  0.641807965822  -0.165699756934  -0.262038779605
  20  Si  5.443142663740  1.074898107100  1.089206132652  -0.553600378492  0.084298700333  0.091605022952
  21  Si  5.455204546296  1.072270142905  5.414731945992  -0.149231039942  -0.397837803567  0.148341137922
  22  Si  5.450851147694  5.411373545454  1.094180015705  -0.315923439518  0.057851192611  0.088742532351
  23  Si  5.428648618878  5.435599754465  5.453290612162  0.063607072236  -0.517714245724  -0.368710157730
  24  Si  1.096052334940  3.253799333798  3.272407894258  0.491134679187  -0.525395045587  -0.185804500391
  25  Si  1.088519130915  3.256267443207  7.622390375580  1.361390134063  -0.990421930428  -0.950719947424
  26  Si  1.093832550886  7.621275549190  3.259109050944  0.860958329999  -0.258683467656  0.308497936810
  27  Si  1.113555122542  7.587323497716  7.632949431972  1.193818778296  0.588374500758  -0.837646738260
  28  Si  5.456114799103  3.239669937015  3.254128979428  -0.496356424548  0.469889123933  0.212797475249
  29  Si  5.446674867491  3.247800550076  7.605182158966  -0.024232538171  -0.663291841065  -0.589651240907
  30  Si  5.446538287257  7.599195145749  3.250460110997  0.130370104191  0.252598333267  0.116822185448
  31  Si  5.448481039737  7.594657966002  7.616976851223  0.137591774402  0.210220856629  -0.461771215871
  32  C  0.084556477112  -0.043468921264  8.657500820886  -1.276353016859  -0.101592475030  0.797182635223
  33  C  0.065374842252  -0.016540977437  4.327280928635  -1.225385555498  -0.099685921695  0.571620191211
  34  C  0.029300486202  4.339505786256  0.009356604428  -1.018763628995  0.950790769946  0.482979453128
  35  C  0.058302196908  4.308385930759  4.362295891795  -0.918318966940  0.776487480098  0.040771255206
  36  C  4.360635939849  -0.032455454734  8.660114232025  -0.133358954545  -0.554653876524  0.688126453042
  37  C  4.361490556534  8.701142656925  4.338496476469  0.219821867236  -0.197423111256  0.094331196073
  38  C  4.327049621862  4.357958504780  0.001720588928  0.202290406721  0.123855803015  0.485927499612
  39  C  4.338880883522  4.337213283561  4.342987072309  0.783497345510  -0.036038616717  0.197369717237
  40  C  0.013288283068  2.179986394575  2.158655358790  0.310518120414  -0.015024782307  0.132849527338
  41  C  0.027108011722  2.158072573918  6.528239954920  -0.183507854309  0.107137009147  0.046597236515
  42  C  0.045800832265  6.509108010324  2.184984828999  -0.878366270107  0.452213866711  0.164892924698
  43  C  0.079551243146  6.528150967357  6.549281419316  -1.040075695916  -0.520749701404  -0.355612115772
  44  C  4.352491605303  2.163642468141  2.195746867296  0.104396062635  0.090197845487  -0.526453397560
  45  C  4.355914820744  2.143682992264  6.491979566181  0.311079061774  0.413949355509  0.322642320824
  46  C  4.364247630260  6.481426217971  2.166409564588  -0.185995722116  0.581576838298  0.319067687114
  47  C  4.351075289057  6.508486729843  6.525519850471  0.115293356292  0.097457084310  0.377098168797
  48  C  2.180901825440  8.698715537634  2.178661660614  -0.003353772781  0.459946588200  0.006062865991
  49  C  2.179205091398  0.002443959883  6.525734335664  0.240163182798  -0.921733518402  0.087394812595
  50  C  2.168597993969  4.340935870781  2.207850055922  0.120394863515  0.150253173586  -0.717105548885
  51  C  2.194923865570  4.326215115681  6.522078995857  -0.264282432894  0.076267615918  0.247941659677
  52  C  6.528948083628  0.017942995699  2.171568836309  0.134971342258  -1.131065366807  0.022576061811
  53  C  6.555514972143  -0.032285417851  6.500916495503  -0.497857507885  -0.116109394744  0.459348897584
  54  C  6.549413804907  4.343042028893  2.189203678301  -0.394438827934  -0.153997755226  -0.402646672838
  55  C  6.530019346833  4.338228466849  6.522199054646  0.125220896831  0.000285266009  -0.060473365204
  56  C  2.188685500556  2.172431720827  0.001031149931  -0.581638787364  0.901938442747  0.469826529744
  57  C  2.185170348119  2.137095742072  4.343139507433  -0.157849775775  0.610146883854  0.273710052103
  58  C  2.168970815083  6.520500114714  0.007401823380  -0.499127451895  0.335845983561  0.793928945951
  59  C  2.177449077467  6.492351640955  4.358164501988  0.191866530867  0.744234065456  -0.001425368725
  60  C  6.511785535931  2.167554832293  0.003487332420  -0.356765149451  0.618546161642  0.283967873626
  61  C  6.523019991381  2.168054190534  4.329446639165  0.345148349820  -0.128606022403  0.355909133703
  62  C  6.508192737153  6.522702945397  0.026363275357  0.182935071462  0.385126101697  -0.110492987544
  63  C  6.546982703340  6.488497545503  4.366947676564  -0.418286294864  0.597790349397  -0.162914469419


MDSTEP:  10
LATTICE_CONSTANT: 1.889726125458
LATTICE_VECTORS
  8.659006616996  0.000000000000  0.000000000000
  0.003339649135  8.731954511223  0.000000000000
  0.029007594051  -0.051512404004  8.664931110064
VIRIAL (KBAR)
  85.608465765277  -6.481701614104  -12.651469220429
  -6.481701614104  64.150886117927  21.202102392785
  -12.651469220429  21.202102392785  85.076729423762
INDEX    LABEL    POSITIONS    FORCE (eV/Angstrom)
  0  Si  3.267728908828  1.078665959884  3.280542234988  0.045178485375  -0.579176581110  -0.237943433147
  1  Si  3.277984248737  1.079857580696  7.594764601932  0.164592253414  -0.662060147978  -0.461931669828
  2  Si  3.275407697056  5.413231333650  3.277907079696  -0.455030816438  0.246025276745  -0.096208154830
  3  Si  3.255251798446  5.411328802378  7.618993687685  0.613778558477  -0.313060851947  -0.721240862807
  4  Si  7.617289524670  1.089673679944  3.250432233742  -0.024298392764  -0.323035144150  0.258551583602
  5  Si  7.619597477422  1.059263676518  7.607909590912  0.163068182910  -0.595325635141  -0.439573005083
  6  Si  7.603177717222  5.425611450644  3.267241223516  0.620277579562  -0.323593938540  0.347958108188
  7  Si  7.634914994693  5.426679364522  7.595848924918  -0.288212131220  -0.506983171234  -0.039485724120
  8  Si  3.256140434618  3.267732561389  1.097725072944  -0.058887651207  -0.213118150575  0.365572281645
  9  Si  3.273131381600  3.256416050189  5.432095783011  -0.178438304501  -0.459933187045  -0.198984223827
  10  Si  3.241132259405  7.589024276390  1.115224349351  0.637750688896  0.690953065183  -0.353666902049
  11  Si  3.291611438321  7.605984182592  5.454954544738  -0.777230369440  0.386083886490  -0.428390332859
  12  Si  7.603957705921  3.247219530449  1.070509932737  -0.269607367755  0.141854011677  0.431382130133
  13  Si  7.619884591365  3.237870947921  5.429922032426  -0.488934039260  0.181721118812  0.171881272567
  14  Si  7.619497811723  7.590316979482  1.094204468004  -0.283096872485  1.109251736812  0.020731974819
  15  Si  7.621639758493  7.586221824164  5.459144052636  0.570643046526  0.535773434432  -0.655196014094
  16  Si  1.103666762417  1.097173597451  1.079752422610  0.402110709389  -0.236379151602  0.588521508313
  17  Si  1.087866585566  1.083747449398  5.451895756200  0.716999158183  -0.374786321530  -0.583948723045
  18  Si  1.055297286527  5.431453912208  1.106925375696  1.450646050643  -0.398072208114  -0.054310978815
  19  Si  1.101544078123  5.426558075863  5.454397915238  0.589364367505  -0.188578001286  -0.371451476534
  20  Si  5.443021246542  1.075838469202  1.093675042811  -0.617868942810  0.041735506568  0.113389229608
  21  Si  5.458522444937  1.067001565064  5.408108290209  -0.079211841626  -0.332375805192  0.341359697240
  22  Si  5.452492412967  5.415603935450  1.089196580776  -0.414677668852  -0.141096181604  0.263254857371
  23  Si  5.432144197624  5.437504387312  5.455489030398  0.034754097459  -0.607472892936  -0.585603074243
  24  Si  1.090799420273  3.257006698788  3.275342585133  0.730016767973  -0.633906420745  -0.164252537568
  25  Si  1.091220424494  3.253692126986  7.621262794297  1.157158801056  -0.782943832664  -1.004141396206
  26  Si  1.091335031253  7.615838709259  3.260531714931  0.893749370725  -0.021945475296  0.211982148592
  27  Si  1.120674354218  7.583323388184  7.633705188785  0.879309869597  0.873189931023  -0.785205596003
  28  Si  5.456724952107  3.237509964702  3.255692203869  -0.679118000936  0.444831388104  0.132190862543
  29  Si  5.439813394235  3.241327459443  7.603916363439  0.107042797306  -0.655993599513  -0.595159614788
  30  Si  5.446886054720  7.600043575003  3.257286521628  0.093546128337  0.293216278085  -0.007557238393
  31  Si  5.446330630059  7.591922905516  7.611534488293  0.131209845068  0.334081403103  -0.271541264333
  32  C  0.051565915142  0.016954166181  0.002178339765  -1.106786884125  -0.499150535851  0.532213306522
  33  C  0.064375153088  -0.012926275252  4.329283454538  -1.190415778796  -0.198266221653  0.527713230803
  34  C  0.021412833606  4.346283218129  0.005859114052  -0.842793658313  0.678114759974  0.401340974089
  35  C  0.065689730432  4.307829489024  4.365634782385  -1.102202073510  0.884675065745  0.059777844688
  36  C  4.327812324335  0.023769174010  0.001473567753  -0.009705830727  -0.718969799303  0.471562725089
  37  C  4.370580970138  8.705791675748  4.348493429060  -0.030226486065  -0.392848962552  -0.085581627410
  38  C  4.356119916330  4.301937635649  8.662804140937  0.104140932544  0.206064544978  0.579226488711
  39  C  4.331079741559  4.332706273690  4.339967223718  1.030553342612  0.065151084787  0.327487308962
  40  C  0.014090707922  2.186568895172  2.167357682756  0.323342035139  -0.198302581054  -0.045661642817
  41  C  0.027281426185  2.150783314308  6.521970929971  -0.268777480121  0.351204981018  0.235287996153
  42  C  0.047945834939  6.509747621306  2.177193793353  -0.984502229876  0.359629206985  0.317426199152
  43  C  0.079925257758  6.517384329688  6.555376370674  -0.979449767577  -0.171428902252  -0.513539817651
  44  C  4.344718989777  2.156906668817  2.197108903297  0.232821575985  0.267130532037  -0.546349784787
  45  C  4.355032095795  2.134723158923  6.482234155247  0.423167856015  0.506212925127  0.500480826505
  46  C  4.355662408273  6.479501479718  2.172428396353  0.108857318204  0.632627817808  0.134655104720
  47  C  4.359079095478  6.504477591759  6.525783576882  -0.134954944740  0.167455887801  0.370409817631
  48  C  2.188122165458  8.705507121009  2.184628704143  -0.138594860451  0.178307088417  -0.091210830599
  49  C  2.171773811258  0.010304430189  6.516679322029  0.416834681127  -1.117912110270  0.316199327753
  50  C  2.168501437835  4.339601127331  2.215352683257  0.033593585843  0.211882754144  -0.906882690559
  51  C  2.192504568361  4.335751098687  6.512372197244  -0.153870638222  -0.199227744324  0.428766645187
  52  C  6.531152384995  0.018750388057  2.172566676017  0.033093866981  -1.235423835986  0.018959990292
  53  C  6.563236403133  8.691891990527  6.502526214387  -0.608272588902  0.019606130440  0.437047718703
  54  C  6.549649949022  4.337987344319  2.193922025784  -0.431446273790  -0.098178850023  -0.603604848027
  55  C  6.521848545409  4.342774433834  6.528509242484  0.350766764811  -0.176324988497  -0.210232187337
  56  C  2.209559207612  2.128363110144  8.659697186499  -0.353462987206  0.716195205800  0.517004698621
  57  C  2.193748748226  2.141606995564  4.343238797968  -0.444607626324  0.552187536265  0.348482164052
  58  C  2.166626533047  6.521404722462  0.003731782544  -0.350448846885  0.202983745082  0.878504672496
  59  C  2.171012717250  6.496569436789  4.351847120881  0.403222021285  0.624106275967  0.099661664228
  60  C  6.506392569235  2.160869059966  0.006553098802  -0.215701363987  0.673355054034  0.092691442659
  61  C  6.515660228562  2.169170560086  4.331435581235  0.594710948181  -0.181033186122  0.315742668670
  62  C  6.501406027156  6.515718545714  0.019084206744  0.332046323969  0.598380715333  -0.030602846658
  63  C  6.551302063895  6.497075026980  4.362551998000  -0.427515292184  0.362916067314  -0.067959971891


