ATOMIC_SPECIES
Si 28.085 Si_ONCV_PBE-1.0.upf
C 12.011 C_ONCV_PBE-1.0.upf

LATTICE_CONSTANT
1.8897261254578281

LATTICE_VECTORS
9.219244923520451 0.0 0.0 
-4.66663284802425 7.968030731021778 0.0 
-0.2953239392470466 0.10547951092612903 10.072551569172655 

ATOMIC_POSITIONS
Cartesian    # Cartesian(Unit is LATTICE_CONSTANT)
Si
0.0
36
-0.044836541195 1.827296559378 2.551895303193 1 1 1
3.064007323166 7.250204766329 2.575423752991 1 1 1
-3.189912522626 7.236576000265 2.475971472234 1 1 1
4.596250989497 6.363885724951 5.163598337665 1 1 1
1.485593653959 0.930904991044 5.150054613934 1 1 1
7.753113222987 0.962292699859 5.255443863108 1 1 1
-0.122465428492 1.851870872425 7.702472589124 1 1 1
2.991153154411 7.283942060187 7.719316218504 1 1 1
-3.260025195545 7.260643845671 7.619981138178 1 1 1
4.529924563783 6.396819265214 10.317351845810 1 1 1
1.414534022142 0.961932204294 10.291081675809 1 1 1
7.676049196503 0.982672155005 10.385375632869 1 1 1
-1.614641851744 4.533980082435 2.523461023597 1 1 1
1.519594315641 4.543999225623 2.564948295070 1 1 1
-0.067885247838 7.240826485241 2.525555049653 1 1 1
6.169256994285 3.664095305154 5.202968727554 1 1 1
3.030758969164 3.655532254688 5.163774320030 1 1 1
4.612358986354 0.945972761229 5.197104359433 1 1 1
-1.692918449784 4.543463341506 7.646023759863 1 1 1
1.429769152860 4.571075163991 7.697610304719 1 1 1
-0.135945384668 7.268556375220 7.666438396648 1 1 1
6.102878302885 3.695467452708 10.343248744589 1 1 1
2.969084405858 3.684341934371 10.305839460807 1 1 1
4.539838574928 0.980659036293 10.335160167261 1 1 1
3.077986389276 1.831715857094 2.607272348138 1 1 1
6.222987897358 1.836845932924 2.651599068049 1 1 1
4.642886400140 4.552094623844 2.613221712294 1 1 1
1.469560972245 6.357337044475 5.123334925672 1 1 1
-1.654646066038 6.344023845067 5.084229560600 1 1 1
-0.092957669103 3.649940953974 5.104014614314 1 1 1
3.010705564742 1.859314742547 7.738490080944 1 1 1
6.146016740635 1.883759761708 7.789666589185 1 1 1
4.572284448166 4.574281432809 7.759205196815 1 1 1
1.381720610991 6.374838730706 10.273064133656 1 1 1
-1.746268070357 6.370912593711 10.210443278566 1 1 1
-0.170903698504 3.656143289072 10.246306306429 1 1 1
C
0.0
36
-0.072926242271 1.835706705871 4.482997315681 1 1 1
3.043035934554 7.261593812338 4.502746927328 1 1 1
-3.218253984217 7.238621886098 4.421705746652 1 1 1
4.575340621453 6.373727981695 7.104354920911 1 1 1
1.458493400940 0.953695770207 7.081904856331 1 1 1
7.724959921750 0.959438163080 7.180808513575 1 1 1
-0.147142137615 1.864063254368 9.616699906823 1 1 1
2.968352243040 7.299530628426 9.638458685214 1 1 1
-3.300243608191 7.262041709425 9.554764765127 1 1 1
4.644719894207 6.354172694359 1.965000312785 1 1 1
1.538004666133 0.916062679250 1.948751575038 1 1 1
7.795530240017 0.949790177042 2.038037360333 1 1 1
-1.653640522287 4.536672840211 4.445481112540 1 1 1
1.478806911533 4.534786287471 4.492867005709 1 1 1
-0.089193908498 7.247219959646 4.464286959317 1 1 1
6.142017743601 3.672618791231 7.140689153899 1 1 1
3.010858649953 3.657425747883 7.091221375653 1 1 1
4.577829695303 0.958390063174 7.130591479628 1 1 1
-1.722393326724 4.562868421783 9.573772802097 1 1 1
1.407782921941 4.576421343075 9.630705865444 1 1 1
-0.166027480547 7.276244129433 9.601021559275 1 1 1
6.227785628255 3.645309117657 2.002921735490 1 1 1
3.087756613822 3.635557124412 1.947190780998 1 1 1
4.658103152337 0.931383469896 1.998509868406 1 1 1
3.069430581452 1.838517014168 4.545926345712 1 1 1
6.189469300720 1.846096219913 4.575169307197 1 1 1
4.618623213779 4.560868660449 4.547314186774 1 1 1
1.443336035821 6.361719465884 7.043732159673 1 1 1
-1.702950283754 6.359812660543 7.003031403456 1 1 1
-0.116276558239 3.646661958211 7.050408837271 1 1 1
2.981430272159 1.864984093846 9.675301243231 1 1 1
6.115695173913 1.872221030533 9.717856868206 1 1 1
4.529359959402 4.580867702448 9.679980359867 1 1 1
1.526840616216 6.348925746474 1.927092626410 1 1 1
-1.603392689566 6.326231869423 1.860919408226 1 1 1
-0.044291986676 3.621988256859 1.902937654465 1 1 1

NUMERICAL_ORBITAL
Si_gga_9au_100Ry_3s3p2d.orb
C_gga_9au_100Ry_3s3p2d.orb
