ATOMIC_SPECIES
Si 28.085 Si_ONCV_PBE-1.0.upf
C 12.011 C_ONCV_PBE-1.0.upf

LATTICE_CONSTANT
1.8897261254578281

LATTICE_VECTORS
9.01653095727412 0.0 0.0 
-4.632217416561408 7.844481275656763 0.0 
-0.026182179410593785 0.2739306717176544 9.88418978633266 

ATOMIC_POSITIONS
Cartesian    # Cartesian(Unit is LATTICE_CONSTANT)
Si
0.0
36
-0.020551413148 1.799837646408 2.488423496510 1 1 1
3.016945683539 7.149807319802 2.425084636712 1 1 1
-3.128306335624 7.097545431487 2.409709993859 1 1 1
4.544127678672 6.307422565883 4.951993967055 1 1 1
1.517774378386 0.971909822640 5.026546840938 1 1 1
7.666250986166 1.018607006518 5.026720264233 1 1 1
-0.017779252471 1.877730183032 7.535496065590 1 1 1
3.000430023335 7.222868460054 7.463433820437 1 1 1
-3.136034021190 7.174917564024 7.456127793397 1 1 1
4.534592780161 6.380186191408 9.994794669168 1 1 1
1.514876612880 1.038070226249 10.059248771230 1 1 1
7.651165621365 1.087101662670 10.063749640855 1 1 1
-1.574143472288 4.446801382702 2.457121502184 1 1 1
1.490610130738 4.491566995156 2.464570825420 1 1 1
-0.044120234982 7.124513217121 2.427499804711 1 1 1
6.103462420143 3.669226395537 5.005543262210 1 1 1
3.026699338818 3.640898137643 4.988966103217 1 1 1
4.586815987354 0.990051282930 5.018866420407 1 1 1
-1.580665117937 4.517027640464 7.473413889655 1 1 1
1.493527165209 4.546593494278 7.490147823515 1 1 1
-0.061401381905 7.190244162634 7.455037112299 1 1 1
6.094093058611 3.728158887313 10.026213110473 1 1 1
3.028909392561 3.706671540566 10.022120154175 1 1 1
4.588713952239 1.066598506832 10.058138290798 1 1 1
3.050793713302 1.830171873395 2.487326714127 1 1 1
6.109060014544 1.859454577868 2.485639804822 1 1 1
4.559908570980 4.501924709644 2.463139041662 1 1 1
1.482568389775 6.285440725250 4.946529860542 1 1 1
-1.586341453040 6.262721195729 4.936464062177 1 1 1
-0.037420018890 3.619600976557 4.985572881199 1 1 1
3.045209835382 1.892869959234 7.533031206745 1 1 1
6.129473373364 1.926703626403 7.541535143334 1 1 1
4.552796795797 4.572731913483 7.496845187627 1 1 1
1.467228028105 6.354738497551 9.977650543998 1 1 1
-1.593482792634 6.331567219315 9.992075742333 1 1 1
-0.041837387222 3.684455874016 10.010861606322 1 1 1
C
0.0
36
-0.021612704087 1.831641028604 4.376078218149 1 1 1
3.003850381752 7.182882812650 4.312610749484 1 1 1
-3.116712585084 7.135100436909 4.308626028644 1 1 1
4.544488527964 6.326433254557 6.839261246692 1 1 1
1.518543454935 0.996237030477 6.913546046740 1 1 1
7.654511287676 1.051065675004 6.930542220152 1 1 1
-0.029485436723 1.914580340394 9.422749198564 1 1 1
2.993703759772 7.232288719609 9.349491654693 1 1 1
-3.137360907742 7.194691624039 9.338392694475 1 1 1
4.547897943797 6.260989978588 1.824770163133 1 1 1
1.520715131939 0.929371873427 1.872515718066 1 1 1
7.675060126969 0.983301477720 1.894556319424 1 1 1
-1.576574404379 4.478414349109 4.344416921059 1 1 1
1.503194718602 4.492870520919 4.350166964570 1 1 1
-0.061898326044 7.146834786373 4.310925711684 1 1 1
6.099575803427 3.692037952737 6.885164152389 1 1 1
3.024499033536 3.666322135921 6.870738230046 1 1 1
4.598632598681 1.017673654206 6.914890925832 1 1 1
-1.580624651404 4.549413055744 9.381548275292 1 1 1
1.490003483967 4.565629736733 9.371412880178 1 1 1
-0.073467533675 7.225073291967 9.346906070879 1 1 1
6.108269626307 3.612589664402 1.846971890572 1 1 1
3.039256437089 3.589147331440 1.858747813117 1 1 1
4.585253837342 0.938009082111 1.880369989520 1 1 1
3.052811718627 1.855426732165 4.383670722164 1 1 1
6.115193500124 1.875835281448 4.387082946865 1 1 1
4.574418224066 4.522780020591 4.357173763680 1 1 1
1.484871536630 6.307424605345 6.840723467100 1 1 1
-1.599545704627 6.273548989484 6.835637897312 1 1 1
-0.037217433207 3.632318087646 6.872245871653 1 1 1
3.035900863674 1.922543541667 9.422418544716 1 1 1
6.103957927582 1.952519844809 9.420638977604 1 1 1
4.557602262403 4.598005561371 9.385686747002 1 1 1
1.483076987773 6.237585772636 1.818253478627 1 1 1
-1.575896474030 6.214442879490 1.814659788903 1 1 1
-0.031401676314 3.562690430632 1.849015459926 1 1 1

NUMERICAL_ORBITAL
Si_gga_9au_100Ry_3s3p2d.orb
C_gga_9au_100Ry_3s3p2d.orb
