0.005 0 0
0.015 0 0
0.025 0 0
0.035 0 0
0.045 0 0
0.055 0 0
0.065 0 0
0.075 0 0
0.085 0 0
0.095 0 0
0.105 0 0
0.115 0 0
0.125 0 0
0.135 0 0
0.145 0 0
0.155 0 0
0.165 0 0
0.175 0 0
0.185 0 0
0.195 0 0
0.205 0 0
0.215 0 0
0.225 0 0
0.235 0 0
0.245 0 0
0.255 0 0
0.265 0 0
0.275 0 0
0.285 0 0
0.295 0 0
0.305 0 0
0.315 0 0
0.325 0 0
0.335 0 0
0.345 0 0
0.355 0 0
0.365 0 0
0.375 0 0
0.385 0 0
0.395 0 0
0.405 0 0
0.415 0 0
0.425 0 0
0.435 0 0
0.445 0 0
0.455 0 0
0.465 0 0
0.475 0 0
0.485 0 0
0.495 0 0
0.505 0 0
0.515 0 0
0.525 0 0
0.535 0 0
0.545 0 0
0.555 0 0
0.565 0 0
0.575 0 0
0.585 0 0
0.595 0.370404 0.0164786
0.605 0 0.0164786
0.615 0.173352 0.0247179
0.625 0 0.0247179
0.635 0.162605 0.0329572
0.645 0 0.0329572
0.655 0 0.0329572
0.665 0.148265 0.0411965
0.675 0 0.0411965
0.685 0 0.0411965
0.695 0 0.0411965
0.705 0.263836 0.0576752
0.715 0.128254 0.0659145
0.725 0.249481 0.0823932
0.735 0.121369 0.0906325
0.745 0.236266 0.107111
0.755 0.115024 0.115351
0.765 0 0.115351
0.775 0.109164 0.12359
0.785 0.106401 0.131829
0.795 0.207482 0.148308
0.805 0.809436 0.214223
0.815 0.394847 0.247181
0.825 0.578 0.296617
0.835 0.752318 0.362532
0.845 0.459136 0.403729
0.855 0.358767 0.436686
0.865 0.52578 0.486123
0.875 1.02766 0.584995
0.885 1.172 0.700347
0.895 0.572977 0.758022
0.905 0.800549 0.840416
0.915 1.33135 0.980486
0.925 0.613045 1.0464
0.935 0.900002 1.14527
0.945 0.734213 1.22767
0.955 0.934593 1.33478
0.965 1.12655 1.46661
0.975 0.758699 1.55724
0.985 0.608214 1.6314
0.995 0.529822 1.69731
1.005 0.843912 1.80443
1.015 0.700079 1.89506
1.025 0.374447 1.9445
1.035 0.734492 2.04337
1.045 0.720502 2.14224
1.055 1.00145 2.28231
1.065 0.751503 2.38942
1.075 0.453899 2.45534
1.085 0.668357 2.55421
1.095 0.820257 2.6778
1.105 0.751779 2.79316
1.115 1.00205 2.94971
1.125 0.777093 3.0733
1.135 0.916152 3.22161
1.145 1.10027 3.40287
1.155 0.786399 3.5347
1.165 0.917886 3.69125
1.175 0.854838 3.83956
1.185 0.98055 4.01259
1.195 1.19378 4.22682
1.205 1.12889 4.4328
1.215 1.46571 4.7047
1.225 0.961253 4.88597
1.235 0.644829 5.00956
1.245 0.846016 5.17435
1.255 1.04073 5.38034
1.265 1.35214 5.65224
1.275 1.16967 5.89118
1.285 0.992708 6.09717
1.295 1.01653 6.31139
1.305 1.19352 6.56682
1.315 1.06168 6.79752
1.325 0.971023 7.01174
1.335 1.17727 7.27541
1.345 0.833626 7.46491
1.355 0.749943 7.63794
1.365 0.914947 7.85217
1.375 1.00573 8.09111
1.385 1.12798 8.36301
1.395 0.808632 8.56076
1.405 1.16253 8.84914
1.415 1.1789 9.14576
1.425 1.1947 9.45062
1.435 1.05075 9.72252
1.445 1.09906 10.0109
1.455 1.20789 10.3322
1.465 1.34421 10.6948
1.475 1.20549 11.0244
1.485 1.30824 11.3869
1.495 1.11478 11.7
1.505 1.73687 12.1944
1.515 1.17124 12.5322
1.525 1.24051 12.8947
1.535 1.08527 13.216
1.545 1.29101 13.6033
1.555 1.13888 13.9494
1.565 1.31176 14.3531
1.575 1.0837 14.6909
1.585 1.14837 15.0534
1.595 1.28866 15.4654
1.605 1.04357 15.8032
1.615 1.18152 16.1905
1.625 0.91872 16.4953
1.635 0.833934 16.7755
1.645 1.2842 17.2122
1.655 1.17297 17.6159
1.665 1.561 18.1597
1.675 0.91143 18.4811
1.685 1.01611 18.8436
1.695 1.2552 19.2968
1.705 1.17285 19.7252
1.715 1.11463 20.1372
1.725 0.881395 20.4668
1.735 0.95839 20.8293
1.745 1.09817 21.2495
1.755 1.04311 21.6532
1.765 1.13656 22.0982
1.775 0.686761 22.3701
1.785 1.17297 22.8397
1.795 0.89539 23.2023
1.805 0.925746 23.5813
1.815 1.11461 24.0427
1.825 1.04337 24.4794
1.835 1.51884 25.1221
1.845 1.38685 25.7153
1.855 1.29572 26.2756
1.865 0.923692 26.6793
1.875 1.15632 27.1902
1.885 1.05182 27.6598
1.895 1.05901 28.1377
1.905 1.26473 28.7145
1.915 1.26943 29.2995
1.925 1.2032 29.8597
1.935 1.03319 30.3459
1.945 0.987926 30.8155
1.955 1.06362 31.3264
1.965 1.18867 31.9031
1.975 0.806856 32.2986
1.985 0.881949 32.7353
1.995 0.922552 33.1967
2.005 0.815512 33.6087
2.015 1.01737 34.1278
2.025 0.991358 34.6386
2.035 0.918307 35.1165
2.045 0.846635 35.5614
2.055 0.916046 36.0476
2.065 0.999453 36.5831
2.075 0.868016 37.0528
2.085 0.859709 37.5224
2.095 1.09055 38.1239
2.105 0.96183 38.6595
2.115 0.79152 39.1044
2.125 0.798608 39.5576
2.135 0.920605 40.0849
2.145 0.926292 40.6205
2.155 1.01655 41.2137
2.165 0.825325 41.6998
2.175 1.13654 42.3755
2.185 1.12616 43.0511
2.195 0.993443 43.6526
2.205 0.943995 44.2294
2.215 1.05577 44.8803
2.225 0.847635 45.4076
2.235 0.918823 45.9844
2.245 0.780562 46.4787
2.255 0.94128 47.0802
2.265 0.971329 47.7064
2.275 1.22885 48.5056
2.285 0.979515 49.1483
