MDSTEP:  0
LATTICE_CONSTANT: 1.889726125458
LATTICE_VECTORS
  9.475626615958  0.000000000000  0.000000000000
  -4.593322032916  7.771052100062  0.000000000000
  0.023417987954  0.110186650915  9.866287112892
VIRIAL (KBAR)
  -40.308464265365  -43.958735383587  -1.097188936871
  -43.958735383587  320.054772384880  -16.537623599312
  -1.097188936871  -16.537623599312  278.813725534868
INDEX    LABEL    POSITIONS    FORCE (eV/Angstrom)
  0  Si  0.025790743335  1.791787200246  2.508897518509  -1.707031899871  -0.008414609316  0.966662752889
  1  Si  3.151605867153  7.087374398088  2.491259536102  0.166218355346  -5.198830971780  2.242858729933
  2  Si  -2.997315846740  7.133315726899  2.476103882410  -1.633249179280  -6.490601654142  2.976780414426
  3  Si  4.659821678792  6.191122471888  4.978109596663  1.827676410663  -0.084237166878  0.956851447689
  4  Si  1.541844098809  0.883957960281  5.031176327238  -0.748175591683  5.846080564461  1.504639925553
  5  Si  7.694453144877  0.844155157994  5.033179827049  1.536643034958  6.275720722185  1.472532521158
  6  Si  0.029044627103  1.813489986804  7.562926014275  -1.720644486043  0.080137079718  -0.195792753551
  7  Si  3.131874522263  7.112206351783  7.510817723460  1.188615718699  -6.135150110298  2.025945963725
  8  Si  -2.988470523874  7.179886822567  7.526086862608  -1.440670228388  -8.051046689502  2.292050143138
  9  Si  4.647369587486  6.111825570442  0.172904718352  1.620937710440  0.199125910035  -4.563086905620
  10  Si  1.545765565131  0.831501204338  0.202543777442  -0.985127809624  4.052330262580  -4.427065916434
  11  Si  7.675958597560  0.761153807213  0.188768992950  1.466008051202  5.747764518779  -3.059560002950
  12  Si  -1.505416518163  4.447775630671  2.502519985589  -1.333647423487  -0.828898243613  0.382179332540
  13  Si  1.565056422688  4.443440167894  2.502379065200  0.416163244961  -0.317631273779  0.826781993441
  14  Si  0.073030021878  7.116510242119  2.491537581590  0.082051206127  -6.817431530139  2.954181185431
  15  Si  6.175418440847  3.524767530458  5.028976295649  1.744731003519  0.465973560159  -0.196975789042
  16  Si  3.096079528576  3.546652455101  5.019234302965  0.296779523923  0.004016487623  0.091138313473
  17  Si  4.609087447941  0.869789173319  5.017421892548  0.143859550752  5.674095191399  1.673814595120
  18  Si  -1.503387898483  4.484575377922  7.497014069502  -1.414188047171  -0.835921930719  0.735635466973
  19  Si  1.585540593356  4.465372264464  7.531067776239  -0.045155665757  -0.120565012574  -0.149031090692
  20  Si  0.074065837856  7.126302322353  7.508207531816  0.069376383288  -5.002869432014  1.703158322718
  21  Si  6.143610806746  3.433674038892  0.191437230446  2.008963257493  0.847947283781  -5.523215202705
  22  Si  3.095552132474  3.464641230944  0.191494480437  -0.021055229578  0.020158006116  -5.125778949507
  23  Si  4.604661931271  0.788879250066  0.182321385760  0.068279793252  5.581351001153  -3.602841049666
  24  Si  3.089909514728  1.758330336345  2.495068173640  0.101347590076  0.738796092612  1.177941885750
  25  Si  6.148984206679  1.733495330454  2.500290403657  0.757340716513  1.173210923178  0.921074107371
  26  Si  4.639153074531  4.404249521812  2.502449933914  0.682909382944  0.220225407477  0.509127306239
  27  Si  1.606066441310  6.236254108781  5.005662411662  -0.117110704967  -1.517571849865  0.491286053736
  28  Si  -1.460970026974  6.266431398994  4.978119754802  -0.918279551042  -1.940013598212  0.619228709378
  29  Si  0.043255354223  3.573157603187  5.013736176718  -0.838367720702  -0.480557907473  -0.024151921750
  30  Si  3.094061699005  1.776071698599  7.547788256644  0.187611071336  1.097281270700  -0.103702542067
  31  Si  6.177597098308  1.765085175736  7.539303749936  0.488392825674  1.284764566478  0.014050510497
  32  Si  4.638033722645  4.433828540681  7.523338427932  0.914085013015  0.372166958513  0.147970687161
  33  Si  1.581934682560  6.142935012624  0.172308223712  -0.533361143707  -1.003164975149  -5.178494816901
  34  Si  -1.501156542814  6.160104086223  0.187893037404  -0.263794903438  -1.058058413605  -5.019937972595
  35  Si  0.028210589227  3.487723553068  0.156135247212  -0.805163090120  0.012147344258  -3.793465811094
  36  C  0.013947450870  1.799415639008  4.401529232580  -1.398174750661  -0.512955586749  0.210094079888
  37  C  3.136778008051  7.094552554711  4.377471419496  0.509399914658  -4.977862481713  -2.177318482583
  38  C  -2.993453941207  7.153793814627  4.380113141342  -1.527735118958  -6.716779442350  -2.303633888217
  39  C  4.674895115287  6.185775415642  6.885696255741  1.221302513828  0.792058217745  0.206890594905
  40  C  1.533429054622  0.903277959436  6.917899165422  -0.148532989798  6.480281705454  -2.677515465636
  41  C  7.683032659133  0.852661931712  6.912490996400  1.646247706949  7.119460270027  -2.028220453876
  42  C  0.019775723258  1.833230117409  9.428794973806  -1.271203609981  -0.658828405389  0.191118910690
  43  C  3.132084315880  7.102245169546  9.403960002860  0.726900138222  -4.118417975043  -2.099427257673
  44  C  -2.992173498644  7.169638376963  9.412170703534  -1.661432854400  -5.290550128539  -1.504330001360
  45  C  4.649252903974  6.169000138824  1.868905302073  1.707350944148  0.422437155435  4.733215050166
  46  C  1.545606518512  0.889527805390  1.880964330318  -0.407402606072  5.303689556827  2.697027125306
  47  C  7.690792946100  0.851463395534  1.897985939812  1.444756138639  6.008215164199  1.999194309469
  48  C  -1.496809456480  4.457248970801  4.375485821274  -1.464047526435  -0.242137635417  0.459066655589
  49  C  1.580941342615  4.429930850896  4.394192155390  0.061013422850  0.890176498649  -0.354573724616
  50  C  0.081158531335  7.112004530773  4.384238590434  0.101469901205  -4.927596495214  -2.144314829745
  51  C  6.183057536825  3.534789076934  6.905697130901  1.487157531762  0.596042608785  0.244845921847
  52  C  3.101913728038  3.560860034065  6.896861844469  -0.057446582234  -0.592439012312  0.150449138693
  53  C  4.645611052786  0.903915352965  6.903829853596  -0.596900297664  4.737985324993  -1.825381088450
  54  C  -1.480919010023  4.501245386535  9.422020171189  -1.586871526804  -0.632849712474  -0.459747967330
  55  C  1.592583332775  4.462776030531  9.396519633368  0.161742494484  0.439390888999  0.011743901208
  56  C  0.067222695378  7.168993041149  9.384801847590  0.194304539730  -6.201792442181  -1.883491874754
  57  C  6.161028248746  3.502793585778  1.865377641127  1.538950982668  0.545424558121  5.483031890675
  58  C  3.106423773615  3.519245540240  1.881085598778  -0.326844051230  -0.005111841188  4.489544016621
  59  C  4.615953875560  0.834697961736  1.863367210060  -0.199850464075  6.733831795181  2.704895645569
  60  C  3.075967212194  1.789553404861  4.388912828037  0.372278861047  0.038974746380  0.064925151933
  61  C  6.162276156332  1.740335117387  4.398776632410  0.344656925046  0.875224496630  -0.258072513088
  62  C  4.655896789150  4.411341848073  4.385425072970  0.128157554430  0.391373449694  -0.349806544675
  63  C  1.619318187383  6.221560741694  6.895129501261  -0.669521114645  -0.439262384098  -0.097469832242
  64  C  -1.460491613235  6.243904112102  6.889638924892  -0.659762871720  -0.224269325754  -0.424191532777
  65  C  0.045429557622  3.574507819689  6.897229848313  -0.537632933099  -0.221967082291  -0.087673128767
  66  C  3.094839293460  1.786879141477  9.422028130108  0.375780379412  1.155308030021  -0.061170215802
  67  C  6.165935247164  1.782743642266  9.420364078257  0.608116399902  0.617153529987  -0.247996636838
  68  C  4.667036548671  4.459204985731  9.434450576929  0.039738365076  0.012610876576  -1.103564418402
  69  C  1.590678735939  6.188741906187  1.852150984151  -0.021242187329  -0.127674561384  5.323311437418
  70  C  -1.470454736198  6.224657442375  1.887478466519  -0.496910316588  -0.721525841427  4.109802124974
  71  C  0.055313863179  3.555964695983  1.882937756210  -0.880780081686  -0.349946302328  3.285954258113


MDSTEP:  1
LATTICE_CONSTANT: 1.889726125458
LATTICE_VECTORS
  9.475626615958  0.000000000000  0.000000000000
  -4.593322032916  7.771052100062  0.000000000000
  0.023417987954  0.110186650915  9.866287112892
VIRIAL (KBAR)
  -39.928850837888  -43.918603855115  -1.211536996238
  -43.918603855115  316.190470832052  -16.549743218172
  -1.211536996238  -16.549743218172  276.367017424157
INDEX    LABEL    POSITIONS    FORCE (eV/Angstrom)
  0  Si  0.026370828680  1.791065634223  2.509647086536  -1.733210573628  0.024304851673  0.947764083048
  1  Si  3.151506137779  7.085905019526  2.491861058061  0.167819253261  -5.025130283389  2.173043968277
  2  Si  -2.997547051034  7.132913402420  2.476834231502  -1.635951855180  -6.434727757446  2.936510819149
  3  Si  4.660954663978  6.190007262267  4.978561951069  1.813203535934  -0.047016457280  0.939101516095
  4  Si  1.541719922127  0.885752417021  5.031714852628  -0.741688042772  5.644372301201  1.398961057772
  5  Si  7.695275385937  0.845653417695  5.033099024944  1.530643380420  6.147604819734  1.408399808498
  6  Si  0.028747312223  1.813515961294  7.562613033549  -1.735421831935  0.092473151567  -0.205290261550
  7  Si  3.132882928272  7.111971910830  7.511215039255  1.165110881556  -5.991555742637  1.945645010379
  8  Si  -2.988182584349  7.178752767948  7.526006903746  -1.463206404077  -7.885290928943  2.217488997837
  9  Si  4.647396101273  6.112174345788  0.172361882968  1.631152912697  0.167695390019  -4.487902627931
  10  Si  1.545508463977  0.833134296224  0.201691961701  -0.988297789628  3.917678102920  -4.375991902428
  11  Si  7.676099003362  0.761382492877  0.188214209183  1.469091267317  5.683784462571  -3.036356072530
  12  Si  -1.505409684963  4.446949312803  2.502404419068  -1.339673232647  -0.831131770835  0.395861353843
  13  Si  1.565192432694  4.444093552123  2.502712560119  0.403866245569  -0.333178100618  0.819768085769
  14  Si  0.072513372202  7.114806072258  2.491545108581  0.065224000246  -6.643644182245  2.910549968567
  15  Si  6.175211927756  3.524224448152  5.029106907097  1.743893545027  0.482589234610  -0.218318785370
  16  Si  3.095857942225  3.547847220912  5.019782723354  0.307904977204  -0.004479369764  0.052144888549
  17  Si  4.609035527115  0.871221130616  5.018314776810  0.150312150143  5.541613489300  1.601386950500
  18  Si  -1.503629479455  4.484295322993  7.496728629995  -1.412438865822  -0.846640448095  0.723922739843
  19  Si  1.585936906676  4.465901854179  7.530315393461  -0.067053733994  -0.138036755753  -0.138723334805
  20  Si  0.073671481961  7.124660321456  7.507910580393  0.077317933565  -4.858697617502  1.650556707407
  21  Si  6.144351656324  3.433947378287  0.190043875298  2.000294160358  0.864711307628  -5.369446441757
  22  Si  3.095173723039  3.464235713254  0.190195177884  -0.017302655150  0.027944824320  -4.985796513157
  23  Si  4.605543960919  0.790134702098  0.181396160152  0.053504980728  5.432264676566  -3.570938872598
  24  Si  3.090166750909  1.759096410971  2.495200357678  0.106022692962  0.739499259444  1.201294117472
  25  Si  6.148792392629  1.734135052512  2.500934967228  0.762150510496  1.165086312300  0.922810676466
  26  Si  4.639285294125  4.404100366327  2.502565945701  0.686315941890  0.216633997628  0.522367639728
  27  Si  1.605447680243  6.237012288831  5.005322542787  -0.092281072749  -1.530026954004  0.486445078438
  28  Si  -1.461328006985  6.265495884709  4.978791519797  -0.918260323986  -1.925830467209  0.598000559866
  29  Si  0.043023735951  3.573678150503  5.013075660510  -0.827727277696  -0.478482893213  -0.037333926690
  30  Si  3.094308673241  1.775646366417  7.548024493092  0.165156135027  1.124909141723  -0.130041884227
  31  Si  6.176354472855  1.765713350388  7.540099788736  0.534623928033  1.285045214476  -0.006773195258
  32  Si  4.638262286150  4.433145031950  7.524202024424  0.906294896149  0.386439876384  0.098928026610
  33  Si  1.581858792020  6.141986663003  0.171051421161  -0.534231795272  -1.005629555089  -4.988040866526
  34  Si  -1.500498204690  6.159820475252  0.186426669632  -0.277539022287  -1.064370375687  -4.874470376360
  35  Si  0.028086140240  3.488152372977  0.154996623232  -0.828222392008  0.001070484561  -3.722884506955
  36  C  0.012191384738  1.799224665489  4.400904823167  -1.371347671942  -0.504956908366  0.232482075340
  37  C  3.137233958314  7.092934202462  4.375593706413  0.505945669374  -4.843699849540  -2.064226709743
  38  C  -2.994708385843  7.150501550844  4.379111620684  -1.529293157433  -6.487218576785  -2.179151963386
  39  C  4.675972120050  6.186816102392  6.886186116749  1.218388219870  0.759192399535  0.213187812696
  40  C  1.532527460886  0.905751007131  6.916893776346  -0.117504898244  6.291263332231  -2.589920268826
  41  C  7.684234134433  0.855939926906  6.912024120672  1.635698751771  6.951262519303  -1.950871569461
  42  C  0.018937006520  1.833273996579  9.428324117463  -1.265186485318  -0.663455656656  0.189169884054
  43  C  3.131467382842  7.099976212041  9.403473198017  0.735839010000  -4.016373436333  -2.056672056118
  44  C  -2.991729565289  7.167179256692  9.411128183449  -1.677629772886  -5.135514048928  -1.435187840736
  45  C  4.650257173765  6.168413688733  1.870653082183  1.696673351775  0.439252504584  4.620161199572
  46  C  1.546310905981  0.891449111441  1.882565370165  -0.404604315570  5.203937399361  2.614525303449
  47  C  7.691031687878  0.854610113907  1.898366584084  1.463390326050  5.815837965418  2.014496504726
  48  C  -1.496877623968  4.457945780227  4.375181568722  -1.459587006585  -0.268598498700  0.472643066228
  49  C  1.581671304229  4.430969005903  4.392546394957  0.036483954914  0.866419380577  -0.303436440503
  50  C  0.080885289550  7.110080589340  4.384103723189  0.081196964911  -4.777340281786  -2.080612101224
  51  C  6.183808157679  3.534367380078  6.904721464316  1.464797923073  0.614614884746  0.276414073928
  52  C  3.100917901393  3.560974937058  6.895595734409  -0.027789837632  -0.584683189980  0.193093486335
  53  C  4.645922921910  0.906436119624  6.903727801525  -0.608168236044  4.572054262294  -1.762163078134
  54  C  -1.482996104934  4.500984127581  9.421581646555  -1.560690364573  -0.648370229147  -0.454960626614
  55  C  1.592176948871  4.462120243743  9.397313545965  0.167333336948  0.443344770886  -0.027114706533
  56  C  0.067568958163  7.165804864435  9.383949434756  0.187852951227  -6.016597183342  -1.808576688118
  57  C  6.160970613207  3.502085802073  1.867775003837  1.540519232161  0.566463701158  5.314312887986
  58  C  3.106079321506  3.519552825333  1.883245040016  -0.319855706729  0.004559279497  4.340752399967
  59  C  4.616011916775  0.837470911784  1.864464119543  -0.200540471807  6.549268092200  2.675427025353
  60  C  3.076659439395  1.789869815317  4.389369226906  0.351765248564  0.047720983111  0.064277798536
  61  C  6.161762233185  1.740706007263  4.398363293762  0.356305711045  0.862080632356  -0.238897594716
  62  C  4.656536023880  4.412714957548  4.385281756513  0.118469545229  0.344309127431  -0.331710183673
  63  C  1.618800078671  6.222040660476  6.895542483823  -0.643432512972  -0.433966528104  -0.112963932415
  64  C  -1.460610961972  6.243919248534  6.890338424264  -0.661324919802  -0.230152868283  -0.441218703371
  65  C  0.045150423483  3.573975528389  6.896319671325  -0.527709902697  -0.194173339083  -0.067132027959
  66  C  3.094357396733  1.787221962446  9.421373643428  0.391870944610  1.137976244087  -0.058221184844
  67  C  6.165969150168  1.783284500304  9.420621454152  0.611474145987  0.600694950206  -0.265848827213
  68  C  4.666072423014  4.457980566243  9.433235811971  0.057592823242  0.034168428196  -1.068113104545
  69  C  1.589976428728  6.189691184297  1.855780686938  -0.005783147230  -0.141799172247  5.089755313062
  70  C  -1.470970720602  6.223554747087  1.889855827536  -0.494536849240  -0.706325490670  3.947321151017
  71  C  0.055336936095  3.555933070111  1.883415044486  -0.874009313801  -0.353046838142  3.236337139907


MDSTEP:  2
LATTICE_CONSTANT: 1.889726125458
LATTICE_VECTORS
  9.475626615958  0.000000000000  0.000000000000
  -4.593322032916  7.771052100062  0.000000000000
  0.023417987954  0.110186650915  9.866287112892
VIRIAL (KBAR)
  -39.764413989807  -43.714742000020  -1.707217771488
  -43.714742000020  309.206827089167  -16.978398906699
  -1.707217771488  -16.978398906699  273.382509883481
INDEX    LABEL    POSITIONS    FORCE (eV/Angstrom)
  0  Si  0.027802113892  1.789422473602  2.508167859898  -1.822248586739  0.076270218133  1.026383960273
  1  Si  3.151582010341  7.085910289711  2.493532248980  0.170290277779  -4.863690690985  2.094346015179
  2  Si  -2.995981516090  7.129076772794  2.477287819060  -1.674084486112  -6.177168381635  2.814113237392
  3  Si  4.662662325817  6.191933135575  4.979134076386  1.797709736310  -0.067714559890  0.858525075133
  4  Si  1.542723005731  0.889968136041  5.030790592642  -0.769911179435  5.346322732944  1.312878323728
  5  Si  7.698046740538  0.848036207471  5.035864411295  1.510836025102  5.885349284594  1.209371653147
  6  Si  0.028121670467  1.813824451695  7.564854094165  -1.739503850932  0.143038863537  -0.275454759786
  7  Si  3.134860541793  7.111567162822  7.512380896411  1.124872356967  -5.723443902915  1.758066445262
  8  Si  -2.987857755171  7.178651069809  7.529063051112  -1.491111264041  -7.692938944271  2.088894574654
  9  Si  4.647032860781  6.114202331555  0.171289399435  1.679037051898  0.094856990198  -4.216545071619
  10  Si  1.545894166992  0.835845290057  0.201638427516  -1.039912833267  3.766981880899  -4.311810798605
  11  Si  7.678156120481  0.762086433227  0.187720529968  1.478936437496  5.469780967308  -2.931923956166
  12  Si  -1.506024876815  4.444910620012  2.504095885478  -1.357340089963  -0.844855246955  0.408552151807
  13  Si  1.567252999568  4.445942683885  2.503859671000  0.294241864939  -0.397774493227  0.812814624757
  14  Si  0.072075085806  7.113113135943  2.493055098999  0.022317334816  -6.394625194171  2.824388694223
  15  Si  6.176577487668  3.524593202885  5.027180766947  1.728977954755  0.477019191115  -0.191837749657
  16  Si  3.096379693429  3.545387189018  5.020858234971  0.316407451128  0.155248222232  0.002256562043
  17  Si  4.609182712049  0.874875799832  5.018944147679  0.121977385278  5.226796825746  1.443925268326
  18  Si  -1.506153750440  4.483950821562  7.497031809223  -1.402454280722  -0.819255102932  0.700159697815
  19  Si  1.583537160948  4.467509186203  7.529660574252  -0.001664114541  -0.202148418199  -0.179926560597
  20  Si  0.074422671077  7.122739100155  7.506603536471  0.078575008919  -4.761631169167  1.586990574493
  21  Si  6.144581291322  3.432912820096  0.187708433437  2.050809237055  0.917709515450  -5.180134023377
  22  Si  3.092627657572  3.465390748658  0.188870391373  0.030772262416  0.040225313470  -4.891435990849
  23  Si  4.607209703754  0.792436183330  0.179889025093  0.059387893639  5.088265508585  -3.617788686753
  24  Si  3.090084004646  1.761957024760  2.493290166484  0.066822876017  0.644846988657  1.273038140535
  25  Si  6.146813123010  1.735276312413  2.501764079541  0.831778408939  1.206006591363  0.912352487620
  26  Si  4.638060847627  4.402699746109  2.503431007094  0.752068858941  0.283379214366  0.506029365679
  27  Si  1.607645359464  6.237739166832  5.005294112924  -0.125829174284  -1.551337959454  0.516631360676
  28  Si  -1.461966885128  6.266679767230  4.981379787306  -0.955136159016  -1.977274841022  0.568083653602
  29  Si  0.045102450946  3.575614568934  5.014468401556  -0.900195894186  -0.502575254717  -0.055408321455
  30  Si  3.093489316221  1.776226239337  7.546501342345  0.164580086209  1.153807663606  -0.108173229194
  31  Si  6.176419970531  1.768522690238  7.539919372422  0.498388118831  1.269521621712  -0.024044562392
  32  Si  4.640596700362  4.435737550414  7.522571343301  0.842337719184  0.399608252395  0.126135756325
  33  Si  1.581454374263  6.143116287954  0.170740380549  -0.570436166439  -1.050826867453  -4.910590016358
  34  Si  -1.498462771909  6.158178736674  0.186129193481  -0.388899608900  -1.102360913656  -4.880131706338
  35  Si  0.030241507961  3.487267572559  0.153203755730  -0.905095964157  0.047920719858  -3.657510626407
  36  C  0.011579052339  1.799257307121  4.402074950589  -1.362262742869  -0.473254551908  0.214692602191
  37  C  3.135153333827  7.088865820031  4.372809422321  0.559847905027  -4.516005280607  -1.861143895597
  38  C  -2.994698231093  7.148643094753  4.375032320781  -1.517678125311  -6.206418386646  -1.982184042612
  39  C  4.677808465147  6.190367502452  6.883216300842  1.216166441875  0.733410467371  0.286567473833
  40  C  1.531415263598  0.908381965837  6.915992679762  -0.100391080441  6.116900208315  -2.509703618034
  41  C  7.686294221220  0.862945088016  6.911232458327  1.624464890822  6.597025755238  -1.771744879861
  42  C  0.014369746697  1.833231021427  9.428988163804  -1.189439656551  -0.700937740376  0.185202493657
  43  C  3.129986769771  7.092877330392  9.400564068661  0.750362542468  -3.659316941621  -1.891183333814
  44  C  -2.997028901807  7.166464345980  9.410791714997  -1.606826988008  -5.057797170662  -1.329123438719
  45  C  4.653798993862  6.171883262818  1.877852093273  1.656342133695  0.379569057222  4.272434097542
  46  C  1.543354237762  0.895210753164  1.884566796160  -0.298529716183  4.907833601857  2.585217357120
  47  C  7.694583686617  0.860400965709  1.903733320144  1.439058920452  5.610036070339  1.836574422396
  48  C  -1.500824470254  4.456062886321  4.378637776795  -1.402663499289  -0.258346314161  0.446432234844
  49  C  1.580622211964  4.434880205299  4.394295987616  0.101493828427  0.776663633954  -0.330607564023
  50  C  0.080755764540  7.104415589982  4.386027558167  0.057594030762  -4.429213517343  -1.996240083652
  51  C  6.181944774801  3.537804616229  6.905935156220  1.512352450482  0.562445124766  0.219007286720
  52  C  3.102655719152  3.563922562247  6.893207757726  -0.068793375688  -0.620228936992  0.289023245467
  53  C  4.643681881974  0.907429751881  6.899921373806  -0.535533168492  4.467405177714  -1.603326078972
  54  C  -1.483234582224  4.497857190384  9.418211069633  -1.560441485789  -0.605667881631  -0.393729580572
  55  C  1.590118314096  4.466073879349  9.393378659915  0.217884130937  0.348418647699  0.079931643897
  56  C  0.064989688221  7.157912814182  9.382189487760  0.233119854111  -5.553977315659  -1.656807826952
  57  C  6.163403828808  3.505883139926  1.868831152631  1.511611261097  0.512908352723  5.196830591522
  58  C  3.106741840115  3.516099711728  1.885876713948  -0.351862967499  0.140497899015  4.153847617904
  59  C  4.615822092383  0.842221531200  1.864948503406  -0.206693320071  6.236191312904  2.693754514938
  60  C  3.074881911438  1.793227663034  4.389953448892  0.402741452208  -0.025467498611  0.010455505487
  61  C  6.159558838434  1.737653250017  4.397622763977  0.416079611322  0.933023178281  -0.196948181360
  62  C  4.659157940234  4.415031132388  4.383859254984  0.055819639779  0.281906487117  -0.269356455310
  63  C  1.622291583590  6.217954426616  6.895641290305  -0.685003581348  -0.279374745166  -0.131505591061
  64  C  -1.463549419484  6.245036696710  6.891592164879  -0.613632656317  -0.247087027965  -0.436202924816
  65  C  0.043338916423  3.576953544523  6.897446691787  -0.505345326244  -0.249719208251  -0.066186814653
  66  C  3.093396211368  1.784515210351  9.423473668929  0.421189873151  1.218066295819  -0.152402214967
  67  C  6.168901989899  1.785366571525  9.421872263998  0.558019692100  0.496090719946  -0.322253495113
  68  C  4.669372168027  4.456502283367  9.434410101112  -0.044908418548  0.081673342314  -1.099472047046
  69  C  1.588345258628  6.192067536813  1.857366461028  0.055054432250  -0.168422553002  4.972093922862
  70  C  -1.470634596361  6.219392787649  1.889818668710  -0.470148281862  -0.634133070888  3.925740400895
  71  C  0.051876094242  3.553590004478  1.883086194193  -0.746349394338  -0.278031816623  3.221095092745


MDSTEP:  3
LATTICE_CONSTANT: 1.889726125458
LATTICE_VECTORS
  9.475626615958  0.000000000000  0.000000000000
  -4.593322032916  7.771052100062  0.000000000000
  0.023417987954  0.110186650915  9.866287112892
VIRIAL (KBAR)
  -38.688025589602  -43.385401789425  -2.524725588619
  -43.385401789425  300.505704156934  -16.136319955274
  -2.524725588619  -16.136319955274  267.590461546067
INDEX    LABEL    POSITIONS    FORCE (eV/Angstrom)
  0  Si  0.027795538712  1.786376747493  2.511228211398  -1.919111431768  0.252495342811  1.010643377176
  1  Si  3.154737144487  7.081153342506  2.497207409298  0.092518677025  -4.448902420874  1.856292985201
  2  Si  -2.996771773143  7.125265342885  2.478859405000  -1.681427018535  -5.845237830338  2.658923235434
  3  Si  4.660978048732  6.192497814351  4.979264664297  1.853140334902  -0.103971355674  0.804300704056
  4  Si  1.544651850179  0.894766397837  5.031425983658  -0.803167507901  4.896715851122  1.134074586077
  5  Si  7.699137495554  0.851652620562  5.034370031124  1.567724144481  5.516028357310  1.043890690505
  6  Si  0.025884854108  1.814802125369  7.565024814455  -1.719503002930  0.110384499237  -0.304161648964
  7  Si  3.131887281544  7.112600322499  7.511925184513  1.158689355692  -5.454652385027  1.540231906133
  8  Si  -2.990415569678  7.176165470928  7.529092445523  -1.516847096181  -7.360990591703  1.836808702023
  9  Si  4.646269338400  6.115485410041  0.170849626655  1.679579494066  0.056806475918  -4.122543135584
  10  Si  1.545143062605  0.835533926969  0.201569441301  -1.108770997204  3.606270223968  -4.196499752846
  11  Si  7.677502656590  0.761981250115  0.188515003915  1.523868042474  5.334139845840  -2.843422229644
  12  Si  -1.508172525663  4.445896374369  2.500873246879  -1.356486965933  -0.891645097555  0.524239834323
  13  Si  1.569752995597  4.448255599640  2.504839300974  0.166981538059  -0.475711207501  0.736927009095
  14  Si  0.070841863495  7.112083751984  2.494211903604  0.050727258484  -6.056545784155  2.724088703007
  15  Si  6.179590382585  3.523020821621  5.025420429257  1.661845003562  0.639626857742  -0.197172480715
  16  Si  3.093522003736  3.545540493028  5.023568554295  0.340633086044  0.161534608210  -0.110469446750
  17  Si  4.609999021837  0.876887156804  5.021673738146  0.111204250688  5.062857799106  1.247271391317
  18  Si  -1.503445402424  4.485314969992  7.496187726945  -1.494196347748  -0.855150335343  0.754031985195
  19  Si  1.582563063610  4.464269545597  7.526289187992  0.021711423306  -0.059690333664  -0.049912153404
  20  Si  0.071009506041  7.121014659916  7.505709113725  0.110260210011  -4.486332265967  1.485986241703
  21  Si  6.146733449936  3.435453396738  0.185980315509  2.067038940675  0.854235163876  -4.920931818080
  22  Si  3.092412123032  3.462473086254  0.185042013551  0.032692763267  0.157141319444  -4.510945802122
  23  Si  4.607116447840  0.797127114751  0.175472332035  0.098278555620  4.959557234294  -3.338203934712
  24  Si  3.087218249354  1.760405099146  2.495196619034  0.066753779472  0.758903523521  1.250199786911
  25  Si  6.147872103068  1.732860637533  2.505285802995  0.780864270645  1.316160076122  0.885872990911
  26  Si  4.640873454712  4.400476157889  2.503437664879  0.692931580654  0.261510166234  0.529180328358
  27  Si  1.609390467787  6.239135114711  5.002044674828  -0.254924401862  -1.587879502349  0.544658138129
  28  Si  -1.461748592444  6.267644099627  4.983269070163  -1.043101931978  -2.064212867640  0.437062295811
  29  Si  0.047730441358  3.572636561325  5.016448735759  -1.020425313580  -0.407707776913  -0.125575203595
  30  Si  3.096648977904  1.773852561664  7.544899511059  0.038411814095  1.236718826974  -0.036967792524
  31  Si  6.174779238654  1.771111817864  7.537096299979  0.604049913174  1.239776164932  -0.016314289563
  32  Si  4.642601077761  4.434326272034  7.520343826572  0.891246893821  0.491311270921  0.188806401397
  33  Si  1.584300902072  6.144568501472  0.166249938788  -0.629956892582  -1.091213659468  -4.488410855865
  34  Si  -1.495252245981  6.160199977080  0.183351197932  -0.438074648812  -1.175652210652  -4.594462577865
  35  Si  0.031268356440  3.486981770555  0.151491236544  -0.943076239007  0.037200451905  -3.417598283249
  36  C  0.012121889773  1.797006275813  4.403315534637  -1.373829095561  -0.445131024980  0.237378030615
  37  C  3.131670119882  7.080787392478  4.370017597023  0.632960148184  -4.020539080910  -1.634512841251
  38  C  -2.999776146170  7.145356754307  4.369342145812  -1.473511191304  -5.870270848650  -1.680998760124
  39  C  4.682831659570  6.191833004385  6.880373299347  1.106638930064  0.727768707168  0.371488420980
  40  C  1.533123732171  0.913602730736  6.911982036080  -0.088844787988  5.757554813895  -2.280362340687
  41  C  7.692310123932  0.871095255130  6.905792399539  1.565246646197  6.219193290185  -1.555062997039
  42  C  0.008506529550  1.832826705545  9.428066608191  -1.086767261359  -0.745414758236  0.201420240802
  43  C  3.127523803091  7.089434494418  9.395432765879  0.834071680243  -3.437406186538  -1.731321449201
  44  C  -3.000357800546  7.161697305823  9.404467343013  -1.549303035214  -4.812374167535  -1.100221150192
  45  C  4.656721610230  6.168215327566  1.880879732005  1.641895461597  0.456987073951  4.089568658517
  46  C  1.538694771663  0.902132003556  1.889682662953  -0.227199988511  4.452850808888  2.401518097713
  47  C  7.697702602349  0.869267800788  1.909111553528  1.476665242991  5.053297374622  1.798747829663
  48  C  -1.506599529947  4.451042409314  4.379284175794  -1.304997950591  -0.202698650999  0.468813543498
  49  C  1.577272025216  4.440051842521  4.389880088538  0.162292614315  0.637654898166  -0.149539529222
  50  C  0.079611553653  7.101879976968  4.385895102154  0.078196407756  -4.191829249180  -1.899532870195
  51  C  6.185289046014  3.538675353367  6.905118508239  1.471310324266  0.573162250298  0.224127169677
  52  C  3.106027485359  3.564249961246  6.897920550817  -0.146346374662  -0.635601568949  0.196235759801
  53  C  4.640293938356  0.914092790632  6.897296304892  -0.444737813377  4.109564055080  -1.434054044593
  54  C  -1.485743499347  4.493092425178  9.421168048322  -1.541103728249  -0.481505235256  -0.456657205152
  55  C  1.589095705910  4.468982047556  9.398057732442  0.244750552572  0.277182362221  -0.106229497039
  56  C  0.068889324043  7.156974333324  9.383137731919  0.154662785243  -5.412976735509  -1.682833267872
  57  C  6.166055184664  3.506466698027  1.874330782654  1.512963879156  0.473677222051  4.889544754508
  58  C  3.106484708799  3.517050264169  1.891040006705  -0.344719102775  0.110140655481  3.819545838198
  59  C  4.610654909445  0.849951525829  1.868172186026  -0.103912719645  5.863043428200  2.528062540979
  60  C  3.071368416526  1.789422700159  4.386729580354  0.498460788958  0.105181071035  0.136646381966
  61  C  6.162841640708  1.742062081260  4.399965651501  0.326744352859  0.789158447170  -0.209600479979
  62  C  4.655844320701  4.417029501060  4.381655165728  0.119363410450  0.184072481532  -0.157536560734
  63  C  1.617549029722  6.221858612221  6.891307832699  -0.592925244268  -0.371874745142  -0.065709879173
  64  C  -1.464257301644  6.242396972157  6.888050158090  -0.627768801617  -0.154332735821  -0.332819483439
  65  C  0.040676842682  3.578428513560  6.902144646763  -0.414611386569  -0.286588378853  -0.169454976062
  66  C  3.090778848878  1.785567187084  9.426310992399  0.459157314098  1.150984750934  -0.294171198921
  67  C  6.173988158090  1.781961203159  9.419430235554  0.435343323337  0.611455093825  -0.303129682232
  68  C  4.669984533102  4.458103977421  9.437495860870  -0.058845974496  0.027243505686  -1.200016032318
  69  C  1.585549956740  6.193781626476  1.862735526500  0.146474070577  -0.136144288976  4.563465326114
  70  C  -1.467477583571  6.222210192678  1.895877130186  -0.565503815549  -0.660594738813  3.540491490712
  71  C  0.046264520956  3.554327586563  1.886923491571  -0.604351195325  -0.298768330704  3.056810274402


MDSTEP:  4
LATTICE_CONSTANT: 1.889726125458
LATTICE_VECTORS
  9.475626615958  0.000000000000  0.000000000000
  -4.593322032916  7.771052100062  0.000000000000
  0.023417987954  0.110186650915  9.866287112892
VIRIAL (KBAR)
  -39.459371830703  -43.222351186724  -2.363966609303
  -43.222351186724  296.620827981110  -16.312975916773
  -2.363966609303  -16.312975916773  264.483892055036
INDEX    LABEL    POSITIONS    FORCE (eV/Angstrom)
  0  Si  0.029325944557  1.788741771155  2.509784630570  -1.940955995475  0.216670759207  0.979537191854
  1  Si  3.151255225408  7.082779685867  2.495128142299  0.280596858741  -4.428416674978  1.897584636805
  2  Si  -3.000014407544  7.122093199285  2.479300022860  -1.714098500267  -5.530822517932  2.558984500540
  3  Si  4.660607770209  6.193686793656  4.976225956897  1.940646289061  -0.100192654197  0.813097123731
  4  Si  1.542929017618  0.899515661854  5.032708867019  -0.813404299437  4.587822127069  1.004403069420
  5  Si  7.696390020977  0.856086232218  5.036801770287  1.621539894311  5.088037244620  0.771091300735
  6  Si  0.024453779096  1.813734219092  7.564042313107  -1.725822941663  0.138940434480  -0.230349550483
  7  Si  3.130394110035  7.111553618658  7.508869904065  1.265263164240  -5.494373227353  1.564010604729
  8  Si  -2.987603106984  7.173073754168  7.532888380673  -1.628722877997  -7.187725995709  1.703303454361
  9  Si  4.648297917286  6.115178264113  0.169197889570  1.687354661735  0.026240717587  -4.019213473772
  10  Si  1.543038959782  0.834485007076  0.198019682339  -1.103293747642  3.570364560266  -4.139081966336
  11  Si  7.678663098975  0.762163125349  0.184433948801  1.531030961696  5.151493141287  -2.749387403360
  12  Si  -1.506567718889  4.445425307318  2.500936008591  -1.481883330426  -0.876426562695  0.634120923831
  13  Si  1.567257444007  4.451071399577  2.502048935303  0.188861382937  -0.519720153999  0.927179174012
  14  Si  0.069142244212  7.107384471041  2.491020338717  0.016815769476  -5.895563194636  2.819168406320
  15  Si  6.183488427393  3.521486824420  5.027914762129  1.559187070432  0.719398858610  -0.265663363645
  16  Si  3.094888369312  3.547152797941  5.020835951328  0.312476052361  0.170988712451  -0.156509783843
  17  Si  4.606257666460  0.882442955685  5.024385704265  0.240734630805  4.866781721956  1.088833210263
  18  Si  -1.507171817840  4.488020330866  7.494016479586  -1.356409071901  -0.924470864693  0.780463739305
  19  Si  1.586673232562  4.464548854662  7.527665980044  -0.047556152313  -0.141198276122  -0.105980525653
  20  Si  0.070763753165  7.122200914530  7.509476609160  0.143186902199  -4.354647779867  1.341681179431
  21  Si  6.149202773954  3.434960416517  0.181745183975  2.054807521361  0.891795834607  -4.599472387610
  22  Si  3.095229241658  3.459660551651  0.184933880633  -0.080626842930  0.299473202869  -4.448213949913
  23  Si  4.605687864979  0.797562413221  0.174595426740  0.029442649791  4.960714107928  -3.316857586796
  24  Si  3.086886195169  1.761831121881  2.497428369954  0.131762308792  0.758243099113  1.137619730059
  25  Si  6.147808855333  1.733654332875  2.501487757322  0.883237352605  1.312794764721  0.887374401367
  26  Si  4.639191175025  4.398005979288  2.505224782411  0.749722568808  0.371814575799  0.408488457647
  27  Si  1.608838797135  6.236400917909  5.003502683786  -0.260610663051  -1.434033057876  0.510029108826
  28  Si  -1.464438463749  6.265684065310  4.983538366437  -1.015396945086  -1.941230826051  0.473441156439
  29  Si  0.046768961417  3.571197431000  5.012673661116  -1.038478790591  -0.314197151007  0.005009798040
  30  Si  3.093294303939  1.776845630988  7.548033292904  0.034706143710  1.149694016092  -0.163126458957
  31  Si  6.179026770892  1.771714242112  7.535299833043  0.502373923320  1.228695520541  0.045698075615
  32  Si  4.640251823018  4.433326556470  7.519902202075  0.850096412123  0.621502216357  0.189325930942
  33  Si  1.587021525963  6.145713661461  0.167083819088  -0.656527440112  -1.131673671199  -4.237016181280
  34  Si  -1.496346669787  6.156810247316  0.181163054102  -0.438327399930  -1.184932748356  -4.479761984649
  35  Si  0.027651795060  3.487828095343  0.154199827227  -0.803046800134  -0.028549767777  -3.431905635882
  36  C  0.006057654651  1.801334147028  4.399181479641  -1.252727840428  -0.534174976703  0.293834527015
  37  C  3.136020016554  7.075186146225  4.367380332745  0.485624886536  -3.600500281413  -1.450332582103
  38  C  -3.001522321639  7.141051690023  4.371102070708  -1.513459849910  -5.516513895818  -1.613279781865
  39  C  4.689687630264  6.198241321068  6.875448247327  0.999307027665  0.543359922376  0.494089184080
  40  C  1.526965404555  0.912554258689  6.915201173846  0.023805822379  5.695948807044  -2.278868001431
  41  C  7.698639259350  0.870248067476  6.903516769532  1.454678325420  6.294530370656  -1.462239840834
  42  C  0.003619497763  1.828671556884  9.431762469456  -1.080003432811  -0.673751193787  0.112290220959
  43  C  3.129752606431  7.081260700947  9.393553099359  0.801988485428  -3.111298126270  -1.668554562641
  44  C  -3.002757854951  7.157322899918  9.404876179617  -1.501214772391  -4.739495974086  -1.065969049262
  45  C  4.662300011069  6.169386336763  1.880384869288  1.548296537923  0.467752952953  4.063033954695
  46  C  1.542361603773  0.907899594928  1.886169921597  -0.233285947958  4.113201520360  2.545612703943
  47  C  7.704760722866  0.873011867017  1.909090388246  1.409526488834  4.998644548380  1.690277087963
  48  C  -1.509447491464  4.456349105495  4.384952535520  -1.254211207129  -0.342935364117  0.374989053250
  49  C  1.572365729235  4.445653296969  4.394528111969  0.262572547764  0.471183336608  -0.295326567726
  50  C  0.075761534568  7.103862216623  4.389811088101  0.135637974543  -4.158224962365  -1.928437108377
  51  C  6.181261791873  3.543209803685  6.911244637848  1.586164948175  0.465909908967  0.103808966957
  52  C  3.106021622644  3.557452075626  6.894120620151  -0.128562101035  -0.476514543326  0.248992495178
  53  C  4.637235131079  0.919012822404  6.893121554094  -0.358278344514  3.902030540235  -1.205191177271
  54  C  -1.483824605266  4.486821625844  9.423617160825  -1.650971815075  -0.373821191724  -0.554477131508
  55  C  1.587394538884  4.473927465074  9.395244950800  0.275615419854  0.128103986083  0.026714426820
  56  C  0.069683048849  7.154850844157  9.387596339693  0.124635081472  -5.351993339194  -1.730359046508
  57  C  6.168845447604  3.508596602456  1.877406441940  1.471548082420  0.437371555048  4.615174148802
  58  C  3.099969265184  3.523435793370  1.892378350057  -0.244501799773  -0.035192061220  3.759913720357
  59  C  4.615971969131  0.849574434043  1.867214989456  -0.218250774850  5.780257634081  2.564845485718
  60  C  3.075590213521  1.786854743611  4.382853605149  0.349884940270  0.246551911329  0.231426087938
  61  C  6.166020087929  1.741181703611  4.393538255072  0.221976113394  0.825669474106  -0.051304054177
  62  C  4.658454960465  4.422122055206  4.375329593858  0.108088114977  0.024043024595  0.042923530301
  63  C  1.621977217861  6.217455720333  6.893022117920  -0.717323911515  -0.248314759431  -0.092373060032
  64  C  -1.469227171599  6.247673010868  6.890013172979  -0.477791023163  -0.255610341187  -0.322617301067
  65  C  0.045041455668  3.575353229969  6.902614345032  -0.540269522756  -0.191985934276  -0.194301466392
  66  C  3.086770616593  1.790663503058  9.422557996792  0.514201947192  1.000462600149  -0.198550511837
  67  C  6.169423932596  1.781851695448  9.423766742961  0.538423629561  0.557068198196  -0.477279877041
  68  C  4.670518477002  4.457633943424  9.441061641836  -0.052433366564  0.004302247671  -1.299871550122
  69  C  1.590866213142  6.192233571983  1.872191540144  0.026674023722  -0.055021097847  4.111139053726
  70  C  -1.472068575546  6.217714919621  1.895511628702  -0.479883045233  -0.575696860228  3.471169673081
  71  C  0.044003881756  3.559386245811  1.891002434356  -0.554162361971  -0.358638126955  2.941193427320


MDSTEP:  5
LATTICE_CONSTANT: 1.889726125458
LATTICE_VECTORS
  9.475626615958  0.000000000000  0.000000000000
  -4.593322032916  7.771052100062  0.000000000000
  0.023417987954  0.110186650915  9.866287112892
VIRIAL (KBAR)
  -38.886863712386  -42.829387068544  -2.642155787156
  -42.829387068544  288.266135666478  -16.331516588090
  -2.642155787156  -16.331516588090  262.875194758162
INDEX    LABEL    POSITIONS    FORCE (eV/Angstrom)
  0  Si  0.027401843849  1.789908953712  2.510285694464  -1.957510957066  0.208267160679  0.923547382782
  1  Si  3.150204852806  7.081275680883  2.497616491567  0.257484301283  -4.264341958494  1.794933339905
  2  Si  -3.005163862255  7.121612981954  2.481309546862  -1.622668050126  -5.383522838922  2.485716382420
  3  Si  4.663107138026  6.193842726625  4.980246028463  1.811834202513  -0.096842912827  0.643853950789
  4  Si  1.540202909804  0.902750629257  5.035173122852  -0.806268645575  4.361222009467  0.815330803041
  5  Si  7.696610191289  0.860561383711  5.034007283680  1.600599996732  5.048269934100  0.688574941170
  6  Si  0.022206748405  1.812211452063  7.565268009852  -1.709395059803  0.255749122469  -0.334773633362
  7  Si  3.127819981288  7.107239367310  7.504908872378  1.232544546985  -4.848235829705  1.373506806482
  8  Si  -2.991586724209  7.169825383333  7.530751106707  -1.599600120406  -6.704180001213  1.529433412252
  9  Si  4.647792167699  6.117816012790  0.164313070988  1.669505227520  -0.104654204943  -3.799168788576
  10  Si  1.538053586379  0.832352169014  0.198917299383  -1.018297597452  3.599606906913  -4.302949152882
  11  Si  7.679478157402  0.764157579017  0.181095486856  1.539852708328  4.910226278715  -2.542630039968
  12  Si  -1.509682169888  4.445519175005  2.504910693519  -1.409242588775  -0.980267541548  0.521021245056
  13  Si  1.570578234869  4.448389606656  2.501583783259  0.054315856297  -0.618439681812  0.873530733865
  14  Si  0.071413793332  7.105140027160  2.488133137842  -0.030897482335  -5.842119001584  2.792901517617
  15  Si  6.183678179646  3.525908897591  5.031425816156  1.500299500521  0.591135548993  -0.345992398652
  16  Si  3.096321294703  3.545001467158  5.018083134919  0.171245092472  0.297173016271  -0.142349689604
  17  Si  4.604239907770  0.883626915515  5.024364917803  0.195577038754  4.469757987906  0.904202171530
  18  Si  -1.509505743926  4.488521517980  7.497841576624  -1.285957007532  -0.905803337908  0.777730791837
  19  Si  1.586797390322  4.468964567475  7.529084405116  -0.083175062990  -0.209935066746  -0.204390679264
  20  Si  0.072180281607  7.125293638643  7.512763817616  0.067306465445  -4.193175125465  1.230194284680
  21  Si  6.148864751556  3.435413748706  0.178485127436  2.157409961703  0.844721599780  -4.338332427294
  22  Si  3.096494549413  3.462035909196  0.186851620367  -0.082998686788  0.249649155381  -4.474996023140
  23  Si  4.606016951011  0.800064165174  0.169667726162  0.034405901122  4.745220469033  -3.108646433629
  24  Si  3.091197621141  1.760424028304  2.498542823824  0.023282774620  0.727614686021  1.108602781613
  25  Si  6.143791859813  1.736822722018  2.501960295544  1.020989268698  1.333508175625  0.891559826520
  26  Si  4.643461503025  4.397445802143  2.508053597400  0.687253284504  0.341131984894  0.265846859112
  27  Si  1.605332109805  6.237850754542  5.001147502848  -0.221543177202  -1.563971688518  0.582938574337
  28  Si  -1.463868437767  6.260360849865  4.986720272570  -1.012429515242  -1.796633113460  0.363250484994
  29  Si  0.046157158334  3.571304544280  5.015427989820  -1.100911538009  -0.286051790670  -0.100498087226
  30  Si  3.089775154784  1.774092126835  7.550587740094  0.169256164201  1.353165574231  -0.176753386893
  31  Si  6.183225435489  1.772674803017  7.533342109285  0.427822946866  1.269077448538  0.084533239731
  32  Si  4.638159156140  4.430640654451  7.515535425409  0.774410743857  0.713169447685  0.312180742343
  33  Si  1.583126303840  6.147475301960  0.166724767086  -0.580215383178  -1.312770411574  -4.302040353323
  34  Si  -1.499224262895  6.158088879981  0.183783891731  -0.352297446762  -1.274064934411  -4.255602478164
  35  Si  0.030103401531  3.489914441136  0.155167164917  -0.901370911501  -0.177453629634  -3.545344483878
  36  C  0.002244290422  1.803012268409  4.394413520631  -1.226759852461  -0.554077584301  0.417316477970
  37  C  3.130479980426  7.076409921715  4.371415789714  0.623644445609  -3.653881215445  -1.467658784948
  38  C  -3.005303407386  7.134907219533  4.375120642715  -1.503489041034  -5.189349383045  -1.498641649806
  39  C  4.685307769742  6.203808974273  6.874254364409  1.094699356299  0.395722624499  0.553425074283
  40  C  1.533245212031  0.924095685082  6.914199454714  -0.104198696886  5.056561046706  -2.031111614810
  41  C  7.702826134444  0.881192607990  6.896760244507  1.479632501740  5.676819456993  -1.152142540602
  42  C  -0.004481567956  1.823137689572  9.429071326255  -1.002126542605  -0.590509458179  0.178011815705
  43  C  3.123620650172  7.075391453319  9.385485523251  0.897598632717  -2.823932758679  -1.449963284519
  44  C  -3.001829021846  7.153209899131  9.407104527682  -1.555107682168  -4.622558136523  -1.149225287726
  45  C  4.664805364849  6.166392907498  1.882704529814  1.470909588978  0.558023730647  3.852714219081
  46  C  1.539483716992  0.912261711938  1.882143685284  -0.139237119067  3.849960324141  2.826902383126
  47  C  7.705432690219  0.879389293994  1.915727307693  1.404582043574  4.698397272098  1.422987426134
  48  C  -1.512948973658  4.463104458857  4.381585690993  -1.194535496202  -0.560079184217  0.536916479029
  49  C  1.568163052955  4.440645857422  4.388519796886  0.366053837903  0.575932045210  -0.150628249282
  50  C  0.077100271632  7.094162454063  4.382222542706  -0.001463587346  -3.633650279968  -1.645138335065
  51  C  6.177360491080  3.547477133289  6.918410877760  1.689935823657  0.424497973218  -0.049784188474
  52  C  3.102395141225  3.560963026953  6.889176679822  -0.084148097830  -0.527587163308  0.334922340769
  53  C  4.637876939372  0.926499061018  6.890873707641  -0.363625046891  3.633198978280  -1.076974134675
  54  C  -1.483714271861  4.485773641973  9.428820478313  -1.672834630761  -0.337945017531  -0.652726302572
  55  C  1.584902993676  4.467310107915  9.390311795857  0.370868872711  0.269878073199  0.166843652886
  56  C  0.073360184609  7.148374967137  9.389543835754  -0.036745574579  -5.035999871015  -1.660622221821
  57  C  6.174767591962  3.513545218542  1.879579161340  1.419747024351  0.385665568799  4.448235032571
  58  C  3.102557832159  3.518276661304  1.893660699076  -0.211479315227  0.076205651609  3.750576027565
  59  C  4.622147716977  0.851907462130  1.869385555972  -0.323199022885  5.622840586367  2.343262974943
  60  C  3.069217102673  1.793206452357  4.384024458116  0.456810823173  0.005260335984  0.177224265727
  61  C  6.160738978577  1.735588973729  4.391140880325  0.276567879322  1.041438349399  0.042605545958
  62  C  4.652931044208  4.419596335576  4.369667482571  0.234708140331  0.108471141000  0.263439542006
  63  C  1.617880453422  6.222874998853  6.898837199791  -0.694636730762  -0.323009168106  -0.285695874366
  64  C  -1.467177055754  6.247288830807  6.887661438174  -0.526415593510  -0.220004857964  -0.210509812351
  65  C  0.045455945897  3.579541379986  6.900879592478  -0.582857757328  -0.255800971619  -0.099532394761
  66  C  3.090311725935  1.792152402034  9.425877418916  0.346683094668  0.924934326064  -0.257051963585
  67  C  6.169087836413  1.780490282111  9.424225362779  0.570232421122  0.583019248235  -0.544239088942
  68  C  4.675407226202  4.451379296957  9.442962774904  -0.204101268082  0.204612063646  -1.399910352211
  69  C  1.586846323228  6.185048171702  1.868894913198  0.172766596410  0.056633124332  4.184886106692
  70  C  -1.469151010059  6.210691249891  1.905088730634  -0.594385740591  -0.351434195721  3.142161034731
  71  C  0.040612555565  3.554311685791  1.886663636962  -0.474711038036  -0.224456112069  3.150203465117


MDSTEP:  6
LATTICE_CONSTANT: 1.889726125458
LATTICE_VECTORS
  9.475626615958  0.000000000000  0.000000000000
  -4.593322032916  7.771052100062  0.000000000000
  0.023417987954  0.110186650915  9.866287112892
VIRIAL (KBAR)
  -38.709028994329  -42.370050579396  -2.415442556992
  -42.370050579396  283.877914975385  -16.300600071997
  -2.415442556992  -16.300600071997  258.947593980555
INDEX    LABEL    POSITIONS    FORCE (eV/Angstrom)
  0  Si  0.028130561983  1.787686270942  2.509143372134  -2.047575451908  0.192827300351  0.997249672925
  1  Si  3.152809770424  7.080210040645  2.495601827895  0.252619715726  -4.093359115062  1.682446777712
  2  Si  -3.004180344065  7.116681113469  2.484649605388  -1.593985739363  -5.353352190743  2.412824807173
  3  Si  4.658505645414  6.196589643396  4.980855827168  1.898113154113  -0.187861739651  0.692610796257
  4  Si  1.538804053827  0.904050826967  5.031091712071  -0.812534725171  4.040729923672  0.741357989444
  5  Si  7.693314429856  0.866787245593  5.033817404896  1.592724892645  4.731136643436  0.588783527314
  6  Si  0.023631714858  1.815120214352  7.565434528555  -1.750327064573  0.333229963404  -0.445854166108
  7  Si  3.127144838209  7.110710526411  7.505729698079  1.215684672676  -4.695998059283  1.222386263287
  8  Si  -2.992774236539  7.169807603449  7.532113616369  -1.552833204724  -6.531797502630  1.399448604917
  9  Si  4.647404627017  6.112681427042  0.165620337412  1.648394971615  0.044974615922  -3.907554678273
  10  Si  1.537129031622  0.835138515126  0.192510133640  -1.121479376295  3.515538736613  -3.840458373036
  11  Si  7.683219971093  0.764663517004  0.180939564132  1.478105774549  4.782894227551  -2.659976556729
  12  Si  -1.514831945350  4.440295303890  2.507972033296  -1.331237955646  -1.007002495377  0.487947102949
  13  Si  1.573664485781  4.443313224631  2.502299286179  -0.017275327486  -0.446753138548  0.788442995965
  14  Si  0.069612246459  7.102394327211  2.484062819748  0.025495804504  -5.514182210937  2.770583070967
  15  Si  6.183288283278  3.526774808886  5.036015809600  1.562701168664  0.502102666441  -0.454011449497
  16  Si  3.100295495916  3.542531485463  5.020316862219  0.125310064137  0.398188373429  -0.110705725868
  17  Si  4.603256870009  0.886738961002  5.026847814981  0.168348755286  4.424359691242  0.800559601723
  18  Si  -1.505401670052  4.483901702572  7.497319320319  -1.337054606158  -0.820021604237  0.801787495946
  19  Si  1.586904626221  4.468869848482  7.528373238994  -0.025789881953  -0.187023010160  -0.224416687601
  20  Si  0.069704548086  7.128502894430  7.508848082821  0.212344815743  -4.090202636339  1.206617073981
  21  Si  6.147425295462  3.438319434228  0.176722511101  2.191460347142  0.742738777734  -3.969536212755
  22  Si  3.100250125339  3.465318652597  0.185402078158  -0.139792222450  0.238096808202  -4.457024503762
  23  Si  4.607448077899  0.802711813240  0.169070798268  0.005207689529  4.526002571338  -2.940855006011
  24  Si  3.087793203121  1.765147634171  2.503903191847  0.057836738233  0.543910142432  1.052062730363
  25  Si  6.140947516769  1.735602033360  2.502661799929  1.215175751655  1.350065003207  0.886798150881
  26  Si  4.639964236666  4.394552428371  2.511215192545  0.811179576569  0.419144495352  0.199543484945
  27  Si  1.609052387465  6.238499787311  5.000747378920  -0.357883685799  -1.578867547683  0.545914353050
  28  Si  -1.463494733364  6.260228685907  4.987183173664  -0.867665790959  -1.911707675367  0.417763992318
  29  Si  0.050958148801  3.566580019459  5.010461847573  -1.108031468038  -0.109272195872  -0.043112671494
  30  Si  3.089124432212  1.772679021597  7.555492337596  0.146434671325  1.393326418766  -0.286432605400
  31  Si  6.183572305563  1.774299308557  7.535704827402  0.415045365993  1.260846146135  0.025865008448
  32  Si  4.643600028824  4.430611141804  7.515926200903  0.642157879325  0.628204119825  0.275219602049
  33  Si  1.582942501445  6.142921962631  0.161300652669  -0.516433559590  -1.234521052433  -4.135551711242
  34  Si  -1.504105853029  6.155383548471  0.177602239338  -0.206921993991  -1.188500274887  -3.854495642795
  35  Si  0.024765561861  3.489637873739  0.152797835383  -0.832041049344  -0.064652059403  -3.219255295446
  36  C  0.002197966751  1.804552233796  4.396408212713  -1.243603586719  -0.683527611961  0.325024090851
  37  C  3.128591368617  7.073241406674  4.365686735510  0.702983572145  -3.265583136793  -1.253164871716
  38  C  -3.001795244283  7.123584960916  4.378132031294  -1.635811636727  -4.748310406126  -1.401597416413
  39  C  4.683396491271  6.196869383191  6.879863598817  1.097724855823  0.593413796947  0.397885969506
  40  C  1.530853310832  0.927839816851  6.906837212987  -0.054968345298  4.753405201830  -1.786214110577
  41  C  7.701275614159  0.893764261526  6.899945095770  1.570996320852  5.247601055484  -1.175978943197
  42  C  -0.012480781157  1.830564192426  9.424881320886  -0.862242564664  -0.767346317085  0.224826507639
  43  C  3.125604652025  7.073023977335  9.381738294244  0.890399609551  -2.714107153961  -1.323206891191
  44  C  -2.999825934355  7.150141605506  9.408154956435  -1.642516542535  -4.423428231073  -1.168256022872
  45  C  4.670045859124  6.167821020944  1.879419765513  1.415120474185  0.454600847427  4.019492242806
  46  C  1.533646613392  0.909249804454  1.888043538234  0.017966661999  3.803034833439  2.422662967911
  47  C  7.710518806085  0.882692951639  1.912242460636  1.348266982623  4.555830991513  1.587242031830
  48  C  -1.506477221703  4.458876271026  4.378259040116  -1.259722944362  -0.497834811010  0.690879547686
  49  C  1.572080096851  4.442563176723  4.385406957729  0.392735605093  0.492973070115  -0.078559711630
  50  C  0.077863150565  7.098413586653  4.385614910980  -0.016187097046  -3.750311416571  -1.719691999992
  51  C  6.181775048335  3.544225486861  6.923072628887  1.655531876251  0.531484111050  -0.118621222378
  52  C  3.101471340172  3.557775965424  6.894024732534  0.011710781382  -0.468583368848  0.283346989342
  53  C  4.640419228311  0.935940943420  6.886464984069  -0.417746958613  3.360402472329  -0.864837945178
  54  C  -1.492829742905  4.487254192592  9.433421197076  -1.575836190969  -0.452775195158  -0.746579088137
  55  C  1.587426454116  4.465314229590  9.388527130607  0.261332374756  0.247976185239  0.217027772871
  56  C  0.077200126744  7.144415183961  9.388210144115  -0.175265024887  -4.784273048505  -1.585378175654
  57  C  6.175382927280  3.509874904507  1.890705759725  1.377159380563  0.449811044312  3.918150955761
  58  C  3.105258447419  3.513765487500  1.892424991281  -0.261050609655  0.186037033451  3.731918264930
  59  C  4.629024226585  0.863498530722  1.876497611514  -0.556358101806  5.135472314456  2.096288780440
  60  C  3.065704762106  1.793025332440  4.388542989986  0.500349901730  0.027647886676  0.098426964885
  61  C  6.153772168095  1.731273643130  4.383935023739  0.400074299167  1.189355654977  0.244592700507
  62  C  4.658655950084  4.421698940728  4.367899376161  0.104701042140  0.078299567630  0.397138246098
  63  C  1.619414217357  6.219441784848  6.895127676221  -0.685598205401  -0.165845308083  -0.213766911792
  64  C  -1.461028141367  6.244190289751  6.893787935930  -0.701201377855  -0.158926267469  -0.324585379178
  65  C  0.048660979026  3.586663221846  6.896858966370  -0.594977346982  -0.423836931736  -0.055526505407
  66  C  3.084321174635  1.796068597930  9.429839528333  0.521656474917  0.850665813686  -0.318889442182
  67  C  6.171300761850  1.775583057692  9.415953051154  0.513481734409  0.744239405726  -0.316347018447
  68  C  4.676527822555  4.457062192871  9.437454305333  -0.187668923299  0.031233898449  -1.275689029908
  69  C  1.592044686577  6.189724733348  1.866923351627  0.101015391675  -0.130089207328  4.096952723635
  70  C  -1.467362810219  6.203137108502  1.910117794195  -0.634192956524  -0.243342632694  2.758476901278
  71  C  0.038849457816  3.547694166803  1.894570834816  -0.423737631900  -0.108606256773  2.769585211274


MDSTEP:  7
LATTICE_CONSTANT: 1.889726125458
LATTICE_VECTORS
  9.475626615958  0.000000000000  0.000000000000
  -4.593322032916  7.771052100062  0.000000000000
  0.023417987954  0.110186650915  9.866287112892
VIRIAL (KBAR)
  -39.526774597215  -40.815338167877  -2.152824327352
  -40.815338167877  280.526665199327  -17.959961537507
  -2.152824327352  -17.959961537507  254.912983243250
INDEX    LABEL    POSITIONS    FORCE (eV/Angstrom)
  0  Si  0.027000865712  1.792827599631  2.509036009990  -2.024092163840  0.017729541610  1.131083570426
  1  Si  3.156776662118  7.079652330953  2.499185473429  0.116234229440  -4.065196501980  1.557329849795
  2  Si  -3.009044378258  7.114656095710  2.480685376701  -1.603629513894  -5.049128567322  2.396911566034
  3  Si  4.653610083999  6.193239514281  4.975804518649  2.069289841753  -0.014992330248  0.913628156673
  4  Si  1.535886414030  0.903403569853  5.034035056568  -0.650351938862  3.971598374343  0.636448499677
  5  Si  7.688476357324  0.873344493038  5.038595101100  1.786683193061  4.146841851542  0.289360053986
  6  Si  0.017779440603  1.815364885162  7.568071872071  -1.598656979906  0.294137129812  -0.599548323691
  7  Si  3.124904870108  7.107115503496  7.506522923454  1.411153771444  -4.582499692940  1.181178169154
  8  Si  -2.994048444571  7.172913182517  7.533503318583  -1.536614519641  -6.371385369309  1.185285970598
  9  Si  4.643298053377  6.111344957381  0.166317161905  1.787883999392  0.024052667063  -3.856458398530
  10  Si  1.541618761082  0.840285044628  0.192588138616  -1.326786372731  3.127004346880  -3.791710828208
  11  Si  7.682435862711  0.768408594230  0.176554719377  1.561643156312  4.423835992964  -2.518668992375
  12  Si  -1.519292504217  4.443451806848  2.510199714524  -1.219361830473  -1.173963147372  0.476435574954
  13  Si  1.570579140795  4.446831500390  2.507061565886  -0.027828852700  -0.435407230216  0.652788577402
  14  Si  0.066969295980  7.095816252183  2.481753665755  0.040428881801  -5.429211968462  2.884015710097
  15  Si  6.178145134815  3.522595316930  5.031813779691  1.708757519938  0.697377751931  -0.235879263494
  16  Si  3.104950910573  3.538782293530  5.022079918286  -0.043771545569  0.581875363544  -0.259351721315
  17  Si  4.605000632315  0.887432289637  5.032659161804  0.164172837575  4.483639035906  0.618968629393
  18  Si  -1.509518760710  4.487769555588  7.502763695552  -1.267260834973  -0.770542516111  0.634219510978
  19  Si  1.589863896112  4.473999244875  7.526396190352  -0.147652009709  -0.332384387690  -0.175193604564
  20  Si  0.069067929054  7.131449421096  7.505584484025  0.218775032476  -4.268264190367  1.311878203617
  21  Si  6.143149026440  3.435917443452  0.179499539652  2.201493331252  0.842777078919  -3.856188497435
  22  Si  3.097418897455  3.464457031410  0.185797133681  -0.061128715204  0.362335843083  -4.167547103050
  23  Si  4.612443666338  0.805960833927  0.167941532583  -0.103026143764  4.230361868502  -2.837204372134
  24  Si  3.091581330726  1.770093862065  2.505178942999  0.023786074192  0.481832921291  1.161118615388
  25  Si  6.136155311126  1.740862157046  2.505245740597  1.427138946056  1.251373720170  0.911460636814
  26  Si  4.636704137395  4.398388147918  2.515393993958  0.887702187102  0.368726514914  0.232983682738
  27  Si  1.612908702089  6.237618068164  4.998501573386  -0.504170801797  -1.538499523071  0.651240037090
  28  Si  -1.459994189894  6.261291824908  4.983325957948  -0.968684108817  -1.972755497419  0.412746401171
  29  Si  0.053828084959  3.565513556503  5.005922992911  -1.256878528267  -0.109613248927  0.139375587477
  30  Si  3.084808432209  1.777136156441  7.560938549300  0.290364525707  1.253609267845  -0.563680282700
  31  Si  6.181387410903  1.779398744599  7.532884217779  0.584354322188  1.135454279682  -0.100820535505
  32  Si  4.639916956245  4.426993079088  7.517964791340  0.746064542587  0.741604616350  0.097629112324
  33  Si  1.586504605716  6.137940811455  0.157801105893  -0.576895454358  -1.083775962183  -4.005544959477
  34  Si  -1.506273313560  6.159903419226  0.173241663986  -0.261910210958  -1.385444569632  -3.486952992905
  35  Si  0.029014614930  3.495051117196  0.147734853989  -0.972288742710  -0.219166264978  -2.956150247233
  36  C  0.002876788141  1.798161407556  4.405005669072  -1.301948169258  -0.553134605925  0.139786028319
  37  C  3.128377018995  7.062119223947  4.363755547768  0.680002481121  -2.590820661335  -1.047047792190
  38  C  -2.998867275700  7.125822361274  4.369969548017  -1.632810667710  -4.703536587733  -1.285394871666
  39  C  4.691144667164  6.199626422607  6.880315315667  0.965600495329  0.511205977718  0.363890684339
  40  C  1.539499648141  0.936003937370  6.902876025654  -0.260499619271  4.471461029883  -1.525255806879
  41  C  7.710964570459  0.890024293507  6.894867479882  1.343779722082  5.314720547803  -0.916357738433
  42  C  -0.017815192351  1.824765118146  9.423808467352  -0.791825450859  -0.604046030792  0.295443706460
  43  C  3.133392892615  7.062637285640  9.381195573889  0.670005004659  -2.247199778103  -1.215935760747
  44  C  -3.005993196880  7.143918183087  9.406530557892  -1.603883686889  -4.019928647270  -0.966049142472
  45  C  4.670433804312  6.163708625855  1.881532271420  1.410141122688  0.556614053428  3.913413229249
  46  C  1.535603409534  0.918247078655  1.891773586144  0.062260653146  3.512436579314  2.304096133853
  47  C  7.713138574182  0.882773860817  1.915544523273  1.246314976151  4.588192078829  1.409794809383
  48  C  -1.515619012527  4.450397531086  4.378150771092  -1.126090426703  -0.382117099159  0.726325339307
  49  C  1.565971198664  4.450488755692  4.378218907981  0.575208050499  0.290612990407  0.179382544577
  50  C  0.080299884078  7.102878967437  4.390196232801  0.028060103396  -3.893557338388  -1.877049020993
  51  C  6.191770407908  3.551815398747  6.929726728211  1.465203763661  0.442117069259  -0.271197439802
  52  C  3.097271232582  3.551178720125  6.887077046351  0.114004581092  -0.280990554705  0.476881566653
  53  C  4.643362706032  0.930750496503  6.879130553280  -0.461981277059  3.724424715236  -0.590566575476
  54  C  -1.499038375525  4.482894805256  9.432253744851  -1.485316042035  -0.332493044592  -0.618191033556
  55  C  1.590749732931  4.469510959695  9.392398201794  0.236888983515  0.130855460858  0.038295322852
  56  C  0.070314271541  7.137769804279  9.387833567324  -0.038270409584  -4.399941384529  -1.514178324404
  57  C  6.180270081147  3.517712828703  1.899913415235  1.239298685232  0.365003478672  3.604269111034
  58  C  3.102114604285  3.522003704215  1.902146249354  -0.165451132369  0.066118080419  3.322666746301
  59  C  4.633721933310  0.860546249524  1.883692496191  -0.666058153253  5.241778207663  1.731876486404
  60  C  3.072868418238  1.797161665113  4.392868980936  0.375528671723  -0.085012804299  0.010170465946
  61  C  6.158076004975  1.736266612603  4.386799367260  0.233969584416  1.077967509922  0.211842727326
  62  C  4.660729869854  4.430331905910  4.373407462037  0.023017772746  -0.182866322270  0.285752688456
  63  C  1.622420013207  6.222415653374  6.900997164664  -0.750735575021  -0.219528552293  -0.389971225112
  64  C  -1.455932549532  6.250968994830  6.886830703181  -0.829369788747  -0.292057598430  -0.176887246705
  65  C  0.044532151457  3.587600440603  6.902857429816  -0.508538470637  -0.351167212735  -0.164670347330
  66  C  3.076044048221  1.800026600857  9.424082262344  0.803470238443  0.811570663707  -0.124188536571
  67  C  6.172656068020  1.774494408850  9.408932384965  0.438005186998  0.756298506714  -0.176273320426
  68  C  4.674638034938  4.461208672400  9.429009734197  -0.205638601064  -0.181761617690  -1.018553343622
  69  C  1.588368151564  6.190144223910  1.864459049466  0.177100369032  -0.128085236841  4.068998917438
  70  C  -1.474861053320  6.201485312895  1.919434437666  -0.536619007526  -0.195419288595  2.252544651349
  71  C  0.044509229085  3.541391029944  1.899191922752  -0.597761092049  0.148350217727  2.477150373969


MDSTEP:  8
LATTICE_CONSTANT: 1.889726125458
LATTICE_VECTORS
  9.475626615958  0.000000000000  0.000000000000
  -4.593322032916  7.771052100062  0.000000000000
  0.023417987954  0.110186650915  9.866287112892
VIRIAL (KBAR)
  -40.403898050613  -40.211813180999  -1.416389167831
  -40.211813180999  277.005785524735  -18.292272782400
  -1.416389167831  -18.292272782400  255.810973380002
INDEX    LABEL    POSITIONS    FORCE (eV/Angstrom)
  0  Si  0.026253422179  1.796011167486  2.510989632123  -1.977358633368  0.087564817849  1.046178465976
  1  Si  3.154264610522  7.077784648772  2.497320721860  0.137036969121  -3.899601913318  1.497350656266
  2  Si  -3.014047614669  7.110281039188  2.477817469723  -1.558926959703  -4.818879905737  2.354717145481
  3  Si  4.651307935055  6.194176117559  4.979477029516  2.066810036576  -0.043687373757  0.702755424398
  4  Si  1.530750917503  0.905742018402  5.033765433379  -0.610783324461  4.061391737304  0.448025894690
  5  Si  7.686458455235  0.870255529593  5.043170591296  1.743951679480  4.221342821945  -0.012456415466
  6  Si  0.015988491228  1.815879729521  7.569090841527  -1.613555417235  0.393463931970  -0.607717203790
  7  Si  3.125078269577  7.109462040404  7.502371346157  1.356935867646  -4.718191293689  1.264796559843
  8  Si  -2.992786324099  7.175878752700  7.534479468247  -1.556911156535  -6.102197913982  1.110392471170
  9  Si  4.644547463698  6.114578451930  0.167338654866  1.807152988103  -0.126445118276  -3.922092019061
  10  Si  1.537333174400  0.838381479861  0.190658354677  -1.070462244626  3.257383282426  -3.645296389054
  11  Si  7.686858627232  0.770549566552  0.180742188114  1.494158284410  4.429245655186  -2.390663826880
  12  Si  -1.524375912015  4.445368354375  2.506624703361  -1.111651945262  -1.449895602111  0.635976172727
  13  Si  1.568364719173  4.452139726650  2.510639891846  0.139650246388  -0.690141581405  0.458369571829
  14  Si  0.061985962850  7.088345802904  2.480921542805  0.134226860371  -4.976909116826  2.789313251950
  15  Si  6.179397675768  3.520748926256  5.031547223400  1.755164408905  0.685813005597  -0.290625308077
  16  Si  3.103926458621  3.541805484863  5.016068094771  0.051287836776  0.443804169123  -0.242292123240
  17  Si  4.599121564053  0.885333524983  5.037020922664  0.421917119728  4.610070495660  0.374874245346
  18  Si  -1.514295964247  4.491806749088  7.506134140346  -1.120530810427  -0.873648090415  0.549507036053
  19  Si  1.592191276707  4.472671156392  7.526562797127  -0.106967104352  -0.402308689006  -0.283106447365
  20  Si  0.067716565681  7.131090396688  7.509435129363  0.196389904045  -4.229620205875  1.210834015590
  21  Si  6.148002666137  3.435049571905  0.176044887695  2.145555482390  0.846264996852  -3.858339841646
  22  Si  3.100396972446  3.464910603887  0.178404377006  -0.170394603030  0.294586943668  -4.061286901109
  23  Si  4.617819655952  0.811689392745  0.172614618412  -0.177180788414  3.603480405225  -3.049329200385
  24  Si  3.094203950882  1.775688399328  2.499469385730  0.029503925692  0.320169357734  1.322718483536
  25  Si  6.131286132990  1.741235572249  2.503515438796  1.602534932729  1.331021126012  1.107916893052
  26  Si  4.637615114292  4.403599915407  2.510102895220  1.038050328027  0.117205739839  0.396780230434
  27  Si  1.613569778563  6.242390141643  4.995866056560  -0.585977700265  -1.687293143646  0.807572442759
  28  Si  -1.461494577494  6.255421873714  4.978759420883  -1.056741458574  -1.868275905070  0.560075810564
  29  Si  0.049230251692  3.568812786446  5.006199638986  -1.160038272241  -0.131314198842  0.076582378645
  30  Si  3.087119941792  1.773326197143  7.555929990861  0.286308080347  1.352225107177  -0.599531130275
  31  Si  6.181048875373  1.785796513831  7.533028265904  0.541066807241  1.052886043788  -0.231293380611
  32  Si  4.643655104550  4.430103620261  7.512355111610  0.684296792845  0.613763932103  0.163901112718
  33  Si  1.589978245140  6.139684634414  0.161208019171  -0.570488912146  -1.211677680552  -4.313179529193
  34  Si  -1.503194659855  6.158007055597  0.176104745319  -0.302537061317  -1.325658412206  -3.621209592823
  35  Si  0.031891761310  3.494346955142  0.144572802659  -1.086790224733  -0.201917755721  -2.966421215628
  36  C  -0.005789178859  1.807087860893  4.400205778420  -1.124609791208  -0.725052620420  0.256975825380
  37  C  3.122495680732  7.061278780768  4.356701918290  0.833420061959  -2.543487686410  -0.870333324439
  38  C  -3.001572964178  7.130905079010  4.364190564597  -1.580523310998  -4.806849990383  -1.203716891743
  39  C  4.692732336756  6.193121978676  6.871558042955  0.870714731199  0.749118022587  0.563970179723
  40  C  1.531046450055  0.945468627402  6.895522404710  -0.126545219837  4.010589244875  -1.246801201181
  41  C  7.705843172357  0.889935986389  6.887783848998  1.372336499691  5.327715513215  -0.716903499737
  42  C  -0.014973158777  1.815840702589  9.431470898599  -0.919178788796  -0.407136210763  0.096029692673
  43  C  3.138185689309  7.067413404892  9.381474052330  0.618224400820  -2.329508691296  -1.238979005421
  44  C  -3.005118882406  7.142709797863  9.414243527737  -1.616834882740  -4.097666203924  -1.151506382528
  45  C  4.670533427480  6.161681204501  1.882797576376  1.395652777782  0.680691862104  3.841698507944
  46  C  1.540743753088  0.920379733785  1.891711160392  -0.022713267928  3.384357229753  2.284912692232
  47  C  7.704912150669  0.888748833851  1.925410225696  1.382028403070  4.331669597939  1.132053428735
  48  C  -1.522557990225  4.441580033606  4.386922795987  -1.109490505855  -0.211498061088  0.452500180864
  49  C  1.565058215205  4.452429407691  4.370230725370  0.534656662412  0.302362636427  0.376124682038
  50  C  0.079303528695  7.102620252552  4.395834580767  0.006896849395  -4.004995332411  -2.056486511907
  51  C  6.195205893786  3.558244441692  6.922891662385  1.461343646327  0.335581976368  -0.095858536242
  52  C  3.102679521089  3.551099253336  6.881809481845  0.049713102717  -0.276800121084  0.517156757235
  53  C  4.646327655130  0.928737441240  6.870181066370  -0.475243902169  3.658448732028  -0.282438804904
  54  C  -1.505045975039  4.489191268934  9.434708664989  -1.365523762015  -0.585311036421  -0.679165679010
  55  C  1.585208852825  4.465740736189  9.383500183881  0.435534226782  0.206735664059  0.233484147196
  56  C  0.072079729931  7.126044542479  9.386405269613  -0.051137328457  -3.700604754000  -1.164016986615
  57  C  6.190554241882  3.509993429597  1.895480303754  1.044683124117  0.607849368066  3.652701156769
  58  C  3.110597778113  3.517415572161  1.898382129467  -0.346855973157  0.301912429971  3.249956080184
  59  C  4.640585783365  0.868146455980  1.889763428030  -0.830702136292  4.645774666329  1.670018990806
  60  C  3.081842445591  1.790058179902  4.391020117231  0.111508771464  0.140579750422  0.002006090909
  61  C  6.164676767314  1.741761579797  4.381780650565  0.013960358034  0.892244449070  0.375969995285
  62  C  4.669949706979  4.430724998910  4.378000117603  -0.158106837256  -0.132495468128  0.052824852825
  63  C  1.615961896714  6.216709612547  6.909447837938  -0.572115918871  -0.046274300018  -0.599999053595
  64  C  -1.461523169044  6.249796001559  6.892610361330  -0.754059531621  -0.165265713667  -0.326385647829
  65  C  0.051556520516  3.590054534213  6.895365816372  -0.729792713189  -0.370467942190  0.074613547113
  66  C  3.084599327578  1.795805186832  9.417838156676  0.592483502942  0.804000043715  -0.037269138333
  67  C  6.171300074671  1.770111472392  9.404039574965  0.599381217752  0.855885877644  -0.115986380032
  68  C  4.674842295165  4.455282522418  9.428204814087  -0.144873573128  0.041143395940  -1.074481541185
  69  C  1.591852371066  6.182254347193  1.861724700116  0.084184375970  0.088965917888  4.230511544400
  70  C  -1.476676212043  6.192807963781  1.917611468252  -0.563642809710  0.035736951685  2.381813153989
  71  C  0.050193665604  3.548808391111  1.892772663854  -0.709474393339  0.038031133096  2.631209339978


MDSTEP:  9
LATTICE_CONSTANT: 1.889726125458
LATTICE_VECTORS
  9.475626615958  0.000000000000  0.000000000000
  -4.593322032916  7.771052100062  0.000000000000
  0.023417987954  0.110186650915  9.866287112892
VIRIAL (KBAR)
  -40.961684410885  -41.038740991399  -1.552066292176
  -41.038740991399  272.295705369527  -16.474343938834
  -1.552066292176  -16.474343938834  252.953719018623
INDEX    LABEL    POSITIONS    FORCE (eV/Angstrom)
  0  Si  0.019697879296  1.800986049987  2.512420121139  -1.867889117797  -0.002845774209  1.021021640388
  1  Si  3.158033181217  7.070752062651  2.501608051853  0.123401443236  -3.459599562624  1.210697713821
  2  Si  -3.011309064301  7.106056417999  2.475188867617  -1.609078226370  -4.816003601444  2.497377319587
  3  Si  4.652863545584  6.190216796483  4.984744558490  2.070597501154  -0.054830081586  0.528221977675
  4  Si  1.532813120607  0.902150254411  5.028992059531  -0.637874185126  4.180252345746  0.583701743501
  5  Si  7.691603013587  0.872084614721  5.041316727506  1.748660122720  3.843449568692  -0.253015397661
  6  Si  0.010111339387  1.810094917204  7.569559742475  -1.507861356996  0.503669014722  -0.603317172346
  7  Si  3.126787256579  7.110807045312  7.504611917126  1.398505645736  -4.275573327124  0.906088273005
  8  Si  -2.989706467796  7.169227122995  7.537284155472  -1.682277173739  -5.532541480039  0.895342423253
  9  Si  4.639694625481  6.120833258187  0.166945353556  1.880496509402  -0.283163111925  -3.819535477918
  10  Si  1.532186410492  0.833366194536  0.188748575749  -0.823335998985  3.467271133595  -3.354532516546
  11  Si  7.690220378801  0.776214733209  0.180126916068  1.370622857955  4.389698165875  -2.179388486635
  12  Si  -1.524692830003  4.445731503743  2.511036486880  -1.150757361864  -1.509593716812  0.514566684479
  13  Si  1.571596493729  4.447053081184  2.504489976856  0.157514364403  -0.528844652902  0.615627173055
  14  Si  0.063685603639  7.090614856058  2.477141742973  0.055237407811  -5.044859307486  2.855642110716
  15  Si  6.183283263147  3.522952450785  5.033644543281  1.712280245063  0.602059752518  -0.408655295531
  16  Si  3.098820729592  3.545159418471  5.018818403458  0.307919254919  0.448470605555  -0.250266819652
  17  Si  4.601377214074  0.884805213550  5.036392813950  0.381552532924  4.534979663500  0.331690500584
  18  Si  -1.517320534273  4.486452880154  7.507567159801  -1.149744248337  -0.765787109322  0.473624326368
  19  Si  1.598494498491  4.468561903977  7.527451650781  -0.259190233245  -0.349155741499  -0.321739125782
  20  Si  0.068521757774  7.127443642175  7.511259241575  0.139295946990  -3.990135446518  1.073362059405
  21  Si  6.142263671567  3.429438691605  0.173714640662  2.174801647080  1.038865455413  -3.746646594288
  22  Si  3.100624743379  3.465731552939  0.183422034950  -0.121342553888  0.288247941060  -4.461041611184
  23  Si  4.615682021306  0.810274531347  0.166574012597  -0.208120705998  3.662409344909  -2.614177881636
  24  Si  3.092386305449  1.781355462755  2.505466011459  0.011642734476  0.266427421606  1.188006439990
  25  Si  6.131827207126  1.743976146635  2.504849815531  1.398679954435  1.314305712636  1.223602964147
  26  Si  4.633603054849  4.407356507851  2.507838058950  1.191392426885  -0.015636224523  0.470894871461
  27  Si  1.618389706057  6.241081135130  4.998186628126  -0.739749026358  -1.591921854168  0.729424112407
  28  Si  -1.464149645180  6.257967446180  4.982497605978  -1.058849060557  -1.866061063506  0.494904875835
  29  Si  0.054340304325  3.571738687555  5.012357050710  -1.300684678058  -0.185579048723  -0.075071536171
  30  Si  3.087156627013  1.770943117156  7.553105075736  0.276904809000  1.452656062977  -0.511215315612
  31  Si  6.176024845908  1.783390872279  7.530984615366  0.499555277465  1.254107878330  -0.213651820049
  32  Si  4.644231926273  4.434389798883  7.517723343413  0.598102509430  0.432296485388  0.033445367546
  33  Si  1.589980520773  6.134710553048  0.155828965074  -0.541790012137  -1.014662858166  -3.766989736822
  34  Si  -1.501536977361  6.157722404878  0.169964115881  -0.404907019204  -1.511446686741  -3.164350706240
  35  Si  0.032265855337  3.487882520248  0.147496799536  -1.098836342454  0.042252453389  -3.297464738045
  36  C  -0.014116807648  1.800071748862  4.402098943139  -1.003097457773  -0.508251337473  0.280828685503
  37  C  3.122094871719  7.050454473670  4.346548624705  0.939288846964  -2.123877435207  -0.370535196070
  38  C  -3.010814289910  7.124783379135  4.368669083563  -1.490313934332  -4.768784196212  -1.256656522867
  39  C  4.700907712287  6.189861211077  6.871974041743  0.709604519914  0.910004239379  0.620004849196
  40  C  1.537770424746  0.954759129899  6.900154979973  -0.324135756693  3.410913631559  -1.246164876624
  41  C  7.699740852182  0.902343471276  6.878584797765  1.496219559688  4.653388515039  -0.344131726549
  42  C  -0.015894178549  1.814138281270  9.439182241701  -0.953741230135  -0.462776001985  -0.072641827408
  43  C  3.136596743319  7.074495519791  9.371117816884  0.592165396025  -2.324686106689  -0.930784741733
  44  C  -3.004437133195  7.141039685917  9.414244315922  -1.648325725965  -4.138523489649  -1.152035790694
  45  C  4.676173194570  6.154966935355  1.887056098362  1.289362456007  0.922728064363  3.550491349558
  46  C  1.541248081550  0.918438733734  1.898311049122  -0.103234713660  3.484716249027  1.999247640035
  47  C  7.698206036426  0.896524131507  1.932328525594  1.535286292009  3.822133764306  0.973582340194
  48  C  -1.530694092210  4.447759707654  4.381009267752  -0.855993075222  -0.378736911819  0.721431039085
  49  C  1.573713958598  4.456472177592  4.370418920687  0.312281677961  0.169038726062  0.322288190574
  50  C  0.077472659915  7.100002903201  4.390111791907  0.037244379000  -3.896963817134  -1.833195135910
  51  C  6.190151916526  3.561934798109  6.916845935948  1.501035308566  0.244222276888  0.074501341244
  52  C  3.097894029432  3.544089425838  6.884906445513  0.233590613538  -0.081304490594  0.440143029583
  53  C  4.638729047178  0.932828874170  6.871563519257  -0.350479596539  3.318773633472  -0.263892122478
  54  C  -1.512695089649  4.481828606724  9.427368381614  -1.215883644922  -0.539034955676  -0.494752184776
  55  C  1.589957959344  4.473558576050  9.379657581095  0.300063806647  -0.058801008079  0.377665752728
  56  C  0.067584730614  7.121220544937  9.386805980854  0.075266829320  -3.616408338606  -1.137509659874
  57  C  6.181678308522  3.510839753386  1.894020339529  1.151937546534  0.577641889259  3.617173783822
  58  C  3.116638540345  3.520796910668  1.892922592952  -0.505763942305  0.247250765033  3.534475713566
  59  C  4.629935227233  0.873217884646  1.896860212341  -0.679210118257  4.601135341456  1.256382895682
  60  C  3.081860442219  1.799699759354  4.387351251241  0.098057824494  -0.048021083498  0.129588603199
  61  C  6.170571220706  1.735753475463  4.391858589667  -0.079439663218  1.043647036970  0.155521796925
  62  C  4.679762831145  4.429093903066  4.371005383710  -0.379715689994  -0.136236588747  0.237217263609
  63  C  1.618098355966  6.217956553977  6.913106876029  -0.561948172627  -0.110802747183  -0.658672670227
  64  C  -1.467949144575  6.254420793205  6.899622333754  -0.557424458899  -0.378826273551  -0.428855707551
  65  C  0.048380950318  3.588888107855  6.900326065787  -0.648230194560  -0.339558217062  0.059668770275
  66  C  3.088481405500  1.801153915144  9.410831639280  0.386239175311  0.658351234835  0.144672313081
  67  C  6.166497852058  1.775812362142  9.407353473521  0.696525129405  0.625972013620  -0.275214606292
  68  C  4.675073617345  4.456622701515  9.423861940229  -0.203663611472  0.124062346805  -0.939513038995
  69  C  1.594223063161  6.183675311700  1.873008426136  0.105613592875  0.045873543118  3.506564420350
  70  C  -1.479096294780  6.184088973676  1.926913155720  -0.448649219323  0.228393875151  1.830883426941
  71  C  0.054011573972  3.556000099062  1.885524226033  -0.785408638336  -0.099832503773  2.966040257793


MDSTEP:  10
LATTICE_CONSTANT: 1.889726125458
LATTICE_VECTORS
  9.475626615958  0.000000000000  0.000000000000
  -4.593322032916  7.771052100062  0.000000000000
  0.023417987954  0.110186650915  9.866287112892
VIRIAL (KBAR)
  -42.085991325547  -41.444459159759  -1.058849031018
  -41.444459159759  270.137543649311  -17.498084104569
  -1.058849031018  -17.498084104569  251.977806827692
INDEX    LABEL    POSITIONS    FORCE (eV/Angstrom)
  0  Si  0.021919915695  1.805881700471  2.512174940727  -1.986059540204  0.065986311850  1.155969945042
  1  Si  3.163007436507  7.069318615897  2.495378590885  -0.046742294572  -3.197157751307  1.267413599612
  2  Si  -3.011002354900  7.107067262575  2.479631940855  -1.577552670166  -4.553030025703  2.403750404803
  3  Si  4.652530288246  6.184133324650  4.980971775900  2.059022394939  0.108505313001  0.596574274338
  4  Si  1.528002474808  0.906817000343  5.035430994066  -0.561870149228  4.081147909241  0.338364875193
  5  Si  7.689722301879  0.879917227663  5.043999536567  1.914269312775  3.291854743721  -0.444932342212
  6  Si  0.016407775726  1.810082681451  7.566088689882  -1.639932720300  0.447183254531  -0.599314728079
  7  Si  3.124735964327  7.103808623351  7.509531416528  1.628367315988  -4.114661203825  0.819434157721
  8  Si  -2.994297315406  7.167373523261  7.543084329967  -1.587391614476  -5.485022298844  0.659211695195
  9  Si  4.634502679660  6.116881514279  0.169143432991  1.904547426537  -0.179701117943  -3.542758966880
  10  Si  1.526524742843  0.840504744280  0.189064936191  -0.745680622738  3.242814722504  -3.141623647290
  11  Si  7.691654587737  0.781663943669  0.173663985617  1.444692230337  4.321269559994  -2.028049977663
  12  Si  -1.523832129582  4.443075434803  2.515102524432  -1.169028796414  -1.357067389108  0.298860392991
  13  Si  1.569553655783  4.450627438079  2.509464195985  0.183159535120  -0.711202894633  0.446537537401
  14  Si  0.064591474541  7.094984340222  2.479178047146  0.200392244741  -5.209328914827  2.822252484955
  15  Si  6.184058714353  3.519842361812  5.034133515733  1.616191188555  0.742270379177  -0.500628464275
  16  Si  3.094945350599  3.541872924722  5.012238422342  0.267258502189  0.709640716973  -0.048914018249
  17  Si  4.601201444588  0.887328981403  5.031421299870  0.469168026769  4.187771333486  0.298016461648
  18  Si  -1.520352258959  4.490080775811  7.509629594087  -1.068732895516  -0.894758328939  0.311427625760
  19  Si  1.594323205625  4.473433044569  7.532324473756  -0.202144933446  -0.643176313263  -0.354726385201
  20  Si  0.074935731781  7.132623218950  7.515620628344  -0.021655768873  -4.087930251489  0.954341981606
  21  Si  6.143907641280  3.430371205461  0.173423170671  2.151879040444  0.957526801192  -3.787664411664
  22  Si  3.102703769164  3.460724136537  0.187685781982  -0.231673398161  0.426460478065  -4.533273647676
  23  Si  4.614682396638  0.811267444918  0.168290187019  -0.163333852680  3.499675410802  -2.787607526667
  24  Si  3.089286804377  1.775130492633  2.507652950065  0.174494826715  0.463092275803  1.166102616949
  25  Si  6.137197572663  1.745236471868  2.510670155900  1.267895111894  1.367048916143  0.961041256682
  26  Si  4.632593474555  4.411116868981  2.503021146283  1.131745453669  -0.203456415337  0.616384892570
  27  Si  1.617160782385  6.237055019201  5.001362418084  -0.547472554436  -1.427769074804  0.637109346936
  28  Si  -1.463635562617  6.258148514905  4.982545709589  -1.164935535975  -1.938864652678  0.439170556074
  29  Si  0.049732929236  3.575352930142  5.010262334946  -1.209535240718  -0.175123585053  -0.055038017798
  30  Si  3.081136486427  1.774548192571  7.550472803236  0.314914150354  1.304597785070  -0.421997509134
  31  Si  6.181011930073  1.780886461932  7.535968282085  0.476149062936  1.368783404051  -0.403735296194
  32  Si  4.643310448642  4.440661867789  7.524623554125  0.588412031947  0.129446177677  -0.156890364467
  33  Si  1.587525664240  6.132619300037  0.154220151920  -0.485025463708  -0.898043347170  -3.227518279844
  34  Si  -1.508268637660  6.159295079862  0.169183934807  -0.203016467812  -1.584546037569  -2.901966643413
  35  Si  0.034012697382  3.487940719557  0.140541588970  -1.144948489036  0.132062910602  -3.043139187819
  36  C  -0.014026187628  1.808169929198  4.409788969509  -1.013316216866  -0.613342974100  0.087888631055
  37  C  3.126742040321  7.045154893785  4.337785861418  0.797977161785  -1.714292367712  -0.020341795293
  38  C  -3.014255129433  7.129310810591  4.371061006273  -1.402331766011  -4.775705549793  -1.243188939513
  39  C  4.709656983121  6.181979087253  6.870888346893  0.535971544119  1.097957174533  0.671357475643
  40  C  1.531916273477  0.950144224061  6.891710387947  -0.181778821098  3.354554692524  -0.930267317904
  41  C  7.702201778934  0.895480846796  6.876985726746  1.433269348313  4.625641213601  -0.240483008843
  42  C  -0.018277686286  1.812051863875  9.436555709146  -0.915211050929  -0.387381462132  -0.110406356880
  43  C  3.135379569409  7.078053545378  9.375746477476  0.619595477552  -2.453038908620  -0.970748842652
  44  C  -2.997325959459  7.143669025140  9.411284766134  -1.814478507275  -3.931007500462  -0.954785907446
  45  C  4.675504231572  6.154301106024  1.898550253652  1.413043355597  1.015505930455  3.017410344718
  46  C  1.541166531684  0.931336715970  1.906456209352  -0.165653294535  2.962752095191  1.722764744430
  47  C  7.696295825260  0.902976462728  1.925446975921  1.624250194852  3.542109247005  1.095145674948
  48  C  -1.532381013449  4.437984457179  4.371674062156  -0.917828309666  -0.166682992025  1.004559584831
  49  C  1.565757593340  4.465925531539  4.362759275671  0.414797751346  -0.105451096072  0.606230434203
  50  C  0.078320937766  7.089986904744  4.383975045211  0.006035650510  -3.349483692986  -1.502476467191
  51  C  6.195341861789  3.567113779470  6.912250262013  1.384845485874  0.108633583465  0.272000734394
  52  C  3.090133867619  3.536780216843  6.889499160153  0.345856993144  0.175473938343  0.289664520917
  53  C  4.638540850538  0.937167440212  6.870406808426  -0.323473834652  3.246169361252  -0.268147002754
  54  C  -1.518811436827  4.480894120684  9.421370732948  -1.141531798963  -0.513618111715  -0.350234800256
  55  C  1.593634604936  4.481914480032  9.383563020536  0.239691093063  -0.293829215332  0.310469302656
  56  C  0.069113482580  7.116110644097  9.388983620717  -0.018543513754  -3.380264448405  -1.097717933189
  57  C  6.180001775933  3.516564778010  1.892790102720  1.190288034119  0.484139875535  3.639490056186
  58  C  3.116576060293  3.514647902047  1.892764247778  -0.521127866624  0.346154726670  3.689754357527
  59  C  4.630428012036  0.872968492133  1.893580090357  -0.597627575308  4.730164839033  1.445662871775
  60  C  3.085668402524  1.807143356267  4.386889760352  -0.008042034512  -0.312433692356  0.121801232061
  61  C  6.180181800382  1.737448838020  4.385791394974  -0.330214324283  1.002467399054  0.319166764706
  62  C  4.673867343527  4.432502981444  4.368369251014  -0.240543577846  -0.361973960576  0.244793849819
  63  C  1.626904956077  6.210870077821  6.922032970953  -0.807486260079  0.072046550498  -0.863578267007
  64  C  -1.470692966806  6.252588724825  6.897622235126  -0.384328948154  -0.244856162149  -0.348663373987
  65  C  0.050573304519  3.579913853981  6.896512209811  -0.733540554234  -0.056298101613  0.179055481106
  66  C  3.084497482402  1.805058910799  9.415490585875  0.453344241644  0.547712899211  -0.032842364601
  67  C  6.176463925650  1.766480122872  9.406326790551  0.409865851147  0.883462031863  -0.238852766533
  68  C  4.669571291533  4.457840410285  9.426563326372  -0.070120440463  0.040334316889  -0.922558695370
  69  C  1.596580898329  6.175259278198  1.885945192549  0.094869539412  0.320381865938  2.874606199413
  70  C  -1.470863754735  6.190158081759  1.935376675891  -0.678171879525  0.083590991706  1.521961229625
  71  C  0.050798670385  3.560870602683  1.885147287320  -0.734175995149  -0.165891298108  2.769325658455


