MDSTEP:  0
LATTICE_CONSTANT: 1.889726125458
LATTICE_VECTORS
  9.341154818632  0.000000000000  0.000000000000
  -4.521446839554  8.200693421491  0.000000000000
  0.216250388060  -0.118500891800  10.164045640738
VIRIAL (KBAR)
  -43.534826853762  -25.479634481018  -25.064549494698
  -25.479634481018  -88.439636012136  12.941471806851
  -25.064549494698  12.941471806851  12.453082365836
INDEX    LABEL    POSITIONS    FORCE (eV/Angstrom)
  0  Si  0.038596146181  1.792450966033  2.574397165543  0.076759537870  -0.247187040702  -0.117022904071
  1  Si  3.219836435189  7.187075124526  2.577105694471  0.312225843084  0.390437873244  -0.146403031220
  2  Si  -3.038076277043  7.244126264566  2.641702464455  0.340941379821  0.034614966814  -0.568107228081
  3  Si  4.810325906327  6.251984109333  5.116797460025  -0.343238023787  0.213028488275  0.744969606218
  4  Si  1.625720520936  0.857660495797  5.119908795704  -0.184264396347  -0.055332344835  0.707242724783
  5  Si  7.893060969206  0.807945475862  5.056179738896  -0.694252034326  -0.094437977942  1.169759871949
  6  Si  0.098026580169  1.766859184870  7.722398816998  0.139814039568  -0.454894686678  -0.655548761865
  7  Si  3.279283420867  7.154122451832  7.716015283621  0.371038294912  0.280855131513  -0.553173918115
  8  Si  -2.982333167999  7.212586065615  7.777955584063  0.243766534983  0.076965080438  -0.925963768056
  9  Si  4.652939269091  6.343638652123  0.101708713221  -0.258639100944  0.020378233955  -1.389181887996
  10  Si  1.464181592049  0.944865588141  0.098801394839  0.002976346360  -0.196146675242  -1.277524728871
  11  Si  7.728155103712  0.891032534219  0.030338882434  -0.391558005571  -0.139930198792  -0.897302346173
  12  Si  -1.496541320848  4.518556973802  2.608990054867  0.030324935460  -0.303621142224  -0.174031190968
  13  Si  1.640192645221  4.494671378211  2.580839520768  -0.195060695985  -0.129374103109  0.200664601198
  14  Si  0.089618371202  7.214489498092  2.603650792062  0.348821818365  0.346772113026  0.038932613723
  15  Si  6.344205976565  3.528596957904  5.085723305345  -0.288184613923  0.089782635114  0.690277851792
  16  Si  3.214172371902  3.555333550293  5.126535195288  0.040494623156  0.023075683018  0.186699412096
  17  Si  4.759790170676  0.833021771239  5.088473525573  -0.292084497224  -0.226491841050  0.596936070059
  18  Si  -1.445362121754  4.483845269133  7.741322579699  0.124676789834  -0.230019467957  -0.364888645964
  19  Si  1.683785438422  4.465346621983  7.711645160277  0.235164452758  -0.153084033324  0.064785929210
  20  Si  0.148467397257  7.185715882528  7.745524254926  0.336420157085  0.234272468611  -0.490448401871
  21  Si  6.187832035807  3.612629371858  0.066952692255  -0.087922619451  0.065791950195  -1.368354549385
  22  Si  3.063259451318  3.644997973718  0.103128996739  -0.012781932304  -0.089037254002  -1.960734263884
  23  Si  4.595160337327  0.921604154710  0.063187746539  -0.081337565942  -0.302121178528  -1.184898240450
  24  Si  3.170161550381  1.761054594793  2.547113986188  0.041087637134  0.045910909520  0.284241911033
  25  Si  6.311117294364  1.735443267741  2.513480230739  -0.263352156236  -0.023530562528  0.199374235565
  26  Si  4.764889138709  4.461444291305  2.542035401634  -0.080133969651  -0.039092863167  0.339353267359
  27  Si  1.680815733361  6.279133866280  5.153830547390  -0.035873465825  0.178451709384  0.200833933876
  28  Si  -1.454092396317  6.308521392230  5.191852953687  0.035401831814  0.121808999593  0.122286008136
  29  Si  0.085950417850  3.585503575137  5.152515594219  -0.070919465688  -0.028248019410  0.263342006737
  30  Si  3.230943511902  1.730179194843  7.680650641323  0.024303808436  -0.023081219161  -0.042390461387
  31  Si  6.356939130306  1.709625360874  7.651190188008  0.063427071647  -0.263484869498  -0.176495463164
  32  Si  4.818046942799  4.428552702585  7.680489045356  0.016984192322  -0.023499361362  -0.004820188092
  33  Si  1.515246708160  6.365821947667  0.128338182555  0.285581544240  0.115311717718  -1.700547950990
  34  Si  -1.613661394094  6.398758112722  0.162482615449  0.205951244104  -0.073374157494  -1.848229760676
  35  Si  -0.077236208510  3.669419433474  0.124146810095  0.335317175319  -0.014955828841  -1.599492983495
  36  C  0.063687048742  1.780855320222  4.508252097957  0.271380639653  -0.104751971008  -0.681832641770
  37  C  3.246184367370  7.176912809209  4.507258232975  0.220246019638  0.141048564514  -0.538019092437
  38  C  -3.013937763914  7.231036408216  4.570199332747  0.441244502845  0.041910853314  -0.946461310098
  39  C  4.833637309657  6.234851052127  7.050843181585  -0.080793690493  0.339844787214  0.354070153321
  40  C  1.652193226065  0.852012960345  7.054537641670  -0.268274715532  -0.363147329045  0.390520656854
  41  C  7.916169837742  0.786400094617  6.992037452629  -0.356670303935  0.059094649018  0.854194314504
  42  C  0.119700796466  1.752295574560  9.645422135369  0.220565161943  -0.180056302623  -0.708007576565
  43  C  3.301238240909  7.146168482856  9.641462478789  0.196795240938  0.081226494391  -0.524305517949
  44  C  -2.969809537345  7.203213647261  9.706924617321  0.680791237280  0.019862348370  -1.038976141085
  45  C  4.777342216062  6.274660821367  1.916886380140  -0.217233035768  0.258354429111  2.094176121632
  46  C  1.592894370320  0.877285613992  1.919652573846  -0.339464978897  -0.208829480418  2.025620584391
  47  C  7.858262402574  0.824205059616  1.847293837912  -0.445008850391  -0.075011621836  2.643557908173
  48  C  -1.480045768939  4.508035720916  4.535614631535  0.323211171810  -0.110820195526  -0.494443447548
  49  C  1.652035084855  4.475221050303  4.509601787373  0.054526359111  0.024596635500  -0.170465110627
  50  C  0.116008665162  7.197147208434  4.543901402276  0.149136004156  0.175905735622  -0.623509973335
  51  C  6.366609288836  3.513724436175  7.018640928090  -0.024244534911  0.317772748805  0.361895427484
  52  C  3.238731775471  3.543350275433  7.054245463012  -0.116944111352  0.076582242032  -0.056786422625
  53  C  4.779183890013  0.814783091150  7.016758467795  -0.227639914428  -0.202570824883  0.495376964425
  54  C  -1.416884861113  4.473126680227  9.674895140052  0.130321605737  -0.016876723171  -0.750725154760
  55  C  1.708071148838  4.454668155238  9.642886736199  0.032902151681  -0.206182837566  -0.212753502781
  56  C  0.168969698929  7.174638249013  9.676431214814  0.168609374492  0.056632219891  -0.638902781977
  57  C  6.315376940339  3.547270800079  1.882416278547  -0.225278742418  0.332605850241  2.136370777290
  58  C  3.180670120382  3.574699184238  1.912598795647  -0.147531465391  0.142607270980  1.815861059809
  59  C  4.720235723168  0.849670534052  1.887869484082  -0.322972523206  -0.168652341021  1.973883068245
  60  C  3.199984294831  1.753535558521  4.477470203486  -0.206003379854  -0.137403815144  -0.182897119107
  61  C  6.324149645234  1.723229880252  4.439093721173  0.061159413264  0.002288125158  -0.067848138677
  62  C  4.784560624944  4.447152181019  4.474965278326  -0.043325967233  0.105249536327  -0.185394991068
  63  C  1.702673856980  6.269315458855  7.080543992153  -0.107538303464  0.059642112210  -0.017259778931
  64  C  -1.439377868079  6.302482213283  7.117081748704  0.240417665210  -0.120358688680  -0.047934920703
  65  C  0.110636689110  3.575089033451  7.086085094963  -0.070445783721  0.051299716780  -0.134243326233
  66  C  3.246782105538  1.720203447100  9.610376642911  -0.025754144552  -0.072166343817  -0.191024320995
  67  C  6.375581332606  1.688753957509  9.574434482079  0.053031314433  0.083498380353  -0.110239678936
  68  C  4.838409282060  4.418490206844  9.610584802767  0.132281834396  0.090765033643  -0.160235924856
  69  C  1.648197452322  6.304713421735  1.947789345168  -0.276340591306  0.045970202578  1.556617777600
  70  C  -1.482686387441  6.326700366624  1.974430081156  -0.200072396053  0.124863125044  1.694736103330
  71  C  0.049067808949  3.601767318910  1.942165529681  -0.006958978751  0.208694279069  1.721246587046


MDSTEP:  1
LATTICE_CONSTANT: 1.889726125458
LATTICE_VECTORS
  9.341154818632  0.000000000000  0.000000000000
  -4.521446839554  8.200693421491  0.000000000000
  0.216250388060  -0.118500891800  10.164045640738
VIRIAL (KBAR)
  -43.449828092077  -25.499520968440  -25.205431994294
  -25.499520968440  -88.498976797520  12.974996626078
  -25.205431994294  12.974996626078  12.063343327402
INDEX    LABEL    POSITIONS    FORCE (eV/Angstrom)
  0  Si  0.039482639861  1.791688385201  2.574960584947  0.056066247179  -0.227725850261  -0.135932055607
  1  Si  3.219761786052  7.186565834979  2.577296804257  0.314811539459  0.407373956791  -0.147568058426
  2  Si  -3.037968367452  7.244844800252  2.641823895319  0.342116955452  0.010354330992  -0.562962012178
  3  Si  4.811085985654  6.250919962114  5.117213418718  -0.362535944670  0.249281424658  0.736507474670
  4  Si  1.625693209328  0.858441245401  5.120310349281  -0.189938536718  -0.075744924677  0.692036107699
  5  Si  7.893500001315  0.808349510260  5.056046928432  -0.714218964995  -0.107704330124  1.170448210845
  6  Si  0.098048843010  1.766793255009  7.722006862312  0.134396523842  -0.450192674239  -0.652151455907
  7  Si  3.280151388632  7.154990111409  7.715969574625  0.355467076697  0.272332775050  -0.555569787781
  8  Si  -2.981755886653  7.212848189106  7.777322855261  0.233773944436  0.075201327284  -0.912318739036
  9  Si  4.652642921141  6.343956723331  0.101711071033  -0.239705588158  0.009246962819  -1.382806686068
  10  Si  1.464094221135  0.945768903709  0.098490587230  0.002020526651  -0.222230284912  -1.253528131358
  11  Si  7.727976428644  0.890249869172  0.030155517520  -0.388103523585  -0.122250521809  -0.876004816311
  12  Si  -1.496300193161  4.517820884690  2.608778946044  0.024133590942  -0.297634483120  -0.168741090583
  13  Si  1.640223663069  4.495357100058  2.581065465228  -0.199849559816  -0.132679629279  0.191365686980
  14  Si  0.089147545683  7.214015949519  2.603157556215  0.343036800143  0.361732283509  0.065682026147
  15  Si  6.343650262174  3.527989255916  5.086006323573  -0.266980623029  0.108382803971  0.667202972656
  16  Si  3.213906762562  3.556531589971  5.127100030554  0.050304438353  0.011130129441  0.155987381316
  17  Si  4.759663366157  0.833440163265  5.089181430499  -0.291454763953  -0.235531531710  0.584688359692
  18  Si  -1.445339366323  4.483669292271  7.740848099167  0.122639498939  -0.235514793432  -0.366384696656
  19  Si  1.684229903347  4.465870625788  7.710929505626  0.216659901558  -0.160510279604  0.073487999007
  20  Si  0.148118912441  7.184973484520  7.744850499707  0.348884580113  0.250821513781  -0.472564614612
  21  Si  6.188212695680  3.612768357590  0.066273032615  -0.109097474811  0.057522932537  -1.323347847219
  22  Si  3.062882463018  3.644573699161  0.102373365411  -0.010214275060  -0.093378706406  -1.915491057588
  23  Si  4.596016666658  0.921848981352  0.062677859751  -0.102845182691  -0.313361217006  -1.153845707890
  24  Si  3.170408435491  1.761701650014  2.547092656134  0.045967952030  0.036588103250  0.298773230990
  25  Si  6.310750152191  1.735877421166  2.514000825300  -0.261125414915  -0.039593632451  0.194999360981
  26  Si  4.764890287573  4.461250591779  2.542122250717  -0.078804012106  -0.034834084966  0.345092636638
  27  Si  1.680210926709  6.280183378458  5.153440786498  -0.017123008750  0.170443683049  0.198330415596
  28  Si  -1.454286559013  6.307940044703  5.192439357029  0.037027104576  0.139801906951  0.105276840134
  29  Si  0.085850626953  3.586101817366  5.151904461888  -0.062809162565  -0.032495408093  0.252742558896
  30  Si  3.231162434256  1.729561413925  7.680897409569  0.003956344848  -0.006855175810  -0.059600920212
  31  Si  6.355623506942  1.709987587095  7.651953496034  0.100602563591  -0.270440070209  -0.186809079060
  32  Si  4.818121408037  4.427801228813  7.681326396404  0.009901736497  -0.004450450581  -0.037397179793
  33  Si  1.515311490381  6.365065722851  0.127678799573  0.279813510677  0.120185789964  -1.644789471228
  34  Si  -1.612922365968  6.398643644542  0.161561063520  0.194249107802  -0.072957082016  -1.796278516047
  35  Si  -0.077164753059  3.669843597773  0.123385052797  0.317197150483  -0.029569127168  -1.575276262460
  36  C  0.062601565695  1.780828303193  4.507269442884  0.301121029301  -0.091355820920  -0.658477205646
  37  C  3.246524177903  7.177350486475  4.506038950542  0.221362321960  0.132527801635  -0.501594367288
  38  C  -3.014401360619  7.230458797336  4.569742925465  0.456245183440  0.062909550349  -0.926320476480
  39  C  4.834191322674  6.235710105684  7.051392157806  -0.083175766361  0.312487604542  0.351427796378
  40  C  1.651243537623  0.851737319509  7.054764540626  -0.242299778399  -0.358103370247  0.384215212778
  41  C  7.916566833631  0.786842267900  6.992728309431  -0.373241923523  0.060641935531  0.842868117022
  42  C  0.119461254161  1.752531754312  9.644590141553  0.217148651193  -0.185844884646  -0.694510735530
  43  C  3.300408389282  7.145586328052  9.641608327407  0.213963784961  0.087034004788  -0.526931922378
  44  C  -2.968424841039  7.202887473761  9.706069008332  0.651773316269  0.031627502002  -1.021465022362
  45  C  4.777573469594  6.274008466844  1.917574180524  -0.222335649474  0.272665049037  2.062558794636
  46  C  1.593626045188  0.876992796426  1.920983940778  -0.347976592773  -0.202031437362  1.977568762605
  47  C  7.857742113269  0.824908427498  1.847933293202  -0.432471418720  -0.088213934352  2.621063149977
  48  C  -1.479396077373  4.508785274476  4.534927398131  0.300939236655  -0.137434594447  -0.475070834607
  49  C  1.652762440916  4.475911541963  4.508029974844  0.036510353755  0.021831512038  -0.133262212223
  50  C  0.115754568643  7.197273107508  4.544377371914  0.140517205699  0.183702800622  -0.624361796731
  51  C  6.366752849471  3.513190971202  7.017712274872  -0.033519451608  0.327688103006  0.383492582336
  52  C  3.237712051425  3.543733893282  7.052896116023  -0.093813171822  0.068168731121  -0.023921473574
  53  C  4.779644073932  0.815319465196  7.017588556762  -0.243944862419  -0.217245192016  0.485313800752
  54  C  -1.418272239063  4.473112829097  9.674339743356  0.163335475664  -0.016906553901  -0.749723635523
  55  C  1.707613015734  4.453753071380  9.643590478585  0.041901899817  -0.191148002246  -0.240798397916
  56  C  0.169305641156  7.173963791664  9.676078695782  0.172275274729  0.067726279958  -0.639550673700
  57  C  6.314610695420  3.546477536954  1.883469442468  -0.214684063915  0.349689196965  2.092072511163
  58  C  3.180397689835  3.575065801257  1.913684342257  -0.145832802190  0.143266624676  1.766884082885
  59  C  4.720244311954  0.849671075870  1.888672779665  -0.328769392812  -0.167797525765  1.939385238118
  60  C  3.200444252835  1.753781125876  4.477827063625  -0.216656689543  -0.125508495258  -0.179395014274
  61  C  6.323521854265  1.723250152013  4.438756786847  0.071162154759  0.001541797224  -0.050405348673
  62  C  4.785130982684  4.448410367768  4.474887998377  -0.053020918893  0.072781547368  -0.177286343830
  63  C  1.702381470737  6.269995764469  7.080989191379  -0.092830759870  0.056423735499  -0.032289162090
  64  C  -1.439135655980  6.302539085806  7.117932372933  0.234728088133  -0.128314595266  -0.070331834892
  65  C  0.110545202414  3.574666500770  7.085156212883  -0.063243644906  0.066095278538  -0.123090171351
  66  C  3.246138930988  1.720053248456  9.609669999850  -0.007022034757  -0.072682911296  -0.176987830638
  67  C  6.375392283637  1.689080470986  9.574747188565  0.061367111353  0.078834549689  -0.117616862268
  68  C  4.837482326830  4.417297178261  9.609748929181  0.146287129993  0.110583879003  -0.139342228344
  69  C  1.647392683895  6.305732444905  1.949906141544  -0.265977937863  0.028683740183  1.479888768374
  70  C  -1.483083145800  6.325937626589  1.975837421991  -0.199687868354  0.133351732969  1.631514170638
  71  C  0.049441855336  3.601960073089  1.942014347346  -0.008354547922  0.197578694802  1.711227486427


MDSTEP:  2
LATTICE_CONSTANT: 1.889726125458
LATTICE_VECTORS
  9.341154818632  0.000000000000  0.000000000000
  -4.521446839554  8.200693421491  0.000000000000
  0.216250388060  -0.118500891800  10.164045640738
VIRIAL (KBAR)
  -43.346856636154  -25.253344647254  -25.592451174191
  -25.253344647254  -88.713107884464  12.869423460269
  -25.592451174191  12.869423460269  11.955640762793
INDEX    LABEL    POSITIONS    FORCE (eV/Angstrom)
  0  Si  0.041528626233  1.789958640121  2.573109057463  0.006926040920  -0.183332439731  -0.058151607927
  1  Si  3.219888157412  7.188437427142  2.578170755259  0.319575840508  0.403980442330  -0.145159360102
  2  Si  -3.035723272377  7.243222360956  2.641075248553  0.330027522323  0.035036582214  -0.551239873222
  3  Si  4.812046178143  6.252947627749  5.117715943405  -0.361603883370  0.255674383277  0.672728363733
  4  Si  1.626885844966  0.860691833788  5.119143227160  -0.228969700976  -0.106595832349  0.717160765557
  5  Si  7.895500139595  0.808583305681  5.058730567163  -0.752472784574  -0.114227765680  1.108008750672
  6  Si  0.098065572237  1.766915314049  7.724094404987  0.136818552430  -0.418505117771  -0.690540402484
  7  Si  3.281850851237  7.156737305174  7.716276146275  0.328376918714  0.228281178711  -0.584083775014
  8  Si  -2.980848064515  7.215481296317  7.779303765737  0.206242784085  0.045648764826  -0.934200954161
  9  Si  4.651636952326  6.345930274574  0.101705334720  -0.204525421880  -0.046822501028  -1.283627040115
  10  Si  1.464820145301  0.947057643335  0.099509766936  -0.055184756275  -0.248719865066  -1.250315418062
  11  Si  7.729395511570  0.888959162077  0.030404021073  -0.418103250292  -0.132450566739  -0.771898140393
  12  Si  -1.496446852908  4.515965473434  2.610276444828  0.024534064812  -0.285186864433  -0.179014858660
  13  Si  1.642076825030  4.497275112522  2.581996690184  -0.272947412379  -0.168996608587  0.184231330385
  14  Si  0.088804701114  7.214729691135  2.603690200030  0.315690886736  0.334833902451  0.086896064721
  15  Si  6.344324991763  3.528229453053  5.084384402002  -0.316782815047  0.067661333765  0.701714083447
  16  Si  3.214340015806  3.554076920678  5.128211216976  0.061348542333  0.136278458156  0.118798020545
  17  Si  4.759658783274  0.835110110104  5.089461517346  -0.332142644065  -0.287738005421  0.564316261714
  18  Si  -1.447336265332  4.483534741388  7.740776706256  0.136598599073  -0.202974531385  -0.364215745189
  19  Si  1.681927626663  4.467470237094  7.710347591040  0.276443964948  -0.190262606305  0.051675763962
  20  Si  0.148963397536  7.184807624547  7.742814063260  0.347846044094  0.207651889853  -0.451271130721
  21  Si  6.187717654949  3.611456492039  0.065327616864  -0.045442756227  0.105397049980  -1.303008436586
  22  Si  3.060338832744  3.645687054198  0.102103373944  0.038104150339  -0.110695012930  -1.940947605209
  23  Si  4.597628695822  0.922176568517  0.062001110441  -0.126519652053  -0.353717505286  -1.152344511518
  24  Si  3.170305057586  1.764320780597  2.544872406357  0.015403782398  -0.053849575510  0.345999958385
  25  Si  6.308419338925  1.736604816566  2.514579900026  -0.202997760378  -0.024736643830  0.179752770206
  26  Si  4.763402986207  4.459763580389  2.542926409767  -0.019070189016  0.035623725989  0.325783446593
  27  Si  1.682434426278  6.281494448498  5.153313375631  -0.048721686851  0.158861907992  0.230483126933
  28  Si  -1.454597250772  6.309833569579  5.194858350652  0.010430713865  0.103158825033  0.078197276011
  29  Si  0.088192127476  3.588191453578  5.153396857917  -0.124290361679  -0.063561228214  0.235485638810
  30  Si  3.230287697488  1.729752472309  7.679398458623  0.006741793238  0.001095893710  -0.029731311829
  31  Si  6.355539897764  1.712262544228  7.651711228885  0.068195051508  -0.294943928835  -0.181265752276
  32  Si  4.820147868830  4.430259457973  7.679648881129  -0.049444383972  0.012699507606  0.009197205781
  33  Si  1.515186735663  6.366582118586  0.128516323837  0.231487983890  0.096590409182  -1.698286222555
  34  Si  -1.610724851665  6.397342503291  0.162321091766  0.099082285444  -0.092568551471  -1.869105729118
  35  Si  -0.074615879585  3.668948271200  0.122329990237  0.237126987188  0.002944304471  -1.582935996391
  36  C  0.063332739749  1.781193193631  4.507723856138  0.303716562330  -0.060805255489  -0.659825745946
  37  C  3.244214945512  7.177279544450  4.504509940546  0.287075539005  0.157525213705  -0.448712249019
  38  C  -3.012796208262  7.233862107522  4.566670034344  0.449076051281  0.024491414592  -0.873290986379
  39  C  4.834982111812  6.238902664484  7.048533391098  -0.068421304853  0.301306802412  0.415266330763
  40  C  1.650031091687  0.849026792859  7.056252589030  -0.224760871012  -0.276795867980  0.349525232803
  41  C  7.917013123543  0.788312142631  6.994180878799  -0.388017156763  0.063676153999  0.839974631526
  42  C  0.116084765096  1.752872447419  9.644544320729  0.314593633507  -0.199756318318  -0.681352684639
  43  C  3.298508549991  7.141783743891  9.639928049592  0.245699983920  0.175356887456  -0.484853758070
  44  C  -2.971852950861  7.206323366000  9.706064886474  0.721317687240  -0.023322097198  -0.993169982022
  45  C  4.779573735595  6.277344219996  1.922718650723  -0.287707571935  0.206911430281  1.915070198348
  46  C  1.590714866437  0.876411783476  1.922473694882  -0.250525790899  -0.200137988357  1.937394198256
  47  C  7.859771152274  0.825956510826  1.853787288726  -0.495319036367  -0.102872540088  2.449113330169
  48  C  -1.481928679932  4.507007745503  4.537622300632  0.380279444986  -0.082902597448  -0.508466300594
  49  C  1.651713369857  4.479144277689  4.509916269717  0.092991245195  -0.025872657260  -0.173107353814
  50  C  0.115672696020  7.195593350680  4.547471023511  0.140478128000  0.232630887769  -0.672769235411
  51  C  6.363685857186  3.516397716951  7.019011983732  0.022512274597  0.265788188169  0.325139106443
  52  C  3.239396832151  3.547205959239  7.050333809621  -0.133684238491  -0.000991859912  0.051216455804
  53  C  4.777695617321  0.812465817847  7.015587543811  -0.192938062500  -0.147931513525  0.536253227236
  54  C  -1.417125793669  4.470493151332  9.670732381133  0.143015575116  0.018220546972  -0.685214757256
  55  C  1.705453620961  4.457197014257  9.639483938848  0.093192636733  -0.252667857487  -0.152263345727
  56  C  0.166713857552  7.170959323363  9.675257836013  0.244859613214  0.154597749837  -0.641703896374
  57  C  6.315633943257  3.550100738248  1.881937141781  -0.253914534314  0.269099928021  2.134946133439
  58  C  3.181200002327  3.571724112287  1.914248408770  -0.182567260913  0.245553444368  1.725993452383
  59  C  4.719951480323  0.849025826891  1.888565895727  -0.338899461297  -0.149908331202  1.932418042815
  60  C  3.198210107340  1.756999817075  4.478215541441  -0.154122966057  -0.177459293031  -0.212156150219
  61  C  6.321089401590  1.719506117568  4.438167674276  0.126179397076  0.084727005599  -0.014393429021
  62  C  4.787615139483  4.450508422499  4.473589546659  -0.111599744615  0.027438906601  -0.142824457462
  63  C  1.706315278109  6.266303464728  7.081152804499  -0.145507940030  0.168867432089  -0.047549165773
  64  C  -1.441354307497  6.303738341419  7.119484049707  0.272351982872  -0.142109950224  -0.080844714328
  65  C  0.109106804527  3.577853592606  7.086238281756  -0.047079303522  -0.001351641464  -0.139414561174
  66  C  3.244857311948  1.716373964925  9.611674619228  0.022092900580  0.026868795774  -0.228482660371
  67  C  6.377883218326  1.690743327895  9.576117074242  0.016802957007  0.012953762566  -0.149729175473
  68  C  4.840853320633  4.415880280481  9.611669306822  0.056603910328  0.151467492213  -0.183835765576
  69  C  1.645552497399  6.308245747603  1.948592083191  -0.203853536596  -0.003014620778  1.524399384977
  70  C  -1.482510167195  6.322450186063  1.973939958323  -0.178214244696  0.179136345349  1.699917556909
  71  C  0.046676400346  3.600059329011  1.940460365210  0.086510452059  0.229748593017  1.748248136852


MDSTEP:  3
LATTICE_CONSTANT: 1.889726125458
LATTICE_VECTORS
  9.341154818632  0.000000000000  0.000000000000
  -4.521446839554  8.200693421491  0.000000000000
  0.216250388060  -0.118500891800  10.164045640738
VIRIAL (KBAR)
  -42.483275290513  -24.878550199238  -26.263520154588
  -24.878550199238  -89.044949019508  13.111955380242
  -26.263520154588  13.111955380242  10.839467647905
INDEX    LABEL    POSITIONS    FORCE (eV/Angstrom)
  0  Si  0.042150458995  1.786823728229  2.575796819734  -0.028869873142  -0.027974526608  -0.067100982876
  1  Si  3.223094578205  7.185490173953  2.581076539628  0.242957066876  0.430079241451  -0.203677060093
  2  Si  -3.035825022229  7.241545117078  2.641490676633  0.332541300318  0.071579932016  -0.555548973804
  3  Si  4.809620074768  6.253623405913  5.117782701365  -0.306207053096  0.241543032155  0.634316441466
  4  Si  1.629000528381  0.863616760320  5.119573961039  -0.290605005881  -0.226207724106  0.685154994382
  5  Si  7.895813341058  0.810138580479  5.057201364044  -0.725804378474  -0.178204239782  1.115615297925
  6  Si  0.096473361311  1.767700070823  7.724122523739  0.182293989963  -0.441743911017  -0.681381388501
  7  Si  3.278603957157  7.159815163731  7.715015795073  0.398276018122  0.185138551119  -0.648166794143
  8  Si  -2.982822757680  7.215654268086  7.778294583944  0.250779257054  0.039167935157  -0.992315493970
  9  Si  4.650226337207  6.347164679459  0.102273157912  -0.189641566582  -0.075990528751  -1.285759970236
  10  Si  1.464407341552  0.945366696891  0.100492549088  -0.126557062903  -0.219707696333  -1.220370213368
  11  Si  7.728090324880  0.886929347638  0.031940565984  -0.386192451417  -0.107264946546  -0.719739989260
  12  Si  -1.498119762668  4.517143500334  2.606851949189  0.053854102705  -0.302527634546  -0.073662431437
  13  Si  1.644381964733  4.499666624294  2.582760372085  -0.367147019408  -0.210592421996  0.118936767160
  14  Si  0.087672266485  7.216012194450  2.603906546525  0.345415216656  0.369117463620  0.119378602368
  15  Si  6.346635071161  3.526516438016  5.082931041601  -0.426792801323  0.159674912331  0.720430091338
  16  Si  3.211394701321  3.554223707678  5.130961573799  0.093446350929  0.138544232569  0.017642706522
  17  Si  4.760319081368  0.835226963712  5.091888920544  -0.360909216525  -0.264919787093  0.472868352586
  18  Si  -1.444099179907  4.485110611323  7.739566960704  0.038022761702  -0.230323004639  -0.294624830548
  19  Si  1.681049072595  4.464234679826  7.707055771125  0.301046932389  -0.052616859284  0.167245446555
  20  Si  0.145642739829  7.184790367917  7.741219401277  0.386418250279  0.222021672077  -0.428695755804
  21  Si  6.189149651922  3.613718000954  0.064931474830  -0.083460635202  0.006294645727  -1.222398279267
  22  Si  3.060125817055  3.642717543528  0.099288628341  0.039032933785  -0.023790823221  -1.765671222984
  23  Si  4.597471571878  0.924997921552  0.058431413988  -0.092520449670  -0.357613712772  -1.000270000205
  24  Si  3.167421637405  1.762528819688  2.546460377474  0.017193913432  0.025246442319  0.316493720700
  25  Si  6.309122824459  1.733766323213  2.517849940851  -0.252759206504  0.057586863323  0.149310206521
  26  Si  4.765950670580  4.457454876448  2.542871144559  -0.080100010752  0.027960288753  0.337502655838
  27  Si  1.684206024668  6.283477930865  5.149965632091  -0.161459897929  0.137000016530  0.259282730922
  28  Si  -1.454047240228  6.311512629274  5.196579334382  -0.062839435201  0.023493585539  -0.039490712406
  29  Si  0.091086678111  3.585364268038  5.155477127945  -0.234064040894  0.012475757813  0.163138494380
  30  Si  3.233393134258  1.726982783659  7.677823575843  -0.101617265469  0.065347910661  0.039192504226
  31  Si  6.353751374236  1.714314203992  7.648834143532  0.156816435312  -0.325245178532  -0.151038748171
  32  Si  4.821845876925  4.428715258152  7.677381190481  -0.009764342788  0.100479207464  0.088837920595
  33  Si  1.518308762322  6.368428524172  0.125129460261  0.173334382312  0.072476652458  -1.531372270667
  34  Si  -1.607346680891  6.399710655103  0.160577525959  0.062254884957  -0.147422214908  -1.763299093987
  35  Si  -0.073196623534  3.668647017671  0.121330185493  0.197991050716  -0.013848213258  -1.464177757448
  36  C  0.065213870657  1.779273485888  4.508261933143  0.299996125436  -0.029553158520  -0.636951657013
  37  C  3.240512611512  7.172955398443  4.502852732016  0.370420373298  0.285630745289  -0.403648472614
  38  C  -3.016294215191  7.235581102914  4.561870641352  0.500079318058  0.006044913549  -0.754087111275
  39  C  4.838973387415  6.240021054353  7.045793774344  -0.190532216687  0.287191217937  0.471331114174
  40  C  1.651639653089  0.849111454502  7.054538784990  -0.239657784324  -0.250291656843  0.384579613276
  41  C  7.921412384571  0.791214021782  6.990838833574  -0.494345832582  0.032216773918  0.865278722026
  42  C  0.111429748993  1.752870734274  9.642926654945  0.412946150323  -0.234605265323  -0.645606207792
  43  C  3.295640184152  7.141421329711  9.635926461740  0.324661720761  0.196747867010  -0.410112054181
  44  C  -2.973311633796  7.205600556833  9.700010388382  0.755820495326  -0.007712005565  -0.868235419538
  45  C  4.780934682483  6.273537587598  1.923852601632  -0.289973362766  0.275920615936  1.856627112353
  46  C  1.586093962245  0.879229762583  1.927069160549  -0.193757257649  -0.294642157818  1.790955907155
  47  C  7.861336167914  0.830234124247  1.859657579136  -0.527175751191  -0.242499928678  2.320691024312
  48  C  -1.486271488397  4.502128203728  4.537501622588  0.515006928902  0.035550445185  -0.504479057598
  49  C  1.648356352921  4.483671231585  4.505626891721  0.149313769040  -0.117798436069  -0.032673896570
  50  C  0.114595066541  7.196802631690  4.548401721401  0.171271391011  0.241858579972  -0.677946360286
  51  C  6.365833328787  3.517030147382  7.018280592225  0.005739219399  0.260276547654  0.324909809440
  52  C  3.242716471050  3.548030795953  7.054855570762  -0.206637822004  -0.046399288760  -0.034203189983
  53  C  4.774582882881  0.815421322565  7.014681214747  -0.118721311876  -0.202421838589  0.553574581051
  54  C  -1.418266311161  4.466229560306  9.673455207628  0.216286915169  0.166948946854  -0.764367256208
  55  C  1.704330847177  4.459622325237  9.643976487426  0.125391259487  -0.303045002577  -0.297374543919
  56  C  0.170622924009  7.174606582994  9.677021520652  0.176813716367  0.110789117300  -0.727972722548
  57  C  6.316867039208  3.550488443241  1.884977137417  -0.277607373544  0.224369611214  2.028982122161
  58  C  3.181078867502  3.572759056623  1.917461388354  -0.184677799073  0.206443638894  1.598704081634
  59  C  4.714678095216  0.851625820534  1.891177991139  -0.248558782369  -0.176737473384  1.823693369127
  60  C  3.194249279130  1.753072758070  4.474812847317  -0.057043235985  -0.070383055714  -0.098717888330
  61  C  6.324139324882  1.723233506234  4.440657209379  0.047290501598  -0.022637926129  -0.028814511047
  62  C  4.784167030722  4.452302375484  4.471487101490  -0.055860338625  -0.044990351497  -0.065080404936
  63  C  1.702006105073  6.270567726583  7.076886789709  -0.081783339443  0.077481559373  0.008788130465
  64  C  -1.441350471655  6.301182945727  7.116227504792  0.247050721526  -0.064990295684  0.009135908450
  65  C  0.106812859265  3.579528077142  7.090877412342  0.035458008842  -0.058836760720  -0.242479663103
  66  C  3.241919351914  1.716469043913  9.614450826714  0.070698703273  -0.003778786124  -0.324738455328
  67  C  6.382534623119  1.686949852044  9.573813635858  -0.095981650560  0.114749805909  -0.123986755219
  68  C  4.841547231312  4.417538040691  9.615490603964  0.039590054414  0.107780407514  -0.292144669253
  69  C  1.642549212829  6.310092710679  1.951191590191  -0.116334966097  0.022454920741  1.404270045086
  70  C  -1.479118641638  6.325920896418  1.978210399877  -0.270284081691  0.149521665136  1.521535558432
  71  C  0.041733869523  3.601204814848  1.943114513756  0.200734399887  0.190111088924  1.673978233290


MDSTEP:  4
LATTICE_CONSTANT: 1.889726125458
LATTICE_VECTORS
  9.341154818632  0.000000000000  0.000000000000
  -4.521446839554  8.200693421491  0.000000000000
  0.216250388060  -0.118500891800  10.164045640738
VIRIAL (KBAR)
  -42.603338812331  -24.473490561151  -26.038455240609
  -24.473490561151  -88.480340119068  13.216362698664
  -26.038455240609  13.216362698664  10.376762886851
INDEX    LABEL    POSITIONS    FORCE (eV/Angstrom)
  0  Si  0.044330252159  1.789092397235  2.573982982778  -0.036228391837  -0.062782811153  -0.082332777533
  1  Si  3.219664341823  7.188792678125  2.578289575552  0.427811231029  0.393311672108  -0.121975032242
  2  Si  -3.038375763320  7.240405680044  2.640826971355  0.372141213553  0.104632235803  -0.518062228596
  3  Si  4.808507958353  6.254931085741  5.114685596335  -0.244286421285  0.260672784100  0.655489979161
  4  Si  1.627453785265  0.866606057949  5.120702619301  -0.307228167667  -0.284495843355  0.676808710049
  5  Si  7.892277931027  0.812615954095  5.059657744000  -0.638767657840  -0.283295934236  0.996296541086
  6  Si  0.095695643455  1.766442482341  7.723010429582  0.199585444935  -0.421068343741  -0.598373382732
  7  Si  3.276849547726  7.160705994647  7.711208696234  0.512626010695  0.095049793403  -0.587012005844
  8  Si  -2.979403031785  7.215104855554  7.781118581212  0.132779422124  0.060477429327  -1.027331286907
  9  Si  4.651612750308  6.346811911482  0.101595989927  -0.201948166865  -0.100095688502  -1.252242420245
  10  Si  1.462640675640  0.943003372744  0.097965231293  -0.120325609292  -0.165339632821  -1.195975410307
  11  Si  7.728594571205  0.885241843133  0.028589096097  -0.445028953759  -0.146796635110  -0.594812761965
  12  Si  -1.496030437075  4.516874822976  2.606709303213  -0.063817113884  -0.267191443738  0.002959737939
  13  Si  1.641702914737  4.502573505065  2.579757697556  -0.343858606079  -0.219350667079  0.273151614217
  14  Si  0.086073886445  7.213520432547  2.599820140606  0.340563592671  0.386024098004  0.255069289457
  15  Si  6.349815570162  3.524817554636  5.085740614328  -0.511732214902  0.214483842466  0.650974438802
  16  Si  3.212676146571  3.555828114309  5.128272983412  0.070102794260  0.141268511186  -0.010455615163
  17  Si  4.756415532700  0.838952419170  5.094334842616  -0.245814785975  -0.335199538034  0.391946240400
  18  Si  -1.447299205637  4.488030629918  7.737035450163  0.168796532080  -0.280778384355  -0.237419767579
  19  Si  1.685255206498  4.464516418964  7.708507167077  0.233857003725  -0.104224516895  0.131063242080
  20  Si  0.145491860292  7.187594164654  7.744329112947  0.419350048142  0.159316361075  -0.480749504235
  21  Si  6.190880177690  3.612933713087  0.061966964382  -0.120549584406  0.005652426248  -1.094251207258
  22  Si  3.062945113828  3.639842850182  0.100123626998  -0.070590900009  0.095973667547  -1.801365975568
  23  Si  4.595977440541  0.923606520481  0.058357699505  -0.136809197734  -0.296853774021  -0.987157080719
  24  Si  3.167072557064  1.763702796539  2.548371356228  0.078888632623  -0.000248745817  0.202985954397
  25  Si  6.308704478205  1.734127639168  2.513798851046  -0.166880084375  0.045209324318  0.150317874938
  26  Si  4.764002818004  4.454904462425  2.544592411751  -0.028641249431  0.140604294116  0.233858419088
  27  Si  1.683686463490  6.281336311706  5.151325601109  -0.171216524647  0.273226289396  0.242715432139
  28  Si  -1.456400345033  6.310269820801  5.196684912174  -0.037390468187  0.149195235876  0.000681758846
  29  Si  0.090395350435  3.584069490616  5.151801240104  -0.237400764103  0.088422464478  0.273719409729
  30  Si  3.229990353685  1.729573431707  7.680983522350  -0.101228052908  -0.032941244582  -0.056966187266
  31  Si  6.357845260635  1.714378969437  7.646991392376  0.052071870741  -0.337040195008  -0.076827311865
  32  Si  4.819187082235  4.427581273301  7.676905222086  -0.037324724297  0.213386530506  0.117888143347
  33  Si  1.521305354734  6.369973466786  0.126979223083  0.146365115989  0.038159733738  -1.482603320145
  34  Si  -1.608269217853  6.396674170943  0.159362020603  0.071405106125  -0.136867417200  -1.738644850018
  35  Si  -0.076421174366  3.669475804831  0.124709868456  0.312250893287  -0.064979577595  -1.541672423110
  36  C  0.060494231691  1.783935193870  4.503425522654  0.377762760801  -0.110832792050  -0.557471427718
  37  C  3.244651608045  7.170813330199  4.501204230171  0.240973040635  0.357068864805  -0.380090275559
  38  C  -3.016454990835  7.235996526460  4.564375161218  0.489596950674  0.051668552628  -0.834349001937
  39  C  4.844787330952  6.246075451887  7.040948926697  -0.305450094566  0.134877366268  0.568076315736
  40  C  1.645360176280  0.843236835036  7.059898690299  -0.102621143667  -0.125433606067  0.307626286265
  41  C  7.926087034147  0.785396790221  6.990507481936  -0.613351408749  0.171627962745  0.864173249769
  42  C  0.107747448060  1.749125922648  9.645942093611  0.470789748194  -0.140648832839  -0.718446189540
  43  C  3.297459774712  7.136166879018  9.635108132480  0.307678030483  0.303738890147  -0.440827582662
  44  C  -2.973859965453  7.205085771511  9.700605580836  0.798536632522  -0.035001836278  -0.895615054975
  45  C  4.784961198835  6.274563144772  1.921564000488  -0.405853388592  0.248788805242  1.900452085705
  46  C  1.589787659148  0.881183657810  1.923065950078  -0.232620747247  -0.307106382449  1.858031762491
  47  C  7.866784588169  0.829724037409  1.860055694675  -0.619709959653  -0.210466448693  2.229404153327
  48  C  -1.487657426560  4.507626287167  4.542388129183  0.547682416872  -0.081075578647  -0.576419113880
  49  C  1.643439630938  4.488665824792  4.510368794176  0.238143881343  -0.245060505102  -0.180555760940
  50  C  0.110819815277  7.202346485507  4.553299016808  0.226990146737  0.138721073432  -0.762775439462
  51  C  6.360628770560  3.521313254306  7.024487681273  0.120783224442  0.152014410061  0.200614866083
  52  C  3.242662175770  3.541706220875  7.050870526787  -0.193603126848  0.075487750321  0.010342119447
  53  C  4.771785967067  0.816877504238  7.012103140697  -0.064863371186  -0.173328351793  0.654752398732
  54  C  -1.414935692203  4.460479669003  9.675657134375  0.133656049314  0.281613437936  -0.861953807082
  55  C  1.702533797949  4.464101641830  9.641010157557  0.168400998419  -0.409589655759  -0.189576611640
  56  C  0.171434442821  7.176920375712  9.682247174951  0.151765026973  0.053672348091  -0.801256435829
  57  C  6.318218923043  3.552418077026  1.885754885624  -0.317190446933  0.169517967139  1.966386464866
  58  C  3.174691986248  3.579221946721  1.917015713128  -0.086383660177  0.052507129044  1.649781955027
  59  C  4.719878959651  0.846396928165  1.889654969614  -0.374513567885  -0.071629051516  1.838375258877
  60  C  3.198024835641  1.750363769562  4.470747802257  -0.183815135040  0.055432846741  -0.009396516279
  61  C  6.327093284762  1.721701006566  4.434375039654  -0.056298253334  0.029116664537  0.120404483149
  62  C  4.786636911955  4.457210921766  4.465235800333  -0.078950154904  -0.172047275580  0.085853602646
  63  C  1.706844897277  6.266525805931  7.078660919731  -0.190600186714  0.169303097504  -0.016186552295
  64  C  -1.445617592630  6.306530753880  7.118465214972  0.380893707725  -0.161756624747  -0.001112585443
  65  C  0.111539016318  3.576635748107  7.091288449341  -0.089752469735  0.004037825562  -0.273675339648
  66  C  3.237599067960  1.720637729813  9.610673276205  0.133812250080  -0.108594470642  -0.231277687220
  67  C  6.377543580351  1.686441337309  9.578294050100  0.006680219531  0.084008189977  -0.258351398383
  68  C  4.842160249601  4.417132702582  9.619785684698  0.045944276613  0.097445491166  -0.401895794323
  69  C  1.647654352792  6.308672060102  1.958109798945  -0.251116419599  0.074815598190  1.195213421123
  70  C  -1.483472481422  6.322076395848  1.976223056190  -0.188353265939  0.205451750920  1.549607668361
  71  C  0.040119961525  3.606656194542  1.946082617355  0.243430166912  0.116139089254  1.622440246831


MDSTEP:  5
LATTICE_CONSTANT: 1.889726125458
LATTICE_VECTORS
  9.341154818632  0.000000000000  0.000000000000
  -4.521446839554  8.200693421491  0.000000000000
  0.216250388060  -0.118500891800  10.164045640738
VIRIAL (KBAR)
  -41.980051800839  -24.003995182656  -26.155565416281
  -24.003995182656  -89.353639230353  12.876792669742
  -26.155565416281  12.876792669742  10.789554819282
INDEX    LABEL    POSITIONS    FORCE (eV/Angstrom)
  0  Si  0.043060515412  1.790163574281  2.574119244147  -0.027290937354  -0.066924749748  -0.131265720101
  1  Si  3.218664544317  7.188945164731  2.580084110617  0.390002531105  0.362857195822  -0.137385970883
  2  Si  -3.042808496082  7.241861507785  2.641779384366  0.466897549080  0.055697062629  -0.500516376129
  3  Si  4.810256698512  6.255210993045  5.118651522398  -0.397131483952  0.256927676880  0.531673588223
  4  Si  1.624901572878  0.868167153834  5.123054330987  -0.312315702276  -0.279678797623  0.625498886440
  5  Si  7.891721578859  0.815245798760  5.056940626037  -0.680586646496  -0.285227957606  0.976652017814
  6  Si  0.094110081552  1.764727325827  7.724109692745  0.254904718207  -0.312874362467  -0.653015601630
  7  Si  3.274016852542  7.158311974295  7.706508686610  0.495829998430  0.224472644237  -0.549502100972
  8  Si  -2.982781489711  7.214346585189  7.778043205146  0.239489993224  0.103869243759  -0.977724636424
  9  Si  4.650457935901  6.349406257633  0.097661756685  -0.216142056126  -0.204921875867  -1.155346297371
  10  Si  1.457992998253  0.939587143720  0.099873944548  -0.044756804121  -0.061850224830  -1.312352474133
  11  Si  7.728730759652  0.885416083834  0.025990832380  -0.532398774659  -0.227004875418  -0.416289718308
  12  Si  -1.498657715303  4.517177991722  2.610467154441  0.049016054736  -0.315031579195  -0.095434983565
  13  Si  1.644840691103  4.499994903259  2.579067856132  -0.443651195987  -0.287566913703  0.225715740808
  14  Si  0.088456658244  7.213434010806  2.596052050489  0.309628059844  0.315713640765  0.307169856022
  15  Si  6.349293863757  3.529066165634  5.089566576767  -0.537717751094  0.098073110727  0.563627324341
  16  Si  3.214025805292  3.553666573233  5.125570343513  -0.057167394497  0.227833489072  -0.000852057242
  17  Si  4.754230621288  0.838349252560  5.094074642541  -0.294960162194  -0.379379573142  0.356402270478
  18  Si  -1.449109151509  4.488752955824  7.740510856106  0.231339017504  -0.258682665199  -0.225045949822
  19  Si  1.685476042978  4.468944834011  7.710007027887  0.200402246786  -0.154248819557  0.060326109212
  20  Si  0.147003263827  7.192237648806  7.746990230324  0.364632813628  0.129181435965  -0.495008336815
  21  Si  6.189794817306  3.613082613131  0.059911116996  -0.030293968819  -0.032201979876  -0.999846763648
  22  Si  3.064213869404  3.642148296018  0.102950684117  -0.070777996652  0.024222838929  -1.872857005588
  23  Si  4.596249411205  0.924302049363  0.054230361165  -0.123043020684  -0.326386072714  -0.839881539330
  24  Si  3.171365818428  1.762035125162  2.549164719220  -0.019033913343  -0.025411048205  0.160847847407
  25  Si  6.304326717711  1.736860552799  2.514018175514  -0.048030497127  0.040257164451  0.153543686343
  26  Si  4.768005741243  4.454264853620  2.547361233067  -0.092564014340  0.127998520718  0.109553115194
  27  Si  1.680210487272  6.283372672620  5.148878585288  -0.142862962082  0.159885592415  0.296353869843
  28  Si  -1.455494327599  6.305664765514  5.199704403108  -0.028991978208  0.284413296649  -0.098190203721
  29  Si  0.090058755519  3.584314922765  5.154647883260  -0.278121247996  0.103628230729  0.181617598778
  30  Si  3.226424504708  1.726413636444  7.683574440611  0.031996357335  0.145506490949  -0.060066816410
  31  Si  6.361889225193  1.714801626117  7.644991575356  -0.022552164357  -0.315067787606  -0.031187431201
  32  Si  4.816789544252  4.424755164255  7.672513903163  -0.104429039597  0.296416115119  0.253954225436
  33  Si  1.517685964154  6.372137000353  0.127566442088  0.208087382320  -0.131218674688  -1.587067353581
  34  Si  -1.610971693753  6.398312863587  0.162924561530  0.162714461456  -0.210751700202  -1.651565659628
  35  Si  -0.073586410422  3.671549635262  0.126326590598  0.215504028660  -0.186373010688  -1.645894584605
  36  C  0.057990652598  1.785953389153  4.497973703287  0.396567166720  -0.123814395039  -0.442343830444
  37  C  3.238915041284  7.175216250197  4.506099420685  0.363903635878  0.252241285519  -0.443248081794
  38  C  -3.018627006268  7.234325018034  4.569019454070  0.537262093536  0.116500049448  -0.868468937228
  39  C  4.839359349402  6.251314968039  7.039814478188  -0.225620819479  0.005169648797  0.606898083421
  40  C  1.651538424041  0.850101901965  7.060974721122  -0.282053972763  -0.272736444713  0.296897223644
  41  C  7.928612645690  0.791422758033  6.985619781720  -0.634480843869  0.081336842460  0.901573878263
  42  C  0.100892145952  1.744020300399  9.642583613719  0.610469877989  -0.034422973374  -0.673292390552
  43  C  3.290930735215  7.133040955835  9.628026798517  0.424304635244  0.356712508261  -0.339090395448
  44  C  -2.971083725068  7.204751925592  9.702970775521  0.720016712410  -0.046200150111  -0.988647800134
  45  C  4.785896769554  6.271393819991  1.922146443036  -0.469043449343  0.320118082380  1.836810299903
  46  C  1.586910306728  0.881994908852  1.918487374919  -0.159920565278  -0.330629895192  2.031896729906
  47  C  7.865826454903  0.831916947070  1.867125698873  -0.648820738912  -0.263411819648  1.995288189305
  48  C  -1.489711434304  4.514591994428  4.538257011453  0.544527276109  -0.285037152600  -0.432515508260
  49  C  1.639217330929  4.483083021280  4.504452675330  0.330478263038  -0.111100743050  -0.062443056713
  50  C  0.112231936215  7.196098491416  4.546646856037  0.139486725477  0.278106304801  -0.655174891382
  51  C  6.355550317811  3.525328429338  7.031731686078  0.237317051227  0.104294206299  0.048654911570
  52  C  3.238983446415  3.545660599718  7.045734876850  -0.155662876962  -0.001447211292  0.086948366143
  53  C  4.772663477773  0.821089976970  7.011349400648  -0.081231961234  -0.216956228456  0.675146334123
  54  C  -1.413391754061  4.459958200609  9.680613453581  0.107789497227  0.318149123216  -0.947513834806
  55  C  1.699956126606  4.457052351399  9.635903254425  0.250926007591  -0.242781069762  -0.071314706694
  56  C  0.175133372267  7.174786909843  9.684941025998  0.004399910097  0.121495947807  -0.827040580224
  57  C  6.322704160536  3.557151524348  1.885799814325  -0.414070108314  0.077649674077  1.954021214767
  58  C  3.177407570692  3.574133264063  1.916602977724  -0.063676835873  0.134146696287  1.697034804744
  59  C  4.725929180442  0.844029092481  1.891241957234  -0.493063103392  -0.048048840492  1.714575673122
  60  C  3.191222999583  1.756561950953  4.471725200648  -0.063554947505  -0.134251740504  -0.038561594784
  61  C  6.321588635557  1.715468399932  4.432115599643  0.003252845937  0.234806868888  0.205114585010
  62  C  4.780962746475  4.454527681350  4.459608175090  0.041439130152  -0.090258252944  0.261196123062
  63  C  1.703171253894  6.272280559959  7.084537202786  -0.173208111389  0.099989766417  -0.180197496055
  64  C  -1.442877689002  6.306221967202  7.116371747278  0.309215383966  -0.129858253168  0.090484081247
  65  C  0.112315410222  3.580981365457  7.089489935168  -0.138665908596  -0.068964360468  -0.207781491842
  66  C  3.240834607450  1.721235715057  9.613966408348  0.009870233996  -0.140429571146  -0.271987667314
  67  C  6.376780330762  1.684699911376  9.578928536781  0.042192596073  0.115232595894  -0.306409993916
  68  C  4.847128026287  4.410952878770  9.622408168320  -0.081143490984  0.261523872238  -0.507137767447
  69  C  1.643411311764  6.301590958597  1.952470787413  -0.109754338515  0.175425101482  1.322017587155
  70  C  -1.480320727911  6.315680228563  1.984256553179  -0.294112908298  0.391037259014  1.368884371275
  71  C  0.037369347299  3.601963026565  1.940684455796  0.299040437682  0.200262187191  1.803089013140


MDSTEP:  6
LATTICE_CONSTANT: 1.889726125458
LATTICE_VECTORS
  9.341154818632  0.000000000000  0.000000000000
  -4.521446839554  8.200693421491  0.000000000000
  0.216250388060  -0.118500891800  10.164045640738
VIRIAL (KBAR)
  -42.175678821546  -23.805316758893  -25.868746942258
  -23.805316758893  -89.013936835729  12.983882933461
  -25.868746942258  12.983882933461  9.981600981447
INDEX    LABEL    POSITIONS    FORCE (eV/Angstrom)
  0  Si  0.044452355357  1.787846350083  2.572614543660  -0.091358362285  -0.076739338647  -0.073268974265
  1  Si  3.221314988210  7.189469186112  2.577405603929  0.377263005795  0.378360660160  -0.180588807702
  2  Si  -3.041107113343  7.238798268426  2.644093530792  0.488151373211  0.022202157276  -0.520660782262
  3  Si  4.804896321777  6.258079446735  5.119222781847  -0.290022787542  0.199623200850  0.570899838860
  4  Si  1.623672413084  0.867872982761  5.118907703971  -0.317554995941  -0.338841465887  0.681642306535
  5  Si  7.887642121992  0.819639352024  5.056849715345  -0.655942092753  -0.325798537252  0.976553152612
  6  Si  0.096209877823  1.767440739073  7.724166880290  0.209888661216  -0.259760031572  -0.731182166774
  7  Si  3.273088613194  7.163525848523  7.706668867859  0.491847690707  0.125727397684  -0.552072083492
  8  Si  -2.983337187661  7.216667692009  7.778544387515  0.268529013542  -0.003502573423  -1.003488997127
  9  Si  4.649422586249  6.344237225200  0.099877301097  -0.165845306833  -0.013807999706  -1.306404143989
  10  Si  1.457402900774  0.941115606246  0.094494190117  -0.118890303079  -0.063869954772  -1.060973342838
  11  Si  7.731760657011  0.884157140104  0.026565408059  -0.607599240914  -0.235637874204  -0.476820588956
  12  Si  -1.503306509995  4.512182660603  2.613316712366  0.161193949524  -0.309765099702  -0.110244590045
  13  Si  1.647755866796  4.495032191669  2.579560803983  -0.496637659421  -0.140055027027  0.164150321223
  14  Si  0.086772097990  7.212803817426  2.591127766078  0.402306775383  0.351049952657  0.422572958935
  15  Si  6.348203812133  3.529762686676  5.094469067579  -0.406489936163  0.058281495986  0.435167468447
  16  Si  3.217921536019  3.551172770133  5.127852681938  -0.101586213454  0.301213181352  0.022239439346
  17  Si  4.753079060813  0.839795390097  5.096369344561  -0.318601563129  -0.389656455272  0.286204047259
  18  Si  -1.444483814734  4.484355456953  7.739644098593  0.187948280977  -0.166417227162  -0.180393059994
  19  Si  1.685680701086  4.468869245876  7.709386804494  0.257800476050  -0.120928912093  0.047305474311
  20  Si  0.144629675960  7.196931838371  7.742481806885  0.508170264089  0.059565604863  -0.433589874973
  21  Si  6.187603781508  3.615687033955  0.059295428283  -0.044099232295  -0.176482284299  -0.841015660145
  22  Si  3.067973643715  3.645353594825  0.102395099653  -0.133898839862  -0.007436598350  -1.915028933315
  23  Si  4.597626446946  0.925207360868  0.054412861248  -0.141172979088  -0.344060592913  -0.744615118246
  24  Si  3.167946862626  1.766500031098  2.554199488627  0.031465296101  -0.194344928337  0.092321562172
  25  Si  6.301115115849  1.735195571292  2.514466136471  0.096326784306  0.045265917258  0.134572504750
  26  Si  4.764240570782  4.451298258428  2.550469133925  0.018658594745  0.192814941135  0.049192110699
  27  Si  1.683957795305  6.284613931844  5.148380005968  -0.256985706337  0.144864269905  0.267131312557
  28  Si  -1.454782765919  6.306247539361  5.200008777515  0.088541243006  0.188330050000  -0.049356940454
  29  Si  0.095142413340  3.579724271449  5.149778661086  -0.289775046780  0.252576412417  0.220361664481
  30  Si  3.225726626905  1.724585643229  7.688519125465  0.013583102196  0.180678543039  -0.156719029827
  31  Si  6.362081370128  1.715881902893  7.647314537954  -0.032151591320  -0.340045920544  -0.064821608507
  32  Si  4.821928493932  4.424582477139  7.672884675096  -0.232436518074  0.252766610208  0.238737283579
  33  Si  1.517772981018  6.367989579892  0.123075049222  0.249558910794  -0.041446575617  -1.545778434174
  34  Si  -1.615676352954  6.395972830431  0.157637518866  0.309770968007  -0.130843832278  -1.438071125911
  35  Si  -0.078540550761  3.671270003635  0.124609811884  0.286235222548  -0.124961713453  -1.447521886551
  36  C  0.059248359504  1.787838988137  4.499277823897  0.340951496420  -0.241534113312  -0.493016326700
  37  C  3.236817777765  7.175185552196  4.501193283161  0.443870328848  0.329242133653  -0.373631140270
  38  C  -3.013479492714  7.227264987433  4.572537065042  0.391125998180  0.233378545853  -0.904107805594
  39  C  4.836387447988  6.244061642869  7.045466667859  -0.176020008802  0.184116700798  0.475176300309
  40  C  1.649003650386  0.849564969719  7.055482586079  -0.235255311149  -0.270422579854  0.402998769583
  41  C  7.925363842548  0.799499519080  6.990454398543  -0.562615930404  -0.019337627694  0.763178391052
  42  C  0.094188343359  1.751893511631  9.637709749397  0.739694959312  -0.172321736897  -0.613106522441
  43  C  3.292534536506  7.133228515672  9.625171941903  0.425468695862  0.331930231550  -0.285803622570
  44  C  -2.967253013356  7.205359854119  9.704150197356  0.578163921735  -0.038591716695  -1.026255598058
  45  C  4.789578885233  6.272630822074  1.917242288235  -0.514698208168  0.206995918355  2.016102048090
  46  C  1.581056587962  0.875624702384  1.923748593959  -0.008820892600  -0.247278148421  1.837113028390
  47  C  7.869263057156  0.831234746845  1.864100585244  -0.710487940250  -0.239580619096  2.071082666894
  48  C  -1.481842680387  4.510584749891  4.534151608704  0.399752973396  -0.260241581671  -0.276095206547
  49  C  1.643105796704  4.484448442071  4.501410675989  0.357078149252  -0.156161304237  -0.013539637068
  50  C  0.113108041575  7.203491966947  4.550834469253  0.131136928455  0.137231936711  -0.737627380412
  51  C  6.358797975684  3.521819560861  7.036472514061  0.222556350221  0.181396292054  -0.025749056645
  52  C  3.238002197011  3.542896190297  7.050383730238  -0.076585732433  0.024867520456  0.039798103654
  53  C  4.775432615162  0.827439001274  7.008348168382  -0.149896852019  -0.275527619061  0.766951020209
  54  C  -1.421076836599  4.461965796494  9.684977367342  0.248230594381  0.262838266082  -1.052625082214
  55  C  1.702383236056  4.454644650201  9.633927274808  0.166551422099  -0.235841106037  -0.029782322983
  56  C  0.179006366873  7.174970181129  9.684276956645  -0.108958804061  0.114018156933  -0.835087868787
  57  C  6.321846377015  3.553233778871  1.894922792338  -0.478633845756  0.122446755069  1.671146382686
  58  C  3.180226916775  3.569668634727  1.913717645106  -0.113212054495  0.218195028111  1.749283625515
  59  C  4.732669236981  0.851064693734  1.897848983625  -0.730237730274  -0.162327416235  1.504238411710
  60  C  3.187292645350  1.756268759955  4.476070390144  -0.005815907891  -0.104609295743  -0.098622227647
  61  C  6.314402269090  1.710505096310  4.425040287767  0.109895778652  0.369538994554  0.387102458551
  62  C  4.786532397928  4.456470645713  4.457838266525  -0.080922125082  -0.111553773808  0.361987978332
  63  C  1.705123885288  6.269187144120  7.080912426842  -0.183955125895  0.219597676910  -0.116460094011
  64  C  -1.436057506083  6.303195841579  7.122740035651  0.131976335885  -0.072815762455  -0.030119435718
  65  C  0.115877265942  3.588253294546  7.085382351762  -0.153835638716  -0.238365853951  -0.171084060168
  66  C  3.234573491892  1.724296096271  9.617916519803  0.160899149880  -0.186450743080  -0.314671725987
  67  C  6.378569077910  1.679416910486  9.570847275024  -0.005953705507  0.253364310618  -0.107665344014
  68  C  4.848347395530  4.416681492360  9.617616869556  -0.083575044374  0.122297385640  -0.405212508163
  69  C  1.648382723961  6.306362946716  1.948199462427  -0.181497771271  0.012141522342  1.364844600587
  70  C  -1.478291316688  6.308722519975  1.987861130506  -0.349845879967  0.472118687947  1.169062269447
  71  C  0.036227809823  3.595686686922  1.947509506667  0.317280189607  0.288327482330  1.553761614770


MDSTEP:  7
LATTICE_CONSTANT: 1.889726125458
LATTICE_VECTORS
  9.341154818632  0.000000000000  0.000000000000
  -4.521446839554  8.200693421491  0.000000000000
  0.216250388060  -0.118500891800  10.164045640738
VIRIAL (KBAR)
  -42.593854453042  -22.734515471428  -25.449406223088
  -22.734515471428  -88.497750020174  12.716305242176
  -25.449406223088  12.716305242176  9.048906535602
INDEX    LABEL    POSITIONS    FORCE (eV/Angstrom)
  0  Si  0.043994712118  1.792895069890  2.572139407762  -0.075938104053  -0.236413054060  0.033587858979
  1  Si  3.225324700765  7.190447723522  2.580349208682  0.219481276928  0.336513128376  -0.259894705902
  2  Si  -3.045255835023  7.238620007666  2.639121511151  0.541099732507  0.111770895012  -0.421239486660
  3  Si  4.799249032242  6.254862437011  5.114129659861  -0.010658915673  0.413863745463  0.735958034038
  4  Si  1.620924822220  0.865721135870  5.121830533308  -0.157423378307  -0.286565482199  0.623446250653
  5  Si  7.882031526066  0.824459303213  5.061760628744  -0.477149712838  -0.495331661726  0.886500394183
  6  Si  0.091031030321  1.767481689791  7.726706200152  0.369749338198  -0.266793434573  -0.829893166654
  7  Si  3.270599972878  7.161587316205  7.706852482921  0.689602207305  0.121287189689  -0.545984840827
  8  Si  -2.983985671682  7.222016048952  7.779108567085  0.350419020110  -0.063183768618  -1.079062651247
  9  Si  4.644692735322  6.342880560932  0.101467743745  -0.041548986449  -0.021046163261  -1.346493881931
  10  Si  1.462237066970  0.945032439678  0.095527079576  -0.321796037776  -0.201566884430  -1.031748474748
  11  Si  7.730260010373  0.886178114347  0.022930580568  -0.572260533455  -0.390793130504  -0.309089852582
  12  Si  -1.507254347962  4.515578697562  2.615338886473  0.317092543670  -0.414020687005  -0.098877374110
  13  Si  1.644505838192  4.498655832726  2.584108609648  -0.499833845887  -0.130162282834  0.046305328028
  14  Si  0.084258599890  7.208240726871  2.588011959631  0.435532904502  0.402598653944  0.550383019833
  15  Si  6.342384153450  3.525430721171  5.090572512656  -0.286155158110  0.208717828759  0.625802794878
  16  Si  3.222499001081  3.547390262638  5.129661410953  -0.235806812972  0.433574048383  -0.091519242545
  17  Si  4.754655532669  0.838834876647  5.102003985939  -0.320190985027  -0.327630962869  0.146776312187
  18  Si  -1.448076994819  4.488447853966  7.744751048382  0.309159589949  -0.103170073853  -0.290297329172
  19  Si  1.688737397670  4.474021348715  7.707503105258  0.142338193271  -0.236335310681  0.084171556811
  20  Si  0.144094686953  7.201304006570  7.738654719477  0.516726727786  -0.025393262434  -0.376938670734
  21  Si  6.182559492105  3.612969247296  0.063147251516  0.016350229063  -0.088019796585  -0.878541058455
  22  Si  3.065144440487  3.644407621307  0.103663450804  -0.063022267733  0.089877631697  -1.816798446985
  23  Si  4.602571746707  0.926783284669  0.054038107772  -0.270528781589  -0.424460692920  -0.681769685594
  24  Si  3.171725930395  1.771192633480  2.555145523324  0.005249378629  -0.256836394953  0.179891617083
  25  Si  6.295938532702  1.740007434819  2.516791652076  0.277680175193  -0.053719519715  0.149487389938
  26  Si  4.760708203095  4.455056223076  2.554596282534  0.076382155389  0.166164802478  0.064785917237
  27  Si  1.687848773154  6.284324396051  5.146038425283  -0.378549403975  0.187863317178  0.357709066005
  28  Si  -1.450953720137  6.308032140580  5.195991083680  -0.000677470977  0.135278252386  -0.043938360775
  29  Si  0.098293459254  3.578782120594  5.145330322311  -0.427800053658  0.244796156336  0.363717193228
  30  Si  3.221364986109  1.728626176211  7.694009899914  0.140647808578  0.046971075263  -0.381819057512
  31  Si  6.359742842176  1.720431356842  7.644462773191  0.096207618130  -0.436290918846  -0.134204058015
  32  Si  4.817944956839  4.420835433893  7.674910732133  -0.127765301300  0.369230758702  0.103773537700
  33  Si  1.521598239908  6.363418306191  0.120465211974  0.161982414791  0.115367505537  -1.517959267995
  34  Si  -1.617666305031  6.400856056165  0.154107099550  0.249550416686  -0.296511197950  -1.259881292619
  35  Si  -0.073907316935  3.676662527876  0.120155504659  0.161053304293  -0.268800962233  -1.292477673633
  36  C  0.061200065690  1.781803218537  4.507218142350  0.288779613201  -0.122087470545  -0.641763451154
  37  C  3.236395280561  7.166951119145  4.499968631359  0.435369514067  0.545447390169  -0.358198552622
  38  C  -3.008923270166  7.233504215301  4.564774218841  0.231570245095  0.062488339704  -0.796540301307
  39  C  4.843112415228  6.246489890906  7.045980472603  -0.328883458403  0.105442635947  0.418149298376
  40  C  1.657505161844  0.853693412296  7.053280009614  -0.446268842180  -0.300368086671  0.506233559133
  41  C  7.933338852376  0.791528580336  6.986934522056  -0.781257850544  0.120467931237  0.887269748473
  42  C  0.090140780404  1.746572424988  9.635963778075  0.856053130742  -0.009831678994  -0.559861769096
  43  C  3.299949294660  7.125288728295  9.625462575251  0.228703384027  0.507425492223  -0.302768364898
  44  C  -2.971636386871  7.202658803241  9.702639868803  0.636029527124  0.079340764809  -0.945016041531
  45  C  4.788416592828  6.268319524117  1.917745456009  -0.525837645490  0.286413596330  1.991750746623
  46  C  1.582991865464  0.881368330268  1.927008265281  -0.002497547418  -0.296484830934  1.724277061587
  47  C  7.870229012226  0.827463466476  1.867791320635  -0.767251355204  -0.114544078167  1.953992603454
  48  C  -1.489651401956  4.502296870345  4.533266561722  0.547071899205  -0.102034461756  -0.262834592009
  49  C  1.636968254619  4.491852566605  4.494274857347  0.506047040985  -0.304604044822  0.186003109551
  50  C  0.115663121565  7.211080240004  4.556204690833  0.161229618680  -0.025605424293  -0.879603113225
  51  C  6.367642215438  3.529128244617  7.043201218281  -0.018105462373  0.044369873401  -0.176741708901
  52  C  3.233731160180  3.536695337740  7.043240399436  0.015916364915  0.169397430574  0.199701491269
  53  C  4.778591258852  0.819327784874  7.002324565715  -0.213203983019  -0.017997725119  1.003523430624
  54  C  -1.425820182905  4.458181266733  9.683564066112  0.311083172518  0.362245562920  -0.939246668214
  55  C  1.705630376632  4.458452726304  9.637600081623  0.150299027038  -0.333128552780  -0.168856516869
  56  C  0.172173775947  7.172259634931  9.684503093596  0.073168782337  0.203748138439  -0.865609686304
  57  C  6.325242758483  3.560808728917  1.902325412487  -0.653624595004  -0.014571745393  1.507863774973
  58  C  3.177201833443  3.577932684196  1.921846238137  -0.035678537855  0.099268088384  1.544786923317
  59  C  4.737227264916  0.843856650905  1.904568269870  -0.835558383017  0.014597179468  1.283068444161
  60  C  3.194049694751  1.760298849457  4.480238090023  -0.108371917789  -0.182535397693  -0.165494168636
  61  C  6.318473003423  1.714839501008  4.428019110428  -0.052940162449  0.284733194598  0.369485046670
  62  C  4.788457205238  4.464951100304  4.463318115931  -0.167053486214  -0.323574261389  0.253970422900
  63  C  1.708532654727  6.272470641841  7.086860082570  -0.235018392685  0.172213681171  -0.268069823217
  64  C  -1.430292616440  6.310043719863  7.116019349568  0.012742713295  -0.153222307817  0.092462260831
  65  C  0.112102810764  3.589339503589  7.091287986971  -0.073282316210  -0.188612403612  -0.263077022611
  66  C  3.226006566456  1.727420975811  9.612162641936  0.392855202592  -0.193491614201  -0.143175105894
  67  C  6.379507117756  1.677933938056  9.563994244364  -0.066045147762  0.276807890039  0.025540458257
  68  C  4.846541227294  4.420901123860  9.609871558636  -0.127564443016  -0.050931147348  -0.191068804045
  69  C  1.644479244038  6.306896692273  1.943540437643  -0.095080607687  0.008262874560  1.465974874542
  70  C  -1.485561141684  6.307645459728  1.995900985471  -0.267848233020  0.520119041121  0.871436298370
  71  C  0.042482846178  3.589702409865  1.951153914532  0.145253846320  0.510006779486  1.378568445335


MDSTEP:  8
LATTICE_CONSTANT: 1.889726125458
LATTICE_VECTORS
  9.341154818632  0.000000000000  0.000000000000
  -4.521446839554  8.200693421491  0.000000000000
  0.216250388060  -0.118500891800  10.164045640738
VIRIAL (KBAR)
  -43.315871559869  -22.180324432395  -24.812811806828
  -22.180324432395  -88.076706753999  11.853561079449
  -24.812811806828  11.853561079449  10.140707716749
INDEX    LABEL    POSITIONS    FORCE (eV/Angstrom)
  0  Si  0.043916551585  1.795991327752  2.573715988243  -0.078258547488  -0.210683788582  -0.033469950108
  1  Si  3.222848119410  7.190092236650  2.577860154585  0.215659457545  0.370971498217  -0.237740903330
  2  Si  -3.049522255566  7.236017964044  2.635285436085  0.618521074266  0.204831134672  -0.368316570364
  3  Si  4.796232322590  6.255946372622  5.117741132643  0.068707825267  0.424035517877  0.542866934708
  4  Si  1.615958669952  0.866596703869  5.121556443232  -0.110234810268  -0.146463775176  0.473626853103
  5  Si  7.879235890371  0.819775533750  5.066541264872  -0.459334839071  -0.311448192913  0.645642564830
  6  Si  0.089916321555  1.767803827988  7.727646035266  0.315982673123  -0.234173964502  -0.866220443362
  7  Si  3.270525485279  7.165549826237  7.702107543493  0.637230438161  -0.022854368742  -0.462118733527
  8  Si  -2.982075265997  7.227148784547  7.779306805972  0.257648484173  -0.140901423821  -1.062842819318
  9  Si  4.645313648943  6.346098561901  0.103351528153  -0.032304585024  -0.123043207624  -1.450155957671
  10  Si  1.458296741969  0.941985353365  0.094545473157  -0.076208031340  -0.130102203031  -0.968496671768
  11  Si  7.733949678116  0.886665033998  0.027877144177  -0.682960204157  -0.403073377856  -0.260090970402
  12  Si  -1.511809911060  4.517756321244  2.611566228120  0.444620494247  -0.626654906783  0.015072808386
  13  Si  1.642129260545  4.504068925053  2.587478579945  -0.343902999590  -0.339863741335  -0.154999573000
  14  Si  0.079411003667  7.202773780187  2.586378123551  0.556514127611  0.489208328297  0.607905013447
  15  Si  6.342951347607  3.523416452716  5.090601984880  -0.328837229123  0.141319873471  0.614433370948
  16  Si  3.221408575938  3.550362505459  5.123707245827  -0.146420743987  0.315385744964  -0.065364999824
  17  Si  4.748610062540  0.835083213339  5.106203526421  -0.067569123209  -0.186130094512  -0.042647665590
  18  Si  -1.452312623429  4.492714321444  7.747803877943  0.457052179993  -0.159738599946  -0.359628989800
  19  Si  1.691164403606  4.472726257630  7.707758816225  0.169595200410  -0.273927393529  0.007260463676
  20  Si  0.142845684070  7.202402608869  7.741925176395  0.513064958859  -0.108340642444  -0.412078440826
  21  Si  6.186662431863  3.611781603027  0.060715562196  -0.069250280513  -0.117002812932  -0.885182951947
  22  Si  3.068121864952  3.644767591511  0.097078287403  -0.152081711754  0.005110161511  -1.787451183937
  23  Si  4.607890191248  0.930912691923  0.059451687294  -0.354785974543  -0.620026964957  -0.770853635549
  24  Si  3.174342182319  1.776533402919  2.549098868202  0.021788637904  -0.396544147655  0.320862896888
  25  Si  6.290674461148  1.739932488808  2.514799576449  0.427121510149  -0.004331928865  0.315439354822
  26  Si  4.761340453213  4.460198401043  2.549247399913  0.188740304422  -0.040280853512  0.183702073255
  27  Si  1.688553006516  6.289689556763  5.143302066694  -0.450875828031  0.055248562752  0.488570858752
  28  Si  -1.452121551703  6.302886398618  5.191267653813  -0.068605886460  0.228230075798  0.107474264400
  29  Si  0.093980453630  3.582203106919  5.145684040331  -0.341651008544  0.201375465258  0.316160462198
  30  Si  3.223625060923  1.724401679661  7.689063819401  0.133663425679  0.125195423157  -0.403594143820
  31  Si  6.359236605182  1.726289157309  7.644595352498  0.047905266205  -0.516399760838  -0.229019659607
  32  Si  4.821382903290  4.423818047046  7.669303163303  -0.192392155865  0.271971019378  0.167814513211
  33  Si  1.525325718804  6.365574091609  0.124726728515  0.132208364715  -0.005727610513  -1.792713210096
  34  Si  -1.614411940426  6.399333792618  0.157735285276  0.212691407996  -0.241771740875  -1.388145480426
  35  Si  -0.070640813994  3.675941313957  0.117565003493  0.073841143907  -0.235788711507  -1.323424101765
  36  C  0.053811942060  1.791075935220  4.501790427232  0.391206149610  -0.299015420951  -0.496817595199
  37  C  3.230317426831  7.168630063243  4.493468359560  0.559490927595  0.493140458868  -0.244889943599
  38  C  -3.010131287695  7.242415516043  4.559387935906  0.185258393685  -0.148254218053  -0.725526162315
  39  C  4.843660216305  6.239659494287  7.037266786236  -0.344716376864  0.340212437943  0.619534805824
  40  C  1.648902733970  0.859324856773  7.047558299073  -0.310812296472  -0.384260945417  0.613560850738
  41  C  7.926510395906  0.787267691748  6.981299758446  -0.660729414828  0.226541427286  1.033464901057
  42  C  0.094306567006  1.738125346206  9.642939136120  0.772212318184  0.176715928725  -0.721859216478
  43  C  3.304387590505  7.132277658360  9.626474607802  0.195397569314  0.398982019024  -0.331730961123
  44  C  -2.968962733578  7.204743391395  9.710369734693  0.604122116486  0.007446685032  -1.087389588251
  45  C  4.786961029960  6.266075048741  1.917467075308  -0.537827254189  0.368736762888  1.980723643400
  46  C  1.588080188277  0.880441250712  1.926480066588  -0.119554893897  -0.266716904986  1.694546341388
  47  C  7.860385076015  0.829660696840  1.878094181163  -0.588246975554  -0.157361123588  1.721454298333
  48  C  -1.495246316007  4.493704365315  4.541243987142  0.660095308355  0.131483384433  -0.517564626073
  49  C  1.635999713611  4.493315076366  4.486291993085  0.478734927291  -0.255826320276  0.342532319049
  50  C  0.114773742237  7.213928679443  4.562644294459  0.128307442371  -0.180276286041  -1.040354912838
  51  C  6.369886148065  3.535237774304  7.036442029441  -0.017299356163  -0.075527874743  -0.032130456026
  52  C  3.239060653699  3.536977670944  7.037750174131  -0.047030929414  0.149036631783  0.240314921984
  53  C  4.781756052586  0.814308414040  6.994655623075  -0.266456306178  0.055316532625  1.204872366064
  54  C  -1.430384721669  4.465035819064  9.685761079888  0.440072633360  0.181089158566  -1.006550433876
  55  C  1.700019938175  4.454309781015  9.628535657107  0.327283024311  -0.237192110292  -0.009885019161
  56  C  0.174028754262  7.164232550908  9.683595795860  0.088944204996  0.419143942900  -0.731576618903
  57  C  6.334006319975  3.552784414231  1.896208243125  -0.825872649106  0.154238219659  1.569662990437
  58  C  3.185789254554  3.573371181789  1.916653934265  -0.214115385695  0.285380643167  1.570810676980
  59  C  4.743954954185  0.847257824255  1.910278670896  -1.015052803404  -0.135167417873  1.126243999712
  60  C  3.202635001189  1.753117023627  4.478248113620  -0.348949176076  0.008560011311  -0.169124979074
  61  C  6.324843289045  1.719697257221  4.423127028973  -0.266061634844  0.132032648563  0.519213201577
  62  C  4.797524356718  4.465231161578  4.467885240569  -0.340710025521  -0.267356996414  0.053276427467
  63  C  1.702488817654  6.267079290443  7.095408680141  -0.100183850502  0.309799119660  -0.461126439910
  64  C  -1.435206760762  6.308982254005  7.122015378165  0.079671124494  -0.058960537539  -0.050292374725
  65  C  0.119476824304  3.591924178677  7.083717322719  -0.278784520334  -0.219936545409  -0.066423064920
  66  C  3.234231995724  1.722392187839  9.605903284218  0.236591333429  -0.168651643744  -0.064988272468
  67  C  6.377746217053  1.673165823246  9.559263552863  0.090578131662  0.381181599393  0.087409471603
  68  C  4.846808205070  4.415080070961  9.609731362965  -0.077518027961  0.136827643844  -0.263317781308
  69  C  1.647744818552  6.299116345000  1.938715059864  -0.167074772163  0.175854196735  1.631320788096
  70  C  -1.487160394860  6.299542907836  1.992968561521  -0.293627174018  0.684005772332  0.988841952282
  71  C  0.048764152082  3.597410292419  1.943852156661  0.045775202378  0.401170527686  1.541489113671


MDSTEP:  9
LATTICE_CONSTANT: 1.889726125458
LATTICE_VECTORS
  9.341154818632  0.000000000000  0.000000000000
  -4.521446839554  8.200693421491  0.000000000000
  0.216250388060  -0.118500891800  10.164045640738
VIRIAL (KBAR)
  -43.274908153756  -22.459263697292  -25.380248476892
  -22.459263697292  -87.780598752414  12.330915381638
  -25.380248476892  12.330915381638  9.975707122036
INDEX    LABEL    POSITIONS    FORCE (eV/Angstrom)
  0  Si  0.038013439345  1.800863747759  2.574775566998  0.013190499042  -0.309852083402  -0.042924471901
  1  Si  3.226643700646  7.184526794349  2.581551398617  0.181392924622  0.448567786035  -0.320339816636
  2  Si  -3.046035648879  7.233519225047  2.631721343191  0.564738389801  0.190235965707  -0.204903565889
  3  Si  4.797101490566  6.252147736466  5.122953732363  0.033270904228  0.393746635930  0.401610659317
  4  Si  1.618192835130  0.861559342621  5.116791864523  -0.161360937719  -0.032353250219  0.587399952887
  5  Si  7.883623515663  0.820047390919  5.064913489186  -0.597035670638  -0.466193238246  0.606841728427
  6  Si  0.084702057249  1.761803392389  7.728026128133  0.419720851302  -0.125433907347  -0.859804121878
  7  Si  3.271987219448  7.168507901308  7.703754837435  0.662284346136  -0.008910491676  -0.620363573196
  8  Si  -2.978372022691  7.222545141953  7.781364884155  0.183433330962  0.026892513320  -1.060221980891
  9  Si  4.639828870106  6.352354536875  0.103807453719  0.089488550051  -0.232165751599  -1.440947562167
  10  Si  1.453491551378  0.935806306663  0.093555301453  0.154013495659  0.029008981691  -0.852786619967
  11  Si  7.736563486580  0.890670070663  0.027993824611  -0.864018081317  -0.403632550593  -0.121039684850
  12  Si  -1.511592175907  4.518402292702  2.615764701985  0.339069265129  -0.693100671865  -0.123010897112
  13  Si  1.645194911705  4.499102616581  2.581117943664  -0.333609230769  -0.174853873507  -0.025564793091
  14  Si  0.081255720091  7.206920703044  2.581848906883  0.462803049296  0.402993664946  0.703819689249
  15  Si  6.346120981921  3.525432918119  5.093010235196  -0.386712586116  0.041433865883  0.534119307837
  16  Si  3.216234924666  3.553672321269  5.126518337344  0.073525153506  0.309448602064  -0.087313498437
  17  Si  4.750697550901  0.832907180307  5.105431979195  -0.122969341311  -0.126090298112  -0.034528398099
  18  Si  -1.454795219132  4.487605714163  7.748924566202  0.418121806471  -0.082482243289  -0.412506407691
  19  Si  1.697562637613  4.468661110258  7.708747424637  0.034677588143  -0.221477036958  -0.010252722022
  20  Si  0.143759669012  7.200171708683  7.743191741470  0.451512306233  -0.071038297612  -0.430921365681
  21  Si  6.180162546830  3.605839794705  0.059406735084  -0.017167259333  0.048518300291  -0.874706243466
  22  Si  3.068355927229  3.645489091605  0.102877115391  -0.106554030405  0.010409561692  -2.123641296414
  23  Si  4.605691540826  0.928046856116  0.054193845530  -0.395412076059  -0.533365447428  -0.543363439473
  24  Si  3.172521886320  1.781954241381  2.554751309183  0.015245360239  -0.468343103451  0.198530769671
  25  Si  6.290811725217  1.742214306303  2.515861699693  0.244781362808  -0.039972004533  0.417870010622
  26  Si  4.757036615634  4.463900889398  2.546909361225  0.327679094541  -0.139084200487  0.243439155838
  27  Si  1.693419347888  6.288979195689  5.145513046138  -0.570543017992  0.134537699307  0.418029299099
  28  Si  -1.454437148115  6.306152219981  5.194850348884  -0.071606122171  0.229550470473  0.053245203337
  29  Si  0.099371660970  3.585243302653  5.151923758451  -0.475301697510  0.141771467861  0.192231693917
  30  Si  3.223609305491  1.721597056980  7.686306217892  0.132929858138  0.210821857825  -0.304302500645
  31  Si  6.354043151417  1.723344391909  7.642552483091  0.014502443665  -0.357926706990  -0.214854716579
  32  Si  4.821658540921  4.427986803647  7.674672739545  -0.264533677906  0.131012090476  0.061456876931
  33  Si  1.525569404165  6.361014311094  0.120213573731  0.140737814244  0.162702390995  -1.527667844405
  34  Si  -1.612577252599  6.399421508202  0.152361818908  0.122727397766  -0.405387149830  -1.131068935902
  35  Si  -0.069867988233  3.669465242789  0.121053447536  0.040958803790  -0.012874495214  -1.610801033320
  36  C  0.046701979405  1.784402062016  4.503078064132  0.620910851159  -0.048594188362  -0.516237300557
  37  C  3.229696568521  7.160245101950  4.483817489260  0.658040887117  0.608513359554  0.050962427296
  38  C  -3.017954147949  7.240036100541  4.564250589014  0.330945385588  -0.106745538901  -0.821131694985
  39  C  4.850859227055  6.236070249814  7.037727420498  -0.501905228496  0.453299175860  0.669087678516
  40  C  1.655478685558  0.865084943671  7.053685316905  -0.524066138282  -0.560897211102  0.445510060458
  41  C  7.918774898874  0.795577365836  6.973506791070  -0.546240391545  0.028094426076  1.198552637200
  42  C  0.094744254196  1.736891937621  9.649993463024  0.780397750559  0.165799896527  -0.864990725696
  43  C  3.302458984600  7.141551589988  9.616847171408  0.207727342917  0.316652505323  -0.109331093523
  44  C  -2.966496873214  7.206370946936  9.710422028372  0.504844504827  -0.083661864971  -1.066286710653
  45  C  4.791047618268  6.259110183762  1.920230662448  -0.629907270989  0.571235525069  1.803239782281
  46  C  1.588506723146  0.875567315858  1.932605709670  -0.204692555246  -0.142100099805  1.535963418527
  47  C  7.852096225017  0.833829922981  1.885485951130  -0.451048445397  -0.250292990381  1.519580178784
  48  C  -1.501960896644  4.500159558891  4.534551198687  0.900258191684  0.015378775600  -0.305474877331
  49  C  1.644610534661  4.496909448957  4.486453203408  0.303434508587  -0.358250665496  0.296388000759
  50  C  0.113040403482  7.214383755136  4.557737771613  0.168723525766  -0.207901595919  -0.910183241032
  51  C  6.363644365966  3.538597883143  7.030447496241  0.054736625938  -0.150305386289  0.102311578381
  52  C  3.234197446847  3.530309921253  7.040624748709  0.095590316216  0.300562733238  0.174658283143
  53  C  4.774325165251  0.815505424276  6.997232844004  -0.151865348877  -0.041712137780  1.123747577697
  54  C  -1.436583387366  4.458288811788  9.678157805923  0.551895334188  0.212377740118  -0.829378836662
  55  C  1.704682085705  4.461771010418  9.624497554074  0.225785168141  -0.461037076055  0.107941032190
  56  C  0.169646283476  7.162717977906  9.684343889640  0.217674392271  0.407368058431  -0.744598636194
  57  C  6.323627755354  3.553266348836  1.893074958964  -0.631701193147  0.154636066418  1.651976943658
  58  C  3.191936648280  3.576739240189  1.909845527852  -0.349851516462  0.213076103207  1.798808769857
  59  C  4.733156307802  0.848488686853  1.916938636743  -0.841556479312  -0.107222762963  0.918540638122
  60  C  3.202283108548  1.762652550648  4.474441776778  -0.337798506741  -0.144869247640  -0.046619727244
  61  C  6.330512798703  1.713078469136  4.433320036400  -0.349955520636  0.278594759146  0.320395220895
  62  C  4.807190794395  4.463491730473  4.460890869429  -0.556507676775  -0.260266184322  0.204479447258
  63  C  1.705004383420  6.268612268279  7.099179275627  -0.097249512428  0.245998266242  -0.518189255366
  64  C  -1.440962994303  6.313692441384  7.129249138354  0.265704975938  -0.234766047602  -0.163877736128
  65  C  0.116663552317  3.590878675301  7.088564276382  -0.206403947211  -0.201692548329  -0.092405625310
  66  C  3.237828182838  1.726959577871  9.598874499836  0.090888939247  -0.267342898999  0.091843701469
  67  C  6.372535269164  1.678485379545  9.562740840808  0.189610876641  0.206045822132  -0.040149239860
  68  C  4.847093634456  4.416497113921  9.606040102943  -0.145268957925  0.193948272158  -0.151228568751
  69  C  1.649913672319  6.300607107503  1.947910836763  -0.169356595642  0.138212097603  1.238616395754
  70  C  -1.489363572043  6.291344676861  2.001151264940  -0.203230537775  0.868068874173  0.653213029255
  71  C  0.053188758025  3.604893712926  1.935728338539  -0.022544620424  0.242680935908  1.833507610373


MDSTEP:  10
LATTICE_CONSTANT: 1.889726125458
LATTICE_VECTORS
  9.341154818632  0.000000000000  0.000000000000
  -4.521446839554  8.200693421491  0.000000000000
  0.216250388060  -0.118500891800  10.164045640738
VIRIAL (KBAR)
  -44.625117310450  -22.928014077682  -25.036828894375
  -22.928014077682  -86.536825191683  12.295948211561
  -25.036828894375  12.295948211561  10.195238486809
INDEX    LABEL    POSITIONS    FORCE (eV/Angstrom)
  0  Si  0.040881715503  1.805653927065  2.574164870808  -0.120721309160  -0.287974258156  0.047113182600
  1  Si  3.231637878751  7.184435987802  2.574795953891  0.023641823866  0.472768371053  -0.182065861718
  2  Si  -3.044982130723  7.236249949539  2.635236055219  0.586933985290  0.199047512519  -0.173329574523
  3  Si  4.796068315246  6.246218371939  5.119137452801  0.060182666972  0.559899177625  0.452049030045
  4  Si  1.613545894154  0.864778859418  5.123232069568  -0.094392390708  -0.030912713857  0.430170933942
  5  Si  7.880936946579  0.826399437857  5.067891699812  -0.411920220364  -0.686900236792  0.534082135303
  6  Si  0.091660709186  1.761575030047  7.724466960149  0.256342433840  -0.211347659035  -0.876621083653
  7  Si  3.269683000382  7.162975279699  7.708149928478  0.857676438598  0.020389552748  -0.661122267140
  8  Si  -2.982321910558  7.222601470567  7.786493229845  0.295085546139  -0.037143303188  -1.230504874071
  9  Si  4.634021628396  6.348420312971  0.106822690529  0.263903565364  -0.059107739132  -1.371855724761
  10  Si  1.448165649475  0.941763650846  0.094731129859  0.266871451574  -0.031433832984  -0.746106223542
  11  Si  7.737229990731  0.894472545461  0.022238034263  -0.851309381323  -0.490648418282  0.005486341796
  12  Si  -1.510219649621  4.516026727715  2.619611701502  0.309617664401  -0.567568481445  -0.309176759495
  13  Si  1.642983349591  4.502798586040  2.585871883045  -0.297136567635  -0.292890257634  -0.182873735766
  14  Si  0.082301609056  7.213161782202  2.583145958347  0.581552290561  0.243968610811  0.671559175132
  15  Si  6.346175329879  3.522130227655  5.093823095286  -0.454012311431  0.158369096119  0.467066988911
  16  Si  3.212279020221  3.550338066891  5.119994338396  0.051827409633  0.512264292226  0.078030339076
  17  Si  4.750348454303  0.833829650317  5.100334651614  -0.059822109039  -0.192419023843  0.043131665214
  18  Si  -1.457288307722  4.491468357339  7.750682572697  0.502236174383  -0.175583955094  -0.554300602049
  19  Si  1.693492302234  4.473576114520  7.713727257915  0.095273476278  -0.459875362711  -0.046580341788
  20  Si  0.150280904095  7.206697680569  7.747036335781  0.313083536547  -0.215305760936  -0.498465479682
  21  Si  6.181053471617  3.606432077503  0.060101912348  -0.052049733692  -0.027168600413  -0.939008627523
  22  Si  3.070440033571  3.640386224588  0.107943869910  -0.210583139898  0.123759447627  -2.206428101565
  23  Si  4.604627572720  0.927598322728  0.056621442592  -0.353522446762  -0.553955888598  -0.630700040441
  24  Si  3.169423622921  1.775476842855  2.556598316128  0.143618641575  -0.308696251280  0.167665364767
  25  Si  6.295785672047  1.743009373129  2.521405232709  0.128326404309  -0.009615776672  0.183430241065
  26  Si  4.755730308986  4.467618840313  2.542014306769  0.280861485982  -0.284626048062  0.362612412845
  27  Si  1.692248554478  6.285546200220  5.148581857260  -0.423144168555  0.266867207568  0.326200149830
  28  Si  -1.453583900940  6.307053230319  5.194746721522  -0.151220923927  0.168109575174  0.000741104393
  29  Si  0.095047843947  3.588970005615  5.149920873980  -0.387190948705  0.128568867875  0.201965933934
  30  Si  3.217539702704  1.724775503650  7.683745029724  0.168927065079  0.078310139296  -0.232021070717
  31  Si  6.358863597007  1.720286171487  7.647535736557  -0.019718041853  -0.270135507444  -0.363084048798
  32  Si  4.820440706987  4.434155367123  7.681582573533  -0.266914690986  -0.118983831957  -0.106184950793
  33  Si  1.523349028201  6.359327538694  0.119374073491  0.188156529008  0.253197157157  -1.216031166513
  34  Si  -1.619127645537  6.401374166916  0.152280166228  0.324128626611  -0.442910815637  -1.012244072434
  35  Si  -0.067729572683  3.669504503385  0.114677685674  -0.004444707370  0.065139649494  -1.461334403118
  36  C  0.048097177288  1.792869488333  4.510127801511  0.568224101805  -0.152932256007  -0.642284940139
  37  C  3.234117808561  7.157140471760  4.475393318125  0.542080921034  0.698932884770  0.231875529999
  38  C  -3.019931956416  7.248308582065  4.566992372034  0.360375463897  -0.254683303318  -0.838331443477
  39  C  4.858635283165  6.227821251441  7.036681154247  -0.673838863517  0.604388103010  0.720996266145
  40  C  1.649463928738  0.857279452864  7.046599659844  -0.382969113465  -0.457426968440  0.658996430405
  41  C  7.919595102471  0.784999208471  6.973146969788  -0.549245596849  0.159140392658  1.253605926822
  42  C  0.093753793103  1.735310459885  9.646730430749  0.852761258808  0.258600219024  -0.893336626338
  43  C  3.300932988765  7.147231422380  9.622135711779  0.238327860941  0.192899338301  -0.171198834877
  44  C  -2.957656041938  7.212257586434  9.707531361453  0.179667750903  -0.178194926614  -0.900266539389
  45  C  4.788836891731  6.258161997879  1.930321237656  -0.512729642461  0.664838712354  1.466845161145
  46  C  1.588343671448  0.885551849748  1.940378710266  -0.274460554762  -0.332234379243  1.326991349159
  47  C  7.848590376493  0.837010843727  1.879043005552  -0.309517501326  -0.258531733953  1.589683972259
  48  C  -1.502237008276  4.490700904457  4.524391071988  0.831635638536  0.220039943537  -0.065969411256
  49  C  1.636647062407  4.505939227444  4.478772752579  0.388500569499  -0.575642282153  0.521975521231
  50  C  0.113994299502  7.207331207593  4.552342487186  0.156047666021  -0.000432446039  -0.756203389466
  51  C  6.367672488821  3.543459937519  7.025874162475  -0.056856394129  -0.281473340298  0.262504254696
  52  C  3.226326428376  3.523307469018  7.045004197491  0.192951407089  0.505998261390  0.056337258479
  53  C  4.774296516903  0.817144487291  6.997190834387  -0.132522737985  -0.019403389742  1.094430295660
  54  C  -1.441279664641  4.457957941113  9.671891349197  0.627015166064  0.248794242430  -0.705009136242
  55  C  1.708299062717  4.469803795197  9.628186321655  0.170208542143  -0.661795390040  0.042309366687
  56  C  0.171289432488  7.160840406349  9.686837157829  0.139937495726  0.447977833337  -0.763183061409
  57  C  6.320518412598  3.558651569760  1.890266065027  -0.563543837478  0.077810512701  1.734876538371
  58  C  3.191999413830  3.570562778810  1.908292908610  -0.370771148147  0.290670755117  1.954946081863
  59  C  4.733518678575  0.844457035518  1.913387123579  -0.786671476399  0.009419090804  1.091521685051
  60  C  3.205740942245  1.770018348715  4.473838736436  -0.429214845128  -0.354442066393  -0.043627881754
  61  C  6.339906070994  1.714159259551  4.427385285745  -0.576906417560  0.263155463666  0.463348436454
  62  C  4.801153288468  4.466801174961  4.458228438204  -0.428254791629  -0.432057748776  0.200968509451
  63  C  1.714184279395  6.261812413011  7.108218221916  -0.307535149462  0.397158372290  -0.689406238673
  64  C  -1.443045590583  6.311976097647  7.127461898486  0.395835179377  -0.126782721223  -0.095853646672
  65  C  0.119210828804  3.582015169937  7.084628257921  -0.284965243699  0.038498065804  0.010275896947
  66  C  3.233607002716  1.730120956595  9.603491008818  0.142489150242  -0.337652293514  -0.031414561622
  67  C  6.382094134796  1.668815810466  9.561902987582  -0.056919888882  0.425516667173  -0.001570805755
  68  C  4.841638217501  4.417770962570  9.609374723820  -0.033502453203  0.133990964503  -0.147177708336
  69  C  1.652050621905  6.292265250244  1.959025743786  -0.197294922319  0.370747463793  0.873042189655
  70  C  -1.480933885359  6.297927640592  2.008668753787  -0.412753981656  0.750047196352  0.474871634367
  71  C  0.050588668735  3.610039360121  1.934441627990  0.014272263371  0.169605828599  1.743165931800


