MDSTEP:  0
LATTICE_CONSTANT: 1.889726125458
LATTICE_VECTORS
  8.625476620421  0.000000000000  0.000000000000
  -0.156410140744  8.769619244314  0.000000000000
  -0.088390434713  0.246037057568  8.921488846972
VIRIAL (KBAR)
  58.133869545385  82.061088145799  31.412858611410
  82.061088145799  49.647585997211  -46.602024816824
  31.412858611410  -46.602024816824  4.174572773155
INDEX    LABEL    POSITIONS    FORCE (eV/Angstrom)
  0  Si  3.301563876492  1.192131716422  3.329804406709  -0.139905632955  0.195558993432  -0.263849081229
  1  Si  3.277084253562  1.244871467447  7.764774719968  -0.806785268699  1.469113290631  0.205509569778
  2  Si  3.256404744721  5.620662295852  3.266827716015  -0.126636409523  0.140465072058  -0.086148949528
  3  Si  3.230509474323  5.683307641161  7.700292389193  -0.770221442317  1.141120752085  0.357208755555
  4  Si  7.740209571605  1.231224538848  3.346006471562  -0.973827533409  0.231371039773  -0.140653316025
  5  Si  7.713441190507  1.287366541529  7.783472482300  -1.466025585633  1.288852091676  0.354851023645
  6  Si  7.696299666440  5.657375591300  3.288131103682  -0.877746665837  0.092722140138  -0.138101633134
  7  Si  7.672521583957  5.724287101337  7.716510281792  -1.443797836901  1.012647466167  0.496318837523
  8  Si  3.292834992686  3.373516132785  1.083240253085  -0.220533149917  -0.018066354272  -0.339995719398
  9  Si  3.262832261011  3.438991875897  5.516369192304  -0.088592468907  -0.042241907325  -0.173110641854
  10  Si  3.250118429839  7.809588678410  1.012167819657  -1.936626756954  -2.425266084467  1.863038909135
  11  Si  3.230093272039  7.864125734432  5.460254482684  -1.985598163676  -2.091902308420  1.614991452606
  12  Si  7.727595190172  3.414564760264  1.093551675057  -0.890543478003  0.024339372661  -0.183882987519
  13  Si  7.704331215727  3.468899808893  5.536603371621  -0.882426979476  0.151189563843  -0.152578546821
  14  Si  7.686036364240  7.845860287073  1.037869185556  -2.627841327927  -2.471554717781  1.710200025256
  15  Si  7.664610574291  7.907843193763  5.472788390738  -2.725353956474  -2.318686445768  1.710181010724
  16  Si  1.092078739541  1.132728662779  1.098396836861  4.494742265571  2.379415811246  1.441386058824
  17  Si  1.071580294597  1.194071315410  5.532142667053  4.506365495496  2.499391248802  1.589485213075
  18  Si  1.056035844098  5.567295788968  1.033845883239  4.475900198982  2.128837382870  1.752986343869
  19  Si  1.036254226711  5.626104302079  5.465288827207  4.267928885831  2.307633328121  1.817018124021
  20  Si  5.531102434853  1.173955951428  1.118634612161  -0.087048432156  0.351038931116  -0.206451477934
  21  Si  5.506855589196  1.232210165208  5.554059136926  -0.133878832062  0.529212807300  -0.214737526176
  22  Si  5.486189849360  5.605521958395  1.054396484190  -0.090300017706  0.078944232884  -0.114801870169
  23  Si  5.468576075135  5.666511525006  5.497564695691  -0.236130375609  0.220233377016  -0.198988951862
  24  Si  1.057074692245  3.377960196866  3.284186384124  4.423328615485  2.098564410767  1.695914140947
  25  Si  1.042688286716  3.441804597688  7.723564543366  3.396037700443  3.205064950506  2.250302595958
  26  Si  1.026295657888  7.823460644116  3.218934308729  2.303173232199  -0.532398755387  3.772119702606
  27  Si  0.998413739019  7.881713162026  7.657105182918  1.942434807483  0.564835482569  4.041364209558
  28  Si  5.490851459850  3.418876875813  3.301736731595  -0.010356861031  0.274830155414  0.085343353700
  29  Si  5.481141084521  3.478187491851  7.740019690273  -1.079523220848  1.309482614463  0.408248203618
  30  Si  5.454285626328  7.852159755413  3.241326687523  -1.983065792802  -2.187170284825  2.040158697242
  31  Si  5.433648806524  7.924551893127  7.685736214390  -2.359331460649  -1.465438187695  2.083958861537
  32  C  0.247721052345  0.080142207852  0.045930563369  -1.385963681463  -1.198825887534  -4.175821690705
  33  C  0.221432318527  0.147104704142  4.480416580703  -1.873818425464  -0.243974321571  -3.849021564238
  34  C  0.118668383826  4.767338962433  8.908538484053  -3.026125463219  -3.578047873073  -2.619633858949
  35  C  0.186794815449  4.578923269188  4.418840245106  -3.817490524217  -2.328212056287  -1.847046993033
  36  C  4.443184721805  0.038729958534  0.020969976939  2.466436821029  1.150234028835  -2.135023760644
  37  C  4.256851710721  8.871393560531  4.456625075603  1.999940394265  1.922886504318  -1.922528113923
  38  C  4.305093317587  4.722922132191  8.880499951138  0.878535857069  -1.246600572048  -0.278070410255
  39  C  4.373530426480  4.537388167337  4.395063530161  0.207148078139  -0.108134906914  0.129069095939
  40  C  0.210916160482  2.331802077914  2.223737014999  -3.638284841514  -2.125704929425  -1.731087369840
  41  C  0.186255602913  2.389765075500  6.667771818306  -3.531737067296  -1.926989484240  -1.713729901940
  42  C  0.176364185165  6.759842692881  2.170895797521  -3.830902085792  -2.097685000778  -1.515186718882
  43  C  0.148412033594  6.828923521516  6.599728803586  -3.750133542038  -2.173288425125  -1.504042804619
  44  C  4.411131784008  2.291843945184  2.211078170342  0.054848683247  -0.222734501123  -0.070052248035
  45  C  4.381070754722  2.351355574592  6.647240948802  0.160099608380  0.010419333652  -0.003440757624
  46  C  4.364566576750  6.723039030458  2.145901147495  0.004372645799  -0.152985294721  0.204774070320
  47  C  4.336321790052  6.785978115453  6.577550830073  0.187528216233  -0.048004361890  0.484835956518
  48  C  2.049011834157  8.817040319963  2.228873820524  2.394690277275  2.459240815913  -1.979069258039
  49  C  2.027729718020  8.882796583532  6.662582717798  2.134206559282  2.342571454787  -1.754163505942
  50  C  2.173220842124  4.484527541285  2.170153864446  0.132657745421  0.029908303092  0.174687147867
  51  C  2.138893174188  4.550525110578  6.597093401484  0.264558079439  0.106844089698  0.414452688613
  52  C  6.640721172550  0.093185351312  2.258636539546  2.082631352258  1.968543060931  -2.172319707611
  53  C  6.465397450730  8.927974347288  6.683152390719  1.880446003137  1.908418297204  -1.872058403577
  54  C  6.605804990905  4.527208712148  2.189311664915  0.036271973444  -0.207999132516  0.043679403068
  55  C  6.579000355800  4.588732624871  6.624152317069  0.174541585141  -0.092509681388  0.124813303893
  56  C  2.105178905223  2.476393449110  8.903033417352  1.114750451585  -0.862956183467  -0.109376505854
  57  C  2.181790086732  2.292828448845  4.411994107503  0.145817348092  0.278823150229  0.299331808957
  58  C  2.072447930344  6.917172598411  8.836317095881  0.725432793784  -0.991888768768  0.051542470226
  59  C  2.139007951469  6.735032144908  4.356883207617  0.135262514602  0.060497410378  0.333035149080
  60  C  6.627508646011  2.282692993033  0.004933356722  1.015050171680  -1.298800169507  -0.292035913390
  61  C  6.614928685573  2.343128269123  4.433844764440  0.081756035733  -0.150799946859  0.096960268174
  62  C  6.503800059147  6.954830802886  8.865505396227  0.662818433875  -1.121427082865  -0.178331761142
  63  C  6.570274904094  6.774859733296  4.375711491370  0.046840450078  -0.202957338537  0.287575498056


MDSTEP:  1
LATTICE_CONSTANT: 1.889726125458
LATTICE_VECTORS
  8.625476620421  0.000000000000  0.000000000000
  -0.156410140744  8.769619244314  0.000000000000
  -0.088390434713  0.246037057568  8.921488846972
VIRIAL (KBAR)
  57.695233670472  81.105039037483  31.196972326688
  81.105039037483  48.805546833214  -47.076960975543
  31.196972326688  -47.076960975543  3.300115412796
INDEX    LABEL    POSITIONS    FORCE (eV/Angstrom)
  0  Si  3.302068059255  1.191864638434  3.330231683421  -0.140823617697  0.202697877734  -0.280247222806
  1  Si  3.276639643264  1.245511819115  7.765360252920  -0.792092439464  1.471101552003  0.186445828841
  2  Si  3.256027693555  5.620501155181  3.266730537013  -0.116007060639  0.132146277350  -0.081753763160
  3  Si  3.230370296322  5.682581736198  7.700903359951  -0.758029016700  1.151926017956  0.346894565670
  4  Si  7.740443296496  1.231128247947  3.345164332438  -1.003461397635  0.230882722333  -0.125840527550
  5  Si  7.713004065767  1.287614662359  7.783725032104  -1.463345395302  1.283508869702  0.343801343794
  6  Si  7.695978222296  5.657044678369  3.288472599925  -0.889456201748  0.103130144451  -0.154615775041
  7  Si  7.672248582211  5.724489997558  7.715745132292  -1.452568248796  0.991000634090  0.510360019444
  8  Si  3.293969717196  3.372982832809  1.083601030571  -0.233918849310  -0.009291069110  -0.341955096764
  9  Si  3.262636954810  3.438385674735  5.516509639507  -0.086132833153  -0.027224650817  -0.174501966451
  10  Si  3.250353760532  7.810182501881  1.012762649037  -1.931669867972  -2.420233951597  1.852528106551
  11  Si  3.230178262468  7.862918668077  5.460514892812  -1.938949260829  -2.028198675709  1.570604905257
  12  Si  7.727216563392  3.414719927524  1.093802559881  -0.898499870597  -0.002107613757  -0.194592748559
  13  Si  7.704803860277  3.469648161167  5.536082715317  -0.901496527552  0.130991236871  -0.126797532830
  14  Si  7.685871423374  7.845325044800  1.037407623196  -2.614903247636  -2.447852730023  1.696922284060
  15  Si  7.664676401011  7.907837459450  5.473933527291  -2.732103630990  -2.301738257576  1.665906310405
  16  Si  1.092805452309  1.133835753555  1.098190203318  4.457008990783  2.334959454872  1.415891679645
  17  Si  1.071812299370  1.194980688443  5.532591494884  4.464584595391  2.444652588389  1.524215331049
  18  Si  1.056758454068  5.568194855468  1.033880715982  4.408006833623  2.037553098768  1.683930586706
  19  Si  1.036894622177  5.626460894611  5.465452624865  4.221941572136  2.267373647501  1.768908150561
  20  Si  5.531444308920  1.173310704234  1.118677273631  -0.084302277093  0.365070461634  -0.224578302092
  21  Si  5.507015345735  1.233043307203  5.554167427565  -0.122628045497  0.516615826684  -0.215964979858
  22  Si  5.485592922275  5.605285099852  1.054063486505  -0.069426143819  0.080131897489  -0.105522496537
  23  Si  5.468314129662  5.666236164969  5.497357427556  -0.231163488855  0.223821569534  -0.188164272592
  24  Si  1.057624629572  3.379168910179  3.284976116911  4.368084837462  2.011010119750  1.619340892078
  25  Si  1.043563304567  3.442718492403  7.724696824081  3.323465537841  3.146050656445  2.179677464215
  26  Si  1.026673167058  7.823335045682  3.219400600914  2.281701680833  -0.529345964707  3.701560117544
  27  Si  0.998460577967  7.882513259949  7.657204750768  1.930796213596  0.542501652888  3.984250086215
  28  Si  5.490519361495  3.417974355275  3.301492056247  -0.006567365750  0.290026005476  0.105175077463
  29  Si  5.480878454964  3.478173926360  7.739378948705  -1.062885801495  1.304153494534  0.421399731535
  30  Si  5.453404685959  7.851097789997  3.241955452531  -1.917355029484  -2.119573222889  1.986271648436
  31  Si  5.433159083800  7.924426983919  7.686211086764  -2.319333641568  -1.424206636771  2.042437869741
  32  C  0.248050173603  0.079807003011  0.044776395203  -1.366981062032  -1.182520663151  -4.132912214107
  33  C  0.219598844193  0.147488827936  4.478692849601  -1.812449107742  -0.228695358140  -3.777609154490
  34  C  0.117611384621  4.764700059665  8.907291639785  -2.953921432209  -3.469739068133  -2.543481147151
  35  C  0.185223406185  4.578536055941  4.417983487517  -3.758383633645  -2.275168870846  -1.792440777003
  36  C  4.443276226966  0.039073867381  0.020285535507  2.458016741665  1.131322954997  -2.120287360033
  37  C  4.257865251742  8.872893979164  4.455280448038  1.951849784638  1.857826949924  -1.862262685924
  38  C  4.306522002339  4.721977461327  8.880222999464  0.849942859922  -1.239463329073  -0.279460811507
  39  C  4.372615244554  4.538235007839  4.396198788718  0.215122576698  -0.130642225582  0.101721833454
  40  C  0.208965165773  2.329840168939  2.223704311048  -3.554614256295  -2.024982281379  -1.677320845829
  41  C  0.185756685142  2.388280157758  6.667608064154  -3.485538123764  -1.841897145277  -1.664405208442
  42  C  0.175882488253  6.758931884394  2.169210918462  -3.802041482214  -2.049319789295  -1.447688705005
  43  C  0.146615155940  6.827952481188  6.598604137325  -3.673406638816  -2.115596318415  -1.446619714355
  44  C  4.411191762715  2.290977923882  2.210756019056  0.057391195727  -0.214973214720  -0.063227182796
  45  C  4.381101626423  2.352094130692  6.647151902229  0.151371803708  -0.003445711507  0.003725437767
  46  C  4.363654427891  6.722511998495  2.146452232956  0.017443046842  -0.150246751076  0.189549520704
  47  C  4.337180480970  6.786402869232  6.577639159888  0.161747875731  -0.065964485404  0.490884239784
  48  C  2.049994197516  8.818219479832  2.228076786173  2.360352237045  2.419422486115  -1.945487757412
  49  C  2.028706471270  8.884268998704  6.661051887273  2.099319747758  2.284569199438  -1.712233946671
  50  C  2.173049057822  4.484812003750  2.170647049883  0.142436271058  0.019765684303  0.156809175446
  51  C  2.137797010589  4.550510669699  6.596819799988  0.288781917108  0.107814654594  0.420393423319
  52  C  6.641442762580  0.094280133817  2.256703236489  2.025028515140  1.888577278945  -2.103099611242
  53  C  6.467013989168  8.927892550066  6.681771281464  1.820159098454  1.882942615132  -1.819546352192
  54  C  6.605859843767  4.526629725563  2.189419078714  0.022363884154  -0.195861613298  0.041645124861
  55  C  6.578173950185  4.589066691880  6.624792546135  0.187845041378  -0.095465034431  0.102038818406
  56  C  2.105530152397  2.476810019329  8.902472555270  1.128011681525  -0.863276223502  -0.092082563357
  57  C  2.182795863643  2.292576193568  4.411606067894  0.127284207825  0.290822595793  0.305480450915
  58  C  2.072421910285  6.917154772160  8.837435427804  0.729056834416  -0.984198037107  0.020029778524
  59  C  2.139578296102  6.734613455962  4.355620748853  0.122948263814  0.067256573942  0.359882129075
  60  C  6.627458292763  2.282059770823  0.004054227292  1.007391871204  -1.289277176308  -0.283260354279
  61  C  6.615047229807  2.343354216449  4.435026340593  0.080833721233  -0.148478087419  0.065981212575
  62  C  6.503965577817  6.954673635329  8.864823587797  0.655112335524  -1.125734551834  -0.166039447077
  63  C  6.569621488898  6.774826955657  4.376247447474  0.059053222064  -0.206908090783  0.279337379073


MDSTEP:  2
LATTICE_CONSTANT: 1.889726125458
LATTICE_VECTORS
  8.625476620421  0.000000000000  0.000000000000
  -0.156410140744  8.769619244314  0.000000000000
  -0.088390434713  0.246037057568  8.921488846972
VIRIAL (KBAR)
  57.352345064937  79.206462415892  30.918558830332
  79.206462415892  46.853699846098  -48.316553098011
  30.918558830332  -48.316553098011  1.475252103680
INDEX    LABEL    POSITIONS    FORCE (eV/Angstrom)
  0  Si  3.302192581845  1.190116731496  3.330427020400  -0.098532258142  0.279686776649  -0.283691387601
  1  Si  3.273812254913  1.245386658909  7.764804030620  -0.667594448261  1.535997450902  0.204429214962
  2  Si  3.254963502251  5.621796274240  3.265441426050  -0.032689630806  0.085045954664  -0.054425524205
  3  Si  3.230897686268  5.683252872122  7.703231272172  -0.752408383525  1.154192137376  0.277911031979
  4  Si  7.741077597212  1.232838285058  3.346162578541  -1.015080732091  0.269882188617  -0.176511587291
  5  Si  7.711511439776  1.288823572101  7.781242740189  -1.451905573045  1.217738544797  0.412411430833
  6  Si  7.695846153504  5.658890457835  3.289042989058  -0.939953896365  0.058154292556  -0.170182915278
  7  Si  7.672500693593  5.724927915908  7.715397794885  -1.480793236322  1.001530604813  0.494213375851
  8  Si  3.293163731773  3.374131763788  1.085072745035  -0.195867182640  -0.066058287032  -0.355169809725
  9  Si  3.263543373084  3.436549050833  5.513990824406  -0.010657885613  0.028690912977  -0.111177337134
  10  Si  3.247392712084  7.810328681544  1.011754684544  -1.765747875629  -2.318006125147  1.775662305714
  11  Si  3.230138341562  7.863276276440  5.461411534461  -1.913801637425  -1.999804975024  1.524363905641
  12  Si  7.724281797564  3.412117243325  1.092710480059  -0.882426406531  0.072577074177  -0.175176786381
  13  Si  7.703239053483  3.470511024666  5.537921334455  -0.892026657438  0.159384794348  -0.174208257308
  14  Si  7.683294704716  7.843648977431  1.038871481064  -2.581751446450  -2.419129456546  1.650417788870
  15  Si  7.665732909963  7.907853704836  5.473522680275  -2.714058248511  -2.248877623133  1.662902672678
  16  Si  1.096363370528  1.132986412006  1.096871800636  4.281421192501  2.304103749755  1.357298770530
  17  Si  1.073364313918  1.197552182110  5.534039782498  4.353489156811  2.377143923666  1.457058019975
  18  Si  1.060400374495  5.567268854765  1.033903983026  4.201191008297  1.905582557287  1.617814209289
  19  Si  1.039429799383  5.629181870312  5.466309827981  4.066219977336  2.044387807065  1.649708362082
  20  Si  5.532673235606  1.175712733541  1.117195251136  -0.140444063032  0.328676670724  -0.184462305819
  21  Si  5.509218723458  1.233491586107  5.556374767834  -0.167684337723  0.545438221623  -0.263814965013
  22  Si  5.485539628783  5.605589350450  1.056338822064  -0.090268632210  0.061265878705  -0.161803792229
  23  Si  5.469812056940  5.667966692843  5.497790220367  -0.268226605730  0.212560149713  -0.195783960816
  24  Si  1.059952782913  3.382467059208  3.287826772131  4.186906829933  1.853677834151  1.458062249011
  25  Si  1.043781453450  3.445769683979  7.725914969458  3.243366829999  2.996439410416  2.089021102533
  26  Si  1.028182269451  7.824518276556  3.222122087640  2.239548717763  -0.549045093222  3.415321229670
  27  Si  1.000676312558  7.881450926646  7.659122981604  1.844333927587  0.590158283250  3.873073599146
  28  Si  5.490362154519  3.416320833173  3.303083658182  0.053188676990  0.370718010347  0.083147593707
  29  Si  5.482435123183  3.480585558915  7.740389201228  -1.103867631819  1.330880764850  0.377232711960
  30  Si  5.452285289957  7.850959085891  3.243147909659  -1.834294010272  -2.066489785464  1.915755011606
  31  Si  5.433128733121  7.924140664144  7.685061623382  -2.296531639013  -1.376702314594  2.054303250261
  32  C  0.247588146525  0.075097692115  0.043073612197  -1.329186779035  -1.069387537020  -4.059697533644
  33  C  0.218288993180  0.149982432349  4.475779404963  -1.711857932724  -0.206817745753  -3.648448536847
  34  C  0.112120510400  4.761830768875  8.905331746478  -2.758954179396  -3.329678860817  -2.406158270170
  35  C  0.178569943954  4.579238749012  4.415615171336  -3.543807357195  -2.159542756297  -1.599460023340
  36  C  4.446358826684  0.039597279470  0.015716547324  2.338780387220  1.046960803025  -2.006796949485
  37  C  4.258733512265  8.872350138760  4.453034001768  1.913210879923  1.850370537705  -1.790477865799
  38  C  4.303320563386  4.722733323355  8.880591920793  0.912208915318  -1.235762419506  -0.239804459028
  39  C  4.375307102449  4.538795607831  4.395851809720  0.160127568326  -0.102250341835  0.099894351507
  40  C  0.205927490022  2.332199285670  2.218804875866  -3.378098949688  -1.967787865266  -1.493120568842
  41  C  0.179529761330  2.387933638379  6.667054082800  -3.300637974227  -1.719384996112  -1.564168711369
  42  C  0.170595384550  6.755030099556  2.169096363971  -3.577519939837  -1.857146817017  -1.340108450830
  43  C  0.147073321659  6.828168278874  6.597143038425  -3.614970717655  -2.053203937179  -1.380603097734
  44  C  4.410743322338  2.293627259023  2.214348906025  0.066243424400  -0.275769564235  -0.127535636209
  45  C  4.384836705450  2.355303782739  6.649304205534  0.073141653496  -0.062897351191  -0.037319915770
  46  C  4.362328765467  6.722687060689  2.144343701911  0.012538605657  -0.126365367660  0.235412616831
  47  C  4.337129714203  6.789970681393  6.577761166955  0.145894556534  -0.137148844417  0.499112347353
  48  C  2.054983829169  8.823924337582  2.223968449482  2.177762311663  2.191364933030  -1.779459385150
  49  C  2.030055107641  8.888359855937  6.661821191164  2.026385067473  2.172905650948  -1.707594651298
  50  C  2.176421742568  4.482876579503  2.172878849639  0.082273847226  0.076234662684  0.115127155416
  51  C  2.141759945126  4.549243730746  6.596371708892  0.224052241069  0.140542005318  0.415399729359
  52  C  6.643558764243  0.096235519130  2.255997173901  1.929010018102  1.824375739512  -2.039323183721
  53  C  6.465989082030  8.929227729182  6.679183550910  1.848246198791  1.825370963196  -1.761685297428
  54  C  6.607116456073  4.529825162963  2.187123761505  -0.023785745662  -0.265650727552  0.106945533358
  55  C  6.579182452339  4.591931539314  6.621733443421  0.165278391656  -0.116968920698  0.190854320418
  56  C  2.105418487771  2.473693683597  8.903577990154  1.130145372602  -0.778297850051  -0.142989799343
  57  C  2.183644229891  2.294230974122  4.412626949783  0.113709345847  0.242521334567  0.282843980590
  58  C  2.069456640842  6.916854142286  8.837963602650  0.803663882292  -1.000072098618  0.028193803437
  59  C  2.137605343370  6.730794984445  4.354652855312  0.184022824219  0.181860805371  0.377805295582
  60  C  6.624315853952  2.284434570583  0.004643110694  1.052485518181  -1.317349036781  -0.299449496844
  61  C  6.617291034001  2.346351662211  4.438566945282  0.034480912554  -0.214124237775  0.011516993502
  62  C  6.501860187807  6.953350604849  8.864591365602  0.668174325468  -1.102621072663  -0.177710193324
  63  C  6.572045373275  6.775779691093  4.380220317400  0.003929428778  -0.194079420179  0.195106691321


MDSTEP:  3
LATTICE_CONSTANT: 1.889726125458
LATTICE_VECTORS
  8.625476620421  0.000000000000  0.000000000000
  -0.156410140744  8.769619244314  0.000000000000
  -0.088390434713  0.246037057568  8.921488846972
VIRIAL (KBAR)
  56.957809023164  77.474516332101  30.417174007449
  77.474516332101  45.418278129308  -49.093930667991
  30.417174007449  -49.093930667991  -0.253217952927
INDEX    LABEL    POSITIONS    FORCE (eV/Angstrom)
  0  Si  3.299763013573  1.188773212801  3.332986217516  -0.012872037590  0.306146781082  -0.381090735102
  1  Si  3.272651680066  1.248690748242  7.766595563739  -0.622942137710  1.507042781315  0.125180434274
  2  Si  3.254784099500  5.620247550734  3.268527275793  0.018674104333  0.062038566853  -0.152947369373
  3  Si  3.228014027927  5.686191185122  7.704183058462  -0.644344755284  1.156348901324  0.233692725320
  4  Si  7.742248793849  1.235881928416  3.343905918573  -1.096972799818  0.180260794972  -0.100785729118
  5  Si  7.709499320659  1.286928426894  7.779319849629  -1.443072474279  1.253964026722  0.438155486581
  6  Si  7.696399916477  5.656660009050  3.286389543366  -0.916129073458  0.081881603322  -0.135383541774
  7  Si  7.670098215125  5.728378511753  7.712188519943  -1.482984446135  0.880218542128  0.538065227099
  8  Si  3.290738871111  3.371467658451  1.084685535683  -0.101581628852  -0.040953373129  -0.375268609987
  9  Si  3.264572231934  3.439445058796  5.511178231791  0.044144841644  -0.017156386450  -0.074763037582
  10  Si  3.247580071121  7.806547326991  1.011626149584  -1.652852622254  -2.150148608829  1.691870827362
  11  Si  3.229456052271  7.862148457800  5.460497624854  -1.800108444009  -1.853274906192  1.473738895920
  12  Si  7.722199693053  3.415008656934  1.093110200460  -0.851159753483  -0.070998727510  -0.211723389108
  13  Si  7.700782754935  3.467331646953  5.537387737661  -0.903593932367  0.186954637214  -0.152821238772
  14  Si  7.684589659929  7.844579126424  1.038440212250  -2.658221247923  -2.444818346433  1.645650545504
  15  Si  7.668261835021  7.903853579073  5.474257648031  -2.765678241868  -2.151826870178  1.587411491514
  16  Si  1.095755556662  1.134902575491  1.098726794853  4.160882947577  2.164352391697  1.236195543157
  17  Si  1.073661722363  1.201075125725  5.535560128096  4.321389669974  2.236903783199  1.377579048515
  18  Si  1.060741844113  5.564796780354  1.036313588156  4.196559390052  1.874022096650  1.483263555142
  19  Si  1.042935151715  5.631265445780  5.468141098159  3.890248662970  1.824027361110  1.444139706616
  20  Si  5.535434445441  1.174525414651  1.118886830490  -0.215809208438  0.365401839165  -0.238030815855
  21  Si  5.507756572703  1.235829370460  5.554122851310  -0.075483380628  0.478414625304  -0.158313037322
  22  Si  5.486141916700  5.602506406007  1.053512987773  -0.076559330230  0.081374787895  -0.143916929187
  23  Si  5.467337666409  5.666261323282  5.495194021738  -0.198003412949  0.306852861695  -0.199231527855
  24  Si  1.062010636647  3.380031956626  3.291035425527  4.087824907071  1.850052556529  1.334633085738
  25  Si  1.047992334644  3.443713062980  7.729588300416  3.115468285310  3.017418110720  1.922951114361
  26  Si  1.028736530385  7.822640373015  3.223900216942  2.178942530403  -0.508779272737  3.399548869374
  27  Si  0.999008053086  7.882241615839  7.660289209419  1.730430328062  0.443123358092  3.730459698905
  28  Si  5.492573772673  3.419409739571  3.303296578568  -0.000905186051  0.222321741196  -0.001184263798
  29  Si  5.482627603907  3.482637296797  7.738608941998  -1.055796739482  1.296520014434  0.446238749292
  30  Si  5.450015908699  7.851177682038  3.244071414074  -1.698913676040  -2.017563942041  1.820910059516
  31  Si  5.428980058883  7.926667135009  7.684707682829  -2.244383956084  -1.333680498088  1.986985276991
  32  C  0.243392470012  0.074479162723  0.038760011560  -1.137129420471  -0.956418675203  -3.911475704369
  33  C  0.214864258983  0.151728471044  4.474391192021  -1.576901981828  -0.172441906257  -3.543403463099
  34  C  0.109301977199  4.756700977735  8.905558505708  -2.652866220363  -3.134423721887  -2.391278997544
  35  C  0.173947005570  4.574469679761  4.417085410689  -3.342936234315  -1.983329034691  -1.515354072461
  36  C  4.445666582217  0.042389498328  0.008961976949  2.307492612153  0.916821210195  -1.784046526228
  37  C  4.263938681211  8.877582293978  4.452666692577  1.699543996450  1.671099605461  -1.723250903076
  38  C  4.302155852302  4.723525856051  8.880684459161  0.884128236242  -1.262339816752  -0.269096396928
  39  C  4.379134588276  4.536058482576  4.393341029021  0.096504302676  -0.021818042235  0.118116524098
  40  C  0.198677807678  2.330771413743  2.221748716979  -3.173828528565  -1.842854766408  -1.515927649552
  41  C  0.178062508863  2.386882287479  6.669212963540  -3.240529112451  -1.632422449505  -1.547880637259
  42  C  0.172599737871  6.756054596762  2.166361307327  -3.589953654945  -1.903897426783  -1.299395452523
  43  C  0.142680730696  6.821671251704  6.590973184888  -3.377488045978  -1.792695849419  -1.106671260268
  44  C  4.405536046408  2.293270257219  2.212045059453  0.173416373336  -0.271122132383  -0.067198595787
  45  C  4.387109059005  2.358656055137  6.649352981464  -0.007638195871  -0.098305252141  -0.064464068448
  46  C  4.361993089382  6.718102900589  2.141248309253  0.030304127339  -0.063667821220  0.312571867672
  47  C  4.337073112523  6.794360575525  6.573308900982  0.129854067863  -0.240701408814  0.551228786139
  48  C  2.052315992595  8.822972804620  2.224785463947  2.224468178223  2.196689505389  -1.788494333962
  49  C  2.032865287825  8.885777904505  6.665355392456  1.960456064686  2.248284734282  -1.811565882729
  50  C  2.180393621449  4.479388770428  2.172715679242  -0.028185654093  0.112340557865  0.150669020925
  51  C  2.144674547365  4.552306198774  6.591465149268  0.189348044423  0.082178965094  0.529086109592
  52  C  6.645943916501  0.100214380562  2.256949518351  1.842386743634  1.679678594655  -2.009920646610
  53  C  6.471965262639  8.926404287623  6.680825694794  1.700939273427  1.843334373111  -1.830752613905
  54  C  6.611842458881  4.525375942640  2.184817072090  -0.130590354937  -0.154144100888  0.125485226605
  55  C  6.576544491354  4.595129798665  6.617582512702  0.192154190674  -0.182627095206  0.250307873782
  56  C  2.108948811006  2.470700499937  8.899990674277  1.080901107728  -0.762160958123  -0.050523146538
  57  C  2.188387985368  2.297198466355  4.408567331975  0.027370163801  0.181615780275  0.413828110970
  58  C  2.075215879441  6.919720645083  8.836301994042  0.629014320707  -1.117859675128  0.045955116740
  59  C  2.139798842896  6.730478868608  4.354259073777  0.147655821491  0.176140610269  0.376919290509
  60  C  6.626798476490  2.281505471945  0.005470680599  0.988011017016  -1.226523964930  -0.364780773634
  61  C  6.613385788873  2.341728967456  4.437279442300  0.105084708336  -0.108613578397  0.015784194888
  62  C  6.498538184138  6.954164182460  8.860350737796  0.719537203676  -1.119780032163  -0.090363362464
  63  C  6.576094768756  6.776500133553  4.377303844783  -0.096720332528  -0.246477459095  0.204682249111


MDSTEP:  4
LATTICE_CONSTANT: 1.889726125458
LATTICE_VECTORS
  8.625476620421  0.000000000000  0.000000000000
  -0.156410140744  8.769619244314  0.000000000000
  -0.088390434713  0.246037057568  8.921488846972
VIRIAL (KBAR)
  55.987834369486  74.710011141756  29.937048994921
  74.710011141756  43.851961047283  -49.589114527765
  29.937048994921  -49.589114527765  -1.906759676046
INDEX    LABEL    POSITIONS    FORCE (eV/Angstrom)
  0  Si  3.301155994401  1.189118184554  3.331297410207  -0.003297939519  0.350267914937  -0.395061022564
  1  Si  3.276117205684  1.251435074827  7.763501209403  -0.704629400395  1.548798042293  0.160503993421
  2  Si  3.250957287624  5.620392859027  3.267638740268  0.054783421190  0.049175515124  -0.213668654687
  3  Si  3.225398142776  5.686195354571  7.701442079165  -0.534039808062  1.097784479804  0.355830776430
  4  Si  7.740280037943  1.235393932986  3.339765519360  -1.077265354226  0.253125622915  -0.047016714279
  5  Si  7.710247053191  1.284256196214  7.779154485980  -1.448938301702  1.334691670149  0.410717624995
  6  Si  7.692633172028  5.659014719538  3.288716782072  -0.852270617473  -0.027014575070  -0.239140982675
  7  Si  7.671121887460  5.732086521775  7.715421765207  -1.602945525472  0.776982773597  0.449773361857
  8  Si  3.287073384986  3.367694395154  1.084781383720  -0.001497749327  0.056396904422  -0.354968574676
  9  Si  3.261907024318  3.442991215645  5.507910903147  0.070099983795  -0.071181900032  -0.093089634851
  10  Si  3.246082405793  7.806607209314  1.013356432894  -1.603177767237  -2.096424406141  1.582281055001
  11  Si  3.230500806838  7.861838972101  5.460228661832  -1.800550129618  -1.833633175981  1.529516418974
  12  Si  7.724583990474  3.415629133888  1.096537090449  -0.933651908188  -0.183190721365  -0.265102914565
  13  Si  7.698162154002  3.469797114667  5.536290878408  -0.867419141077  0.111633903149  -0.166881260630
  14  Si  7.682695891645  7.840397667965  1.041562183387  -2.499075369557  -2.176178012791  1.470143042010
  15  Si  7.666376269486  7.905167167027  5.478407478563  -2.665382909066  -2.072155712251  1.406176572200
  16  Si  1.100084595373  1.138397858074  1.100931652534  3.998011193543  2.010103969880  1.081168326581
  17  Si  1.076268758216  1.201977586868  5.537068277183  4.143798176151  2.183401033388  1.185962863190
  18  Si  1.062203495430  5.566094880307  1.038249744849  3.982998498668  1.659615588920  1.281357138813
  19  Si  1.040365447500  5.634016890583  5.469464970979  3.855458731578  1.540180778056  1.300309894414
  20  Si  5.532363366120  1.171695026454  1.116280464369  -0.119317442317  0.467932233453  -0.168384851987
  21  Si  5.510033641511  1.238851878255  5.556021967699  -0.117866253929  0.483055404051  -0.234618307166
  22  Si  5.483492460018  5.603918329018  1.051911024417  -0.031502641278  -0.075794181657  -0.099381570159
  23  Si  5.463995221068  5.669591428821  5.491823401303  -0.083027102151  0.198155827612  -0.155524498078
  24  Si  1.063247111829  3.378760786699  3.289001106146  4.046188960368  1.947864486391  1.386514693142
  25  Si  1.047300477899  3.446058407818  7.733959832133  3.036346833992  2.887224489109  1.765463479538
  26  Si  1.027176518572  7.822522987277  3.227379861161  2.172676289057  -0.486843983338  3.089950343248
  27  Si  1.003225016075  7.879422794034  7.659865622252  1.579165823952  0.419484981820  3.664580944512
  28  Si  5.493079931790  3.420685890643  3.306396173967  0.003235812104  0.174114777253  -0.116048838739
  29  Si  5.480047049610  3.484527191099  7.739836159680  -1.032726876715  1.263867058661  0.444614288062
  30  Si  5.452193049769  7.853082987057  3.246965869183  -1.747593491973  -2.026320837558  1.730321785812
  31  Si  5.424294319985  7.926959493371  7.686366448527  -2.044939062456  -1.194786790826  1.900298663133
  32  C  0.245827383681  0.077194676036  0.032879531489  -1.194111663902  -1.101199595059  -3.576428966589
  33  C  0.208224572509  0.156414008326  4.467390086014  -1.440830550495  -0.219641829592  -3.258793215577
  34  C  0.103095771825  4.752403108491  8.902914522291  -2.415506424926  -2.898531183630  -2.187522300399
  35  C  0.169721877492  4.574749193833  4.410798977297  -3.180391553099  -1.881391731308  -1.303493772152
  36  C  4.445307683424  0.047815880397  0.008894783149  2.211287085402  0.742093561793  -1.786108659215
  37  C  4.260279084307  8.882806571495  4.454452475771  1.767919067086  1.572669319124  -1.719126780664
  38  C  4.301581073587  4.720820840973  8.879125694555  0.845622256368  -1.213253185631  -0.259270272850
  39  C  4.376320143631  4.537305903100  4.387954823633  0.107380824627  0.017003666980  0.187297715709
  40  C  0.201225749592  2.328430329306  2.225370547492  -3.229246170120  -1.847499368311  -1.639009982186
  41  C  0.177679014344  2.385071438659  6.667609505313  -3.164203816698  -1.470930145496  -1.460729139148
  42  C  0.167080904230  6.751026744799  2.162093967163  -3.401220459476  -1.668318978391  -1.067086707614
  43  C  0.140941512899  6.817707082733  6.585337419213  -3.285243342894  -1.571315624993  -0.868801795698
  44  C  4.408841935904  2.292800544700  2.211811649722  0.095176820208  -0.252247525353  -0.060537238663
  45  C  4.383199151273  2.363132748378  6.644647201909  0.073897409467  -0.137516255515  -0.012311525599
  46  C  4.359391826130  6.714047590276  2.135187994863  0.072344889684  0.056823449699  0.471518084087
  47  C  4.342265065826  6.791485503099  6.577669475734  -0.024009584217  -0.134357408633  0.443931519694
  48  C  2.056013344825  8.827118004264  2.219228250245  2.068140094111  1.962301273976  -1.563520461031
  49  C  2.028660656277  8.893419887123  6.667391895741  2.070944248701  2.075681226820  -1.846226156630
  50  C  2.175457713474  4.484065131707  2.169120451296  0.051482002975  0.003085776678  0.205311981567
  51  C  2.151100275610  4.552830674045  6.594021698162  -0.006229749497  0.102261817076  0.444202816742
  52  C  6.646990205236  0.105734445125  2.260315330679  1.752977047575  1.540825310067  -2.091749341006
  53  C  6.476021702781  8.926682457947  6.675464047547  1.509056453548  1.710293754891  -1.630936513315
  54  C  6.616028152680  4.520868803188  2.187122270442  -0.250983266974  -0.019181813663  0.095063875120
  55  C  6.574462716216  4.593043310112  6.618196341168  0.182853033459  -0.064374185348  0.222893845554
  56  C  2.109274281143  2.471870164181  8.902705980898  1.078192213132  -0.755502327650  -0.107660513328
  57  C  2.187903044052  2.297866610576  4.402626636765  0.055215721427  0.194596422413  0.512244931976
  58  C  2.072784708506  6.914908028185  8.838793669899  0.693707704375  -1.022409649545  -0.035930831258
  59  C  2.139207793534  6.727273554724  4.356505231076  0.151411151681  0.273047556331  0.348537543408
  60  C  6.624026934776  2.278607424432  0.005359838626  1.027893418550  -1.187905518343  -0.357056784996
  61  C  6.612536027871  2.339655265762  4.431585467861  0.110807486169  -0.051378866119  0.135168187551
  62  C  6.493966244062  6.957191792562  8.865089563999  0.760381172530  -1.118944948242  -0.169983032075
  63  C  6.582194822806  6.776572033716  4.374729786103  -0.266362451441  -0.205116152998  0.289516048312


MDSTEP:  5
LATTICE_CONSTANT: 1.889726125458
LATTICE_VECTORS
  8.625476620421  0.000000000000  0.000000000000
  -0.156410140744  8.769619244314  0.000000000000
  -0.088390434713  0.246037057568  8.921488846972
VIRIAL (KBAR)
  55.942950320833  73.562019359201  29.382466609265
  73.562019359201  43.175958858292  -50.879855701596
  29.382466609265  -50.879855701596  -2.695863634735
INDEX    LABEL    POSITIONS    FORCE (eV/Angstrom)
  0  Si  3.298128394511  1.187906746733  3.330584431448  0.067134109908  0.316280142808  -0.324794057779
  1  Si  3.279222549333  1.253699589021  7.766264174776  -0.738207906455  1.493296001169  0.083975744758
  2  Si  3.249900295674  5.617006724557  3.266870412931  0.006056996341  0.131777626812  -0.129496178546
  3  Si  3.221462056168  5.687522505668  7.705989524136  -0.475382781023  1.021403166053  0.250349625895
  4  Si  7.736212614448  1.238973124259  3.336525983006  -1.003902467174  0.144833188949  0.048682789358
  5  Si  7.712612432148  1.282947149815  7.778308577889  -1.537175820711  1.380261410776  0.407166894097
  6  Si  7.691921130779  5.659311449356  3.290952830459  -0.914475075417  -0.059738918068  -0.295979888986
  7  Si  7.675018616114  5.736694058168  7.711683045228  -1.738676853593  0.701961416307  0.556339673318
  8  Si  3.282536044933  3.363485066035  1.088424101960  0.058088257112  0.106370744780  -0.444769853577
  9  Si  3.265711270390  3.438611683164  5.507113883011  -0.023946082825  0.081348866804  -0.131036359589
  10  Si  3.242539844371  7.803236313626  1.016534080586  -1.482331834699  -1.980492487118  1.514572000156
  11  Si  3.231044052266  7.857174904561  5.460389741024  -1.762297921654  -1.640177499301  1.456247285513
  12  Si  7.723402010870  3.415187128905  1.097409474701  -0.878451572007  -0.121697878741  -0.353465772419
  13  Si  7.701038876640  3.470434647395  5.533416146471  -1.039052255103  0.109914805995  -0.031495824101
  14  Si  7.684706393313  7.841282767447  1.038011207118  -2.600798010830  -2.156993470633  1.568257378849
  15  Si  7.669837122973  7.904220290620  5.477797820925  -2.704179824361  -2.051567068550  1.360580909534
  16  Si  1.100116760468  1.143165055021  1.105247220017  3.897053474985  1.874503164915  0.863646077886
  17  Si  1.073938342433  1.206520865539  5.541029582413  4.083344772194  2.047058803303  1.020068912627
  18  Si  1.060655469181  5.570652258630  1.042745988615  3.771845005348  1.409747276711  1.124591035494
  19  Si  1.037807401822  5.637582530603  5.474343517988  3.866280515375  1.403783353519  1.108442637225
  20  Si  5.532405627722  1.167169634121  1.113272900284  -0.097701983749  0.628913121029  -0.073868998961
  21  Si  5.507979590811  1.240224371163  5.553688391625  -0.011224957933  0.435903743997  -0.176676766823
  22  Si  5.485834567519  5.599506734421  1.053975708458  -0.111805495400  -0.036556496743  -0.192148303303
  23  Si  5.462552216905  5.673179541323  5.489737108586  -0.036130988728  0.143637465985  -0.136585969924
  24  Si  1.065136158430  3.381088188790  3.293808166479  3.829762032370  1.789940202752  1.268497214554
  25  Si  1.049517426316  3.448354192758  7.733931216094  2.935898983847  2.828250071276  1.693113619835
  26  Si  1.023273139369  7.827049149709  3.227152029977  2.186708422313  -0.594330719726  3.033804643628
  27  Si  1.007792743245  7.875775446773  7.658897510841  1.613991740093  0.666460193246  3.635020105005
  28  Si  5.495929253230  3.418768742836  3.303385589241  -0.083125768436  0.289128516953  -0.065087919966
  29  Si  5.481865635711  3.483832716934  7.735323834149  -1.027276836695  1.305564759800  0.546258336298
  30  Si  5.453467004284  7.856072300829  3.242939965989  -1.841263034200  -2.138777234597  1.878020052679
  31  Si  5.427247276523  7.923490050106  7.688336351179  -2.039432682684  -1.136195262263  1.770688457036
  32  C  0.239778621191  0.082464597268  0.032548565641  -0.956327449599  -1.081794406919  -3.477074399165
  33  C  0.212421190226  0.152994981677  4.465462743583  -1.492695376417  -0.015297357978  -3.176466995252
  34  C  0.096166721578  4.754829304872  8.897149221034  -2.134390846816  -2.803815384101  -1.923021767530
  35  C  0.161566513845  4.572553232938  4.414971819219  -2.944012241313  -1.706421917032  -1.289810731285
  36  C  4.447746451257  0.047851358222  0.012622664719  2.091765170879  0.647655122825  -1.825479510466
  37  C  4.267624223679  8.882430201324  4.459670655095  1.563026520654  1.526745346791  -1.822382179302
  38  C  4.297545653863  4.715327664798  8.875259360055  0.887698986073  -1.134850384304  -0.132518408017
  39  C  4.374383212984  4.543358570574  4.389955490349  0.185266757144  -0.155463916660  0.101627816123
  40  C  0.196709097295  2.328617182374  2.224305533637  -3.066170601030  -1.679734531627  -1.479238712390
  41  C  0.173383611289  2.383916383853  6.669244266003  -3.058393222217  -1.351343492071  -1.430473895834
  42  C  0.157374905986  6.751857771542  2.162965297482  -3.184140803785  -1.602140822991  -0.993048086997
  43  C  0.141104855101  6.816735911283  6.590359615750  -3.278910779135  -1.526400258959  -0.980308713130
  44  C  4.405177095555  2.295134503524  2.215003569784  0.137585371747  -0.347313502494  -0.124059587099
  45  C  4.382743337808  2.367192509274  6.639959067777  0.141891928258  -0.250164635224  0.080632503120
  46  C  4.356920544367  6.711691721049  2.137562042453  0.102821910591  0.058032405319  0.415964793403
  47  C  4.337644888414  6.787666844574  6.571147486552  0.047909385536  -0.061156481049  0.665482693393
  48  C  2.052438804014  8.827503062048  2.213809268364  2.104668046407  1.935575906106  -1.458316839688
  49  C  2.028664476524  8.899107002635  6.660550653360  2.051060823113  1.910288893513  -1.602216976142
  50  C  2.168455324635  4.478930571746  2.172832356825  0.126123730454  0.119682451590  0.149344995914
  51  C  2.151537310687  4.553256377395  6.590717891464  -0.016133528945  0.087465114833  0.498676491086
  52  C  6.644414430071  0.107576153637  2.264379743823  1.846973095668  1.596526086581  -2.274777532194
  53  C  6.482212682581  8.924228534912  6.672955543791  1.353940649684  1.709208942580  -1.565438769285
  54  C  6.619291221775  4.520518452300  2.181302697426  -0.294961351766  -0.030038519506  0.247273784432
  55  C  6.574080670049  4.599375649288  6.623883852867  0.205306117121  -0.123115138687  0.038703078822
  56  C  2.112167392593  2.467883748842  8.898492270679  1.024994901460  -0.687535492263  -0.022205483901
  57  C  2.184735495329  2.297276695472  4.402434342177  0.106554553878  0.205872990400  0.538254663181
  58  C  2.070485631689  6.915338759334  8.844203917589  0.731187187656  -1.016785672943  -0.094916947360
  59  C  2.139544260777  6.734319320885  4.359009861274  0.068586454938  0.107647621803  0.236832592081
  60  C  6.626943500644  2.284670020721  0.009394790134  0.896327554902  -1.323620178803  -0.462712587442
  61  C  6.611028699500  2.339838712551  4.429125213764  0.143982443204  -0.018094338562  0.184772523354
  62  C  6.496554254160  6.959767870299  8.870222301078  0.701883507778  -1.176337918080  -0.251120419241
  63  C  6.582468603764  6.777626771251  4.369169658315  -0.262743052330  -0.207087540287  0.395105107041


MDSTEP:  6
LATTICE_CONSTANT: 1.889726125458
LATTICE_VECTORS
  8.625476620421  0.000000000000  0.000000000000
  -0.156410140744  8.769619244314  0.000000000000
  -0.088390434713  0.246037057568  8.921488846972
VIRIAL (KBAR)
  54.980149279646  72.480001510946  29.494315514890
  72.480001510946  42.424847535468  -50.408222820994
  29.494315514890  -50.408222820994  -3.396938783137
INDEX    LABEL    POSITIONS    FORCE (eV/Angstrom)
  0  Si  3.302883163178  1.186165842327  3.331275443087  -0.042742247866  0.294039561011  -0.311154492778
  1  Si  3.274177042975  1.257226523760  7.766479006047  -0.656400210961  1.443864924331  0.038740164495
  2  Si  3.254353032988  5.616289014721  3.269807785700  -0.086336491571  0.121059056083  -0.129777753630
  3  Si  3.217508686682  5.690027875852  7.703269000586  -0.505277381207  0.986433102613  0.232358628584
  4  Si  7.736886860425  1.233858449500  3.339891441584  -0.950030718660  0.248152246819  -0.112425249840
  5  Si  7.711801472149  1.283659857607  7.781501445445  -1.527647854033  1.357325705729  0.366421280154
  6  Si  7.687690564001  5.655798869462  3.293746506357  -0.806587790149  0.036152809564  -0.265663722165
  7  Si  7.678886720166  5.737532419034  7.709685400774  -1.783251968347  0.673556448794  0.590352909825
  8  Si  3.279911053276  3.360305792476  1.083355860236  0.152767227899  0.113595317214  -0.299006103806
  9  Si  3.261632915929  3.441024719697  5.508285091852  -0.018250970470  0.015916212711  -0.121403091952
  10  Si  3.239006001191  7.804425587710  1.021668199508  -1.324856339350  -1.986760366971  1.381668423480
  11  Si  3.233463748664  7.858936323295  5.463270612214  -1.890173717189  -1.708658600831  1.411383854476
  12  Si  7.721064204481  3.416673746194  1.093658514821  -0.858548298109  -0.250232895233  -0.282252084016
  13  Si  7.696380629736  3.473457908970  5.537177395818  -0.973109390824  0.040187826540  -0.132519005330
  14  Si  7.681952209857  7.839299245389  1.042404742915  -2.537238237019  -2.085291510467  1.421516219460
  15  Si  7.665149029304  7.907237247478  5.477111405380  -2.490899755281  -1.948207520438  1.350752673973
  16  Si  1.105996616346  1.148861528620  1.106145154535  3.739563817164  1.672488557994  0.786495155714
  17  Si  1.077530429740  1.211494914474  5.537331332092  4.008681433023  1.930953681183  1.096387566407
  18  Si  1.056704640754  5.567515285798  1.041114957058  3.858181347971  1.415832539948  1.122950706744
  19  Si  1.034220701612  5.635620508444  5.469844900634  3.955743913674  1.561922119338  1.222722479274
  20  Si  5.533920465599  1.167163942693  1.115484897275  -0.199585723914  0.549255033998  -0.137214307828
  21  Si  5.508890802070  1.237930373504  5.552942839101  -0.116413386419  0.457302102326  -0.246461734184
  22  Si  5.483844678613  5.600261535002  1.049506139580  -0.118805812187  -0.075833321261  -0.160279974843
  23  Si  5.462205925502  5.674942091116  5.493519256051  -0.078195800273  0.127083812740  -0.197052174579
  24  Si  1.064642926242  3.386802762396  3.291583406170  3.819782973511  1.471581286170  1.241158636245
  25  Si  1.047324747767  3.445419267379  7.730326971289  3.005340167945  2.919138504071  1.775392593658
  26  Si  1.024916366468  7.822232312451  3.223813741656  2.316312999267  -0.410816597019  3.169775661690
  27  Si  1.004593318944  7.878828143573  7.665283683342  1.649621513018  0.720865071784  3.254164235283
  28  Si  5.493345224060  3.421692300316  3.299632184674  -0.012518518510  0.216664395741  0.099482236268
  29  Si  5.482186991702  3.487437645408  7.734583295236  -1.113767271258  1.114954991241  0.498924263915
  30  Si  5.453876425164  7.854795210737  3.247682324774  -1.767676487819  -2.054896315602  1.722373772403
  31  Si  5.424578863833  7.918225334460  7.685350957872  -2.026983279266  -0.951879452785  1.682982247547
  32  C  0.242977754334  0.079181482686  0.033457118434  -0.974715513840  -0.997269909485  -3.373092546793
  33  C  0.216479393672  0.158081643785  4.461208907416  -1.606921585767  -0.269625921697  -3.041538558224
  34  C  0.097541037937  4.746886210861  8.893676764510  -2.174955309015  -2.666587418606  -1.891560772821
  35  C  0.166245699261  4.568620044592  4.414057938326  -3.164856518480  -1.681602165338  -1.314548659704
  36  C  4.442046467307  0.055196794678  0.012248672748  2.093191606649  0.465231559676  -1.702375482584
  37  C  4.262824629187  8.876717963963  4.455593443565  1.766375958726  1.632604997239  -1.784154048185
  38  C  4.292035731134  4.711593270216  8.868834673161  0.962481193848  -1.067295000392  -0.050560673916
  39  C  4.370627327408  4.549465584306  4.396569084106  0.299135720754  -0.307074621106  0.012094901069
  40  C  0.196945551719  2.327069476189  2.220796323744  -3.059640390356  -1.563585366849  -1.345798666333
  41  C  0.171867866108  2.387647075828  6.666344214452  -3.107618177812  -1.482818226430  -1.397044819941
  42  C  0.158286458093  6.751330754750  2.166026131627  -3.310347982153  -1.749562498755  -1.115922083236
  43  C  0.137618390642  6.813503434636  6.590506034646  -3.155536404322  -1.315553772279  -0.953619742832
  44  C  4.410756570355  2.287914484784  2.218170650978  0.018160379905  -0.169874476600  -0.214668456205
  45  C  4.378374993684  2.359071063647  6.632704573145  0.226670126937  -0.020250611328  0.206602822639
  46  C  4.360666648061  6.704461137497  2.145425692502  0.053334304513  0.185100972851  0.234597993329
  47  C  4.334415710195  6.782308929939  6.564249293541  0.098181104276  0.032672608491  0.820025668503
  48  C  2.056272156207  8.825549718872  2.210405850082  2.028574885164  1.950777675416  -1.357999913898
  49  C  2.034160131223  8.901252233948  6.655239938611  1.792577144387  1.772463972978  -1.396507603222
  50  C  2.170913019069  4.474313328125  2.176753921172  0.131070096194  0.232177589846  0.038247558187
  51  C  2.143536202828  4.557577937483  6.591712713087  0.073455073747  -0.003024490754  0.475136186965
  52  C  6.644182627669  0.108555749991  2.255883024644  1.773461544443  1.408778845326  -1.996676609582
  53  C  6.477419781110  8.932469758481  6.671045933095  1.364011502745  1.502137488090  -1.449230978583
  54  C  6.622131252746  4.524807877530  2.181931832329  -0.389735319983  -0.094545974563  0.168796001853
  55  C  6.572565709278  4.607131577896  6.624448554324  0.230141343023  -0.255126216920  0.059116616708
  56  C  2.112015226018  2.470826181036  8.899754441890  0.990078214336  -0.722137839873  -0.133443614698
  57  C  2.183351441841  2.289645545651  4.406861547442  0.163489074623  0.439774605914  0.355016062917
  58  C  2.070194169499  6.916891695060  8.836590686365  0.750143965462  -1.102484974217  0.128061034169
  59  C  2.144512184391  6.732599945106  4.360297408517  -0.038778748792  0.133964984939  0.210555157688
  60  C  6.620529113306  2.276133675793  0.013430601614  0.994817555462  -1.074975800317  -0.576006841418
  61  C  6.615835141652  2.332386557962  4.429908854058  0.008794816831  0.173802793533  0.148429090584
  62  C  6.494379494001  6.957693400032  8.862329281055  0.775108347598  -1.175035520173  -0.106806207320
  63  C  6.580873177845  6.778473974448  4.376687558899  -0.230845751890  -0.226806015953  0.274083170241


MDSTEP:  7
LATTICE_CONSTANT: 1.889726125458
LATTICE_VECTORS
  8.625476620421  0.000000000000  0.000000000000
  -0.156410140744  8.769619244314  0.000000000000
  -0.088390434713  0.246037057568  8.921488846972
VIRIAL (KBAR)
  53.997955790079  71.521541041394  30.344179832075
  71.521541041394  42.013620446397  -49.277625230567
  30.344179832075  -49.277625230567  -3.989033025821
INDEX    LABEL    POSITIONS    FORCE (eV/Angstrom)
  0  Si  3.307134430748  1.183464481328  3.333655564083  -0.107483269851  0.426005183629  -0.307791901890
  1  Si  3.272807273677  1.259440188832  7.768859079733  -0.594961112255  1.430950693273  0.033201123597
  2  Si  3.259276268264  5.611636181687  3.268903070767  -0.188107175107  0.231888809114  -0.115818837840
  3  Si  3.217483070913  5.690342142600  7.702650488176  -0.548813620440  0.937584890542  0.194936801627
  4  Si  7.733837876618  1.239009853757  3.335125997615  -0.960402986876  0.232629174492  0.014297746393
  5  Si  7.708900771690  1.286975836517  7.781330762203  -1.433252920193  1.256224234836  0.462098522581
  6  Si  7.691536379172  5.659294523173  3.293750933064  -0.873982378213  -0.114634017337  -0.234230330324
  7  Si  7.679820479981  5.738872359387  7.710401430694  -1.840577830765  0.692292762991  0.590589141404
  8  Si  3.276245572488  3.365219021713  1.088678511995  0.163000924948  0.036383137527  -0.313066210748
  9  Si  3.258145456324  3.439201055610  5.508673982713  0.079158610814  0.005096587439  -0.196352205569
  10  Si  3.234483195183  7.800462907441  1.025488042658  -1.193331924587  -1.934210867974  1.241228999392
  11  Si  3.236950700354  7.859641872998  5.463101339573  -1.927369736574  -1.657297130106  1.246072556592
  12  Si  7.721555379206  3.417116276331  1.093929929309  -0.864610734659  -0.324832354716  -0.301666787758
  13  Si  7.701689270836  3.468431229581  5.531758677382  -1.069298204869  0.061398497036  0.084064038864
  14  Si  7.680308206515  7.836536713699  1.048303014928  -2.411311473186  -1.899798811668  1.148633493971
  15  Si  7.664511078505  7.907862883069  5.480118086474  -2.393896125456  -1.863214316765  1.196630364601
  16  Si  1.112919511667  1.149137006984  1.106724266342  3.614496920130  1.550193974892  0.653574206208
  17  Si  1.078924520763  1.207688625307  5.533408494795  4.020576918024  2.110178366437  1.220532755477
  18  Si  1.052843290009  5.565531018285  1.036358495666  4.046169568716  1.577578459611  1.288697219159
  19  Si  1.030101289037  5.635922193738  5.469010537168  4.051106662282  1.581861876909  1.251945070253
  20  Si  5.534521053116  1.168767027410  1.116620150739  -0.314377407273  0.524093466839  -0.141011251059
  21  Si  5.507148184286  1.237921230080  5.549616161933  -0.101531196936  0.513902542141  -0.183729345327
  22  Si  5.487164042878  5.595138407335  1.052454520550  -0.198808458838  -0.044366079198  -0.192955295293
  23  Si  5.460190668974  5.669814671575  5.497131471891  -0.015723940994  0.096784279515  -0.255222139881
  24  Si  1.064310571436  3.387081852869  3.287926626238  3.880352340108  1.441878934144  1.397892334183
  25  Si  1.046405553699  3.452130406843  7.733865616601  2.936418694446  2.745527107064  1.588437581998
  26  Si  1.020586139034  7.827720679670  3.221815369281  2.308516614446  -0.620314408828  3.070579267675
  27  Si  1.006059918692  7.879005262741  7.664561593071  1.819728966471  1.063280115826  3.214917221237
  28  Si  5.495658255562  3.422226337988  3.301072592788  -0.106848567029  0.173940354326  0.094339482048
  29  Si  5.484696397835  3.488518844443  7.730209068116  -1.261846002854  0.931863949398  0.603936192357
  30  Si  5.449189802477  7.849739616998  3.250859753710  -1.486140062781  -1.738655934881  1.485865566850
  31  Si  5.426702503737  7.917563008530  7.682631651975  -1.979391924252  -0.844986984058  1.642815750471
  32  C  0.250291488520  0.074263790941  0.026653041817  -1.100824778305  -0.964106598571  -3.095933106366
  33  C  0.219135933325  0.159449970751  4.455505890334  -1.809509462897  -0.353204385267  -2.973860446129
  34  C  0.096626348156  4.752556198218  8.897293262842  -2.296887172717  -2.891341265509  -2.081223698625
  35  C  0.167034090607  4.563354867656  4.418124687522  -3.218839561681  -1.616683891963  -1.426242965214
  36  C  4.442795075031  0.052559851443  0.015870152038  1.987500451971  0.495562355136  -1.748915010230
  37  C  4.267331754253  8.885136849439  4.450299345825  1.662042444159  1.313159783398  -1.630293955739
  38  C  4.284341355630  4.712644804356  8.874378012268  1.078853778529  -1.048676578483  -0.098883479865
  39  C  4.373292438165  4.546808113497  4.394488308923  0.246597820667  -0.287000410566  0.078257553514
  40  C  0.198703650461  2.325906780325  2.219715558914  -3.064426662525  -1.548575178928  -1.375699467988
  41  C  0.168799313050  2.382119416005  6.673451576508  -2.954213256079  -1.320643967908  -1.484533278739
  42  C  0.158754752843  6.744943517417  2.160500713974  -3.265035257495  -1.512043502075  -0.931302549371
  43  C  0.142858630412  6.820154261552  6.595437945333  -3.341402772001  -1.572205304623  -1.180668480724
  44  C  4.406544507254  2.287576081990  2.222766213184  0.103984292701  -0.123676956543  -0.281757385038
  45  C  4.370724400847  2.353441568547  6.624982181962  0.395090432550  0.088694310700  0.380781844056
  46  C  4.366741579328  6.706805764507  2.143457153078  -0.069686949137  0.042983024760  0.296306638436
  47  C  4.336773647090  6.778877262127  6.561116404100  0.069678423749  0.091323720014  0.860950103984
  48  C  2.065061949273  8.823933365478  2.216174266917  1.896316519074  1.966677144502  -1.459307527311
  49  C  2.039602270212  8.910659482876  6.649824596216  1.642630679785  1.461362696199  -1.216421469057
  50  C  2.164187935855  4.477957153865  2.181326502203  0.234571621259  0.208014421917  -0.084682458338
  51  C  2.145507192425  4.551718613008  6.583557718762  0.000954208044  0.178396722703  0.651370018803
  52  C  6.647006833274  0.115700089490  2.249502634202  1.571058658748  1.099596045087  -1.676521505929
  53  C  6.484028113480  8.938722168913  6.664070900531  1.141592070524  1.313768463294  -1.274367304196
  54  C  6.624286717593  4.516808978662  2.184796661620  -0.367237866673  0.052610590991  0.153238756018
  55  C  6.571245102365  4.599913035330  6.630354079933  0.358594477810  -0.096229518093  -0.085128622180
  56  C  2.112158755461  2.478006602225  8.898959186263  0.995901260058  -0.782148527578  -0.048560230022
  57  C  2.189416002613  2.291296376762  4.411742791332  0.000812393990  0.384111220380  0.176422599144
  58  C  2.064196342141  6.915721811333  8.829364157885  0.899314714070  -1.130547915230  0.289518984372
  59  C  2.135997887572  6.727683429075  4.352378533490  0.139355896090  0.257448134208  0.346921228741
  60  C  6.617293624710  2.272157666126  0.017079221508  1.036949346734  -0.942314152404  -0.676637746600
  61  C  6.607607399985  2.340067714172  4.437024554016  0.193633455255  0.014671101177  -0.035233068982
  62  C  6.486972693131  6.956948565103  8.866510575456  0.908196516664  -1.164120579759  -0.166920209793
  63  C  6.576623871458  6.775261440920  4.377478526627  -0.123024889319  -0.194087493409  0.315885108121


MDSTEP:  8
LATTICE_CONSTANT: 1.889726125458
LATTICE_VECTORS
  8.625476620421  0.000000000000  0.000000000000
  -0.156410140744  8.769619244314  0.000000000000
  -0.088390434713  0.246037057568  8.921488846972
VIRIAL (KBAR)
  54.083126934287  70.566377249016  29.170062250650
  70.566377249016  41.257533421275  -49.712438156980
  29.170062250650  -49.712438156980  -4.463791256586
INDEX    LABEL    POSITIONS    FORCE (eV/Angstrom)
  0  Si  3.306300530356  1.189366545156  3.334527756159  -0.175742485879  0.268764853483  -0.278133980948
  1  Si  3.267575225970  1.258477226606  7.771064564883  -0.391801880348  1.500327786341  0.002721031591
  2  Si  3.264456776986  5.615953662968  3.270366758011  -0.291988143093  0.095819153775  -0.084116117929
  3  Si  3.215904535379  5.692925757350  7.698982913661  -0.490850762191  0.905769469907  0.351693418771
  4  Si  7.729200783932  1.242858143132  3.337347361413  -0.800512800855  0.088183482773  0.011552123938
  5  Si  7.705095175720  1.291357933530  7.786321925300  -1.292364584778  1.251386281864  0.383631141089
  6  Si  7.688383091663  5.654215851651  3.290161902674  -0.652650106299  -0.020369148644  -0.048337054658
  7  Si  7.673076905149  5.734427793986  7.706251084809  -1.606882985260  0.823881995610  0.723776236476
  8  Si  3.281264116862  3.361050499579  1.090508790385  0.036911338304  0.313868052974  -0.364761526487
  9  Si  3.259986576943  3.438313397507  5.514563172855  0.085878682275  -0.027201647453  -0.275121865052
  10  Si  3.230137775498  7.804263028426  1.031475823127  -1.200221620530  -2.020513872919  1.076377280123
  11  Si  3.239482034799  7.864660474169  5.461485224937  -2.016284176988  -1.773868201033  1.334211847202
  12  Si  7.720494902924  3.421686776882  1.089868911889  -0.931518724496  -0.398286687477  -0.215352442415
  13  Si  7.695910953544  3.465593428893  5.536242684429  -1.014165974210  0.239828763685  -0.057358670176
  14  Si  7.676485297386  7.834868997844  1.050770124482  -2.128878200368  -1.691424318566  0.967894469973
  15  Si  7.669061601888  7.909045527541  5.480401212156  -2.364543617556  -1.920092028850  1.214300326388
  16  Si  1.118215614790  1.154790282961  1.107932534924  3.475542123755  1.422602747220  0.518862460952
  17  Si  1.074700572681  1.213574030718  5.536280137421  3.963312052893  1.874449659142  1.074373410145
  18  Si  1.050425890720  5.570044998628  1.041223532217  3.879230065869  1.379651161152  1.010586087518
  19  Si  1.035774414975  5.636100573855  5.466822540920  3.902017442078  1.493376160203  1.255421511914
  20  Si  5.538500077671  1.170797557989  1.112267224318  -0.371773164306  0.423997064701  -0.151003085695
  21  Si  5.510610693535  1.236990738965  5.544685523225  -0.154317252380  0.439122864616  -0.124410440139
  22  Si  5.482397935657  5.599403680604  1.058353805782  -0.164234795607  -0.140126637382  -0.267457914158
  23  Si  5.457681076990  5.674868471519  5.493999473874  0.081784297184  -0.013867286321  -0.126115921052
  24  Si  1.061443595212  3.383452249061  3.290498503683  3.830211528695  1.347050002106  1.179807290046
  25  Si  1.051437788980  3.448170609976  7.732174704329  2.732796731624  2.792418933003  1.509673418033
  26  Si  1.019123689194  7.832809907412  3.219603356131  2.337637901076  -0.741718413565  3.192001716936
  27  Si  1.011564279814  7.885218676167  7.661408628555  1.734779316990  1.113385924870  3.336371901185
  28  Si  5.496802080498  3.418175773711  3.306970567570  -0.192854041688  0.273883076935  -0.119470366424
  29  Si  5.483714737032  3.482859044389  7.729766051572  -1.307286733845  1.104271128308  0.496821444249
  30  Si  5.451663985180  7.853400392863  3.246419203615  -1.476716728622  -1.860259954198  1.556413775636
  31  Si  5.430853746398  7.918877194264  7.683288978436  -2.020172898188  -0.825062329707  1.652435142039
  32  C  0.258757483508  0.078164925467  0.021447944524  -1.320340538789  -1.049232240470  -2.876556270276
  33  C  0.226749098422  0.150606842126  4.448670240592  -1.870067581347  -0.000412484592  -2.698034475986
  34  C  0.089787063071  4.744657423942  8.894272776773  -2.013743426131  -2.566546455338  -1.881636967740
  35  C  0.172058345315  4.553226693556  4.417538693917  -3.347663643738  -1.377486699031  -1.264626255836
  36  C  4.439175774773  0.050085174270  0.013727228504  2.063368757273  0.534874231390  -1.648745897042
  37  C  4.267861200704  8.881374193170  4.447788578544  1.756244745317  1.465346651777  -1.714608858699
  38  C  4.287297838830  4.718195813362  8.876217921380  1.004209100017  -1.136546289298  -0.105342858834
  39  C  4.375143896660  4.542727028115  4.396732089071  0.208337209341  -0.223019461712  0.071964353585
  40  C  0.187494891583  2.315970610248  2.217896835696  -2.794029558950  -1.175813574699  -1.246917525205
  41  C  0.159514032303  2.389159764947  6.664593156150  -2.824112612335  -1.401961063500  -1.208936416161
  42  C  0.158767652178  6.751774664505  2.166168061273  -3.387843278430  -1.711911814440  -1.090004678496
  43  C  0.149497816640  6.826598092781  6.601751323049  -3.472131323672  -1.828222019934  -1.406270957780
  44  C  4.402098927796  2.280783603215  2.214819809470  0.266539807160  0.012413516861  -0.100787425424
  45  C  4.374569790237  2.345023916613  6.618144265752  0.349067645068  0.178557727032  0.502018595619
  46  C  4.361367582659  6.702541263162  2.143084356095  0.033894075011  0.230070694142  0.338268549886
  47  C  4.340179341312  6.783251653560  6.565785407010  0.002520068910  0.080496725993  0.718047298105
  48  C  2.059328110395  8.822498329303  2.215967063532  2.105732833347  2.166516269642  -1.488311368594
  49  C  2.044989731423  8.919877633366  6.655367714007  1.529904470556  1.400864048991  -1.408317453134
  50  C  2.161219463252  4.486827142961  2.188492310946  0.307943774104  -0.035715027107  -0.213420180543
  51  C  2.151043184396  4.544246925712  6.590010291029  -0.053162692956  0.344438846119  0.519494067017
  52  C  6.655543962778  0.121009879515  2.252725231972  1.349261410093  1.032437955887  -1.770034932570
  53  C  6.489229973960  8.944121620107  6.665917602241  1.068579024604  1.223662070119  -1.317689022863
  54  C  6.626132596415  4.526071966466  2.190502786500  -0.482531549802  -0.190488250071  0.020846179703
  55  C  6.575359726586  4.603178724259  6.636785566664  0.137698532725  -0.178238241905  -0.289827413754
  56  C  2.119047276693  2.484809015567  8.891715273873  0.935568673865  -0.941877755945  0.131962747221
  57  C  2.185488594467  2.292979631344  4.418386384570  0.101402813163  0.368359221129  0.057592635500
  58  C  2.055562358031  6.918336909969  8.823677974986  1.076874929780  -1.163102206092  0.475339911715
  59  C  2.137124236903  6.726075694189  4.345376944440  0.182930406674  0.363716783775  0.509896398456
  60  C  6.616255550777  2.275834992468  0.008552544698  1.065341108594  -1.035262613150  -0.464657599035
  61  C  6.603719974104  2.340643274426  4.430803872464  0.261432985589  -0.023961744639  0.127944423290
  62  C  6.480182858100  6.954446534930  8.874016329910  0.994522258225  -1.059412760370  -0.254718483350
  63  C  6.582980753376  6.768417711775  4.380310468593  -0.250088226521  -0.021792077118  0.238783232152


MDSTEP:  9
LATTICE_CONSTANT: 1.889726125458
LATTICE_VECTORS
  8.625476620421  0.000000000000  0.000000000000
  -0.156410140744  8.769619244314  0.000000000000
  -0.088390434713  0.246037057568  8.921488846972
VIRIAL (KBAR)
  53.601398536639  69.724684427702  28.803503708435
  69.724684427702  40.274596492941  -49.244550871289
  28.803503708435  -49.244550871289  -5.745606198031
INDEX    LABEL    POSITIONS    FORCE (eV/Angstrom)
  0  Si  3.306184650561  1.192845762301  3.336100387138  -0.185015205127  0.123540041578  -0.322395454885
  1  Si  3.264720455354  1.258490518275  7.768507578637  -0.410660431320  1.557611562157  -0.100841120986
  2  Si  3.259610728389  5.613172124832  3.266403227316  -0.082863111237  0.199950061831  0.089843311166
  3  Si  3.212524286787  5.694240750686  7.702683719222  -0.518723081348  0.944784428135  0.231241322722
  4  Si  7.723689977537  1.243926646212  3.336830877870  -0.563701080738  0.130280115564  0.013643850425
  5  Si  7.701846036185  1.286976782306  7.791224791421  -1.299674787813  1.331707242803  0.151007248462
  6  Si  7.686835305692  5.654649918727  3.291450967241  -0.681803027176  -0.107151060681  0.044716282750
  7  Si  7.672192944092  5.738890075695  7.701642021915  -1.489960619637  0.676223918968  0.816785014305
  8  Si  3.283184786406  3.366652465989  1.090989921118  0.008389785366  0.207356828228  -0.343727553646
  9  Si  3.260693129070  3.441741837753  5.516969658060  0.134009326365  -0.153599625119  -0.482791260734
  10  Si  3.225643274420  7.800394797915  1.031177126042  -0.991855279984  -1.867378709900  1.012182567588
  11  Si  3.242931730650  7.864713179794  5.467329334213  -2.027584059133  -1.662479334432  1.129954660359
  12  Si  7.715202976084  3.424022692748  1.085809846199  -0.906281287201  -0.394980574900  -0.100004484467
  13  Si  7.693212370475  3.471493319269  5.539798085626  -0.932473664231  0.095017161115  -0.286604731220
  14  Si  7.670427370381  7.828313249246  1.049159586630  -1.694990417121  -1.418813816560  0.910233932709
  15  Si  7.668958630271  7.906162439401  5.480620634644  -2.284295429282  -1.837359664369  1.114177018724
  16  Si  1.118333689506  1.158288368509  1.101797736628  3.375352074908  1.332695461101  0.718588173695
  17  Si  1.069735520204  1.210339056389  5.541071792537  4.166349428877  2.087062874939  0.917986193765
  18  Si  1.047130607714  5.575104396223  1.044931041430  3.976496172172  1.218993236817  0.881003136574
  19  Si  1.039649773909  5.635319720262  5.467495578124  3.813941843748  1.564050430083  1.099792687502
  20  Si  5.536851820249  1.172123523751  1.115839369544  -0.371105259369  0.442659347598  -0.259168811230
  21  Si  5.514925028783  1.235907916075  5.542372547635  -0.222322490322  0.491221673645  -0.239450807086
  22  Si  5.485538238363  5.599706321844  1.051908062945  -0.202398043782  -0.093744797030  -0.113532449173
  23  Si  5.463477186776  5.679420689534  5.499976156393  -0.303494374720  -0.161088561288  -0.283091369739
  24  Si  1.065546203688  3.389701819617  3.284392798306  3.671602343765  0.972830700603  1.204925327623
  25  Si  1.046663958411  3.449069724107  7.730515247633  2.760284986069  2.595047629957  1.427653624816
  26  Si  1.020572725660  7.837975309889  3.214974843138  2.106306052325  -1.019702472073  3.567034540415
  27  Si  1.013049523633  7.891251127011  7.659507147001  1.830750353744  1.067272311668  3.362060198605
  28  Si  5.495491278368  3.412735463911  3.301910893217  -0.114087749287  0.435350347760  0.033511495448
  29  Si  5.478825029876  3.486795213483  7.730180573537  -1.202127808848  0.900057558076  0.508453893653
  30  Si  5.453514181231  7.848241199801  3.241821678511  -1.468191474452  -1.710141056045  1.586966026816
  31  Si  5.429584891649  7.924997360874  7.684047128702  -1.952146007353  -0.871686975335  1.669643519625
  32  C  0.263371954497  0.081976729519  0.009939205040  -1.446853020110  -1.363199505983  -2.525024272236
  33  C  0.231231638234  0.154055661812  4.454298794889  -2.131973152880  -0.240486551330  -2.962200145256
  34  C  0.093334015936  4.740280567368  8.899380360820  -2.115063550332  -2.390854780623  -2.065244758310
  35  C  0.174603088976  4.551095145490  4.413024235675  -3.344094723795  -1.230732188501  -1.071565504729
  36  C  4.432711000413  0.060503200865  0.007166867066  2.102495402651  0.282349882276  -1.355538929378
  37  C  4.262420815277  8.883873871003  4.439789265084  1.917184741587  1.354546570645  -1.547282215982
  38  C  4.286618615731  4.726727898311  8.871074077093  1.059256707683  -1.309249743920  -0.001765285142
  39  C  4.376176764402  4.535177046330  4.387143910363  0.233968667589  -0.018766142065  0.281975072129
  40  C  0.176463186046  2.321285836420  2.210362924909  -2.523639689171  -1.166394450240  -1.086927126675
  41  C  0.150635876839  2.383388712848  6.656856171377  -2.660004613004  -1.132557468433  -0.892232017000
  42  C  0.159753505215  6.741404120771  2.173206891499  -3.451511724771  -1.393224232051  -1.135816904321
  43  C  0.151243596069  6.832144511304  6.601959629077  -3.482648302994  -1.981725260149  -1.436811026023
  44  C  4.404618298451  2.282947609477  2.223787305385  0.205271272674  -0.040681567161  -0.381096709960
  45  C  4.373748956827  2.342529718125  6.616545381172  0.373794333647  0.247849366187  0.550921163920
  46  C  4.366820609548  6.701991767905  2.141316671872  -0.076071264954  0.201454801745  0.251795546812
  47  C  4.330345637352  6.785756430826  6.575670972099  0.263363233195  0.034531905353  0.634811846131
  48  C  2.054587593457  8.815167293595  2.223499709192  2.334734618280  2.523651012446  -1.919450443521
  49  C  2.044753041908  8.922822668691  6.645568174566  1.544709616044  1.330951574770  -1.179716178845
  50  C  2.160380791676  4.489856538932  2.195938023399  0.326247257523  -0.028993638465  -0.497969153942
  51  C  2.153407796784  4.550997793330  6.583374296281  -0.125656426016  0.184175593209  0.723874267481
  52  C  6.662294931775  0.121995138257  2.245280305540  1.153415524706  0.839827716687  -1.593070106736
  53  C  6.493644291556  8.939769842545  6.655825475185  0.951445408813  1.222777493364  -1.094319076528
  54  C  6.620613253106  4.532915064963  2.193665565234  -0.431988286612  -0.334283436980  -0.147141652127
  55  C  6.569361461680  4.598904805052  6.627035527580  0.263522094376  -0.023521367222  -0.007550186751
  56  C  2.121713403128  2.475321842432  8.891595365385  0.924075702398  -0.644699340398  0.036961373558
  57  C  2.195470827652  2.284734869085  4.410621231484  -0.196233948191  0.598186594206  0.263535881904
  58  C  2.065611331364  6.912455461963  8.817202603341  0.806890748512  -1.051162771415  0.553083223686
  59  C  2.145157698980  6.729980694277  4.350774659359  0.051979473133  0.297468673809  0.402328779671
  60  C  6.626355248440  2.267504520797  0.006199863114  0.771247260652  -0.855117730016  -0.527194141710
  61  C  6.610765424698  2.345558122779  4.425375793619  0.098964960482  -0.093234343908  0.222360289993
  62  C  6.490789512750  6.954171078985  8.878462365029  0.730798836431  -1.030220240040  -0.503355878303
  63  C  6.576538942732  6.762506088162  4.389843799136  -0.065354835407  0.135747289308  0.049828283608


MDSTEP:  10
LATTICE_CONSTANT: 1.889726125458
LATTICE_VECTORS
  8.625476620421  0.000000000000  0.000000000000
  -0.156410140744  8.769619244314  0.000000000000
  -0.088390434713  0.246037057568  8.921488846972
VIRIAL (KBAR)
  53.411470006853  68.288418671100  29.780008772798
  68.288418671100  40.304727460195  -49.473650244064
  29.780008772798  -49.473650244064  -5.944429495636
INDEX    LABEL    POSITIONS    FORCE (eV/Angstrom)
  0  Si  3.302488645925  1.192196012213  3.340357778628  -0.030771994927  0.140342552035  -0.291315014125
  1  Si  3.270062199758  1.261043966591  7.763044362469  -0.561978303207  1.492060955322  -0.051939336712
  2  Si  3.265416916636  5.609646012951  3.261901750018  -0.295202769379  0.225206247355  0.251049776173
  3  Si  3.211086297269  5.690884130268  7.699258458002  -0.443706465872  0.957317098856  0.265128559356
  4  Si  7.723768843309  1.239707714428  3.336845369442  -0.596458991109  0.283191947880  0.043539358136
  5  Si  7.703864710653  1.281690258722  7.786848583963  -1.344358518782  1.367694587205  0.256770564765
  6  Si  7.685580108454  5.648328103642  3.288786868182  -0.609537680496  0.003865806928  0.091540647807
  7  Si  7.676228373110  5.744505861835  7.695719645147  -1.727439153249  0.474297178408  0.922714005979
  8  Si  3.276969313766  3.371956400970  1.092005272442  0.087989404155  0.056061615525  -0.336117498807
  9  Si  3.264677333935  3.435664726673  5.520796384239  0.027004848509  -0.004285103783  -0.617479535782
  10  Si  3.228767267671  7.797034577172  1.027887156830  -1.087341368306  -1.783391318251  1.119961077158
  11  Si  3.243129954048  7.859968079714  5.473036258028  -1.942546191458  -1.445704752051  0.896395213843
  12  Si  7.717295945130  3.418609596413  1.080561319104  -1.005263193099  -0.347082733019  -0.005818589090
  13  Si  7.697702096110  3.471926874318  5.537742351632  -1.126529207274  0.116369290022  -0.212179729783
  14  Si  7.664212334296  7.821561157908  1.050189431749  -1.617590979494  -1.251338391946  0.776641397571
  15  Si  7.669489041949  7.908669829594  5.482914613509  -2.182393237392  -1.896799752906  1.079109140731
  16  Si  1.123318469654  1.153925759171  1.104608906019  3.309624616131  1.577186369557  0.833184100093
  17  Si  1.065374486485  1.217721006458  5.542396838204  4.279446250724  1.940546015500  0.636947559422
  18  Si  1.043439467024  5.569031670784  1.044537982148  4.046154905174  1.253065165172  0.865677689418
  19  Si  1.043974323734  5.640241802235  5.468091438669  3.689676063899  1.465219930370  0.944606452382
  20  Si  5.536793098750  1.173186999675  1.120187772311  -0.424850900206  0.411341988318  -0.247731285840
  21  Si  5.518217817055  1.230944772187  5.535615666989  -0.156562776808  0.557549593249  -0.073287271826
  22  Si  5.487218504975  5.603884631452  1.046855136999  -0.288977093687  -0.292871001688  0.029954467849
  23  Si  5.466846648823  5.681447840159  5.502203988730  -0.332557343933  -0.247940617851  -0.452197886084
  24  Si  1.061385929992  3.393423895966  3.287805270611  3.863010687853  0.887549841906  1.232806705834
  25  Si  1.049845838492  3.447726186151  7.730204750087  2.488190808234  2.613186437104  1.156531755647
  26  Si  1.018503041833  7.832277023959  3.217516968466  2.229697271855  -0.743144585498  3.288539606902
  27  Si  1.020387571411  7.887415541513  7.661705701649  1.636381225255  1.211716337856  3.103500171203
  28  Si  5.496232758730  3.410563625895  3.303412524449  -0.268247342651  0.403809424081  -0.028261339715
  29  Si  5.471558893920  3.480859207262  7.729292029026  -1.076900091467  0.912063392138  0.533885943442
  30  Si  5.453312767234  7.848415335304  3.249153153040  -1.417230548790  -1.581240380631  1.413942007616
  31  Si  5.426716558270  7.921890613911  7.679337007476  -1.881416663604  -0.802048523434  1.736435343265
  32  C  0.259252022667  0.089873954719  0.016879080651  -1.463193623089  -1.660923269760  -2.600519992647
  33  C  0.229503680561  0.157557257812  4.453462576829  -2.075527914603  -0.292501017406  -2.888559858286
  34  C  0.084565697520  4.744373630703  8.893835863125  -1.971850345809  -2.495761662464  -2.000143944903
  35  C  0.180041978929  4.548926289379  4.415469577935  -3.433342427319  -1.066883030337  -1.009295791893
  36  C  4.430691057259  0.065887796904  0.011815621371  2.124290453470  0.206370897902  -1.478327259974
  37  C  4.272874733008  8.889769598528  4.448467497502  1.595022239596  1.066716787143  -1.606613881430
  38  C  4.287369723504  4.721068208920  8.866834751824  0.972287080569  -1.231649541789  0.058510625487
  39  C  4.367934181996  4.530683911566  4.384192025877  0.458356449165  0.086322965841  0.393021891052
  40  C  0.174988911009  2.326943433263  2.218085393285  -2.472461073910  -1.375469515478  -1.308797590693
  41  C  0.148819903175  2.375103597513  6.649832977959  -2.603060172275  -0.775769341598  -0.596324341634
  42  C  0.159831481151  6.740561277705  2.164370986046  -3.458232982907  -1.401753667709  -0.972299092542
  43  C  0.149655474075  6.820204261183  6.607186045369  -3.323792513229  -1.563761996129  -1.476586221081
  44  C  4.396926716726  2.276106673754  2.225266107486  0.318694201843  0.121112343826  -0.406002845342
  45  C  4.372916611519  2.333436455436  6.606983348318  0.468487418310  0.339750145673  0.714132423229
  46  C  4.358323690690  6.699761674814  2.147281463429  0.174716166100  0.256162569409  0.085140266500
  47  C  4.338468389399  6.781696744481  6.576141721809  0.034873192566  0.089958083666  0.619637729342
  48  C  2.063686137138  8.823616665968  2.227919973666  2.027935197382  2.143070746533  -1.827020442999
  49  C  2.038369713548  8.932492737561  6.635495281317  1.605939242527  1.059424773196  -0.890753396855
  50  C  2.160449598289  4.488377805195  2.203616684617  0.255664948063  0.035337319617  -0.691035792390
  51  C  2.151099858869  4.560620459610  6.574049817845  -0.012032757426  -0.063608772616  0.880738819854
  52  C  6.665317356872  0.124385763578  2.244980284754  0.979111084990  0.644377682261  -1.528108677044
  53  C  6.499190309141  8.933068277422  6.656187121117  0.852186564105  1.287937828167  -1.111488020593
  54  C  6.620819233464  4.527715555570  2.198589161787  -0.463023025159  -0.282488206878  -0.324721455365
  55  C  6.561301758629  4.603431647992  6.633388228997  0.448582295579  -0.156783422304  -0.125829899920
  56  C  2.114789067698  2.481523210205  8.884982568114  1.091664647450  -0.752742875229  0.197556895334
  57  C  2.204018393469  2.289236514787  4.410712349032  -0.435688790751  0.539883858708  0.319472812718
  58  C  2.064316183390  6.912245875339  8.813339089358  0.931406561300  -1.142483882390  0.671728962411
  59  C  2.138608966456  6.733839600175  4.344781616940  0.240673499917  0.210666396857  0.495064565881
  60  C  6.621868422440  2.259634943388  0.008614017060  0.820603460563  -0.727328862782  -0.660630058322
  61  C  6.603207900945  2.346702906661  4.427257454917  0.304919100629  -0.138905253278  0.185064970562
  62  C  6.484442905759  6.946049721138  8.870867706755  0.867706257436  -0.833410793822  -0.427993769061
  63  C  6.581141815734  6.770712407038  4.385619018397  -0.100229701685  -0.078661900559  0.148448313779


