6e-05 1.08007e-05 0.030002 2.09199e-06
0.00012 4.24636e-05 0.0589772 8.76531e-06
0.00018 9.36319e-05 0.0866962 2.05298e-05
0.00024 0.000162705 0.112989 3.7761e-05
0.0003 0.000247952 0.137751 6.06776e-05
0.00036 0.000347631 0.16094 8.93195e-05
0.00042 0.000460092 0.182576 0.000123534
0.00048 0.000583869 0.202732 0.000162969
0.00054 0.000717759 0.221531 0.000207089
0.0006 0.000860864 0.239129 0.000255189
0.00066 0.00101261 0.25571 0.000306436
0.00072 0.00117276 0.271473 0.000359906
0.00078 0.00134139 0.286621 0.000414597
0.00084 0.00151882 0.301353 0.000469467
0.0009 0.00170559 0.31585 0.000523481
0.00096 0.0019023 0.33026 0.000575667
0.00102 0.0021096 0.344706 0.00062525
0.00108 0.00232819 0.359289 0.000671714
0.00114 0.00255871 0.37408 0.000714783
0.0012 0.00280163 0.389116 0.000754248
0.00126 0.00305711 0.40438 0.000789698
0.00132 0.00332493 0.419814 0.000820507
0.00138 0.00360456 0.435333 0.000845959
0.00144 0.00389513 0.450826 0.000865255
