MDSTEP:  0
LATTICE_CONSTANT: 1.889726125458
LATTICE_VECTORS
  8.940870708248  0.000000000000  0.000000000000
  0.007456713833  8.920792842935  0.000000000000
  0.037607994810  -0.053814464012  8.866170220276
VIRIAL (KBAR)
  -89.996105856087  -3.761947092898  -9.200121710096
  -3.761947092898  -83.894529495379  12.252130439482
  -9.200121710096  12.252130439482  -67.568761700247
INDEX    LABEL    POSITIONS    FORCE (eV/Angstrom)
  0  Si  3.332247625367  1.116281673770  3.329961808401  0.210962837384  -0.714181697168  -0.159703660259
  1  Si  3.333399758918  1.073435518512  7.761138716246  0.678224553163  -0.365993218380  -0.051582728256
  2  Si  3.344750983157  5.534722831149  3.347408752691  -0.032647967204  0.039566156557  -0.267827394974
  3  Si  3.332554785866  5.532264313799  7.769605064545  0.734536629838  -0.480718148987  -0.228295523466
  4  Si  7.783410560481  1.109628567521  3.304515860967  -0.145531943551  -0.396583343579  0.289356457095
  5  Si  7.799718784626  1.079998655293  7.747601963633  -0.109906711402  -0.579475239907  0.057292228616
  6  Si  7.772098160713  5.526798002395  3.322054399092  0.221225405275  0.117619826428  0.153918013934
  7  Si  7.776129550218  5.527378499462  7.769617130134  0.550413926155  -0.485783186882  -0.294540020154
  8  Si  3.337252373215  3.317419893397  1.105962622944  -0.224540018000  0.065731016810  0.118107726766
  9  Si  3.317169054729  3.339876188869  5.545833825841  0.633075357119  -0.669727544630  -0.048253163298
  10  Si  3.338624223302  7.762744806266  1.128274079560  0.073458419559  0.600476399131  -0.229207698490
  11  Si  3.342031490552  7.728881240787  5.571009793369  -0.048419048494  1.173674424071  -0.475610513841
  12  Si  7.763745334369  3.321384343648  1.106959633312  0.298226616491  0.029217142394  -0.039490384469
  13  Si  7.781737598851  3.296150502103  5.546901509136  0.075396017091  0.192686980547  -0.233805868359
  14  Si  7.796577065299  7.748690097534  1.114253560013  -0.227718648164  0.873562690818  0.002663430198
  15  Si  7.779530411445  7.740375285153  5.553141846515  0.158304481307  0.851873795885  -0.576410263369
  16  Si  1.105317804939  1.106497878671  1.103844098674  -0.915531556434  -0.357605530721  0.184307050929
  17  Si  1.107469689527  1.106802244007  5.537908062536  -0.712693157857  -0.590357414185  -0.065478950383
  18  Si  1.124497808254  5.525174954880  1.120007234802  -1.113485456109  0.100614583355  0.045786535971
  19  Si  1.123748473344  5.519731609024  5.538975769200  -1.200907204835  0.061113166381  0.214385978530
  20  Si  5.562134383944  1.115713798141  1.106277460311  0.000270871163  -0.537870617676  -0.018309876922
  21  Si  5.554120387801  1.085743472889  5.537043440760  0.015238704795  -0.047498247396  0.003582476584
  22  Si  5.538830867914  5.519380576913  1.124312177006  0.349437618184  0.417610193751  -0.040768829921
  23  Si  5.562662799771  5.523344188549  5.558948326559  0.085131168691  0.056952527281  -0.327917299553
  24  Si  1.116297577129  3.316163934361  3.335495536968  -0.870781498982  -0.000935587927  -0.216630144908
  25  Si  1.127297166283  3.299863588669  7.776425460900  -0.825146976766  -0.333710773420  -0.282495322118
  26  Si  1.115226978572  7.754568640552  3.336389684013  -0.677559130691  0.575270050542  -0.012651311643
  27  Si  1.129124178477  7.737995697005  7.776602126122  -0.609653608535  0.228045541516  -0.437016429013
  28  Si  5.529624414961  3.305647592495  3.326568353658  0.657210362196  0.094588251716  0.059888825158
  29  Si  5.562209878665  3.304900540294  7.748449834806  0.177314279934  -0.340890631220  0.228291735697
  30  Si  5.540120088870  7.753661860410  3.336258502126  0.457297883630  0.667366761417  -0.184331858326
  31  Si  5.579610741273  7.736244843666  7.782735560471  0.262209574787  0.536399432537  -0.460766703221
  32  C  8.926434694894  8.855643792731  8.839609648853  0.333092263209  -0.084804993876  0.604012222704
  33  C  8.881922388501  -0.001918541892  4.408248921948  0.752224713271  -0.696078390383  0.484147000689
  34  C  8.899552076078  4.383309291562  8.865164915083  0.789970323490  0.292526372445  0.104268054050
  35  C  8.890750640682  4.425462197690  4.427718075130  0.623583903937  -0.200506300127  0.245511254651
  36  C  4.459131300252  8.914144027719  0.008380570175  -0.639171708482  -0.094811536247  0.020205804864
  37  C  4.448591506968  -0.016917671112  4.428185477182  -0.466228060869  -0.467293674639  0.212048794631
  38  C  4.427167319171  4.449155453515  0.017167448692  -0.232240649090  0.027998652782  -0.405151266691
  39  C  4.448684322627  4.430750266784  4.438206957306  -0.147945364863  -0.112746996546  0.113153553446
  40  C  8.878181707161  2.222068521852  2.213752515410  0.868885535909  -0.024874128313  -0.133956450425
  41  C  8.873508946360  2.181477204608  6.647705264532  1.229830494798  0.438316375912  0.040117867202
  42  C  8.888964910155  6.643118667763  2.229465747306  0.828879045750  -0.013746801004  -0.124577825538
  43  C  8.880666409282  6.637681961349  6.647042171117  0.997519915296  -0.154286118923  0.209651184407
  44  C  4.441129203694  2.205515485927  2.198961558994  -0.113188767468  0.158208259918  0.288209024733
  45  C  4.447997444648  2.201793118776  6.653384872174  -0.282707942252  -0.004937676011  -0.106966227464
  46  C  4.446395142998  6.646581849430  2.223220287827  -0.213158904459  -0.028919532993  0.141794549280
  47  C  4.456627288790  6.646036950409  6.647414037442  0.019939661961  -0.319242380096  0.538945465836
  48  C  2.221236250927  -0.007991821353  2.222219202209  -0.158851077799  -0.448889683245  0.011850530753
  49  C  2.218493517686  -0.013131329857  6.661821293099  -0.023153556616  -0.783464166423  -0.156453177843
  50  C  2.231810483456  4.427167780729  2.237692463388  -0.052830216153  -0.080219596355  -0.206328606700
  51  C  2.234671051934  4.418576949401  6.652465548070  -0.362659867100  0.066433928781  0.276533657153
  52  C  6.656254760714  -0.009017948952  2.220760696635  0.132348645263  -0.505664388496  -0.133338649725
  53  C  6.668878338588  -0.012574538089  6.622021126982  0.015101445917  -0.781633880730  0.690714833499
  54  C  6.676635028322  4.424630602231  2.216327301070  -0.534701291181  -0.093128951528  0.118152066578
  55  C  6.668380129739  4.405606877481  6.646220342243  0.099156944655  0.208050154942  0.196651489268
  56  C  2.209184191741  2.202413564644  0.007240826394  -0.190449638952  0.674606436000  0.001162300087
  57  C  2.235429413978  2.203049112915  4.426503666470  -0.357378786962  0.340219694746  0.319844958170
  58  C  2.220586825611  6.640113242644  0.007708017112  -0.461768507034  0.763272853741  0.226051008735
  59  C  2.228832351420  6.619736580990  4.458309636396  -0.039417622230  0.489327253951  -0.231975053504
  60  C  6.692130895909  2.171996543699  8.864770344006  -0.127837762062  0.179110115154  -0.128595844988
  61  C  6.664595610448  2.197683041284  4.439540263510  -0.106064009702  0.159519654091  -0.258181172219
  62  C  6.655037861697  6.651952137315  0.012702910161  -0.273494735608  0.253172776169  0.133006384524
  63  C  6.654137803336  6.633774277765  4.428628242606  0.169303795690  0.063448908246  0.203005755303


MDSTEP:  1
LATTICE_CONSTANT: 1.889726125458
LATTICE_VECTORS
  8.940870708248  0.000000000000  0.000000000000
  0.007456713833  8.920792842935  0.000000000000
  0.037607994810  -0.053814464012  8.866170220276
VIRIAL (KBAR)
  -89.998744037331  -3.757038351725  -9.186953865235
  -3.757038351725  -83.924278537038  12.226669190165
  -9.186953865235  12.226669190165  -67.603071533638
INDEX    LABEL    POSITIONS    FORCE (eV/Angstrom)
  0  Si  3.332812078081  1.115858326319  3.330406974550  0.192587230650  -0.712567880618  -0.173396044381
  1  Si  3.333210234151  1.073760647268  7.761680087520  0.671696017327  -0.369571339763  -0.069175893202
  2  Si  3.344390076727  5.534544358704  3.347280366122  -0.033515700335  0.036316614611  -0.266538997477
  3  Si  3.332674085626  5.531259819677  7.770115461106  0.718191067358  -0.449538719264  -0.230305709876
  4  Si  7.783786564714  1.109424410615  3.303747586184  -0.166098240966  -0.399436566444  0.309442982257
  5  Si  7.799514605351  1.079925846749  7.747803400682  -0.096091399245  -0.581557967912  0.052939657468
  6  Si  7.771965490994  5.526471366230  3.322446056610  0.222352364418  0.138797865772  0.136950186544
  7  Si  7.776199101471  5.527324004805  7.768716131934  0.545726551604  -0.487305773484  -0.273498820821
  8  Si  3.338386409451  3.316900987600  1.106402090524  -0.248302091855  0.079836361378  0.113182539300
  9  Si  3.317097712032  3.339162202219  5.545995720267  0.619609087814  -0.649568927757  -0.049293781863
  10  Si  3.339204833628  7.763858372516  1.128509516139  0.048514985475  0.576295922878  -0.224980795671
  11  Si  3.342449237276  7.728235114411  5.570911093202  -0.055330824306  1.182114997229  -0.480229416061
  12  Si  7.763570906947  3.321540348780  1.107235320977  0.300276673563  0.013907540419  -0.046882190382
  13  Si  7.782374772136  3.296905982539  5.546366900120  0.068751016890  0.178787798440  -0.203825381872
  14  Si  7.796824402225  7.748729458231  1.113498687889  -0.223684735575  0.867548112699  0.012019933392
  15  Si  7.780091574651  7.740914169492  5.553894206978  0.146087592825  0.835623267777  -0.600590700962
  16  Si  1.105115175318  1.107134821348  1.103421532102  -0.900029470403  -0.367039434931  0.197666170790
  17  Si  1.106805197635  1.107180879687  5.538072611160  -0.691058772470  -0.595841920090  -0.077971971606
  18  Si  1.124260309145  5.525725626181  1.119748815632  -1.101066126471  0.088910184722  0.048752576658
  19  Si  1.123449466967  5.519702308626  5.538864276912  -1.183857509003  0.074414499094  0.205835261256
  20  Si  5.562491257166  1.114915859724  1.106352439547  -0.009026531985  -0.524709254979  -0.032088961803
  21  Si  5.554305758801  1.086477551131  5.537189233019  0.017596038899  -0.068076554731  0.005950785585
  22  Si  5.538309476161  5.519201892253  1.123991896245  0.361953582637  0.426652218461  -0.031615011258
  23  Si  5.562456038560  5.523040781168  5.558718911934  0.082927196663  0.067680617580  -0.317821627912
  24  Si  1.115938125928  3.317012008932  3.335956745076  -0.853078649359  -0.023382121192  -0.225611376275
  25  Si  1.127447095906  3.300169615022  7.777122673715  -0.825743338993  -0.339394998253  -0.298638411153
  26  Si  1.115092476515  7.754633310413  3.336205852330  -0.670929026478  0.577337811525  -0.016771691344
  27  Si  1.128732635926  7.738737943296  7.775932426259  -0.589769486427  0.215183520269  -0.423776905213
  28  Si  5.529406987052  3.304714111151  3.326319305893  0.649938760593  0.117143188066  0.080396474033
  29  Si  5.562163140652  3.304603484195  7.747778181462  0.181837193729  -0.336200315615  0.238474881030
  30  Si  5.539658338635  7.753090229193  3.336505158309  0.464210633199  0.675146751402  -0.191489432059
  31  Si  5.579571330176  7.736463797378  7.782773316091  0.259737980725  0.533048114048  -0.464210119114
  32  C  8.927454281318  8.855756038493  8.840375318621  0.311014310726  -0.077486172346  0.583197847958
  33  C  8.881143674086  -0.001716007366  4.408265623993  0.762640868060  -0.702505086678  0.483486694513
  34  C  8.900027825831  4.382225019226  8.865012136072  0.773007040647  0.317608004959  0.108172563708
  35  C  8.890963005354  4.425929585313  4.427701801283  0.617202281222  -0.202685311484  0.247607455270
  36  C  4.457975426285  8.913987859420  0.008561784653  -0.612670799556  -0.086454497275  0.014693523426
  37  C  4.448614502327  -0.016377277170  4.427698210312  -0.454720268294  -0.476565153416  0.226714968207
  38  C  4.428149856440  4.448722730134  0.016839454524  -0.249533256952  0.023796272448  -0.398429882083
  39  C  4.447626516109  4.431595254823  4.439335823327  -0.128978968860  -0.139722091032  0.086136238503
  40  C  8.878041034070  2.220950419322  2.214361304987  0.870785320659  0.005823932232  -0.147722786780
  41  C  8.874922529775  2.180942320695  6.648245949810  1.197392659124  0.456776053203  0.032242788651
  42  C  8.890354831534  6.643044880746  2.228339411442  0.788628914219  -0.017029801710  -0.101911463834
  43  C  8.880776444162  6.637521860749  6.646605816371  0.998352404412  -0.149498347648  0.212961503352
  44  C  4.441121689539  2.204802471691  2.198783304670  -0.103002777792  0.157188869247  0.293399915617
  45  C  4.447850461062  2.202525506675  6.653254244215  -0.281520705141  -0.024075607734  -0.099967460648
  46  C  4.445395621789  6.646104648938  2.223746077331  -0.192796815223  -0.022635301725  0.127217537853
  47  C  4.457418667145  6.646352760436  6.647524100540  0.003893193304  -0.330934916835  0.541790950155
  48  C  2.221192974976  -0.007980722833  2.222221828139  -0.156615677815  -0.435179140128  0.013408138008
  49  C  2.218603759283  -0.012914498430  6.660932188824  -0.023567301870  -0.785668676565  -0.145717035566
  50  C  2.231564197230  4.427408009917  2.238032612440  -0.048186829291  -0.088807543130  -0.219380934638
  51  C  2.233322963931  4.418546277631  6.652136550886  -0.338467393330  0.062485768412  0.284254131302
  52  C  6.656193012497  -0.008916941001  2.219646357846  0.137025531258  -0.518664366064  -0.114524123735
  53  C  6.669745654500  -0.013736804698  6.621669365057  -0.005346744731  -0.749928760232  0.703432845630
  54  C  6.676460547665  4.424097753678  2.216464627088  -0.536435468078  -0.084402257159  0.117594265902
  55  C  6.667523445605  4.406061665458  6.646889425382  0.123765338084  0.196266414576  0.172682847922
  56  C  2.209011200480  2.203447702564  0.006724362632  -0.182207816790  0.662878056428  0.017400350435
  57  C  2.236233080304  2.202821517787  4.426123866042  -0.379244739167  0.346368499109  0.327585905521
  58  C  2.220083961767  6.640800383537  0.008896441034  -0.441340501029  0.751269818922  0.192036086386
  59  C  2.229332535130  6.619490133134  4.456820239199  -0.057620127574  0.493886852887  -0.199400828920
  60  C  6.691621497504  2.171956929610  8.863956860883  -0.121822316489  0.176774620276  -0.114532672297
  61  C  6.664638716067  2.198033629623  4.440579195793  -0.097037001804  0.154392574188  -0.283847701591
  62  C  6.654827306728  6.652347082866  0.012146151846  -0.265355398408  0.244245911000  0.140092685178
  63  C  6.653533575995  6.633848503178  4.429130230960  0.188350975983  0.061927771939  0.196427438588


MDSTEP:  2
LATTICE_CONSTANT: 1.889726125458
LATTICE_VECTORS
  8.940870708248  0.000000000000  0.000000000000
  0.007456713833  8.920792842935  0.000000000000
  0.037607994810  -0.053814464012  8.866170220276
VIRIAL (KBAR)
  -90.020111477424  -3.694705281042  -8.995098924633
  -3.694705281042  -83.895813491319  12.059281310373
  -8.995098924633  12.059281310373  -67.587771016167
INDEX    LABEL    POSITIONS    FORCE (eV/Angstrom)
  0  Si  3.333051143057  1.113795982332  3.330639019959  0.196689274070  -0.645208247314  -0.167827105237
  1  Si  3.330885726323  1.073003128923  7.761036047076  0.754071820151  -0.308004697724  -0.045914272442
  2  Si  3.343354225104  5.535806555744  3.345927772697  0.028334401492  -0.000810210423  -0.238632388042
  3  Si  3.333708626945  5.531380776768  7.772245077751  0.685604096383  -0.423309234723  -0.270471412453
  4  Si  7.784708539254  1.110917903257  3.304895372747  -0.155360968460  -0.361671575478  0.267813967965
  5  Si  7.798491695733  1.080494017879  7.745221184030  -0.099079883136  -0.608945712266  0.142667727611
  6  Si  7.772215380995  5.528329399244  3.323116612433  0.197867370311  0.111987499387  0.123926905297
  7  Si  7.777137721568  5.527254055031  7.768099501966  0.531608545807  -0.440238523761  -0.259497784159
  8  Si  3.337575482705  3.318080538064  1.108030166278  -0.236118711823  0.033859635564  0.093795573303
  9  Si  3.318246586013  3.337111773642  5.543519920095  0.661177174714  -0.584086970521  0.010548037882
  10  Si  3.336924072273  7.765034001824  1.126787829143  0.109128468378  0.566829456322  -0.225201937300
  11  Si  3.343056428334  7.729695617259  5.571103176326  -0.094539477674  1.138969620499  -0.495187088805
  12  Si  7.761047977523  3.318943166543  1.106193986715  0.335250698154  0.116687552636  -0.024618562467
  13  Si  7.781143291234  3.297785266416  5.548179056551  0.103525099617  0.220480961625  -0.242556652385
  14  Si  7.795069180150  7.748192387757  1.114383702161  -0.198263720059  0.838083073273  0.006413279210
  15  Si  7.782136878330  7.742008246852  5.552704711111  0.142484259491  0.831092325000  -0.554676576838
  16  Si  1.106832697620  1.105357215467  1.101684611377  -0.955164700753  -0.324056723578  0.224712036179
  17  Si  1.106586004999  1.108707819779  5.538970471708  -0.689931007579  -0.585158252147  -0.068526152290
  18  Si  1.126009602618  5.524130174534  1.119210321741  -1.160616267042  0.088483033284  0.096757021335
  19  Si  1.124127496678  5.521669899207  5.539184490611  -1.190831268662  0.001493821736  0.214562071470
  20  Si  5.563746044628  1.117012207643  1.104936546239  -0.090813873296  -0.556180819068  0.020846785697
  21  Si  5.556557310125  1.086724960565  5.539472811843  -0.048193836170  -0.048292884313  -0.038947900715
  22  Si  5.538404381993  5.519625188959  1.126292622519  0.322062782820  0.419986356028  -0.092532642697
  23  Si  5.564061870835  5.524717667245  5.559107161314  0.032364869175  0.069945814860  -0.326581142467
  24  Si  1.116472562829  3.319611248069  3.338173571988  -0.885382782014  -0.038660239783  -0.265438398409
  25  Si  1.126239795424  3.302023391272  7.777489400449  -0.794638573057  -0.361025115139  -0.293703258517
  26  Si  1.115587210702  7.756196739473  3.337649916330  -0.678187870692  0.546557998348  -0.075071284081
  27  Si  1.130082437061  7.737563160744  7.776336291474  -0.625526329648  0.239661114038  -0.419508086972
  28  Si  5.529475320961  3.303001195630  3.327902395207  0.682319570618  0.204523382760  0.063976244358
  29  Si  5.564147430053  3.306451577683  7.748725590653  0.116164834477  -0.281271029901  0.221561959889
  30  Si  5.539357123006  7.753911643493  3.336949451572  0.470944579526  0.632561196159  -0.201504072512
  31  Si  5.580427012502  7.736849887121  7.780762700645  0.234296035480  0.524903192939  -0.424939519980
  32  C  8.928340200310  8.851934409961  8.842461021641  0.269557611977  -0.009633186255  0.530453574928
  33  C  8.881902411860  0.000396982194  4.408775149105  0.774152461535  -0.706701431695  0.482081527952
  34  C  8.897530820764  4.382398132297  8.865182335765  0.809945214735  0.304506365388  0.096618886532
  35  C  8.887824483589  4.428297119726  4.426972270907  0.676980254376  -0.237756155719  0.294134331031
  36  C  4.458591320033  8.913533021892  0.005707842373  -0.624762065115  -0.060513398684  0.053903146732
  37  C  4.447549547361  -0.018796351983  4.427129855211  -0.427664223506  -0.406937960851  0.263257717287
  38  C  4.424065200206  4.450493377925  0.017112807120  -0.157679919786  0.005828442208  -0.375971289418
  39  C  4.450041954693  4.432148560892  4.438976324305  -0.165631237628  -0.115603921270  0.085227315415
  40  C  8.878558314467  2.224940897676  2.210690607217  0.867277628586  -0.082165082345  -0.072534308589
  41  C  8.872457438830  2.182442342465  6.649054898316  1.233946316983  0.451714113187  0.021414451007
  42  C  8.888755447248  6.640775649456  2.229305929744  0.835677468437  0.045118042047  -0.114137024836
  43  C  8.884987468407  6.639317039449  6.646477871315  0.941608102920  -0.157861262509  0.215564113005
  44  C  4.440544403499  2.207750767382  2.202662672820  -0.075270448857  0.079306526203  0.223112946780
  45  C  4.451237794341  2.205718586575  6.655323250249  -0.335880548334  -0.096540427533  -0.137836127138
  46  C  4.443901072132  6.646382222352  2.221587474544  -0.182692892141  0.009537956315  0.174998347300
  47  C  4.457241094547  6.649707719894  6.647687001344  0.008746577713  -0.390240537967  0.541480420332
  48  C  2.224160707724  -0.004568987641  2.219687086981  -0.213208177817  -0.497457540982  0.067963832459
  49  C  2.218247064816  -0.011289985948  6.662959887314  -0.037004428946  -0.812138192981  -0.200361141008
  50  C  2.234783753031  4.425385367995  2.239962215904  -0.114784171851  -0.036758217873  -0.252812219442
  51  C  2.236782024467  4.417242925650  6.651579098092  -0.396482468239  0.091754835986  0.285278247209
  52  C  6.656792367426  -0.008895310671  2.220537732626  0.124626169269  -0.483935288222  -0.118980730232
  53  C  6.667254305043  -0.014516630593  6.621108362317  0.078516689429  -0.749230308620  0.708795965150
  54  C  6.677268272327  4.427382727202  2.214230320386  -0.554369920474  -0.155704453324  0.179149571461
  55  C  6.668480472060  4.409160862919  6.643887071538  0.114997916640  0.163288565674  0.259199055339
  56  C  2.207847026860  2.201557337831  0.007917745948  -0.161988762930  0.712484523164  -0.012098290198
  57  C  2.236674548110  2.204520918775  4.427162505406  -0.392241160408  0.285827361373  0.306862081546
  58  C  2.216178503505  6.641893867803  0.009562789816  -0.362859486995  0.717210862288  0.170375912561
  59  C  2.227214530477  6.616014376869  4.455403069529  -0.000834963894  0.601965759982  -0.172423093203
  60  C  6.687571952600  2.175509419600  8.864681284477  -0.039011125617  0.108729948484  -0.163618080471
  61  C  6.666739635396  2.201274373623  4.443838780332  -0.129056834371  0.076862545938  -0.327848014306
  62  C  6.651982498191  6.652124567804  0.012159847853  -0.214677177241  0.248157778077  0.116557970046
  63  C  6.656061326212  6.635017196447  4.433036498719  0.148822990949  0.077697942199  0.115945533344


MDSTEP:  3
LATTICE_CONSTANT: 1.889726125458
LATTICE_VECTORS
  8.940870708248  0.000000000000  0.000000000000
  0.007456713833  8.920792842935  0.000000000000
  0.037607994810  -0.053814464012  8.866170220276
VIRIAL (KBAR)
  -89.944055189235  -4.070704872055  -9.134152514145
  -4.070704872055  -83.772227345087  12.495963495684
  -9.134152514145  12.495963495684  -67.497099222385
INDEX    LABEL    POSITIONS    FORCE (eV/Angstrom)
  0  Si  3.330722997335  1.112134718480  3.333238021933  0.249928766022  -0.634137589658  -0.263563783636
  1  Si  3.330213561035  1.075673716359  7.762741575374  0.804810827756  -0.390454696415  -0.138461229139
  2  Si  3.343195786992  5.534228336588  3.348950338676  0.059371696846  -0.013307780598  -0.340688839426
  3  Si  3.331318993861  5.533777143485  7.773008468752  0.769891651606  -0.421982691688  -0.342149276656
  4  Si  7.786175090265  1.113744578047  3.302791359608  -0.217283648805  -0.453043715992  0.355415199588
  5  Si  7.796944336183  1.077971320289  7.743205623758  -0.070350015775  -0.569361638176  0.193379205326
  6  Si  7.773160039353  5.526117444710  3.320564207365  0.244236997135  0.157227259786  0.152190359064
  7  Si  7.775426598230  5.530209335033  7.764631291616  0.529253665264  -0.509847514952  -0.223532228574
  8  Si  3.335136793740  3.315450759256  1.107797197756  -0.164134665669  0.076539392244  0.071392615038
  9  Si  3.319506251961  3.339797263439  5.540749145900  0.686327060984  -0.623726574351  0.038500745141
  10  Si  3.337755539952  7.762243724648  1.125971902743  0.090493628015  0.638363487649  -0.220756061807
  11  Si  3.342999141584  7.729646116050  5.569495455497  -0.085376626750  1.176097830300  -0.460179513911
  12  Si  7.759384202652  3.321849734187  1.106645430982  0.390435415453  -0.012884124166  -0.065117162235
  13  Si  7.779029011770  3.294626878124  5.547621978853  0.110415258961  0.252106243316  -0.214472062494
  14  Si  7.797182976054  7.750241543209  1.113387640092  -0.267124770044  0.798397681829  0.009978829137
  15  Si  7.785647160755  7.739066236344  5.552677835578  0.073191586660  0.878425149246  -0.584787213187
  16  Si  1.104425868987  1.106370481607  1.103150508518  -0.931052466916  -0.357302863050  0.207029644266
  17  Si  1.105150760237  1.111213072580  5.539966707034  -0.602391147066  -0.637723929468  -0.060236988651
  18  Si  1.124509038006  5.521033840549  1.121097371833  -1.041718764170  0.159964701443  0.039869719587
  19  Si  1.125826803428  5.523051644032  5.540522720204  -1.221542666357  -0.052773253526  0.157353637155
  20  Si  5.566524304779  1.115520898381  1.106698658969  -0.190398506346  -0.518994343360  -0.021943316060
  21  Si  5.555136210005  1.088858770220  5.537298147784  0.029977963643  -0.134840179695  0.079973761113
  22  Si  5.539148325241  5.516665481955  1.123490586142  0.319073530709  0.455055658964  -0.074755806374
  23  Si  5.561690747683  5.522963302918  5.556466027671  0.086208786642  0.178099092078  -0.329655645721
  24  Si  1.116787845334  3.316526037915  3.340790121449  -0.888849556268  0.034960968145  -0.314128239359
  25  Si  1.129063430902  3.298813322515  7.780344152967  -0.818937054050  -0.271140511298  -0.374419546806
  26  Si  1.115139091208  7.754695227378  3.338228930827  -0.671994516403  0.585848331232  -0.065008309355
  27  Si  1.127565663851  7.738233437593  7.776027814587  -0.579552907477  0.204446630429  -0.403451233925
  28  Si  5.531903075313  3.306033006318  3.328108729329  0.611681550087  0.068777553871  -0.021439492464
  29  Si  5.564759049595  3.307949465224  7.746891851162  0.111043179404  -0.271348079300  0.275228581789
  30  Si  5.537879700162  7.755057491225  3.337145577418  0.519919146664  0.589974768526  -0.227541618933
  31  Si  5.577147797192  7.740029649359  7.779557023017  0.262947196211  0.485080376049  -0.455028208308
  32  C  8.925428806967  8.852167189062  8.841834723273  0.315044574415  -0.001791175747  0.531659096635
  33  C  8.880474708164  0.001741460635  4.410705021455  0.808274892567  -0.714697295834  0.453065681690
  34  C  8.859971215981  4.434002172988  0.001249374083  0.806807758258  0.361935840476  0.036009130603
  35  C  8.886592135050  4.425071835838  4.429963648583  0.712638462127  -0.203965695415  0.238402187659
  36  C  4.455518440038  8.915435598548  0.000608647597  -0.563964950454  -0.056555547798  0.181433689664
  37  C  4.450874274056  -0.015377509344  4.428412326975  -0.526647877301  -0.470451063383  0.233714016561
  38  C  4.422041039523  4.452283289726  0.017095961668  -0.148800537389  -0.058559751748  -0.401926512180
  39  C  4.453607756066  4.429400708608  4.436453761468  -0.213274587912  -0.041322839584  0.107476292404
  40  C  8.874718974466  2.225027760449  2.214775615759  0.951702486967  -0.033556832931  -0.164112747596
  41  C  8.874632851397  2.183135051506  6.652487489715  1.175457282964  0.445304581052  -0.017467926301
  42  C  8.894304954624  6.643328250066  2.227555704996  0.727859166094  -0.033018380304  -0.085771991323
  43  C  8.884255210847  6.634342555040  6.641590230681  1.001889913365  -0.081137585104  0.303334051768
  44  C  4.435223448431  2.207679000822  2.200640504843  0.046209541787  0.060340624109  0.276981220156
  45  C  4.453181577342  2.209043833241  6.655291280765  -0.393519948703  -0.142274267677  -0.162104963052
  46  C  4.443408565144  6.641907234394  2.218443550658  -0.149163230537  0.074782541985  0.258114497006
  47  C  4.457074320883  6.653894303601  6.643268769957  0.016328776676  -0.481886507176  0.580896812169
  48  C  2.219572186905  -0.007680471545  2.221988150154  -0.130784047673  -0.461155360653  0.040757542967
  49  C  2.219399708986  -0.016269845135  6.667704860411  -0.081194401590  -0.680666951784  -0.310913093042
  50  C  2.238597333752  4.421806790905  2.239503477091  -0.229012141162  -0.008215706579  -0.211049737670
  51  C  2.239198146593  4.420266202584  6.646568010921  -0.435120997877  0.036214158376  0.397057741535
  52  C  6.657728044818  -0.006770732528  2.223032702345  0.125168446983  -0.533222978686  -0.164779278921
  53  C  6.671808848873  -0.019408268359  6.624735062035  -0.033596127325  -0.647346555434  0.582034946786
  54  C  6.681568052950  4.423021827532  2.211981633007  -0.647765955128  -0.044618073830  0.208680899917
  55  C  6.665802120399  4.412584255177  6.639791042649  0.161899098590  0.082970149060  0.309767549051
  56  C  2.210339369205  2.199761710656  0.004435576187  -0.260086225115  0.739832788367  0.101656779637
  57  C  2.241011869810  2.207523199059  4.423122181517  -0.480075981433  0.220572362200  0.438493663772
  58  C  2.221000665270  6.646139876679  0.008015397147  -0.537225510875  0.614956872795  0.220928885975
  59  C  2.229259532377  6.616035734443  4.454567285468  -0.045413953064  0.594543162198  -0.160965668049
  60  C  6.689177767827  2.173725900737  8.865617968762  -0.058000444955  0.158204948999  -0.198419209833
  61  C  6.662703019188  2.196885430699  4.442278662935  -0.038832201758  0.170563322614  -0.316122712933
  62  C  6.647951293394  6.654023236037  0.008155607835  -0.141456312459  0.232075561864  0.186840383827
  63  C  6.660227115761  6.635955959668  4.430056435359  0.066154435952  0.035650016156  0.127332250933


MDSTEP:  4
LATTICE_CONSTANT: 1.889726125458
LATTICE_VECTORS
  8.940870708248  0.000000000000  0.000000000000
  0.007456713833  8.920792842935  0.000000000000
  0.037607994810  -0.053814464012  8.866170220276
VIRIAL (KBAR)
  -89.856708557782  -4.314334478487  -9.297602875311
  -4.314334478487  -83.799325076209  12.565295455602
  -9.297602875311  12.565295455602  -67.519051227378
INDEX    LABEL    POSITIONS    FORCE (eV/Angstrom)
  0  Si  3.332206262660  1.112156658108  3.331589590687  0.227436657268  -0.597513701705  -0.272926840016
  1  Si  3.334169587281  1.077766162873  7.759556647666  0.659345252589  -0.325166624234  -0.071073510954
  2  Si  3.339382956663  5.534347759850  3.347997305082  0.070456971344  -0.014292835639  -0.407997370920
  3  Si  3.329188965760  5.533239081430  7.770069660509  0.824796711513  -0.433585852517  -0.218547380821
  4  Si  7.784508549161  1.113039012583  3.298807686977  -0.181744423395  -0.381901468891  0.410929482101
  5  Si  7.798163663763  1.074672691062  7.742956167887  -0.061402834166  -0.469132245485  0.202159908952
  6  Si  7.769791935496  5.528498039993  3.322990241299  0.334931357781  0.072855199095  0.047967256763
  7  Si  7.777141569467  5.533439791662  7.767602892156  0.417189320909  -0.559340248049  -0.261496150631
  8  Si  3.331449817689  3.311717860278  1.108046495035  -0.080497785592  0.181618660000  0.085688263307
  9  Si  3.317061664292  3.343135034758  5.537520728719  0.688117416433  -0.674816936504  0.013657161516
  10  Si  3.336856796461  7.763261592678  1.127045108314  0.058764761816  0.605672270302  -0.266796123330
  11  Si  3.344632987579  7.730377363072  5.568562100093  -0.127658938756  1.168384810833  -0.379464373837
  12  Si  7.762195046698  3.322490176253  1.110122687139  0.328989008090  -0.107981239149  -0.115124521492
  13  Si  7.776756770923  3.297114728495  5.546503939628  0.164106374265  0.188424023251  -0.220969284845
  14  Si  7.796110662428  7.747174282749  1.115947680684  -0.235268623853  0.920631706844  -0.029336455420
  15  Si  7.784736881188  7.741420859094  5.556081413185  0.129183885627  0.839781653178  -0.701813666501
  16  Si  1.107005587209  1.108999456423  1.105001799069  -0.957821516787  -0.401261510832  0.155838010797
  17  Si  1.106066244652  1.111127963232  5.540980898352  -0.647477649504  -0.574470419054  -0.134622752059
  18  Si  1.124171093185  5.521743080770  1.122537654521  -1.106933700827  0.133936197190  -0.005466924623
  19  Si  1.121500957278  5.525158319115  5.541404521188  -1.126685391268  -0.177231233152  0.128136513243
  20  Si  5.563461955236  1.112386678294  1.104166529118  -0.118204560478  -0.415768167504  0.055024539341
  21  Si  5.557449509769  1.091670596004  5.539279126951  -0.028104471949  -0.141010412656  0.009673828167
  22  Si  5.536634787147  5.518205782008  1.121912382901  0.353970782849  0.314386499628  -0.041885018865
  23  Si  5.558445942666  5.526249175452  5.553050600387  0.190449466283  0.078900746569  -0.288158859946
  24  Si  1.116314597611  3.314631298236  3.338189374622  -0.889239619172  0.117528204087  -0.283882682377
  25  Si  1.127019919959  3.300028892029  7.783926429274  -0.763303313028  -0.292558500826  -0.440138764511
  26  Si  1.112599647767  7.754953897961  3.340518335899  -0.652670967922  0.597301655954  -0.140323752318
  27  Si  1.130989038415  7.735332619050  7.774184033622  -0.649594507461  0.274335206085  -0.336132392867
  28  Si  5.532619686929  3.307256407704  3.331201366099  0.601282270439  0.028875225597  -0.136070428694
  29  Si  5.562579359962  3.309300722729  7.748060318768  0.117229635116  -0.298222457006  0.252389787420
  30  Si  5.540819115182  7.757858609039  3.339336292553  0.410242566978  0.544027927496  -0.273143948966
  31  Si  5.573323445056  7.740946838047  7.780376841659  0.331338333695  0.506516303756  -0.426829908713
  32  C  8.929030262726  8.855649561692  8.839523446186  0.258451776538  -0.116709870237  0.596733432621
  33  C  8.875751051879  0.005991400159  4.406914308613  0.882491123218  -0.797443793038  0.549257820894
  34  C  8.856544192253  4.432512955191  0.000555249138  0.855642515263  0.424797179873  0.069674145155
  35  C  8.885624880063  4.426780725615  4.425086020541  0.717428092178  -0.223907091058  0.327861475043
  36  C  4.452852878188  8.920080059883  0.002120338564  -0.550248104356  -0.158671405403  0.096549908588
  37  C  4.445426360787  -0.011873555288  4.431770154535  -0.398335970044  -0.549353522605  0.204765171937
  38  C  4.420636501500  4.450545280060  0.015430493650  -0.165889960748  -0.030193962750  -0.359937353505
  39  C  4.450544463752  4.430632460784  4.431059008703  -0.184802319154  -0.009186708501  0.183761420573
  40  C  8.880580985899  2.224140098398  2.219483369163  0.852444038242  -0.034213653440  -0.268813118668
  41  C  8.877796751348  2.182993256147  6.652113423316  1.093684742046  0.472615872987  -0.023605270609
  42  C  8.892254651896  6.639803289052  2.224263277517  0.749614833933  0.025117822423  -0.001586492939
  43  C  8.886033979693  6.631753293457  6.637087132681  0.953467139722  -0.004729766796  0.407669749596
  44  C  4.438427151740  2.207475554782  2.200683577299  -0.021510622294  0.068787371259  0.283571778849
  45  C  4.448961687950  2.213485205848  6.650507065558  -0.296425732763  -0.185383369393  -0.111588167537
  46  C  4.440663134437  6.637963142281  2.212339490260  -0.096702167923  0.205015012776  0.423641823382
  47  C  4.462175078482  6.650825485404  6.647653177253  -0.131987203254  -0.363586568193  0.471354978169
  48  C  2.221377547636  -0.005670338302  2.217900387987  -0.157058370046  -0.516431817279  0.141981236396
  49  C  2.213555004547  -0.010980711027  6.670946849160  0.073506262875  -0.802652040023  -0.375582462628
  50  C  2.233500100377  4.426386308446  2.235617677797  -0.160488652731  -0.118846232943  -0.139774725293
  51  C  2.245122234247  4.420753753987  6.649018500452  -0.628274518563  0.057276112179  0.325278587264
  52  C  6.657394879419  -0.003028308134  2.227880730354  0.095961813140  -0.616748219404  -0.289267269706
  53  C  6.674471923924  -0.021130880410  6.621311624847  -0.116559657888  -0.615152701819  0.673938814594
  54  C  6.685338295771  4.418602671147  2.214353663058  -0.754052137466  0.086522889775  0.188608060213
  55  C  6.663696041122  4.410711122851  6.640452635511  0.164118779735  0.182253029066  0.278725050723
  56  C  2.209587614319  2.202137937563  0.007273130066  -0.227703873899  0.686256045620  0.022636261510
  57  C  2.240119293260  2.208222637390  4.417201300327  -0.456664891168  0.220484359451  0.532853410321
  58  C  2.217632645270  6.642719244105  0.010647630724  -0.454734436242  0.678681418850  0.133383774066
  59  C  2.228513388640  6.613166526418  4.456381355810  -0.048342036973  0.678521252950  -0.167839003181
  60  C  6.685565957384  2.171940216182  8.865640766260  0.026717172591  0.158120019706  -0.197634027227
  61  C  6.661737648670  2.195035993871  4.436318065227  -0.016601261988  0.216455864755  -0.188461486955
  62  C  6.642687710871  6.658136801717  0.013117113853  -0.049890165312  0.186008857150  0.084995512869
  63  C  6.666458008315  6.636254494915  4.427420240855  -0.088478675510  0.087375177398  0.217583326585


MDSTEP:  5
LATTICE_CONSTANT: 1.889726125458
LATTICE_VECTORS
  8.940870708248  0.000000000000  0.000000000000
  0.007456713833  8.920792842935  0.000000000000
  0.037607994810  -0.053814464012  8.866170220276
VIRIAL (KBAR)
  -89.909221808786  -4.028479361715  -8.914352939044
  -4.028479361715  -83.896537504675  12.034603548165
  -8.914352939044  12.034603548165  -67.666397732320
INDEX    LABEL    POSITIONS    FORCE (eV/Angstrom)
  0  Si  3.329257931011  1.110619612504  3.330918570792  0.262226521411  -0.628870186235  -0.204477334084
  1  Si  3.337743520693  1.079386881629  7.762240055220  0.597718881712  -0.407132892719  -0.181551340830
  2  Si  3.338331349318  5.530939821001  3.347162216646  -0.005575302692  0.078397519824  -0.328092659773
  3  Si  3.325719703723  5.534040134437  7.774419779434  0.852087294736  -0.497360779288  -0.310818752165
  4  Si  7.780748779433  1.116400042035  3.295725476787  -0.088729292283  -0.493885352813  0.517508818720
  5  Si  7.801005726736  1.072743945889  7.742038610363  -0.157409980759  -0.395320537463  0.262877536288
  6  Si  7.769487754239  5.528829079799  3.325324924936  0.291092037492  0.054124399149  -0.013019489617
  7  Si  7.781732309924  5.537588237935  7.763619817481  0.280293573252  -0.581258548218  -0.107845579773
  8  Si  3.326885337390  3.307551550750  1.111840599727  -0.039939091223  0.249083469654  -0.005504817703
  9  Si  3.321078228563  3.338548125111  5.536760381152  0.572794410308  -0.516932564375  -0.014013631098
  10  Si  3.333885190851  7.760818994915  1.129587510597  0.094756230080  0.631389863463  -0.267618220953
  11  Si  3.345750950201  7.726744630603  5.568067354153  -0.164137239393  1.286869084131  -0.392995285526
  12  Si  7.761446843930  3.322074009282  1.111046596058  0.399125526901  -0.028795552208  -0.195194808452
  13  Si  7.779987871331  3.297778642259  5.543610625899  0.014589006170  0.202187348987  -0.080153892076
  14  Si  7.798898888713  7.749123282743  1.111881562332  -0.323250007617  0.947340260148  0.079171521284
  15  Si  7.789157800457  7.741474370807  5.554747561263  0.100018564510  0.805306203735  -0.713613611480
  16  Si  1.105335189526  1.112938235351  1.108999471852  -0.950446741466  -0.436084123784  0.033724016473
  17  Si  1.102089799159  1.114723782705  5.544488520005  -0.577346927767  -0.636205604944  -0.198369741361
  18  Si  1.120874434645  5.525776316110  1.126591813398  -1.146176198540  0.048163973539  -0.031540962952
  19  Si  1.117231309608  5.528133946934  5.545880371237  -0.984405189643  -0.193604493577  0.038193803128
  20  Si  5.563504599165  1.107557693104  1.101235716719  -0.124138851803  -0.248488792946  0.165699151858
  21  Si  5.555426296484  1.092828692806  5.537029476773  0.066810825357  -0.195432425779  0.074713969634
  22  Si  5.539109322989  5.513928232917  1.123996819725  0.250356275017  0.359939488518  -0.142573653425
  23  Si  5.557096890631  5.529796318197  5.550918741497  0.225661472948  0.035151893618  -0.273122112456
  24  Si  1.116508091217  3.316329893302  3.342422574504  -0.969173840649  0.079961220729  -0.283057586220
  25  Si  1.127931508957  3.301232271217  7.783140084615  -0.773852799955  -0.256028536386  -0.428994278180
  26  Si  1.107725628239  7.759852515663  3.339180752881  -0.565741413770  0.504964023370  -0.095522165615
  27  Si  1.134791081067  7.731635405981  7.771841488082  -0.719166086673  0.469604253800  -0.241008850232
  28  Si  5.535674465595  3.305289363246  3.328183903010  0.492566789143  0.152363864190  -0.078611811853
  29  Si  5.564793010478  3.308069596982  7.743481955035  0.077226949907  -0.213419565741  0.354619596491
  30  Si  5.542834388375  7.761730959101  3.334622104184  0.348417064676  0.463276194461  -0.160155857456
  31  Si  5.577092765197  7.738061872809  7.781547265652  0.231280716876  0.506142418359  -0.464607383762
  32  C  8.924148355170  8.861710330787  8.842544812499  0.414524486694  -0.239015797501  0.531505414593
  33  C  8.881814011048  0.002108220928  4.408046001690  0.708522004390  -0.623020268038  0.494433393743
  34  C  8.889850874907  4.383794341766  8.862773390724  0.956186965047  0.339415168160  0.151862578726
  35  C  8.880600663710  4.425916234367  4.430569342176  0.806114761062  -0.161356237184  0.245976360792
  36  C  4.453073284419  8.919391946560  0.007360573659  -0.546080522887  -0.206575443257  -0.030028983684
  37  C  4.451031331496  -0.013954562072  4.438533810466  -0.530032189844  -0.523195760080  0.033849951549
  38  C  4.415788526545  4.446002464092  0.011483292541  -0.098503666880  0.028030864226  -0.235911878823
  39  C  4.448372820229  4.436664089336  4.433056834688  -0.083282813009  -0.191340534658  0.097962697905
  40  C  8.879343185477  2.225783577267  2.219519044562  0.869064112751  -0.008707677594  -0.232115823093
  41  C  8.876921741603  2.183399466205  6.654902636217  1.087084066399  0.494939560725  -0.079881204029
  42  C  8.885883050284  6.641994666078  2.225990532023  0.848118046662  0.019054762130  -0.002663708935
  43  C  8.889602309314  6.632040571992  6.643134728233  0.904842524839  0.039294539288  0.290793332367
  44  C  4.434668575506  2.210067403308  2.204151922675  0.042247170825  -0.047585073551  0.211913141516
  45  C  4.448208391171  2.217506514738  6.645739181766  -0.217649607584  -0.299380847638  -0.033320210174
  46  C  4.438056055926  6.635726316430  2.214675078496  -0.054065993190  0.211904857671  0.366685112523
  47  C  4.457468161851  6.646822685403  6.641153217537  -0.043483779283  -0.276428158262  0.690225369819
  48  C  2.216015488473  -0.007276465108  2.213851448209  -0.089762777985  -0.472845944014  0.218034967703
  49  C  2.211954268116  -0.007605781875  6.665286985714  0.159830516125  -0.849843285924  -0.228853960190
  50  C  2.226327433945  4.421153799603  2.239052372627  -0.091200975184  -0.003408931941  -0.191126951946
  51  C  2.245059576168  4.421143319988  6.645619161042  -0.631919537775  0.035287207880  0.376461383994
  52  C  6.653488011684  -0.002919794365  2.233393090651  0.169402484048  -0.591270297944  -0.441803275416
  53  C  6.679357034301  -0.025452851750  6.620654644456  -0.199705243426  -0.505946955244  0.665483807851
  54  C  6.688197245929  4.418337233627  2.208609234776  -0.776566103005  0.080475185154  0.344321386825
  55  C  6.663298945591  4.417241579489  6.646184996829  0.213716760531  0.112883394022  0.093415040845
  56  C  2.211431689802  2.199309697369  0.003164088208  -0.307942094373  0.740214847788  0.142742161916
  57  C  2.236540547063  2.207653518257  4.417025560682  -0.408067175845  0.212638380638  0.562384222847
  58  C  2.214411016404  6.644516474267  0.016193890087  -0.403450942181  0.647249919542  0.067675377206
  59  C  2.228689392672  6.620538012592  4.458471176916  -0.134383306868  0.516290681171  -0.258828939297
  60  C  6.650070276173  2.232898548735  0.003633562970  -0.036731506016  -0.044896728761  -0.320722027069
  61  C  6.660127971912  2.195434594275  4.433597837023  0.032556744916  0.236494370164  -0.134308656232
  62  C  6.644624824021  6.661761158479  0.018454677080  -0.048908156204  0.091238251606  -0.026537526231
  63  C  6.666874684623  6.637544192894  4.421802328980  -0.078007429014  0.093960428228  0.316332855563


MDSTEP:  6
LATTICE_CONSTANT: 1.889726125458
LATTICE_VECTORS
  8.940870708248  0.000000000000  0.000000000000
  0.007456713833  8.920792842935  0.000000000000
  0.037607994810  -0.053814464012  8.866170220276
VIRIAL (KBAR)
  -89.880484314862  -4.072631745103  -9.472034579380
  -4.072631745103  -84.111284922900  12.168254845521
  -9.472034579380  12.168254845521  -67.763702887130
INDEX    LABEL    POSITIONS    FORCE (eV/Angstrom)
  0  Si  3.334079723143  1.108554004287  3.331650916912  0.127877960555  -0.653989887731  -0.180460243358
  1  Si  3.333156968331  1.082260929218  7.762363665387  0.645771729293  -0.464012801500  -0.219104448887
  2  Si  3.342780090388  5.530203772575  3.350031362137  -0.113834478495  0.081163634329  -0.336112716066
  3  Si  3.322222382952  5.536023737419  7.771506468022  0.809444679383  -0.529116427739  -0.341991405757
  4  Si  7.781737430653  1.111065937267  3.299251999266  -0.028321741808  -0.389968580796  0.362337116823
  5  Si  7.800668781519  1.072846657357  7.745181907705  -0.128990610566  -0.395327314263  0.217929108043
  6  Si  7.765671356746  5.525355617336  3.328215811106  0.415735390870  0.157501872184  0.024390417478
  7  Si  7.786294025746  5.537985752091  7.761393993999  0.241993401525  -0.575117808183  -0.071457037264
  8  Si  3.324226668706  3.304421305758  1.106923266306  0.042459186680  0.261959073974  0.142985039599
  9  Si  3.317204882667  3.340755623694  5.537971792832  0.550381313363  -0.568765095254  -0.002716678707
  10  Si  3.330893151964  7.762905574039  1.134109362941  0.182715554501  0.525339104601  -0.350949905163
  11  Si  3.348719690332  7.729511628189  5.570312923113  -0.284215036761  1.204633766019  -0.474468665434
  12  Si  7.759547945660  3.323592542911  1.107350009735  0.431145964031  -0.130260532130  -0.115539512480
  13  Si  7.775691600001  3.300833603813  5.547355158899  0.095774147859  0.147455283444  -0.174134687181
  14  Si  7.796927150647  7.748206246051  1.115763526755  -0.298002374131  0.919211261147  -0.006807057335
  15  Si  7.785433081478  7.745472798667  5.553348561861  0.214255994373  0.784108029302  -0.614976773917
  16  Si  1.109549699958  1.117840913005  1.109612288914  -0.991235413167  -0.538066574843  0.072343627809
  17  Si  1.104080718575  1.118776003490  5.540371678416  -0.581850000492  -0.733455552212  -0.114641987810
  18  Si  1.115234033480  5.522171575056  1.124563595854  -0.949322341001  0.085169171838  -0.016638498452
  19  Si  1.111978169586  5.525623146547  5.541014072822  -0.851291762887  -0.077002568317  0.107306549532
  20  Si  5.565010354728  1.107250572648  1.103530016693  -0.240525651564  -0.333763279041  0.108282104654
  21  Si  5.556364316723  1.090317801333  5.536370288849  -0.059039238590  -0.181878669771  0.003352155041
  22  Si  5.537243853769  5.514819248610  1.119544282082  0.227274851337  0.332482247358  -0.114323146863
  23  Si  5.556840537312  5.531521598068  5.554653982345  0.179920649029  0.027566794202  -0.341628316369
  24  Si  1.114366197731  3.321457008303  3.339664781786  -0.860622313921  -0.143784688261  -0.205587805614
  25  Si  1.124464355326  3.297237750355  7.778806795443  -0.699819379519  -0.167383724051  -0.392023388628
  26  Si  1.108423258722  7.755413338108  3.334767392892  -0.475288269328  0.576766426174  0.031818579143
  27  Si  1.130790106774  7.734620473461  7.776896061433  -0.603783796512  0.428474572722  -0.408656273546
  28  Si  5.533288214028  3.308165935604  3.324425852347  0.540233705627  0.099767398686  0.084722192161
  29  Si  5.565493815726  3.311152682544  7.742675579157  -0.038957608432  -0.377326924028  0.273528267461
  30  Si  5.543996067866  7.761347797351  3.338664253207  0.310731952723  0.418608546863  -0.237348607304
  31  Si  5.575204449886  7.733361377783  7.777793942571  0.112731544464  0.662479981221  -0.406942870730
  32  C  8.928448703793  8.859104226484  8.846673487048  0.303865259288  -0.143193057786  0.502211418378
  33  C  8.887640468665  0.006706694736  4.406741026904  0.621753954624  -0.755643764163  0.502081473448
  34  C  8.893707875236  4.378376228060  8.860967704112  0.816588246908  0.412729886305  0.144985190108
  35  C  8.888292353829  4.423224208687  4.430889170390  0.562070614414  -0.117104175731  0.227205543493
  36  C  4.437797585717  0.005258330362  0.008428880349  -0.398066525480  -0.364977422348  -0.047772716744
  37  C  4.444550367492  -0.021313532257  4.435947723909  -0.335953769319  -0.411693416641  0.107612036506
  38  C  4.409486379945  4.443202220601  0.004975548909  -0.012604969265  0.085881492697  -0.140281346590
  39  C  4.444401206801  4.442742283116  4.439667484228  0.050732007895  -0.357581117335  0.012094480813
  40  C  8.882740842996  2.225578219289  2.217011657692  0.751480670044  0.005589477518  -0.191785562183
  41  C  8.878736088929  2.188613290985  6.653087525746  0.991143684895  0.376843402382  -0.000312823036
  42  C  8.890033745690  6.642769967667  2.229846949250  0.679898489098  -0.064261683249  -0.064284443447
  43  C  8.889476684768  6.630065829534  6.644302232786  0.859405347568  0.145073943516  0.219602422332
  44  C  4.440171464426  2.203088158628  2.207588893242  -0.076611337774  0.119854223603  0.118482284241
  45  C  4.443551224677  2.209345533364  6.638393148078  -0.115871997308  -0.073866999546  0.102124422548
  46  C  4.441676130408  6.628619339755  2.222499141814  -0.096888869081  0.343186780708  0.188716633348
  47  C  4.454165566828  6.641291841441  6.634274900501  0.008457245825  -0.170579194478  0.845437240019
  48  C  2.218086038185  -0.011164511335  2.211794655710  -0.133200159910  -0.362851293502  0.273807061158
  49  C  2.215930683548  -0.007677785117  6.661079503614  0.021839539718  -0.821448044443  -0.130107500863
  50  C  2.228610549839  4.416437675764  2.242700433344  -0.091873304888  0.106255299420  -0.296465396900
  51  C  2.236563802863  4.425422965178  6.646515806368  -0.538562485099  -0.071915233700  0.341785643543
  52  C  6.651908604427  -0.003697670996  2.226368813224  0.222849376489  -0.634545830258  -0.252213382380
  53  C  6.673316077615  -0.018991079266  6.620537150335  -0.078120291372  -0.643985329509  0.686749461927
  54  C  6.690650400249  4.422715435332  2.209316328734  -0.850695513326  0.006686899618  0.259766709912
  55  C  6.661790741151  4.425187087460  6.646793648809  0.252641687484  -0.021255144803  0.110567953872
  56  C  2.210208765099  2.203399051951  0.004558763080  -0.326906721958  0.676326838761  0.044998553638
  57  C  2.234743094140  2.200027803123  4.421472149400  -0.363253019481  0.423260087009  0.379069538937
  58  C  2.213208091028  6.647406142068  0.008711270477  -0.426413695214  0.588146194955  0.273444750489
  59  C  2.233494269177  6.619146902800  4.459360555591  -0.241680206695  0.536156441846  -0.271439195385
  60  C  6.642906355603  2.225389411794  0.007783436516  0.107981684396  0.164183997193  -0.402562789426
  61  C  6.664844904977  2.188186952676  4.434125157051  -0.083268748951  0.407254463659  -0.152158803096
  62  C  6.641846947377  6.660704941506  0.010742066153  0.029254608721  0.092386114518  0.101954153651
  63  C  6.665427658194  6.638633230147  4.429256951233  -0.033338810685  0.071619427840  0.204201856809


MDSTEP:  7
LATTICE_CONSTANT: 1.889726125458
LATTICE_VECTORS
  8.940870708248  0.000000000000  0.000000000000
  0.007456713833  8.920792842935  0.000000000000
  0.037607994810  -0.053814464012  8.866170220276
VIRIAL (KBAR)
  -89.695834206465  -3.779375603057  -9.605535641659
  -3.779375603057  -84.064449322712  11.979768608090
  -9.605535641659  11.979768608090  -67.863312944948
INDEX    LABEL    POSITIONS    FORCE (eV/Angstrom)
  0  Si  3.338389606819  1.105526950362  3.334075937561  0.040381677438  -0.531142887853  -0.164802498596
  1  Si  3.332234556642  1.083819148114  7.764655157261  0.649482703512  -0.448128952785  -0.229244338580
  2  Si  3.347693878806  5.525537233578  3.349055761392  -0.233839892100  0.205547956418  -0.322452014754
  3  Si  3.322648436353  5.535817341270  7.770690639228  0.737159230501  -0.554066410624  -0.370213201988
  4  Si  7.779005097445  1.115998116858  3.294649658609  -0.020726299008  -0.412167658212  0.490474417206
  5  Si  7.798248585932  1.075560517114  7.744960210383  -0.047808878216  -0.486039275052  0.304980156303
  6  Si  7.769937097704  5.528892960186  3.328319885119  0.355571349157  0.020718456782  0.057609679371
  7  Si  7.787923553070  5.538896713817  7.761882660921  0.167820178201  -0.498920931924  -0.022133270613
  8  Si  3.320523291892  3.309385504957  1.112397762913  0.036544521788  0.189379075083  0.122062782925
  9  Si  3.313912775127  3.338731093943  5.538401458086  0.636246349258  -0.585927475660  -0.087659844599
  10  Si  3.326888268158  7.759805918675  1.137333969802  0.257123033274  0.503814395463  -0.436351859753
  11  Si  3.352758364736  7.731218031519  5.569495770995  -0.423619029709  1.141637726910  -0.557098863404
  12  Si  7.760482191323  3.324076289226  1.107678697871  0.437944175404  -0.182246241158  -0.135270929099
  13  Si  7.781367453118  3.295843775865  5.541922143509  0.007706674354  0.187529479310  0.039761998893
  14  Si  7.796052430664  7.746475903074  1.121171102212  -0.270809749095  0.956926274679  -0.162469653000
  15  Si  7.785724479540  7.747037113795  5.555679921978  0.254523370838  0.748924716817  -0.683799100977
  16  Si  1.114847342138  1.117356961197  1.109946055917  -0.973743650308  -0.556316632582  0.042381049104
  17  Si  1.103897745074  1.114054363815  5.536032795227  -0.514839680823  -0.590341444805  -0.012517896888
  18  Si  1.109721077987  5.519730161781  1.119415631705  -0.807324666398  0.170572438349  0.062622349943
  19  Si  1.106207313048  5.525361783746  5.539796511264  -0.673956416679  -0.072135378900  0.120801349808
  20  Si  5.565596877445  1.108550298837  1.104749609778  -0.370430196922  -0.355339254597  0.117255743248
  21  Si  5.554641409670  1.090089069102  5.533129434559  -0.060877105532  -0.138922446520  0.069757573089
  22  Si  5.540682113100  5.509836396640  1.122508451395  0.138326510797  0.376360227412  -0.153118999822
  23  Si  5.554913955984  5.526359989728  5.558216529446  0.235712410451  0.005524039173  -0.405989213573
  24  Si  1.112425902486  3.321181144212  3.335510976069  -0.739699251103  -0.182606017645  -0.043032916899
  25  Si  1.122272263825  3.302888523547  7.781600830921  -0.644311812829  -0.247638818719  -0.463076436612
  26  Si  1.103133984305  7.761240986775  3.331690983940  -0.343518375947  0.415819353142  0.053838871035
  27  Si  1.131482555289  7.734697142672  7.774915619191  -0.512197387494  0.521977943466  -0.435477533311
  28  Si  5.535791142046  3.308659813632  3.325861189688  0.439334665084  0.070436195438  0.079937895277
  29  Si  5.568372469779  3.311721212207  7.738223917859  -0.273663501525  -0.488260902566  0.407492592518
  30  Si  5.540023476716  7.757141969444  3.341168424878  0.409185858519  0.551292969230  -0.311052604903
  31  Si  5.578063182967  7.733253660623  7.774356648614  0.032908434894  0.684922906654  -0.326563025596
  32  C  8.936789531352  8.854872620978  8.842982470713  0.136643620136  -0.061247952830  0.599961225806
  33  C  8.892087319830  0.007684599982  4.403884625952  0.450285427428  -0.722803949971  0.475701068797
  34  C  8.857588319666  4.440334317752  0.000049954573  0.736070064258  0.271042914170  0.049283212264
  35  C  8.892074613253  4.419215804534  4.436194422119  0.434307468282  -0.043256717312  0.108776890882
  36  C  4.436544947394  0.001954474123  0.013379514256  -0.395038227610  -0.312401003377  -0.147987035879
  37  C  4.447368675569  -0.014536846788  4.432173295830  -0.316789548071  -0.605505732482  0.160991185149
  38  C  4.401008710528  4.445180109931  0.010446814737  0.171363083414  0.037267323660  -0.230817053745
  39  C  4.446866773021  4.440044240066  4.437586708707  0.013822128907  -0.344290972585  0.080685551184
  40  C  8.887560443419  2.225676053160  2.216857920108  0.672127310484  0.014245098106  -0.226334719001
  41  C  8.878960101532  2.184579511076  6.661316892925  1.005107652079  0.462797470169  -0.173466497286
  42  C  8.893707434886  6.637736544919  2.225166319876  0.577851023813  0.051433491128  0.011890489902
  43  C  8.897942156886  6.637889989476  6.650176601498  0.662104895782  -0.002143277666  0.106231512405
  44  C  4.435883270505  2.202982497037  2.212452077897  0.021219147821  0.148854239886  0.044445005744
  45  C  4.435625465223  2.203672967824  6.630586828626  0.066384357378  0.034909048105  0.273231113585
  46  C  4.447630386291  6.631090958262  2.220493745554  -0.206531692000  0.212434465964  0.244771289987
  47  C  4.456451427886  6.637696899955  6.631162424363  -0.017124668064  -0.096710835944  0.886757651691
  48  C  2.232595975234  8.906153422977  2.218873915133  -0.265073680808  -0.287403527903  0.166426712574
  49  C  2.219950375948  -0.000354244860  6.656681469769  -0.023697078556  -0.993193098791  -0.060897709263
  50  C  2.221706374545  4.419980347199  2.247004136988  -0.004126127648  0.084338421831  -0.412181527623
  51  C  2.238043154238  4.419508300261  6.638253690567  -0.617080470190  0.107638366267  0.518845339680
  52  C  6.653487191831  0.001805250707  2.221389762969  0.205680965895  -0.746395648557  -0.106582541100
  53  C  6.678765934869  -0.014462665136  6.615277966626  -0.187502750835  -0.691159637812  0.754073074976
  54  C  6.692435572370  4.414797857579  2.212254235467  -0.811682072925  0.147615154004  0.257547058430
  55  C  6.660488208932  4.418156415253  6.652740505657  0.394240854508  0.110464131781  -0.031460833652
  56  C  2.209294350821  2.211702870139  0.003906851365  -0.314205472069  0.580461050894  0.107025739379
  57  C  2.240384519100  2.201665367999  4.426372715625  -0.524893757022  0.356820210612  0.198003215717
  58  C  2.206265126216  6.647594354839  0.001601529809  -0.319764215524  0.553692345626  0.384482894502
  59  C  2.224816980120  6.614553470135  4.451054490943  -0.075880678919  0.653194744523  -0.143851980907
  60  C  6.638958465206  2.222408828339  0.011571385297  0.191134788938  0.256789487501  -0.480866048475
  61  C  6.656543207969  2.196055642336  4.440999392535  0.121368155195  0.245494103281  -0.326985975149
  62  C  6.633840996693  6.660978235732  0.015091059292  0.219100954587  0.053975400722  0.018168450137
  63  C  6.661337010591  6.635660423981  4.429991782787  0.075973291550  0.101861462272  0.247480983534


MDSTEP:  8
LATTICE_CONSTANT: 1.889726125458
LATTICE_VECTORS
  8.940870708248  0.000000000000  0.000000000000
  0.007456713833  8.920792842935  0.000000000000
  0.037607994810  -0.053814464012  8.866170220276
VIRIAL (KBAR)
  -89.746867703774  -3.632652929506  -9.808940920651
  -3.632652929506  -83.988208963839  12.421175961695
  -9.808940920651  12.421175961695  -67.848964290006
INDEX    LABEL    POSITIONS    FORCE (eV/Angstrom)
  0  Si  3.337606505025  1.111100188587  3.334997253255  -0.053183768568  -0.681335552552  -0.129992799831
  1  Si  3.327430034206  1.082210633213  7.766770479990  0.842722102489  -0.414593242190  -0.276609460717
  2  Si  3.352858676177  5.529845665531  3.350448460372  -0.347686546969  0.072625087641  -0.300855234975
  3  Si  3.321511693276  5.537888503294  7.766828908974  0.729264867213  -0.520617708108  -0.197627737913
  4  Si  7.774690828116  1.119624888044  3.297034611600  0.155251655540  -0.555484310298  0.500153272578
  5  Si  7.794918955475  1.079344064262  7.749897395895  0.143444275910  -0.502094438051  0.188607664829
  6  Si  7.767206220016  5.523860788635  3.324831115567  0.591876005485  0.127021085983  0.239954652617
  7  Si  7.781869957884  5.534042910208  7.757521815926  0.338478336625  -0.316638944099  0.145400486230
  8  Si  3.325498392514  3.305269544159  1.114377528679  -0.098615753682  0.476808842948  0.071485004115
  9  Si  3.315945281716  3.337640391138  5.544327989191  0.625833577260  -0.624415420003  -0.175498797366
  10  Si  3.323041148308  7.764443616574  1.142745421953  0.217487671139  0.360677038167  -0.589229225029
  11  Si  3.355806308625  7.737198199108  5.567260181748  -0.488476574592  1.026479735190  -0.498154621563
  12  Si  7.759869204218  3.328695774847  1.103674845294  0.381651288081  -0.229748889508  -0.033058772212
  13  Si  7.775959137908  3.293049307131  5.546390930712  0.082245230470  0.365208885886  -0.099114157079
  14  Si  7.792964885049  7.745789607312  1.123187785864  -0.113495098320  0.994272015064  -0.204473647458
  15  Si  7.791184860201  7.749117151490  5.555317031259  0.281587516047  0.662217186711  -0.632788814919
  16  Si  1.118567167758  1.122286551214  1.110944350761  -1.028530116062  -0.611434628976  -0.031198469123
  17  Si  1.098115667021  1.119012013028  5.538480826673  -0.421011771030  -0.694311251872  -0.034094318370
  18  Si  1.105636274024  5.523760769053  1.123859453588  -0.772442071087  0.150189705983  -0.036325038379
  19  Si  1.110257156484  5.524971937628  5.537219913683  -0.668504190368  -0.102304215326  0.185344526422
  20  Si  5.569556645217  1.110278702709  1.100485410277  -0.442088804970  -0.449254970191  0.117433450351
  21  Si  5.558117885522  1.088934301747  5.528285880589  -0.125648310068  -0.218182514463  0.130791543879
  22  Si  5.536031827676  5.514246209282  1.128421422277  0.169981476591  0.294586986897  -0.236203254508
  23  Si  5.552490744272  5.531382437466  5.555032735813  0.321280292607  -0.093517318401  -0.276764321632
  24  Si  1.107971720169  3.316993453041  3.337587827583  -0.652595000502  -0.114569867531  -0.096945668134
  25  Si  1.126074348931  3.297900432709  7.779205126617  -0.754799180475  -0.094404497170  -0.433406257872
  26  Si  1.100760435095  7.766686175438  3.328442577874  -0.263328938211  0.272541924892  0.107918352291
  27  Si  1.136185789487  7.740724593217  7.770508571537  -0.555976626576  0.497790621029  -0.337005282193
  28  Si  5.537122606737  3.304573690785  3.331754216845  0.342970938834  0.173930868027  -0.119681791485
  29  Si  5.567730296373  3.305573532142  7.737713413653  -0.325313327595  -0.301932752696  0.365649750698
  30  Si  5.543148793458  7.761589450995  3.336110548458  0.399962247900  0.386387413069  -0.216634429317
  31  Si  5.582905745915  7.735093442717  7.774337400380  -0.068784338383  0.668696693034  -0.266984748531
  32  C  8.946249593840  8.859499028519  8.840746312619  -0.044905911283  -0.049402872626  0.630823043214
  33  C  8.901515794845  -0.001455430702  4.399820034439  0.232034576740  -0.454100924348  0.564579795798
  34  C  8.890793426329  4.381161446020  8.864911140709  0.837723042669  0.359990910132  0.045522546167
  35  C  8.900033467937  4.410351576098  4.436841521295  0.186593200189  0.080796771678  0.127181661919
  36  C  4.438468450060  8.919623596954  0.012522627981  -0.262825189302  -0.231508354760  -0.085234786485
  37  C  4.446308511673  -0.019840781229  4.431101481125  -0.244971422493  -0.457169839831  0.113230749762
  38  C  4.403236199753  4.451603465690  0.012180740635  0.153885182622  -0.116489577877  -0.239779621640
  39  C  4.448531241085  4.435917132753  4.439832439283  -0.014534602048  -0.281665570607  0.076989533201
  40  C  8.879353285930  2.216995308148  2.215962490076  0.792142906398  0.215512396718  -0.252179395764
  41  C  8.872855372498  2.193052511690  6.653511662191  1.030037048227  0.249869419541  0.023225957343
  42  C  8.896807353139  6.645823644617  2.231591341106  0.430476289799  -0.080302758855  -0.086549616423
  43  C  8.907797390375  6.645595063121  6.657523755478  0.492795086776  -0.142810321507  -0.032701881406
  44  C  4.431371205195  2.196408944584  2.204767714971  0.187588937528  0.260408260395  0.222034472152
  45  C  4.439206802596  2.195212109791  6.623662516120  0.032222020958  0.124891293259  0.398721320656
  46  C  4.442146461230  6.626962578510  2.220079549845  -0.104161011768  0.403128772250  0.292835291568
  47  C  4.459787392544  6.641920241842  6.635852158666  -0.077387912683  -0.103399275233  0.730720887141
  48  C  2.225125875653  8.902907667158  2.219972676064  -0.117278760987  -0.103151492678  0.193567413262
  49  C  2.223999263770  0.006892142840  6.663152828327  -0.140419042375  -1.048568176123  -0.248786808389
  50  C  2.218546154279  4.428750986451  2.253906863311  0.064466037911  -0.144108348861  -0.513893810522
  51  C  2.243082674389  4.411979772254  6.644599804781  -0.676032735381  0.257086608224  0.402193324256
  52  C  6.660927503355  0.005632141978  2.225873504299  0.028193212385  -0.758475492576  -0.235100781078
  53  C  6.682900123668  -0.010673787485  6.618754129466  -0.204367205368  -0.729192914873  0.655288299566
  54  C  6.693924425880  4.424137163249  2.218044151976  -0.906407734802  -0.106749893575  0.105778023886
  55  C  6.664631468150  4.421588142716  6.659215104118  0.195926408043  0.027230928772  -0.218111483267
  56  C  2.252738448454  2.165785413802  8.862958142609  -0.423240251187  0.446346901199  0.290696476444
  57  C  2.236034807321  2.203326699512  4.433033644731  -0.424557419664  0.331949364603  0.092228491584
  58  C  2.234259841813  6.597747952098  8.862161852397  -0.139222062033  0.500705592910  0.481891500471
  59  C  2.225770428321  6.613263641423  4.443658660151  -0.042034812161  0.766086222091  0.015360627265
  60  C  6.637240942195  2.227049403487  0.003201973337  0.186854434263  0.203788139355  -0.282204233112
  61  C  6.652597730839  2.196816624411  4.434544343719  0.198425490318  0.198236994263  -0.169620837179
  62  C  6.626497606110  6.659454711052  0.022745496834  0.364140734907  0.097563844338  -0.099537665705
  63  C  6.667853749217  6.629054432817  4.432768775214  -0.034715600934  0.278909825514  0.170739649907


MDSTEP:  9
LATTICE_CONSTANT: 1.889726125458
LATTICE_VECTORS
  8.940870708248  0.000000000000  0.000000000000
  0.007456713833  8.920792842935  0.000000000000
  0.037607994810  -0.053814464012  8.866170220276
VIRIAL (KBAR)
  -89.392711828759  -3.939304630499  -10.488740359862
  -3.939304630499  -83.787367093036  13.177903155078
  -10.488740359862  13.177903155078  -67.601772336567
INDEX    LABEL    POSITIONS    FORCE (eV/Angstrom)
  0  Si  3.337532729942  1.114253001336  3.336620777732  -0.077560585128  -0.844337227130  -0.179697732633
  1  Si  3.324999380928  1.081566058998  7.764117530517  0.838750001668  -0.401752868498  -0.358361571978
  2  Si  3.347993492547  5.527056159137  3.346410469546  -0.157192277567  0.173710656838  -0.130076861663
  3  Si  3.318550612072  5.538713465215  7.770340996754  0.775547785479  -0.555782556703  -0.379978265061
  4  Si  7.769508371987  1.120472260814  3.296685985646  0.391317544651  -0.517648366953  0.503595068261
  5  Si  7.792163084147  1.074360509530  7.754733262233  0.231118664896  -0.474378020941  -0.041344420824
  6  Si  7.766085987589  5.524345491224  3.326219221961  0.580738861457  0.055191807471  0.327247256188
  7  Si  7.781654320390  5.538113369066  7.752714053625  0.439507534755  -0.415485757393  0.191329691175
  8  Si  3.327372502096  3.310927488433  1.115008530715  -0.141328120629  0.370513524616  0.082041011696
  9  Si  3.316837333871  3.340863660226  5.546768699629  0.652752184414  -0.738012714452  -0.381147907607
  10  Si  3.319033697382  7.761393437690  1.141874510307  0.295191601738  0.415864777479  -0.552776328767
  11  Si  3.359780878601  7.738212956610  5.572474786534  -0.582271455988  1.052431546672  -0.664585896868
  12  Si  7.755028413346  3.331089591412  1.099678406095  0.421738500776  -0.202440873200  0.087415889457
  13  Si  7.773637223911  3.298992271506  5.549931986925  0.183640207081  0.229900513143  -0.311232889886
  14  Si  7.787599337399  7.740156522346  1.121174484151  0.178588581423  1.081265646624  -0.123457455415
  15  Si  7.791990959700  7.747121208621  5.554901891322  0.345825867728  0.669935313299  -0.671624352532
  16  Si  1.117137880770  1.125085848782  1.104620580536  -1.049342341557  -0.683725095462  0.155588300920
  17  Si  1.091644392081  1.114894547911  5.542891670730  -0.225258097631  -0.557765467112  -0.240447042013
  18  Si  1.100742921772  5.528397788527  1.127207299346  -0.601029919522  0.050796407729  -0.091187233898
  19  Si  1.112562325207  5.523642892405  5.537525328864  -0.637768807702  0.039763713770  0.082441710102
  20  Si  5.567884231049  1.111304665122  1.104149776141  -0.454319552564  -0.428714579467  0.018050435254
  21  Si  5.562442069906  1.087625663391  5.526060578943  -0.204847531550  -0.175430873457  0.020646841291
  22  Si  5.539286949468  5.514698195199  1.121986416893  0.120892163019  0.359116531937  -0.084059630163
  23  Si  5.558369132252  5.535907291930  5.560957663486  -0.073433146380  -0.220766647026  -0.427846462731
  24  Si  1.110534272718  3.322740888086  3.331043497218  -0.690620029925  -0.362443599222  0.048784216300
  25  Si  1.120102364322  3.297807786543  7.776878130211  -0.611425467347  -0.138306837618  -0.433944753060
  26  Si  1.101315916515  7.772200024281  3.322754536474  -0.248741216680  0.130344782084  0.404334680152
  27  Si  1.136884050366  7.746545557978  7.767345111295  -0.444660838607  0.405607487040  -0.342074451122
  28  Si  5.535995885815  3.299099042676  3.326694469857  0.402825437336  0.339289638209  0.033013870121
  29  Si  5.563177943496  3.309026603739  7.738082871941  -0.266410010064  -0.464039702749  0.313335110231
  30  Si  5.545643717440  7.757202087494  3.330903897491  0.302912498188  0.461937818154  -0.093353871653
  31  Si  5.582307285371  7.741726786155  7.774436139190  -0.088138362037  0.582894296444  -0.236454300690
  32  C  8.951888630880  8.864114002883  8.832055076829  -0.147980729260  -0.175296484211  0.788243230698
  33  C  8.907686968838  0.001628937711  4.408069470864  0.023989163295  -0.531531948789  0.343013775306
  34  C  8.859022988447  4.432949962526  0.005396605943  0.677202673306  0.467400491391  -0.129668857541
  35  C  8.905417306210  4.409391477909  4.433445112628  0.084911050460  0.129999072362  0.231064736418
  36  C  4.422678313097  0.008633139826  0.007218246559  -0.115925549543  -0.364912614399  0.050328744492
  37  C  4.439260534526  -0.018885475085  4.424570484715  0.016146964362  -0.504686187838  0.210929663662
  38  C  4.401873905175  4.460954969725  0.006928902304  0.198133344818  -0.278110287018  -0.153890624371
  39  C  4.449385074256  4.428320040116  4.430248297339  0.022228306284  -0.086664770403  0.286115190478
  40  C  8.871202379207  2.223428196743  2.209227659772  0.901337477649  0.128621285516  -0.186638845456
  41  C  8.867073283906  2.188608387211  6.646764482549  1.027922874384  0.335538242986  0.197035023173
  42  C  8.900860490471  6.636763784481  2.239436254191  0.274576731792  0.175895049299  -0.231768452000
  43  C  8.912728224459  6.652495385302  6.658835459685  0.405086746976  -0.285051088786  -0.068783249824
  44  C  4.433827154033  2.198772166854  2.213994536100  0.138716621613  0.208723760911  -0.055777110390
  45  C  4.438131444758  2.192674800660  6.621980652077  0.073025613106  0.180173553731  0.456432164928
  46  C  4.447488587449  6.626552102085  2.218275368751  -0.198160674139  0.369189734423  0.204310729663
  47  C  4.449889497912  6.644277294092  6.645747904544  0.198187255399  -0.165640111065  0.650222358798
  48  C  2.218599597091  8.893753390583  2.228856387365  -0.017088364582  0.130328377054  -0.097281459086
  49  C  2.222420791047  0.007869531177  6.654284748411  -0.099946209074  -1.039712834011  -0.066249575258
  50  C  2.217511895239  4.431693309267  2.261111203079  0.067004503069  -0.119636814431  -0.785582416853
  51  C  2.244946930674  4.418660469175  6.637869581480  -0.740137345084  0.111394941422  0.593139341334
  52  C  6.666617248517  0.005178746727  2.219661601801  -0.077631003609  -0.831281871312  -0.147232718204
  53  C  6.686291874161  -0.016594307872  6.610246909658  -0.273096034026  -0.627842767726  0.829731670304
  54  C  6.688064579703  4.431047529386  2.221275157088  -0.826409770737  -0.263055859803  -0.067833794964
  55  C  6.658679978126  4.417479278412  6.649522674971  0.316705627425  0.164080656001  0.052634544927
  56  C  2.254313033649  2.157413411782  8.862965746097  -0.413421043421  0.707830424595  0.270303391079
  57  C  2.245594532769  2.195052688946  4.425296314884  -0.733519520821  0.548969003645  0.302063239288
  58  C  2.243331915456  6.593203053178  8.855691743691  -0.463364595193  0.652751381919  0.677940799371
  59  C  2.233623174178  6.617491867851  4.448659110834  -0.161351991208  0.698524140118  -0.079299664644
  60  C  6.646634945027  2.219714270432  0.000995857889  -0.102964439593  0.375692871886  -0.235890439118
  61  C  6.659592567046  2.201909966651  4.428877228504  0.049004338065  0.120118368000  -0.067279311955
  62  C  6.636597870629  6.660108662954  0.027316189849  0.135846373976  0.107682169203  -0.289472195732
  63  C  6.661584948993  6.623384365262  4.442247445846  0.153971930580  0.422976841206  -0.005032541106


MDSTEP:  10
LATTICE_CONSTANT: 1.889726125458
LATTICE_VECTORS
  8.940870708248  0.000000000000  0.000000000000
  0.007456713833  8.920792842935  0.000000000000
  0.037607994810  -0.053814464012  8.866170220276
VIRIAL (KBAR)
  -89.323701665446  -3.516897137977  -9.789806486182
  -3.516897137977  -83.746737073665  12.399510856493
  -9.789806486182  12.399510856493  -67.642667076197
INDEX    LABEL    POSITIONS    FORCE (eV/Angstrom)
  0  Si  3.333873641047  1.113270739658  3.340927192634  0.050156042666  -0.835609845566  -0.155027932582
  1  Si  3.330770356871  1.083446373021  7.758565843902  0.596516735678  -0.406297758565  -0.269346496254
  2  Si  3.353774145211  5.523521032780  3.341833439274  -0.387811651734  0.214709259961  0.031453462070
  3  Si  3.317557265772  5.534841329112  7.766705752716  0.791290265255  -0.504137389520  -0.334092408432
  4  Si  7.769915331796  1.116030734971  3.296868798619  0.369739418010  -0.369775735436  0.536941857333
  5  Si  7.794707658521  1.068453510292  7.750290972886  0.161254233927  -0.395029269537  0.103314348865
  6  Si  7.765264533165  5.518079448587  3.323652185646  0.659219789295  0.178710992383  0.369860485172
  7  Si  7.786352612917  5.543354101332  7.746576803391  0.248247542491  -0.585202781402  0.308065223412
  8  Si  3.321105594279  3.316287475450  1.116170153666  -0.078895561133  0.220401995935  0.088856045011
  9  Si  3.320999751426  3.334585775626  5.550630345104  0.527557540681  -0.580668253277  -0.503117496951
  10  Si  3.322599852070  7.758817619004  1.138046903745  0.165038172078  0.508518416141  -0.422853852109
  11  Si  3.360475635192  7.734400556740  5.577565200847  -0.613855707670  1.145084898190  -0.780974755884
  12  Si  7.757577619959  3.325742641566  1.094494266758  0.324398870684  -0.123737516644  0.186842363412
  13  Si  7.778510387415  3.299472165362  5.547867791994  0.002680559373  0.256190882529  -0.227770433645
  14  Si  7.782027964257  7.734263326473  1.121849207419  0.204396177893  1.179913854787  -0.186574039438
  15  Si  7.793424942358  7.750489973148  5.556582363008  0.442027234961  0.544040990846  -0.687084722031
  16  Si  1.120602569249  1.120030503675  1.107238332861  -1.075986188178  -0.500423728645  0.186731082442
  17  Si  1.085774633604  1.121367874435  5.543818739827  -0.044012530309  -0.626026446939  -0.415131320168
  18  Si  1.095479184510  5.521923732261  1.126480246720  -0.480256777145  0.143207540660  -0.105776617623
  19  Si  1.115357502009  5.528041309844  5.537771681262  -0.667404922480  0.005007322597  0.009194008573
  20  Si  5.567796921507  1.112068782915  1.108593416823  -0.521216187413  -0.460490006087  0.030604377528
  21  Si  5.565740861653  1.082433492843  5.519393054133  -0.149104583493  -0.123861426003  0.193788048260
  22  Si  5.541078281547  5.519032084078  1.116943616253  0.034580646391  0.180485398240  0.044691762036
  23  Si  5.561817631205  5.537913940311  5.563135765607  -0.110377996113  -0.297438172450  -0.605108584091
  24  Si  1.104875369453  3.326004234601  3.334058780405  -0.485151126432  -0.451018201019  0.068805087799
  25  Si  1.122125902495  3.295525212133  7.775928085632  -0.718561077812  0.003537605925  -0.508827662415
  26  Si  1.098437162637  7.766896833941  3.324210124912  -0.176887491236  0.308421048365  0.318631975995
  27  Si  1.143440386850  7.742482659337  7.768271120612  -0.639678836820  0.607557472942  -0.315108459917
  28  Si  5.536914950289  3.296894203266  3.328195930132  0.243080825865  0.325544041405  -0.026446715240
  29  Si  5.556233270832  3.302621965632  7.737127294906  -0.155198271855  -0.439303786822  0.304665698337
  30  Si  5.546050761370  7.758122434755  3.337658102713  0.269796262117  0.496795614053  -0.196859135751
  31  Si  5.580079326722  7.739119756610  7.769071183270  -0.076273727284  0.659290936735  -0.092184503089
  32  C  8.941355378916  -0.047827363585  8.841656524682  -0.038209142140  -0.448377543104  0.609714261450
  33  C  8.907690911608  0.004896734795  4.409888355545  0.012367113971  -0.598335960538  0.322102386993
  34  C  8.852497718100  4.439339083420  0.001406970657  0.763943919970  0.286202809770  -0.131292729824
  35  C  8.913610741814  4.408315707265  4.436936867376  -0.088303521957  0.221210999786  0.217569439802
  36  C  4.418876296017  0.013497785123  0.012996344744  -0.011002450048  -0.497487837920  -0.123172876981
  37  C  4.448187334577  -0.014483282960  4.434661101716  -0.179544411595  -0.666741209275  0.038792586637
  38  C  4.401933266194  4.456123602271  0.002567373627  0.123823661795  -0.209703181189  -0.066750866898
  39  C  4.440972399255  4.423772361882  4.427299738642  0.266711094461  0.005445734921  0.401701734072
  40  C  8.872479413611  2.230126089286  2.217673336370  0.892127028356  -0.004317928701  -0.303106000926
  41  C  8.868219849616  2.181502603999  6.640616305385  0.935651228886  0.497217113346  0.314561489544
  42  C  8.903931660769  6.637181426518  2.231326577533  0.160500928779  0.080603512326  -0.098526153023
  43  C  8.914263148729  6.641918086068  6.665160822788  0.418605303123  -0.007899580728  -0.237563558043
  44  C  4.426082108466  2.192131580272  2.215734669837  0.252146579523  0.357868509837  -0.085878165523
  45  C  4.437057489716  2.183527173492  6.612342715513  0.169839625033  0.272356234904  0.618462064570
  46  C  4.438893593267  6.624456751704  2.224202015404  0.057513795289  0.419701913514  0.040373388050
  47  C  4.457959893615  6.640056808089  6.646231033632  -0.019079549680  -0.089008047546  0.635661907364
  48  C  2.225808904010  8.900280189215  2.234740413635  -0.142128203010  -0.095594140557  -0.174858830321
  49  C  2.214716298522  0.015635227828  6.645106311105  0.059082100891  -1.196606047482  0.135845436556
  50  C  2.217372450235  4.430141761197  2.268558822440  -0.011054255921  -0.061188595912  -0.957974968122
  51  C  2.242145375701  4.428224670221  6.628440082714  -0.618046960060  -0.126737133648  0.727830655817
  52  C  6.668650764850  0.006226957380  2.220523032862  -0.158799392098  -0.926709484083  -0.149169146174
  53  C  6.690854208566  -0.024782489912  6.612154159757  -0.370382783575  -0.499810135603  0.789433029916
  54  C  6.687953718371  4.425905237632  2.226262462228  -0.841970699769  -0.225369536279  -0.243306428639
  55  C  6.650662997800  4.422156823442  6.655923723228  0.511625269847  0.016707720531  -0.072861735450
  56  C  2.246314277210  2.164701276699  8.856540394191  -0.227845023100  0.554125242416  0.330426908310
  57  C  2.253710493120  2.199514797795  4.425418381743  -0.976152637851  0.495215407135  0.358953369633
  58  C  2.241016361987  6.594362233371  8.851928528720  -0.344511836818  0.541808689688  0.738504986429
  59  C  2.226903070914  6.621672944565  4.442279172731  0.015729950721  0.605838803708  0.007285875977
  60  C  6.641445858315  2.212833412264  0.003644018250  0.008294228694  0.440694457967  -0.376981749369
  61  C  6.651994909556  2.203226138342  4.430526220172  0.270495297085  0.068848802141  -0.102455173526
  62  C  6.629773333933  6.652901390513  0.019893345916  0.267733927684  0.293052535983  -0.203378729014
  63  C  6.666364008805  6.631821417757  4.437978595001  0.131532133256  0.218589920801  0.089896900088


