MDSTEP:  0
LATTICE_CONSTANT: 1.889726125458
LATTICE_VECTORS
  9.134429164664  0.000000000000  0.000000000000
  0.262275179704  8.917371814406  0.000000000000
  -0.035587594394  0.006334516937  8.997194591824
VIRIAL (KBAR)
  -167.541414417074  -48.400146125727  10.752909204608
  -48.400146125727  -93.249612033452  1.340739339932
  10.752909204608  1.340739339932  -121.158918479527
INDEX    LABEL    POSITIONS    FORCE (eV/Angstrom)
  0  Si  3.336974170852  1.069248413879  3.336275014510  0.251592657902  -0.396233489506  0.074650807114
  1  Si  3.315286140882  1.047291868821  7.782401026727  0.445712607784  0.199951697733  1.606777052101
  2  Si  3.410626839602  5.502869929492  3.340038430327  0.174006143520  -0.262666389125  -0.125164056802
  3  Si  3.372980571529  5.513835666737  7.776539087536  0.407566552512  -0.128807443890  1.480385053959
  4  Si  7.787517461787  1.012006986104  3.326190795714  0.504982083156  -0.297248182077  0.554051198181
  5  Si  7.783004453659  0.997878072091  7.775448427621  0.178877190380  -0.375028047535  1.945491556420
  6  Si  7.840799028750  5.415290929983  3.330641154188  0.927517995767  0.435284357005  0.487742022732
  7  Si  7.820370759242  5.446292368572  7.788076765679  0.918771869972  -0.237036133901  1.476565246420
  8  Si  3.384988960579  3.272115318898  1.104453300058  -0.209709198354  0.079301481704  -0.273571007631
  9  Si  3.340410834734  3.308138704473  5.546365440943  0.957860365486  -0.596341533499  0.062971342579
  10  Si  3.441958828575  7.715502311221  1.117544672353  1.091716196429  0.453168933480  -0.866559288786
  11  Si  3.425606037636  7.699339630093  5.554649900997  0.974529870131  0.931308497865  -0.467202395692
  12  Si  7.811330228294  3.214253623629  1.129945408966  0.875955392517  0.070275004188  -0.486524419091
  13  Si  7.807472105423  3.209638394247  5.574237326268  0.838437259726  -0.024854399680  -0.293168240475
  14  Si  7.895804765917  7.649034265964  1.115959348998  1.495047369134  0.350819644577  -0.399418470644
  15  Si  7.864957330383  7.658382452993  5.547740198229  1.821828851661  0.366505407220  -0.463651406135
  16  Si  1.114058668181  1.080831860988  1.102710365441  -3.015567940482  -0.628957002246  0.047475889017
  17  Si  1.099600933312  1.111158284855  5.531834634990  -2.790552714509  -1.002719216528  0.344820576925
  18  Si  1.199480206347  5.513188204642  1.106073623497  -3.196646429146  -0.539146769434  -0.053043904657
  19  Si  1.178756532641  5.528148814408  5.515848439084  -3.338976799562  -0.736341479465  0.617257979789
  20  Si  5.579294390253  1.045932496758  1.130520724009  -0.153417095377  -0.600520067275  -0.506591389317
  21  Si  5.548738312929  1.010558703439  5.551473761858  0.046146935147  0.340990777195  -0.003964407621
  22  Si  5.608351694003  5.456317248313  1.129049431079  0.556065671516  0.049291704272  -0.641978350664
  23  Si  5.610919819166  5.465601070553  5.575340464452  0.466459421605  -0.110838065105  -0.653193767100
  24  Si  1.150920902155  3.312307579972  3.319044019072  -2.930389864801  -0.702032148511  0.354293167572
  25  Si  1.139316508845  3.304810603921  7.769028605486  -2.869034281098  -0.671686629724  1.553305284960
  26  Si  1.217281178274  7.751883444202  3.313407135135  -2.122060765842  -0.040755754476  0.161317437506
  27  Si  1.206369161950  7.744824280190  7.756309085561  -2.175216296021  -0.041145441828  1.347782208057
  28  Si  5.558653877165  3.239680623134  3.334188131640  0.814551682530  0.087666463182  0.177024187961
  29  Si  5.576071156008  3.253643439288  7.751731104929  0.011823305196  -0.161785444742  2.102643920644
  30  Si  5.637381551550  7.690488305881  3.323271505851  1.506331399469  0.312205292241  -0.193985280245
  31  Si  5.655872044908  7.688292641357  7.767450130269  0.826744759147  0.670287633395  1.512821702503
  32  C  9.134880512440  8.771507500560  0.018629495902  1.397118715489  0.469122015814  -1.197582006415
  33  C  9.120872144113  8.806217324971  4.450754866909  1.566878021641  0.040726686175  0.015240498178
  34  C  8.927576489134  4.314270134453  0.021694995234  2.423121719944  0.825620540948  -1.370632980662
  35  C  8.940489222529  4.317464141366  4.470599077204  2.216723620122  0.442887475088  -0.337356109098
  36  C  4.703813099712  8.842447988629  0.030950364358  -1.110995872144  -0.376713321001  -1.361636407772
  37  C  4.688506465005  8.848522833368  4.450353803088  -1.565559806977  -0.296100205264  0.170433486942
  38  C  4.486622278362  4.388349450447  0.010974458637  -0.002458960790  -0.248134272530  -1.542681892677
  39  C  4.498367397033  4.378455028418  4.446712955260  -0.465575560846  0.086210265509  0.100100530022
  40  C  8.899487609220  2.102212679411  2.242677773879  2.455552025065  0.595449364319  -0.449084355325
  41  C  8.879631363817  2.073662958494  6.683481361856  2.592718980476  1.058564842116  -0.430235490477
  42  C  8.979108294476  6.528750271574  2.249808965237  2.333317750893  0.547951253873  -0.483843124937
  43  C  8.952175957889  6.537082977439  6.657976459556  2.352547074173  0.476118871688  -0.050394464168
  44  C  4.447845295677  2.154431416139  2.217531552310  0.019967986007  0.020038584801  0.175585844120
  45  C  4.465030842700  2.159741902974  6.660582676118  -0.824056136259  -0.089496546145  0.054112299170
  46  C  4.524431817380  6.585513066028  2.212823798187  -0.230179073488  0.174659174871  0.349681028150
  47  C  4.523882611632  6.599827581580  6.639243259477  -0.304243075702  -0.120607612788  0.825931455634
  48  C  2.473607261594  8.897782247815  2.235254828787  -1.273856795787  -0.617520047453  0.161525182393
  49  C  2.451076529215  8.902518935372  6.669677715064  -1.146918108074  -0.762384406733  0.070088442594
  50  C  2.280475846325  4.401312663165  2.238562443150  -0.063031274300  -0.004122558095  -0.315467502232
  51  C  2.267530038626  4.412658628985  6.643808627788  -0.500980583466  0.052095276973  0.434312993941
  52  C  6.914281368113  8.823048504620  2.247556858765  -1.133130073677  -0.290520554044  -0.081722349125
  53  C  6.896031002981  8.835966098908  6.650203527295  -0.980123428387  -0.535661417895  0.807829042006
  54  C  6.722151486533  4.345438847081  2.232238588308  -0.584933804523  -0.197012417277  -0.001489813803
  55  C  6.702047709691  4.323148843102  6.658838730863  -0.054681203685  0.630972907060  0.352472217138
  56  C  2.238750908057  2.170578965753  0.019962889720  -0.019036253808  0.187353999157  -1.610318905540
  57  C  2.262518995184  2.188772949234  4.439974372348  -0.878208401732  0.180980839908  0.000262664218
  58  C  2.267648603051  6.617535951007  8.990127267614  0.160977928727  0.253179995221  -1.174844087152
  59  C  2.299650463704  6.599287441687  4.439314693365  -0.013670328425  0.612856825018  -0.121607127779
  60  C  6.680192291206  2.131080884141  0.024412717452  0.116204614549  0.035540080531  -1.674208678329
  61  C  6.671499169838  2.124039041855  4.464941944172  -0.174220012721  0.043141841880  -0.445728935420
  62  C  6.739146567858  6.549752473920  0.015024893399  0.217765635379  0.169138605614  -1.384623159412
  63  C  6.722524863128  6.566173133271  4.440979080677  0.182010486830  -0.157249342852  0.036521456238


MDSTEP:  1
LATTICE_CONSTANT: 1.889726125458
LATTICE_VECTORS
  9.134429164664  0.000000000000  0.000000000000
  0.262275179704  8.917371814406  0.000000000000
  -0.035587594394  0.006334516937  8.997194591824
VIRIAL (KBAR)
  -167.621949707299  -48.475265467744  10.799393565328
  -48.475265467744  -93.475647449740  1.256477840084
  10.799393565328  1.256477840084  -121.327042191009
INDEX    LABEL    POSITIONS    FORCE (eV/Angstrom)
  0  Si  3.337545602698  1.068879681546  3.336760436577  0.226396307495  -0.396110375420  0.058850910191
  1  Si  3.315056676694  1.047714211992  7.783227260484  0.432927065176  0.191720251421  1.577309964583
  2  Si  3.410301430900  5.502639541465  3.339934549558  0.168908755496  -0.264033313225  -0.123409225018
  3  Si  3.373043706451  5.512891621595  7.777342990368  0.397548892146  -0.106737917387  1.459846470699
  4  Si  7.788005207178  1.011819892359  3.325467988508  0.484038138503  -0.298610975937  0.568951749140
  5  Si  7.782849879844  0.997840382185  7.775974207528  0.191372041240  -0.370376595758  1.923879750176
  6  Si  7.840787681475  5.415018860209  3.331090153869  0.930221287399  0.455893086003  0.466806969026
  7  Si  7.820503584677  5.446280602101  7.787479996665  0.917862747922  -0.236877766796  1.479128058292
  8  Si  3.386125544359  3.271598744150  1.104825487559  -0.235296031809  0.092027764836  -0.282355593953
  9  Si  3.340395281538  3.307437323605  5.546546440806  0.938415785346  -0.577127082006  0.064603551314
  10  Si  3.442714348739  7.716590573932  1.117670628734  1.063006651856  0.432180496679  -0.865099507514
  11  Si  3.426199500012  7.698651871641  5.554552645123  0.957679680985  0.943834018854  -0.466196025163
  12  Si  7.811255039442  3.214416681420  1.130144307971  0.880546025833  0.057052011973  -0.497768680220
  13  Si  7.808240349075  3.210356506809  5.573692520361  0.830888452795  -0.032887868512  -0.263054743995
  14  Si  7.896348028621  7.648983833189  1.115135409805  1.493534219968  0.351574493914  -0.393295240809
  15  Si  7.865804243214  7.658837963840  5.548511927690  1.807512140039  0.353208656597  -0.488656067057
  16  Si  1.113495307680  1.081422192637  1.102264294884  -2.993297444081  -0.638671794359  0.053527140989
  17  Si  1.098579519935  1.111466087650  5.532069662255  -2.762947764903  -1.004335925220  0.335133713668
  18  Si  1.198884875110  5.513628981811  1.105798227863  -3.173122890959  -0.544878300395  -0.051202669050
  19  Si  1.178090262282  5.527982532329  5.515806149584  -3.313599249496  -0.720871009864  0.606044272202
  20  Si  5.579624863934  1.045123796819  1.130511829356  -0.164808376382  -0.587522717684  -0.525363967617
  21  Si  5.548928993149  1.011359513853  5.551618257761  0.043407231672  0.318516025411  0.000158690227
  22  Si  5.607865795501  5.456075296248  1.128625878374  0.566918566024  0.060756355265  -0.634589399186
  23  Si  5.610778560094  5.465268841172  5.575055175906  0.460307611939  -0.097927276361  -0.638027514950
  24  Si  1.150207664542  3.313035224640  3.319603296751  -2.902354176011  -0.716281092343  0.346311067470
  25  Si  1.139115352520  3.305058574933  7.770041160440  -2.866927146837  -0.671079470941  1.532859773249
  26  Si  1.216898548923  7.751842297073  3.313253186697  -2.108448695261  -0.038534742673  0.156024932035
  27  Si  1.205708697009  7.745520286568  7.755945967045  -2.149725034837  -0.050882455183  1.350077332881
  28  Si  5.558463476347  3.238745952809  3.333959204642  0.805587575875  0.110608330838  0.198250774577
  29  Si  5.575995991009  3.253377148737  7.751381415869  0.014525328068  -0.156726946930  2.102527865502
  30  Si  5.637099997613  7.689855667289  3.323516503831  1.503655798755  0.321666215968  -0.195946096583
  31  Si  5.655929606071  7.688534593532  7.767826896339  0.822090360394  0.664683944100  1.496082242320
  32  C  9.136327469015  8.771842233150  0.018671548697  1.372946253518  0.472472834379  -1.200402610632
  33  C  9.120420638206  8.806715799976  4.450583230926  1.568221244802  0.029900381205  0.019388142510
  34  C  8.928708200173  4.313399981358  0.020949816779  2.402360782220  0.833478122673  -1.361141976612
  35  C  8.941341477648  4.318189950473  4.470348692530  2.201994770495  0.436453147983  -0.329133190061
  36  C  4.702467715828  8.842178593438  0.030576556811  -1.083588996790  -0.365127623695  -1.351127188114
  37  C  4.688087909710  8.849131987799  4.449849821276  -1.541258394053  -0.306777762454  0.184379803916
  38  C  4.487697108294  4.387805817257  0.010189571094  -0.016610592515  -0.253479314524  -1.527878154031
  39  C  4.497182013175  4.379379928376  4.447836578487  -0.441349529741  0.055613107239  0.072325947483
  40  C  8.899984226581  2.101343732101  2.243159991170  2.441757625866  0.621319112130  -0.465153764273
  41  C  8.881592356422  2.073377199667  6.683833127972  2.553100438148  1.071470196653  -0.432340696397
  42  C  8.981102479213  6.528902092654  2.248538329139  2.288692792611  0.539360287922  -0.461007941687
  43  C  8.952830244429  6.537176081331  6.657435656516  2.343491838066  0.474582149364  -0.042064567633
  44  C  4.447891264424  2.153662905543  2.217308062471  0.030429535486  0.020164787093  0.179207369692
  45  C  4.464666424614  2.160440327491  6.660516745943  -0.817214885710  -0.105939746873  0.061528447862
  46  C  4.523425459958  6.585117633675  2.213433086062  -0.205634561791  0.177552358450  0.330175750683
  47  C  4.524543780795  6.600223173994  6.639468591558  -0.312485557527  -0.134261144065  0.828384458630
  48  C  2.473116139481  8.897725615327  2.235317572093  -1.266570511699  -0.603314476554  0.158822093682
  49  C  2.450735406632  8.902744233562  6.668879602067  -1.139608031180  -0.764494131320  0.079826273457
  50  C  2.280225462806  4.401583457009  2.238858756162  -0.062400408302  -0.015016454606  -0.328505735456
  51  C  2.266126393597  4.412622198043  6.643543003257  -0.480669412219  0.045455382479  0.443835898530
  52  C  6.913711335697  8.823235925886  2.246463251853  -1.111996581318  -0.304531782836  -0.067397259341
  53  C  6.896498583149  8.834902628047  6.649898804724  -0.991851735817  -0.503459404066  0.823690533250
  54  C  6.721956829802  4.344864273350  2.232327859723  -0.581594140847  -0.187997778849  -0.002985287292
  55  C  6.701129235896  4.323773499564  6.659570399972  -0.025409676168  0.614541358721  0.328578037429
  56  C  2.238646765615  2.171417396933  0.018799168584  -0.015163653544  0.179092013415  -1.581712283622
  57  C  2.263113468372  2.188481395233  4.439466210513  -0.898053860655  0.187699816682  0.011782624719
  58  C  2.267395867611  6.618018211220  8.990753016851  0.167764987300  0.249514345818  -1.187009522424
  59  C  2.300160988910  6.599090609939  4.437869625852  -0.036109676022  0.612865769749  -0.088280364345
  60  C  6.679780913323  2.130983604618  0.022978433230  0.123803064746  0.032889526745  -1.648135484517
  61  C  6.671514900347  2.124342886616  4.465905547203  -0.162261524409  0.040692788836  -0.469176512557
  62  C  6.739133329430  6.550113666836  0.013858573576  0.222814195682  0.162763930174  -1.362255044633
  63  C  6.721925739476  6.566158714417  4.441414199998  0.205630347018  -0.156729822734  0.032371704359


MDSTEP:  2
LATTICE_CONSTANT: 1.889726125458
LATTICE_VECTORS
  9.134429164664  0.000000000000  0.000000000000
  0.262275179704  8.917371814406  0.000000000000
  -0.035587594394  0.006334516937  8.997194591824
VIRIAL (KBAR)
  -167.669136629786  -48.634149122639  10.985299984816
  -48.634149122639  -93.552256532644  1.144352740592
  10.985299984816  1.144352740592  -121.302290367385
INDEX    LABEL    POSITIONS    FORCE (eV/Angstrom)
  0  Si  3.337796282690  1.066926055670  3.337072269793  0.217183265954  -0.333128262262  0.059700176266
  1  Si  3.312650140445  1.047149523838  7.783148865755  0.498624973587  0.241270087041  1.578999008670
  2  Si  3.409335121645  5.503798554109  3.338631127976  0.219104052442  -0.294936152866  -0.097147819185
  3  Si  3.373968092028  5.513130346965  7.780053254173  0.373328399129  -0.099440417927  1.390273530875
  4  Si  7.789150534293  1.013348023357  3.326704928598  0.494653750095  -0.256636955599  0.515406219292
  5  Si  7.781925727504  0.998481104098  7.774034747229  0.198179668645  -0.400677378780  1.955295908121
  6  Si  7.841280757909  5.416985830419  3.331874031088  0.908603251818  0.430194464405  0.446680772174
  7  Si  7.821570051146  5.446296686183  7.787465476869  0.919058362767  -0.196091733879  1.455745774517
  8  Si  3.385319085808  3.272782482937  1.106317677269  -0.232571771016  0.044847707349  -0.304028380581
  9  Si  3.341653680689  3.305411782226  5.544109769752  0.967652858639  -0.511468775026  0.129212520463
  10  Si  3.440782113222  7.717716692780  1.115729030705  1.103462134129  0.418278620421  -0.862978437543
  11  Si  3.427154708060  7.700030513710  5.554749549381  0.900800676370  0.917193918556  -0.475384066706
  12  Si  7.808931459968  3.211834321348  1.128948072887  0.917808815400  0.163173481896  -0.490792929207
  13  Si  7.807270698405  3.211163070090  5.575484328707  0.868385743302  0.013723228859  -0.300387221981
  14  Si  7.895182752423  7.648269501389  1.115881179158  1.507956001358  0.334939007264  -0.405274514010
  15  Si  7.868420324752  7.659766308979  5.547360886660  1.791670420487  0.367916935124  -0.438773747141
  16  Si  1.114493693494  1.079551268202  1.100477855589  -3.018878144491  -0.597145335663  0.063018830171
  17  Si  1.097648535500  1.112852690743  5.533109444131  -2.743486214284  -0.995846354023  0.336986264402
  18  Si  1.199922319147  5.511815793862  1.105225394621  -3.190060314349  -0.540540388360  -0.014354001781
  19  Si  1.178036625041  5.529676904748  5.516263853994  -3.288258568618  -0.775090221040  0.626014119991
  20  Si  5.580826132969  1.047198565344  1.128926472768  -0.248679407211  -0.620245085760  -0.480270601878
  21  Si  5.551189411837  1.011739736111  5.553899846726  -0.037087870128  0.337171141284  -0.046657778212
  22  Si  5.608031116493  5.456372890430  1.130719454446  0.523412590035  0.057700512794  -0.696900426206
  23  Si  5.612514040379  5.466888833109  5.575333419429  0.400670291736  -0.087448421736  -0.637131656987
  24  Si  1.150038078439  3.315396420230  3.322016606055  -2.899952556738  -0.720066925564  0.304672965876
  25  Si  1.137206808922  3.306798401890  7.771037093368  -2.818034997097  -0.680942714271  1.513236489438
  26  Si  1.216899427158  7.753194144800  3.314756614504  -2.089279538955  -0.058448641248  0.115680286489
  27  Si  1.206522579681  7.744254097777  7.756959235033  -2.173219514832  -0.032739700000  1.327753301312
  28  Si  5.558585282980  3.237030792256  3.335582782479  0.833168991542  0.197425153297  0.182020520950
  29  Si  5.577922800876  3.255286899811  7.752969215366  -0.035403337143  -0.118236454594  2.056307877628
  30  Si  5.637155880529  7.690555644317  3.323959266019  1.499278632069  0.284115380309  -0.206274753488
  31  Si  5.656978483019  7.688965906405  7.766489733975  0.790672396201  0.660612373231  1.508662831811
  32  C  9.138066445776  8.768462390747  0.019324472303  1.327816345461  0.521978606910  -1.216328716427
  33  C  9.121826504644  8.809417136255  4.450719942246  1.566992312289  0.019948571284  0.028326316821
  34  C  8.927520066994  4.313987496703  0.019939705255  2.407906610741  0.807320555588  -1.351118465246
  35  C  8.939476031388  4.321070909529  4.469155862135  2.223857124530  0.386824296324  -0.276431467220
  36  C  4.702705317512  8.841499895730  0.026625440672  -1.080950885373  -0.333695971425  -1.291785781594
  37  C  4.686150130647  8.846849304451  4.449247458026  -1.497239351864  -0.239254433190  0.230290014774
  38  C  4.483799560556  4.389353727523  0.009555629557  0.061161287143  -0.254470675402  -1.477675259251
  39  C  4.499346522181  4.380090148651  4.447465985556  -0.466843000613  0.073170971856  0.070166542113
  40  C  8.901763480627  2.105828642277  2.239234298752  2.402509469392  0.518578357472  -0.380810440895
  41  C  8.880216315543  2.075371009780  6.684268873135  2.558454126674  1.057395858643  -0.427025707375
  42  C  8.980708107314  6.527079813631  2.249216382589  2.295093435701  0.580988364307  -0.475800332325
  43  C  8.958121829110  6.539472588500  6.657102847134  2.285759757962  0.466832346926  -0.021126075721
  44  C  4.447421165546  2.156501128777  2.221095698905  0.054208125157  -0.051621033045  0.108097202342
  45  C  4.467623430804  2.163567645324  6.662715482832  -0.857034129328  -0.173775360353  0.024330061454
  46  C  4.521920597644  6.585556019314  2.211437521106  -0.190156962362  0.204381202007  0.368724680659
  47  C  4.524112058810  6.603736122946  6.639861715042  -0.292475732717  -0.197079544249  0.826243600784
  48  C  2.475192237317  8.901002286162  2.232899643039  -1.299075612448  -0.656256660280  0.197652787420
  49  C  2.449482188409  8.904385755713  6.671088481162  -1.141336346508  -0.799426070185  0.024469631855
  50  C  2.283433600735  4.399620092013  2.240700698868  -0.133839349356  0.029413807233  -0.363881350704
  51  C  2.269471222202  4.411305165427  6.643113743675  -0.537662548065  0.073821384049  0.445373771371
  52  C  6.913307341943  8.823429570501  2.247392483992  -1.096866589012  -0.275524370377  -0.074781697432
  53  C  6.893214766950  8.834320792805  6.649434405872  -0.888791886809  -0.522376015811  0.832884483978
  54  C  6.722728278168  4.348066027827  2.229996690575  -0.590338658832  -0.257096000126  0.057227807238
  55  C  6.701966428962  4.327208700375  6.656693277885  -0.029595859318  0.572524622798  0.417234782795
  56  C  2.237616779805  2.169138403300  0.018707972918  0.001645403273  0.226578034465  -1.575665108557
  57  C  2.263138172982  2.190053336497  4.440251162770  -0.910271098394  0.126737840680  -0.006386088682
  58  C  2.263979708285  6.618708631611  8.990311568115  0.220922142224  0.234083630262  -1.170730734676
  59  C  2.298060263762  6.595710430316  4.436541720072  0.013218067051  0.712636830843  -0.066855952094
  60  C  6.675928681101  2.134420510650  0.022470902364  0.183431686885  -0.006686696049  -1.656298324716
  61  C  6.673563424336  2.127492294739  4.469016255741  -0.187186593804  -0.032473599567  -0.510732977588
  62  C  6.736680671132  6.549825696697  0.012665422561  0.264384123220  0.176451371762  -1.349661300717
  63  C  6.724467370340  6.567151758426  4.445188680575  0.173541546256  -0.139362316585  -0.047236965922


MDSTEP:  3
LATTICE_CONSTANT: 1.889726125458
LATTICE_VECTORS
  9.134429164664  0.000000000000  0.000000000000
  0.262275179704  8.917371814406  0.000000000000
  -0.035587594394  0.006334516937  8.997194591824
VIRIAL (KBAR)
  -167.874472821783  -49.015388145485  10.991877383886
  -49.015388145485  -93.850113648383  1.391897932082
  10.991877383886  1.391897932082  -121.469408594823
INDEX    LABEL    POSITIONS    FORCE (eV/Angstrom)
  0  Si  3.335475177623  1.065372006044  3.339749438142  0.253402111603  -0.324276966722  -0.038959347419
  1  Si  3.311890217091  1.050008813125  7.785412628569  0.512264535844  0.174055989575  1.489207086863
  2  Si  3.409242221925  5.502119288789  3.341702300591  0.241143793071  -0.301517010879  -0.198992827655
  3  Si  3.371471177481  5.515637977928  7.781387189558  0.441672926734  -0.084280301356  1.311476174990
  4  Si  7.790840396084  1.016210782504  3.324685975100  0.432525721170  -0.343541581370  0.595937712026
  5  Si  7.780480490661  0.996029956524  7.772641910413  0.231638398525  -0.358341897103  1.971454192330
  6  Si  7.842469587637  5.414883195018  3.329432507229  0.957756991455  0.476922819169  0.467820267091
  7  Si  7.819992035134  5.449335842148  7.784586533754  0.917327242831  -0.253260945390  1.456313147512
  8  Si  3.382881615385  3.270156479051  1.105948037415  -0.171482661595  0.086356909454  -0.329819138826
  9  Si  3.343018635520  3.308122219805  5.541379762415  0.980180782957  -0.552419251193  0.159519405340
  10  Si  3.441955181513  7.714875381371  1.114693997932  1.062855942787  0.495937564418  -0.847211465695
  11  Si  3.427439367698  7.699904822065  5.553148631825  0.887340111204  0.963304115456  -0.433218038888
  12  Si  7.807467821346  3.214756859106  1.129239364225  0.974247804277  0.040588269865  -0.530916131746
  13  Si  7.805419184724  3.207933650744  5.574907383475  0.869667216336  0.051917528732  -0.272947403952
  14  Si  7.897882715447  7.650145803073  1.114743682873  1.432374081755  0.323099256754  -0.405040020911
  15  Si  7.872497180575  7.656665175832  5.547373829228  1.713624467878  0.433469595687  -0.463196918753
  16  Si  1.111377881750  1.080470715496  1.101888203472  -2.963811238542  -0.624481342348  0.040943613158
  17  Si  1.095507797461  1.115216852770  5.534244992140  -2.638982661640  -1.043610833632  0.346892812745
  18  Si  1.197724544581  5.508503360601  1.107074272825  -3.056767380839  -0.462686703571  -0.082107701047
  19  Si  1.179015366377  5.530791856247  5.517743436813  -3.288354010871  -0.798139602945  0.585528743125
  20  Si  5.583550158847  1.045685246978  1.130516427991  -0.349135960295  -0.582125277289  -0.528458788131
  21  Si  5.549772127142  1.014005970878  5.551722533960  0.039002384604  0.242416004947  0.080575159611
  22  Si  5.608844232917  5.453288721116  1.127709789169  0.518699118365  0.094688737409  -0.681806485368
  23  Si  5.610269447548  5.465080396423  5.572585597006  0.445294574217  0.024004674505  -0.628444435145
  24  Si  1.149661261006  3.312077114673  3.324829015716  -2.876286722828  -0.647299642866  0.247027391525
  25  Si  1.139335312090  3.303478426316  7.774512615097  -2.817061414983  -0.604085492556  1.404832696147
  26  Si  1.215966530979  7.751484784328  3.315401161182  -2.078810180710  -0.027583739617  0.105480504917
  27  Si  1.203474100708  7.744830792071  7.757251025019  -2.096176413808  -0.043429194336  1.325950244493
  28  Si  5.561064861239  3.240060164366  3.335829670389  0.758945821291  0.060219842511  0.095216351219
  29  Si  5.578482349587  3.256840797435  7.751765797819  -0.038568255690  -0.109623460542  2.073723767719
  30  Si  5.636031739037  7.691581784442  3.324153752910  1.530645644565  0.252402008903  -0.223955068865
  31  Si  5.653890409287  7.692192291161  7.765948340148  0.812175651417  0.626772403131  1.456190054707
  32  C  9.136005159486  8.769122217526  0.017294970826  1.341962989653  0.513495052676  -1.192271665538
  33  C  9.121035695052  8.811345338006  4.452285309685  1.583677663514  -0.000326847690  0.005732834943
  34  C  8.928852111206  4.312180987732  0.021013985748  2.386315579719  0.851166015504  -1.367809819239
  35  C  8.939486300458  4.318347355729  4.471688900094  2.219965399587  0.409201059346  -0.334709068408
  36  C  4.699265977670  8.843183022809  0.020445244046  -1.005971365151  -0.322363379894  -1.152881448163
  37  C  4.688615659747  8.850402848505  4.450503446590  -1.568379962478  -0.308519102897  0.195048273399
  38  C  4.481951196630  4.390934539120  0.008653777172  0.063619321900  -0.308075619348  -1.473697390863
  39  C  4.502670357922  4.377493940632  4.444931324288  -0.505402303669  0.143733080685  0.093845586524
  40  C  8.899157403697  2.106398086690  2.243071666802  2.455371643323  0.566426010764  -0.467182287315
  41  C  8.883455715012  2.076550267438  6.687341229244  2.483721717768  1.045652551110  -0.443454669698
  42  C  8.987429974310  6.530062882826  2.247175631036  2.195253813410  0.515245556717  -0.424984006678
  43  C  8.958469338497  6.534999925080  6.652025071524  2.314354058297  0.502731559183  0.048820914249
  44  C  4.442204221572  2.156324187142  2.218981137932  0.176027453308  -0.068410292324  0.163379738403
  45  C  4.469148567286  2.166830848598  6.662813782645  -0.901139164959  -0.214373115300  0.001027664471
  46  C  4.521422094713  6.581237550374  2.208449219013  -0.152839118062  0.259375740758  0.442818693614
  47  C  4.523703311041  6.608077874304  6.635672236020  -0.268277898120  -0.294552183897  0.863537122918
  48  C  2.469731431172  8.897763237753  2.235304886307  -1.211868216815  -0.640450037997  0.163243625286
  49  C  2.449747714597  8.899416108269  6.676014062478  -1.178460326620  -0.676405564686  -0.074451353128
  50  C  2.287231874290  4.396094671400  2.240152737402  -0.251582832747  0.049234875697  -0.322856433050
  51  C  2.271773933327  4.414314036287  6.638231262420  -0.576117886996  0.017808732577  0.553588016694
  52  C  6.913261785186  8.825721566673  2.249922959120  -1.060796587863  -0.338852193948  -0.131939904157
  53  C  6.896992264660  8.829611388767  6.653160786814  -0.987148775662  -0.433605711441  0.705327029513
  54  C  6.726999164839  4.343623679579  2.227650062544  -0.670966639316  -0.148515019697  0.081525021749
  55  C  6.699171924053  4.330960834979  6.652724200263  0.026256336416  0.485066312330  0.465412497856
  56  C  2.240240570683  2.166952443856  0.013969778389  -0.076550547364  0.233177663362  -1.465302077733
  57  C  2.267059357408  2.192927818995  4.435959204313  -0.993601139160  0.065475392055  0.125623836652
  58  C  2.269270826142  6.622566540815  8.987686854576  0.049150141763  0.121782950131  -1.105771304400
  59  C  2.300116554566  6.595820690778  4.435790738874  -0.036063800969  0.697884550680  -0.052706709140
  60  C  6.677713186281  2.132544276745  0.022208505590  0.173907790628  0.037172484699  -1.659039402654
  61  C  6.669480112063  2.123015521282  4.467309225502  -0.093171794553  0.067605108547  -0.497854630772
  62  C  6.733034299814  6.551666762645  0.007483357780  0.330229655230  0.164689177274  -1.255595423402
  63  C  6.728653016487  6.567916155539  4.442077531509  0.101176374905  -0.177927281778  -0.035438815049


MDSTEP:  4
LATTICE_CONSTANT: 1.889726125458
LATTICE_VECTORS
  9.134429164664  0.000000000000  0.000000000000
  0.262275179704  8.917371814406  0.000000000000
  -0.035587594394  0.006334516937  8.997194591824
VIRIAL (KBAR)
  -167.781495786408  -49.272404075234  10.875725907080
  -49.272404075234  -94.079652304972  1.379911931311
  10.875725907080  1.379911931311  -121.575789141064
INDEX    LABEL    POSITIONS    FORCE (eV/Angstrom)
  0  Si  3.336959636207  1.065500397442  3.338178169136  0.218414140728  -0.293872379736  -0.054540425392
  1  Si  3.315745739858  1.052295195741  7.782786881860  0.387723264812  0.204726128608  1.509210947600
  2  Si  3.405491838903  5.502139698558  3.340797946275  0.245651904242  -0.297087837231  -0.266404757277
  3  Si  3.369228390735  5.515215932606  7.779016479818  0.500270180312  -0.106650212935  1.400124576079
  4  Si  7.789397095212  1.015542836199  3.320784933321  0.466317572181  -0.267424087022  0.639299726995
  5  Si  7.781803565535  0.992803822553  7.773003307342  0.257123759334  -0.266479037353  1.936271728452
  6  Si  7.839346611622  5.417373620836  3.331966974954  1.041743577645  0.406778172167  0.364870264366
  7  Si  7.821840327988  5.452654448391  7.788135240580  0.833780812380  -0.313123147656  1.375339344442
  8  Si  3.379192114951  3.266426952854  1.106059499494  -0.089936853333  0.187583799736  -0.320576993231
  9  Si  3.340675000493  3.311484488560  5.538192920864  0.966903398905  -0.604964677547  0.135302628443
  10  Si  3.441390490437  7.715844319364  1.115551986462  1.019362484042  0.460262947796  -0.894974566585
  11  Si  3.429407387868  7.700562964388  5.552224538963  0.824484789449  0.983693057703  -0.337012485026
  12  Si  7.810479232542  3.215415671467  1.132556596420  0.920877004398  -0.047287646001  -0.583756498718
  13  Si  7.803407782811  3.210352726829  5.573769255206  0.920632996921  0.001444185689  -0.279267016174
  14  Si  7.897394260005  7.646915255138  1.117161144873  1.432848963550  0.452070988205  -0.425084171707
  15  Si  7.872150467239  7.658866935318  5.550819178848  1.767346234767  0.385731014220  -0.585930512364
  16  Si  1.113259251253  1.083007901875  1.103682435620  -2.968775491102  -0.652310359094  -0.010196126649
  17  Si  1.095723616429  1.114992302085  5.535399051788  -2.657048805276  -0.967867847699  0.283200260983
  18  Si  1.196694335317  5.508998690634  1.108472650503  -3.089655169712  -0.461846352055  -0.121091076019
  19  Si  1.173979472841  5.532642462759  5.518772336185  -3.181709837761  -0.891594338643  0.574711715608
  20  Si  5.580433275486  1.042529338432  1.127810286134  -0.284899161659  -0.486893541399  -0.465774957858
  21  Si  5.552088527221  1.016947401993  5.553703719736  -0.031153187499  0.231628688633  0.013077997157
  22  Si  5.606399275647  5.454705218098  1.125923035327  0.550536783370  -0.043670025574  -0.650170272076
  23  Si  5.607148005471  5.468313330241  5.569067521650  0.540914892498  -0.071690997054  -0.581397530950
  24  Si  1.148505234678  3.309947986225  3.322421052372  -2.880907254493  -0.588325945234  0.239465161540
  25  Si  1.136605350987  3.304579613492  7.778706148647  -2.757115354149  -0.610095352856  1.335210975613
  26  Si  1.212943779864  7.751532712000  3.317749137220  -2.030313979787  -0.009713808733  0.053117974816
  27  Si  1.206376443413  7.741844816467  7.756001375204  -2.122308170312  0.026408753676  1.358307454241
  28  Si  5.561832065093  3.241280625774  3.338962383955  0.745071043847  0.021033027830  -0.019777684241
  29  Si  5.576251261355  3.258247614990  7.753552133528  -0.048779158865  -0.127111102765  2.036790868883
  30  Si  5.639318386382  7.694266930057  3.326345700195  1.408611073697  0.233100251159  -0.255781385165
  31  Si  5.650254743085  7.693158157758  7.767424752598  0.873498695080  0.636504767365  1.462710226342
  32  C  9.140431546388  8.773018523387  0.013598847432  1.262632355177  0.413497946210  -1.108077014170
  33  C  9.116934925537  8.816169136585  4.448135251065  1.627779806989  -0.097989125910  0.095974238382
  34  C  8.926693917771  4.311084772146  0.019192162678  2.408285698985  0.878159923552  -1.332923295353
  35  C  8.939729892326  4.320548806886  4.466350887549  2.195329736352  0.374103022366  -0.236326086591
  36  C  4.696245348804  8.847613958750  0.020885069813  -0.989437366911  -0.403614750010  -1.203157532427
  37  C  4.682330915404  8.854036883700  4.453830213673  -1.420916533676  -0.408149293815  0.161966793940
  38  C  4.480717297048  4.388996091517  0.006127347696  0.062139730464  -0.289317647529  -1.424236535166
  39  C  4.499372397257  4.378874349595  4.439525621877  -0.469772495137  0.170586254206  0.167709148728
  40  C  8.906227323663  2.105992395287  2.247535962207  2.369596529744  0.591265330104  -0.546335305518
  41  C  8.887670553440  2.076890736034  6.686624964550  2.383763105429  1.058102198949  -0.437428898393
  42  C  8.986558440534  6.526978346280  2.243610712042  2.182602088307  0.537787044872  -0.363488019454
  43  C  8.961302419479  6.532879689890  6.647317521242  2.255976275474  0.538597302697  0.139285193739
  44  C  4.445512208568  2.156017314541  2.218932953479  0.108942658781  -0.056495799499  0.165613912301
  45  C  4.464520903630  2.171214303668  6.658160613082  -0.794156040640  -0.252033446044  0.053693585512
  46  C  4.518673711140  6.577441743340  2.202493532860  -0.100692303771  0.377578049872  0.599563953372
  47  C  4.528575441997  6.605159543153  6.640283690364  -0.403347998755  -0.180569599595  0.757886007192
  48  C  2.470668349010  8.899629342259  2.231315518115  -1.212782675428  -0.676858788839  0.251388878293
  49  C  2.443021568341  8.904708665580  6.679446002688  -1.009340324113  -0.820147940437  -0.138398947385
  50  C  2.282116509712  4.400720339418  2.236177122964  -0.192602202066  -0.066503633879  -0.249904161714
  51  C  2.277584757139  4.414786802475  6.640807493877  -0.763278850465  0.038659292849  0.485738291064
  52  C  6.911975925320  8.829620130552  2.254797367241  -1.055877274160  -0.446454564549  -0.270949135392
  53  C  6.898889343830  8.828060476313  6.649836391066  -1.051338104468  -0.384979151448  0.808564873708
  54  C  6.730750770379  4.339121062010  2.229919947339  -0.766774618479  -0.017838634568  0.057442547631
  55  C  6.696956881943  4.329410709468  6.653510823861  0.036469918953  0.573594721131  0.433635910687
  56  C  2.239636251362  2.168921670961  0.015548582651  -0.080792406340  0.206843498231  -1.491554678163
  57  C  2.265754262308  2.193502666785  4.429786992482  -0.971658618205  0.071577516927  0.221221106041
  58  C  2.266373846032  6.618749737989  8.989253340097  0.107565825274  0.193945956413  -1.152348955820
  59  C  2.299377921875  6.593034497653  4.437691774437  -0.046619609680  0.776386051695  -0.061334605182
  60  C  6.674287669436  2.130661365918  0.021057976106  0.248980935479  0.049358022610  -1.618510647875
  61  C  6.668471090149  2.121083377360  4.461202641203  -0.065440953300  0.117430421191  -0.368556445354
  62  C  6.728149626110  6.555726196345  0.011286144466  0.402189579823  0.140505097133  -1.308065229922
  63  C  6.734912042422  6.568043122566  4.439310581806  -0.036937017848  -0.129982361086  0.046635661162


MDSTEP:  5
LATTICE_CONSTANT: 1.889726125458
LATTICE_VECTORS
  9.134429164664  0.000000000000  0.000000000000
  0.262275179704  8.917371814406  0.000000000000
  -0.035587594394  0.006334516937  8.997194591824
VIRIAL (KBAR)
  -167.775440924130  -49.313976293455  11.091159745506
  -49.313976293455  -94.509777316927  1.026214382481
  11.091159745506  1.026214382481  -122.027333998644
INDEX    LABEL    POSITIONS    FORCE (eV/Angstrom)
  0  Si  3.334008204896  1.064067666984  3.337582175297  0.240678253115  -0.332154110863  0.008810742875
  1  Si  3.319226358279  1.054097957704  7.786013191820  0.298413601875  0.131645362588  1.396398165590
  2  Si  3.404500419298  5.498634606259  3.340011501594  0.159890495230  -0.200914411320  -0.183822752415
  3  Si  3.365647638495  5.516129303458  7.783922689068  0.526598133565  -0.176827839881  1.283392365098
  4  Si  7.785859965411  1.018943194042  3.317781179104  0.552310642352  -0.374405663179  0.739352402101
  5  Si  7.784755057448  0.990944698335  7.772681499193  0.198270132378  -0.217423873529  1.941959576479
  6  Si  7.839285253771  5.417819378966  3.334410529754  0.995804622687  0.390376990888  0.302559029871
  7  Si  7.826574187312  5.456887481875  7.784714496264  0.736270874427  -0.349092192995  1.474076552999
  8  Si  3.374624391886  3.262262692634  1.109714032868  -0.058179961426  0.253109647501  -0.413399616457
  9  Si  3.344787340927  3.306921576466  5.537474364265  0.841216124464  -0.453498023913  0.110209466646
  10  Si  3.438748895548  7.713351766626  1.117878579758  1.038891226617  0.479176572405  -0.897657334295
  11  Si  3.430852456866  7.696866781572  5.551744377253  0.770910738689  1.112056948861  -0.338425767407
  12  Si  7.809934371276  3.215020355614  1.133319508104  0.990765928099  0.032590004801  -0.666534756618
  13  Si  7.806898785872  3.210952404181  5.570855913450  0.768134824371  0.025012747896  -0.134924433733
  14  Si  7.900755563527  7.648703282379  1.112959068476  1.332169800911  0.505079226064  -0.312431383758
  15  Si  7.877134172704  7.658764459176  5.549525138267  1.729056629778  0.361269894363  -0.605320657627
  16  Si  1.110897995830  1.086860433658  1.107623067829  -2.944346445190  -0.670320842855  -0.128075067789
  17  Si  1.091056788261  1.118452970948  5.539050215395  -2.587042117044  -1.022479823483  0.227291901487
  18  Si  1.192716518238  5.512827246508  1.112487087019  -3.083705987719  -0.526943835713  -0.142478037512
  19  Si  1.169003827141  5.535372673087  5.523401605924  -3.022257737323  -0.883781164831  0.499442675428
  20  Si  5.580418651941  1.037675918314  1.124700554492  -0.294157530003  -0.326345034098  -0.376751539192
  21  Si  5.550064266558  1.018233517940  5.551455239050  0.059572963315  0.172143113861  0.087192419010
  22  Si  5.608941341202  5.450304659667  1.127798497415  0.445084209000  0.013333004418  -0.745804070570
  23  Si  5.605919354875  5.471808737604  5.566834921417  0.572726486537  -0.114920145144  -0.560810538559
  24  Si  1.148014496314  3.311404087028  3.326834046975  -2.925679974780  -0.619076527709  0.246167336951
  25  Si  1.136831971309  3.305673903762  7.778529720537  -2.736448753843  -0.583765919528  1.306361306118
  26  Si  1.207596474846  7.756222791199  3.316478010579  -1.925833067124  -0.095282590415  0.098759495757
  27  Si  1.209672539313  7.738062428943  7.754240949841  -2.157011705165  0.146750161996  1.380242994839
  28  Si  5.564936241998  3.239310887150  3.335984872921  0.633213169776  0.143888398457  0.038232336991
  29  Si  5.578407880003  3.257075274081  7.749586795908  -0.082684363781  -0.054119492380  2.106243057910
  30  Si  5.641676646346  7.698032461767  3.321637476687  1.344923779049  0.184284095288  -0.150664716351
  31  Si  5.654210320936  7.690317849701  7.769244322939  0.779581502398  0.624047634980  1.392062058234
  32  C  9.136356304504  8.779505212335  0.015250726928  1.336818676709  0.327585490998  -1.109072565413
  33  C  9.123596580607  8.812847834452  4.448902818094  1.449527633588  0.062967963668  0.051533785919
  34  C  8.923639855346  4.316544812372  0.014113367110  2.446964440450  0.793248558636  -1.231154440722
  35  C  8.935892885274  4.320164701576  4.471380993151  2.254508389721  0.431268520988  -0.317479518467
  36  C  4.696112951058  8.846729080631  0.025081240326  -0.982255793133  -0.427426888745  -1.288367645202
  37  C  4.687114439598  8.852069307315  4.460559489351  -1.533514938853  -0.395748089748  -0.014209812447
  38  C  4.476052500027  4.384245119579  0.001325187198  0.126936484795  -0.220138105127  -1.281138395999
  39  C  4.496971835088  4.385050391095  4.441510552953  -0.359006533732  -0.017404056040  0.076699592766
  40  C  8.906208263037  2.108138326040  2.247348701986  2.357703558946  0.593421843564  -0.519051880285
  41  C  8.887831873167  2.077767271580  6.689081749876  2.362954249542  1.066398238514  -0.482208236906
  42  C  8.981337968162  6.529581554276  2.245047248380  2.255228948893  0.527833141938  -0.361908542244
  43  C  8.965917064304  6.533603427070  6.653149521499  2.219959606648  0.583241738479  0.046402110336
  44  C  4.441858426418  2.158508522171  2.222306542430  0.168579194566  -0.165894942088  0.097404421175
  45  C  4.463367776420  2.175182072060  6.653525501342  -0.706541506025  -0.359065474008  0.132795091214
  46  C  4.516063427323  6.575343538651  2.204970440642  -0.048660163729  0.377346770996  0.532535541755
  47  C  4.523650539236  6.601303762034  6.634013903140  -0.308865920300  -0.095631147997  0.975604634291
  48  C  2.464458218718  8.897894343283  2.227354466303  -1.139803712606  -0.632524294385  0.332737688896
  49  C  2.440550973253  8.908069540146  6.673976670511  -0.901613579299  -0.866291577813  -0.013172484992
  50  C  2.274918046229  4.395529877770  2.239523350004  -0.125886841284  0.042766011946  -0.304328847949
  51  C  2.277413649085  4.415161413448  6.637537052932  -0.768530129242  0.012495018575  0.534669189589
  52  C  6.907143776744  8.829865442472  2.260324442631  -0.958590757488  -0.461897831328  -0.425786154657
  53  C  6.903023539780  8.823923405085  6.649287556782  -1.114055689263  -0.273926042367  0.799283793846
  54  C  6.733599500474  4.338771790108  2.224070152832  -0.778962042180  -0.024568523060  0.207469096909
  55  C  6.696457245140  4.336255533777  6.659367626216  0.096470081131  0.489983774199  0.246995345600
  56  C  2.241598341911  2.165708315129  0.010223180034  -0.146749225969  0.238351937207  -1.366203403885
  57  C  2.261761817849  2.192813929685  4.429360916306  -0.923073832058  0.067244152332  0.256017828020
  58  C  2.263603917116  6.620157576575  8.993766760867  0.135880307946  0.176773461195  -1.183597856385
  59  C  2.299555309545  6.600484599343  4.439867151312  -0.131305741879  0.614414076793  -0.147787067169
  60  C  6.676578529156  2.137717865143  0.024079592414  0.162859268918  -0.125367587202  -1.683109242778
  61  C  6.666822180106  2.121402429896  4.458337741390  -0.013055435558  0.141394743244  -0.313275563705
  62  C  6.730449898257  6.559313999600  0.015504651715  0.381612820840  0.068555815212  -1.371929692636
  63  C  6.735370122525  6.569158215630  4.433555346409  -0.012668315333  -0.122819011108  0.141980019424


MDSTEP:  6
LATTICE_CONSTANT: 1.889726125458
LATTICE_VECTORS
  9.134429164664  0.000000000000  0.000000000000
  0.262275179704  8.917371814406  0.000000000000
  -0.035587594394  0.006334516937  8.997194591824
VIRIAL (KBAR)
  -168.044130870172  -49.739053756600  10.345126289638
  -49.739053756600  -95.207287353808  0.813255699481
  10.345126289638  0.813255699481  -122.584257276291
INDEX    LABEL    POSITIONS    FORCE (eV/Angstrom)
  0  Si  3.338822594179  1.062103994763  3.338387795953  0.092205388436  -0.362786071395  0.023113464513
  1  Si  3.314536980406  1.057157101089  7.786678902225  0.341991865715  0.067572169456  1.341087118921
  2  Si  3.409006005690  5.497802600983  3.342930210617  0.047401216846  -0.195868134130  -0.189596239239
  3  Si  3.362038496813  5.518223024655  7.781557064528  0.478463857429  -0.200939939394  1.239495434496
  4  Si  7.787068844148  1.013650136195  3.321383915339  0.607982081280  -0.266022448697  0.573828900925
  5  Si  7.784540305162  0.991108525716  7.776401640579  0.219403858142  -0.203264496997  1.864830112806
  6  Si  7.835710958361  5.414461435162  3.337409832061  1.123455248030  0.491720832512  0.330611079442
  7  Si  7.831292552889  5.457364756148  7.783032137805  0.700662575575  -0.335262358421  1.480616974445
  8  Si  3.371959456600  3.259133830824  1.104656568303  0.022395300507  0.258896871404  -0.266279868402
  9  Si  3.341006210576  3.309150867812  5.538728452450  0.804824895793  -0.507648239397  0.121133571753
  10  Si  3.436081211658  7.715386053290  1.122183983888  1.124112089378  0.350858999689  -0.983516322779
  11  Si  3.434142430173  7.699573722927  5.554008693422  0.656667505564  1.035512072679  -0.431209590010
  12  Si  7.808238729449  3.216559978083  1.129460994231  1.029501934018  -0.059344435131  -0.595287724177
  13  Si  7.802861393148  3.213946497886  5.574581630181  0.851199274695  -0.011948262691  -0.228722056037
  14  Si  7.899352540410  7.647634308117  1.116706498791  1.355386818114  0.470871618394  -0.411027769828
  15  Si  7.873969105298  7.662610339576  5.548163342614  1.815846334950  0.348234571783  -0.489359806007
  16  Si  1.114427507471  1.091682639927  1.108180299259  -2.958302877192  -0.752710667590  -0.086438515516
  17  Si  1.092357282389  1.122372488281  5.535079608699  -2.585880185038  -1.132682732995  0.286054280028
  18  Si  1.186410484010  5.509024928738  1.110420757347  -2.885282535401  -0.500068036930  -0.149482784755
  19  Si  1.163050588448  5.532624764391  5.518693768297  -2.908755730814  -0.796641823682  0.528138995981
  20  Si  5.581865998052  1.037342050559  1.126808497014  -0.417562910344  -0.408591196116  -0.432024169680
  21  Si  5.550999800249  1.015848906037  5.550800338064  -0.081204061559  0.185761334891  0.011344172849
  22  Si  5.607142770231  5.451076599650  1.123138721612  0.421818442357  -0.007805327096  -0.717522966055
  23  Si  5.605782234792  5.473482460637  5.570471327692  0.527678688889  -0.120675379984  -0.626537667735
  24  Si  1.145200450494  3.316291049522  3.324258068032  -2.825116993172  -0.815370585529  0.325967501875
  25  Si  1.132690573203  3.301566789619  7.774792608032  -2.695302402957  -0.507093926251  1.317431870318
  26  Si  1.207826849559  7.751577400562  3.312131395523  -1.854844133462  -0.056613079847  0.187812904333
  27  Si  1.205177597089  7.740936580782  7.759852499830  -2.060731373248  0.123055901690  1.243713512324
  28  Si  5.562598309111  3.242184547785  3.332266963746  0.677351881126  0.097152005563  0.201010109261
  29  Si  5.579053748156  3.260213086748  7.749382185482  -0.221190783664  -0.209472865713  2.004657100430
  30  Si  5.643180672994  7.697553453044  3.325682886366  1.298846346560  0.124351508379  -0.226784586193
  31  Si  5.652510372861  7.685657860689  7.766128853568  0.685950973648  0.745822080980  1.407451821731
  32  C  9.141397538858  8.777354263030  0.018061513075  1.243742287687  0.374953071119  -1.131467956853
  33  C  9.130018293516  8.817997367670  4.447242058783  1.379475384602  -0.050547758624  0.083170994422
  34  C  8.928694408226  4.311491266379  0.011196692717  2.336430908830  0.842025630705  -1.219698211021
  35  C  8.944748080687  4.317948735740  4.471248193098  2.047680368211  0.477495605249  -0.308214305345
  36  C  4.687943583376  8.853210895770  0.025138714281  -0.864777720696  -0.545678756855  -1.264900131228
  37  C  4.679827370493  8.844812716785  4.457934796031  -1.341160304246  -0.288097470615  0.083814893898
  38  C  4.434343856771  4.387580037061  8.991172397213  0.213910592236  -0.166322062766  -1.181954018715
  39  C  4.492778730760  4.391268309333  4.448104121684  -0.222251424572  -0.189861202138  -0.014910035624
  40  C  8.910801755611  2.108416663151  2.244610817262  2.228631674249  0.599963250968  -0.479567715936
  41  C  8.890671136430  2.083440153335  6.686943447130  2.276627053304  0.970545357758  -0.362850155045
  42  C  8.986619006143  6.530765561294  2.248615081581  2.110214814476  0.477581744526  -0.379613167985
  43  C  8.966847883018  6.532065641413  6.654120704779  2.151963814960  0.675577400517  -0.013406580440
  44  C  4.447462798785  2.151434238300  2.225651527297  0.049314023667  0.004338764024  -0.008919706171
  45  C  4.458317879456  2.166973145585  6.646312909302  -0.594418202583  -0.131237568182  0.276128489562
  46  C  4.519687844348  6.568369462686  2.212927732834  -0.088930594537  0.509826926119  0.343368303523
  47  C  4.520134760780  6.595918153644  6.627364833373  -0.259272242422  0.005171879718  1.132438457156
  48  C  2.465685262797  8.893878026258  2.225389815346  -1.179813999064  -0.506471986387  0.396833442686
  49  C  2.443674722808  8.907984323869  6.669942446932  -1.015799228290  -0.817380713871  0.076728437557
  50  C  2.277173298711  4.390850846605  2.243080474803  -0.128657160583  0.149243357245  -0.410097960096
  51  C  2.268808135483  4.419422749504  6.638560787756  -0.690607779509  -0.092897493925  0.504924545195
  52  C  6.904658244189  8.829191491698  2.253313031875  -0.883794474303  -0.484883611566  -0.233994430496
  53  C  6.896248078632  8.830571561682  6.649277545177  -0.959965905679  -0.426174712316  0.815579426410
  54  C  6.736050730118  4.343065609426  2.224667312336  -0.848654112499  -0.096812831269  0.121642945592
  55  C  6.694854855577  4.344503969267  6.660099650389  0.143614156757  0.343827877550  0.264588994537
  56  C  2.240504904629  2.169394519530  0.010405707794  -0.177228058542  0.182333672671  -1.429791273534
  57  C  2.259550656277  2.185071418295  4.433561398637  -0.870882414877  0.273361070701  0.088776209022
  58  C  2.262834240515  6.622669307164  8.985278984232  0.110766639422  0.108636772199  -0.973205559644
  59  C  2.304362658281  6.599172312799  4.440845730743  -0.240220728738  0.629851448534  -0.162985737308
  60  C  6.669574941329  2.130144085368  0.027135050252  0.319420086186  0.079199159845  -1.741055591055
  61  C  6.671502472570  2.114078394063  4.458721295979  -0.115105328283  0.310015813250  -0.332861811721
  62  C  6.728017862292  6.558239561659  0.006711277329  0.449551322649  0.073712734360  -1.227405173809
  63  C  6.733975583488  6.570073112359  4.440869909742  0.031223961986  -0.140295327981  0.034395522448


MDSTEP:  7
LATTICE_CONSTANT: 1.889726125458
LATTICE_VECTORS
  9.134429164664  0.000000000000  0.000000000000
  0.262275179704  8.917371814406  0.000000000000
  -0.035587594394  0.006334516937  8.997194591824
VIRIAL (KBAR)
  -167.926817691473  -49.995951589710  9.553863439143
  -49.995951589710  -95.423233367377  0.407153600481
  9.553863439143  0.407153600481  -123.062287870142
INDEX    LABEL    POSITIONS    FORCE (eV/Angstrom)
  0  Si  3.343120222640  1.059176983114  3.340882753792  -0.006990139603  -0.240061382718  0.032249253839
  1  Si  3.313510205976  1.058897944548  7.789506393647  0.344428015215  0.071534978165  1.300078686853
  2  Si  3.413975186190  5.493040888480  3.342004945207  -0.074058921243  -0.068178963302  -0.173755331597
  3  Si  3.362350842657  5.518129372641  7.781284551213  0.413785345726  -0.241157181046  1.185031038168
  4  Si  7.784555111378  1.018624897141  3.316854232107  0.618079738967  -0.286797234933  0.689851917843
  5  Si  7.782239799542  0.993888368128  7.776745731595  0.282310309172  -0.276107022084  1.913966545025
  6  Si  7.840219834540  5.418113598022  3.337619107345  1.062776218928  0.352507019933  0.354398084916
  7  Si  7.833079654755  5.458358119558  7.784054015511  0.657091726877  -0.284431505008  1.482103964190
  8  Si  3.368249186893  3.264096978012  1.109990463070  0.012396923693  0.182050321504  -0.288459623916
  9  Si  3.337801516434  3.307147334589  5.539200666119  0.884470458711  -0.520280661705  0.047824620665
  10  Si  3.432399742058  7.712226455763  1.125191274285  1.178199826515  0.333109717986  -1.064531830104
  11  Si  3.438504342202  7.701222024962  5.553206402841  0.500237206752  0.977198337020  -0.497761545575
  12  Si  7.809378538669  3.217068087429  1.129624866180  1.042419627150  -0.104956812586  -0.620812059248
  13  Si  7.808796770502  3.208901907286  5.569129861450  0.758403586965  0.034960904095  -0.017235088129
  14  Si  7.899045837763  7.645749939282  1.121975205327  1.364705017998  0.501569501177  -0.553159349188
  15  Si  7.874810725343  7.664024911569  5.550537858096  1.842756150116  0.309871891193  -0.559612944295
  16  Si  1.119049369002  1.091124947728  1.108459517090  -2.901803409903  -0.764052431389  -0.110430390721
  17  Si  1.091485829798  1.117513695200  5.530878383617  -2.519351151099  -1.023721695445  0.343731706789
  18  Si  1.180232434686  5.506382458821  1.105227154907  -2.790342368909  -0.454459785147  -0.117678042794
  19  Si  1.156572895788  5.532116171491  5.517620782575  -2.742745696251  -0.814329089677  0.518128880209
  20  Si  5.582391700103  1.038616069822  1.127842469355  -0.549579824349  -0.427246089058  -0.429604285462
  21  Si  5.549269278532  1.015746475525  5.547562229410  -0.089163435520  0.226450897274  0.080513021987
  22  Si  5.610647864481  5.445976842814  1.125895663276  0.331526850499  0.033235464793  -0.753586438844
  23  Si  5.603975124788  5.468269924103  5.573935994965  0.579101554859  -0.144806373414  -0.683001348795
  24  Si  1.142585258473  3.315784463932  3.320286876688  -2.722320436531  -0.873341209407  0.461233065407
  25  Si  1.129812938966  3.307100856299  7.778173922190  -2.621083452875  -0.578302274676  1.232512076085
  26  Si  1.202063632497  7.757187453430  3.309108577995  -1.699519154644  -0.196716716518  0.208823634477
  27  Si  1.205369515247  7.740908324244  7.758439724710  -2.029292101868  0.186960497472  1.194712138814
  28  Si  5.565148343704  3.242677527302  3.333742251483  0.576391202361  0.065334099967  0.195815762876
  29  Si  5.581869796501  3.260839282214  7.745525248761  -0.430574257435  -0.362027664357  2.072635867003
  30  Si  5.639547545843  7.693246533936  3.328190687277  1.365658313659  0.238920482441  -0.276108796617
  31  Si  5.655566033910  7.685578775480  7.763314889947  0.608915383340  0.749670038586  1.458344052487
  32  C  9.150493376572  8.773538888134  0.013058150039  1.096803117547  0.412027742397  -1.044825541168
  33  C  9.135073827900  8.819541681742  4.444049143952  1.227639417370  0.000174635861  0.082677274562
  34  C  8.931403748295  4.319979748499  0.015352903204  2.284599206241  0.755492425325  -1.237144657360
  35  C  8.949723741393  4.314417977980  4.476123338110  1.941804189300  0.570060743393  -0.400210600988
  36  C  4.686316032504  8.849761880815  0.029111620750  -0.860382402047  -0.480556970720  -1.329771350320
  37  C  4.681838188740  8.851688687790  4.454141251532  -1.294335632974  -0.481308682775  0.131357823413
  38  C  4.426048148976  4.389355329413  8.995806879694  0.348851820694  -0.165627409988  -1.212334137193
  39  C  4.495025007373  4.388704996928  4.446001653236  -0.252449070946  -0.180007256791  0.052718101789
  40  C  8.916807962340  2.108991961862  2.244225902149  2.153676997621  0.628326326299  -0.490010353471
  41  C  8.891927787312  2.079883298589  6.694881585394  2.255274172953  1.060344530291  -0.513011991036
  42  C  8.991441679001  6.526167405372  2.243681146315  1.993044909117  0.563773468830  -0.315198104207
  43  C  8.976351676894  6.540315958698  6.659807895640  1.987739922666  0.582813708892  -0.065444914806
  44  C  4.443275761636  2.151235782288  2.230412368992  0.146561881565  0.039612151299  -0.084569431195
  45  C  4.450007700302  2.161254493843  6.638646368601  -0.406991285527  -0.022732621611  0.453934221836
  46  C  4.525648493171  6.570974944451  2.211046569402  -0.189273255889  0.374536054818  0.394846294281
  47  C  4.522205552763  6.592464394294  6.624482907431  -0.278113459865  0.076329741749  1.176798820346
  48  C  2.471897733389  8.890287746072  2.232567902770  -1.303146838734  -0.435215295055  0.290138673786
  49  C  2.446860872326  8.915311131443  6.665710565923  -1.034921333809  -0.981714072837  0.127081344031
  50  C  2.270239574674  4.394428050664  2.247292896570  -0.046661367183  0.128416636774  -0.524565242664
  51  C  2.270165347750  4.413491229383  6.630429722639  -0.765267964183  0.077339205267  0.676158749723
  52  C  6.905347856418  8.834814638167  2.248348617039  -0.860339504022  -0.581164327579  -0.106659501239
  53  C  6.900989542794  8.835274944689  6.644121851530  -1.043041065097  -0.462127269509  0.882892515181
  54  C  6.737837542112  4.335064889576  2.227494263229  -0.802156571226  0.045753666454  0.119607565972
  55  C  6.693464740738  4.337766570947  6.666170233476  0.299613144906  0.470950480645  0.109104320861
  56  C  2.239710728326  2.177301509361  0.008569086524  -0.181057317070  0.102959337541  -1.339374581992
  57  C  2.264784298797  2.186588568185  4.438228770087  -1.023579645386  0.197191663991  -0.087031106543
  58  C  2.256322796632  6.622472326476  8.977167800168  0.191125000388  0.080290867752  -0.837692738987
  59  C  2.295686541633  6.594654146024  4.432626787558  -0.087978474634  0.728928787154  -0.050066192827
  60  C  6.665796900961  2.127095232966  0.029847777885  0.411972786062  0.172988699143  -1.797209098056
  61  C  6.663175201003  2.121868971198  4.465450371403  0.083564056771  0.158893868935  -0.502133295260
  62  C  6.720349539061  6.558497855421  0.009992386308  0.615035100179  0.062974815987  -1.267488316193
  63  C  6.729936799637  6.566930073506  4.441468334614  0.145560357941  -0.102125711066  0.081208207375


MDSTEP:  8
LATTICE_CONSTANT: 1.889726125458
LATTICE_VECTORS
  9.134429164664  0.000000000000  0.000000000000
  0.262275179704  8.917371814406  0.000000000000
  -0.035587594394  0.006334516937  8.997194591824
VIRIAL (KBAR)
  -168.180959855965  -49.997688054755  9.270152957227
  -49.997688054755  -95.860813811455  0.907604098334
  9.270152957227  0.907604098334  -123.253663203657
INDEX    LABEL    POSITIONS    FORCE (eV/Angstrom)
  0  Si  3.342320846388  1.064850221593  3.341871766077  -0.112898454075  -0.395563211330  0.058977421861
  1  Si  3.308600882836  1.057467958771  7.792147111120  0.505494760129  0.113742577621  1.252240490779
  2  Si  3.419194875878  5.497255282298  3.343448728526  -0.196809729552  -0.199586082326  -0.153903365834
  3  Si  3.361103005367  5.520308033775  7.777957120866  0.422608542794  -0.228903224865  1.311412572852
  4  Si  7.780460302117  1.022294738993  3.319307680693  0.787718471894  -0.418900420312  0.697378249599
  5  Si  7.779023580629  0.997744036928  7.782235679981  0.446264919334  -0.254372233193  1.791082280315
  6  Si  7.837731915152  5.413195411525  3.334232298638  1.294646034464  0.461464897050  0.531712702856
  7  Si  7.827194147471  5.453578003205  7.780209947106  0.835815129992  -0.138341811244  1.596394295779
  8  Si  3.373215991674  3.259978499441  1.111829194985  -0.120876395136  0.462752829507  -0.349082525112
  9  Si  3.339919299737  3.306079184568  5.545173742542  0.859883857323  -0.561675062097  -0.037863754183
  10  Si  3.428869055622  7.716805508537  1.130386916924  1.134429113005  0.184305656240  -1.224438541031
  11  Si  3.441869674375  7.707145699848  5.550991198767  0.423914443399  0.895413329740  -0.440655587622
  12  Si  7.808973217453  3.221714125622  1.125454207275  0.997942501258  -0.154696821075  -0.527197997632
  13  Si  7.803646355164  3.206055024035  5.573579067459  0.831940644270  0.221056934547  -0.160873135630
  14  Si  7.896520168775  7.644907206945  1.123857668602  1.486840076480  0.528824591913  -0.581826842533
  15  Si  7.880816739033  7.665954113866  5.550217631192  1.857320930704  0.247064248758  -0.503344273964
  16  Si  1.122106814962  1.095983170679  1.109405313982  -2.936666126146  -0.804833587746  -0.197397888741
  17  Si  1.085015107309  1.122322457813  5.533448803640  -2.408119904289  -1.108418365180  0.331670849164
  18  Si  1.175466370413  5.510198337981  1.109609035082  -2.708647722133  -0.451280138525  -0.192165004837
  19  Si  1.159912012323  5.531471346754  5.515180685781  -2.695996206696  -0.848605963039  0.568883180127
  20  Si  5.586289921510  1.040319770297  1.123390397586  -0.617012515531  -0.512741789292  -0.433235333488
  21  Si  5.552736036693  1.014717231183  5.542722370444  -0.164247434345  0.143515622433  0.141795408091
  22  Si  5.606063952505  5.450268775882  1.131602345211  0.362206489616  -0.047419278286  -0.838024776621
  23  Si  5.601669883478  5.473240726239  5.570657034570  0.655415705188  -0.236620305185  -0.549977804440
  24  Si  1.137449952068  3.311359472574  3.322536967402  -2.612916040798  -0.761756508532  0.438537684134
  25  Si  1.132935909580  3.301999166936  7.776360732684  -2.671877095451  -0.447850226334  1.227072034799
  26  Si  1.199224232927  7.762422207002  3.305913416521  -1.626900078273  -0.349095150421  0.222064459420
  27  Si  1.209551555704  7.746820680461  7.754592724261  -2.078968958596  0.151651515477  1.241026687002
  28  Si  5.566526893794  3.238589651644  3.339675088164  0.477555613613  0.169503417528  -0.006607346994
  29  Si  5.581173716834  3.254734969233  7.745586799974  -0.450710605071  -0.205673417827  1.998229947878
  30  Si  5.643001456081  7.697586700773  3.323144815707  1.352234588849  0.088737793437  -0.184972204624
  31  Si  5.660606482470  7.687440801274  7.763908841660  0.509417174589  0.727616589968  1.491886344420
  32  C  9.160724742272  8.778545481534  0.009500722594  0.941426594523  0.416681806683  -1.001206428556
  33  C  9.145126757113  8.810982425093  4.439668833523  0.998864021221  0.240009953164  0.161409729982
  34  C  8.928244805038  4.315010502647  0.013010472060  2.314753920757  0.817227494100  -1.219844210735
  35  C  8.958893579320  4.306046431988  4.476361563877  1.707496000052  0.650174509124  -0.403817168409
  36  C  4.680409006926  8.846503079783  0.027305398413  -0.733398852275  -0.392197169077  -1.240318103938
  37  C  4.679992754859  8.846484521755  4.453045632129  -1.217452753360  -0.349425278439  0.102695904594
  38  C  4.428418216215  4.395615698334  8.996752345674  0.314507574096  -0.294769936140  -1.180718309661
  39  C  4.496475577817  4.384709859937  4.448224917353  -0.270986415065  -0.121157603868  0.049133288962
  40  C  8.909790944651  2.100804512833  2.243118659535  2.208426659304  0.798579811334  -0.539970511574
  41  C  8.886827326272  2.088836313167  6.686803595258  2.255765907375  0.825535388959  -0.305686722680
  42  C  8.995678432949  6.534666071555  2.249843414863  1.876262128550  0.476106700018  -0.373416764049
  43  C  8.987271802786  6.548490932609  6.667017140678  1.839264176489  0.486448136495  -0.145160631292
  44  C  4.438864385069  2.144574474859  2.222624367817  0.314609367300  0.148716139850  0.092057022421
  45  C  4.453208771528  2.152747331832  6.631867216236  -0.428876720536  0.070069601084  0.577921699920
  46  C  4.520178431939  6.566976782103  2.210752930052  -0.088164380024  0.560478634286  0.431423940556
  47  C  4.525331863198  6.596826740954  6.629405633946  -0.325549287457  0.064564243284  1.024523555260
  48  C  2.463593741978  8.886923251969  2.233766042433  -1.177216702923  -0.264008992141  0.346096682664
  49  C  2.187822256535  0.005194925923  6.672332929442  -1.142605767236  -1.048172295921  -0.045752901411
  50  C  2.267045185536  4.403234098272  2.254105344225  0.009279591777  -0.094073652673  -0.612266598161
  51  C  2.275085827794  4.405938361836  6.636902207876  -0.825731341768  0.218218138332  0.564880130238
  52  C  6.911931825830  8.838774260977  2.252832296546  -1.012496235068  -0.597017887621  -0.232472665691
  53  C  6.904436471350  8.839247805732  6.647701495977  -1.036660426334  -0.515887913308  0.778788273821
  54  C  6.739334047527  4.344322369161  2.233173371926  -0.899628188173  -0.203695292091  -0.031577250426
  55  C  6.697531984818  4.341487879755  6.672757748963  0.113202605692  0.377015173524  -0.067852861145
  56  C  2.245653790046  2.184814936385  0.000288253436  -0.282451083493  -0.034863618309  -1.158454082673
  57  C  2.260033988963  2.188121668908  4.444660729019  -0.924855735674  0.177169517082  -0.185215612054
  58  C  2.247119918497  6.626060100845  8.970576119770  0.333411949700  0.053244713384  -0.707273371662
  59  C  2.296630271586  6.593425155027  4.425306295582  -0.057903978147  0.834430406149  0.095571821185
  60  C  6.664256778744  2.131668490322  0.020420937837  0.409773884982  0.108151466297  -1.612600209645
  61  C  6.659199355561  2.122560386666  4.458854625452  0.166284105577  0.115718608522  -0.342593124885
  62  C  6.713324205300  6.556981560038  0.016614046278  0.735029474778  0.131915666664  -1.336980118959
  63  C  6.736509438067  6.560160217939  4.444111758892  0.046618174550  0.075497123843  -0.000122627787


MDSTEP:  9
LATTICE_CONSTANT: 1.889726125458
LATTICE_VECTORS
  9.134429164664  0.000000000000  0.000000000000
  0.262275179704  8.917371814406  0.000000000000
  -0.035587594394  0.006334516937  8.997194591824
VIRIAL (KBAR)
  -168.229770577871  -50.386929195126  8.893638149548
  -50.386929195126  -96.303479635982  0.953551389857
  8.893638149548  0.953551389857  -123.567240611000
INDEX    LABEL    POSITIONS    FORCE (eV/Angstrom)
  0  Si  3.342226556488  1.068101210649  3.343560210757  -0.161327599172  -0.560586525147  0.000349620437
  1  Si  3.306054376027  1.057004892882  7.790019393868  0.479890721020  0.128080785548  1.172994394910
  2  Si  3.414381525565  5.494372258500  3.339461222613  -0.017526740368  -0.089933538860  0.007397281830
  3  Si  3.358036573221  5.521233213410  7.781987635318  0.422580663247  -0.219835609861  1.161653000337
  4  Si  7.775495128234  1.023189034785  3.319026810841  1.010769846663  -0.384072062000  0.695952824126
  5  Si  7.776371742506  0.992845586482  7.787622072092  0.508958928016  -0.187708817462  1.575467256641
  6  Si  7.836853117446  5.413795011370  3.335720637713  1.287967665088  0.390787807381  0.600290568245
  7  Si  7.827149368673  5.457709715556  7.775900669761  0.920784742096  -0.209125119895  1.618885000398
  8  Si  3.375082453673  3.265631614809  1.112315712197  -0.166743743125  0.353152034682  -0.338273977575
  9  Si  3.340891759226  3.309324007934  5.547661737122  0.867763219004  -0.676371946609  -0.240654861433
  10  Si  3.425176617421  7.713694737746  1.129297780855  1.182173320378  0.244396127940  -1.167562416144
  11  Si  3.446157693790  7.708115429844  5.556225557189  0.324528773277  0.908188528823  -0.608402839326
  12  Si  7.804344151742  3.224133726120  1.121288007897  1.043671751983  -0.119704820586  -0.421322901963
  13  Si  7.801581996976  3.211948465400  5.577098906544  0.935002877938  0.097815683901  -0.366196494052
  14  Si  7.891704411898  7.639114218790  1.121714728231  1.738980855761  0.588888679668  -0.501409261037
  15  Si  7.882164177438  7.663815546340  5.549846961573  1.920966275525  0.244185840441  -0.552225684498
  16  Si  1.120021993065  1.098716026564  1.103024446401  -2.921166339564  -0.898332687654  -0.043299289246
  17  Si  1.077861166803  1.118062727329  5.537985305321  -2.262311093309  -1.000424774292  0.094474413131
  18  Si  1.169907840004  5.514628724134  1.112903342446  -2.550947039215  -0.540110871836  -0.244871094555
  19  Si  1.161520641707  5.529885911606  5.515617864619  -2.638856005059  -0.704969241479  0.457284373853
  20  Si  5.584557412779  1.041323921988  1.126865582695  -0.625438310305  -0.489104451443  -0.538345798034
  21  Si  5.557046960453  1.013532853234  5.540500849146  -0.255310817585  0.182209422002  0.029252061019
  22  Si  5.609385112675  5.450603266481  1.124960585689  0.309085810445  0.022235511742  -0.689723671333
  23  Si  5.607663062765  5.477716418063  5.576488100498  0.258974728723  -0.345582302782  -0.689284836483
  24  Si  1.139339041684  3.316884568419  3.316176600878  -2.618893012734  -0.968969890837  0.596286803850
  25  Si  1.126305318094  3.301785095456  7.774604189055  -2.528633914122  -0.450948730028  1.218743920386
  26  Si  1.199311263210  7.767722494127  3.300264589704  -1.566470161168  -0.468284301113  0.479529854437
  27  Si  1.209726596731  7.752522730079  7.751971392588  -1.997907213782  0.071363095257  1.209611726208
  28  Si  5.565446409068  3.233113482496  3.334654187592  0.535041327047  0.336230261086  0.142374911844
  29  Si  5.576578284065  3.258221110461  7.746517126726  -0.412310711120  -0.336678410685  1.918256638125
  30  Si  5.645823530622  7.693097080558  3.317949042211  1.231818226795  0.172678636994  -0.042354281166
  31  Si  5.660206661474  7.694094386481  7.764611835825  0.479279461519  0.650744526979  1.480489208618
  32  C  9.131568513101  8.789869382098  8.996693057305  0.867428610930  0.293419629984  -0.845474432726
  33  C  9.151913930859  8.814624377898  4.447594400458  0.841585622741  0.215186585614  -0.004532153160
  34  C  8.935268871775  4.313351856664  0.018649679114  2.181847114602  0.903851756050  -1.351068313972
  35  C  8.965499170040  4.305543719139  4.472538599930  1.594490129099  0.676794960255  -0.301604212622
  36  C  4.671697568500  8.856176383078  0.021073130035  -0.588486214235  -0.502757387468  -1.100340875823
  37  C  4.672163576280  8.847526379901  4.446506173000  -0.928901856759  -0.413598408282  0.192647957174
  38  C  4.427184950790  4.404823988442  8.990744644348  0.352106393555  -0.460109393045  -1.086123509652
  39  C  4.497123401353  4.377241704534  4.438618398283  -0.228706492277  0.067021096846  0.257614231658
  40  C  8.902777749122  2.107705783787  2.236152644502  2.261867456065  0.686374545650  -0.469816147326
  41  C  8.882029874722  2.084854625411  6.679792197632  2.217453965238  0.866808524828  -0.147573276859
  42  C  9.000892980718  6.526053179245  2.257457885450  1.727688660651  0.709848781756  -0.518827564470
  43  C  8.993284265428  6.555896742754  6.668238505941  1.759263715314  0.368523942207  -0.144352738281
  44  C  4.441422370357  2.146847974024  2.231746777101  0.259514789996  0.103941206711  -0.189997723714
  45  C  4.451763009666  2.150165984031  6.630329305180  -0.380435760777  0.122302625634  0.634015695586
  46  C  4.525533408371  6.566692705983  2.209060078242  -0.174836274235  0.519748162068  0.339454785426
  47  C  4.515234618702  6.599318719538  6.639537393676  -0.049172388429  -0.010021192019  0.937663244719
  48  C  2.456216007443  8.877639757377  2.242772281621  -1.100727517386  -0.069444570714  0.078756696137
  49  C  2.185438719819  0.006172632274  6.663627948163  -1.107544944699  -1.029509310945  0.130143103317
  50  C  2.265966594817  4.406216614328  2.261230660407  0.007598164895  -0.065475997115  -0.878997444191
  51  C  2.276829830083  4.412587835428  6.630302672088  -0.880503594782  0.084490961543  0.750410971186
  52  C  6.916785577476  8.838450565812  2.246622505233  -1.095645576250  -0.658407291693  -0.147646215189
  53  C  6.907159634555  8.833498634827  6.639293484609  -1.091399506252  -0.399742835549  0.965516038701
  54  C  6.733479647410  4.351154858344  2.236294038532  -0.813687654589  -0.353204444964  -0.200447058381
  55  C  6.691514042154  4.337659999716  6.663186023676  0.228472515418  0.507439793272  0.199722391775
  56  C  2.211753877824  2.182390891339  8.996326335407  -0.249602394498  0.193740076470  -1.156315025125
  57  C  2.269191821080  2.179723322548  4.436700526275  -1.212428038869  0.396673598552  0.034874700761
  58  C  2.256571662529  6.621155753298  8.963150746145  0.069018599437  0.139950104209  -0.548152109078
  59  C  2.304470269624  6.597708282843  4.430371180509  -0.179957876634  0.766174436668  0.005147381435
  60  C  6.673829854416  2.124256531621  0.017146105480  0.185696476354  0.214150693952  -1.562523105559
  61  C  6.666168372357  2.127587441277  4.453048560321  0.027849580914  0.031409433006  -0.238897240633
  62  C  6.723722407481  6.557663107012  0.020190692636  0.536311002598  0.130001174264  -1.484297192208
  63  C  6.730305973865  6.554326747460  4.453453174595  0.229446798967  0.224205902383  -0.164347310456


MDSTEP:  10
LATTICE_CONSTANT: 1.889726125458
LATTICE_VECTORS
  9.134429164664  0.000000000000  0.000000000000
  0.262275179704  8.917371814406  0.000000000000
  -0.035587594394  0.006334516937  8.997194591824
VIRIAL (KBAR)
  -168.040748466504  -50.241116839605  9.031693541267
  -50.241116839605  -96.466851025650  0.202956020288
  9.031693541267  0.202956020288  -123.713562900919
INDEX    LABEL    POSITIONS    FORCE (eV/Angstrom)
  0  Si  3.338538689665  1.067216430749  3.347928480435  -0.040413700136  -0.553947611058  0.032838259044
  1  Si  3.311702066845  1.059067229808  7.784993800408  0.273726299932  0.081883599524  1.196181795873
  2  Si  3.420210159943  5.490746557901  3.334931421207  -0.255478666968  -0.049945974893  0.176763695478
  3  Si  3.356921966031  5.517476490962  7.778882014487  0.449171409659  -0.184594834554  1.168837446156
  4  Si  7.776114899187  1.018793398716  3.319275707795  0.988892457769  -0.239134685596  0.716666743315
  5  Si  7.779011768142  0.987037071665  7.783735233976  0.471248054841  -0.132896537759  1.661660085356
  6  Si  7.836274629544  5.407644261822  3.333247404681  1.368536277500  0.510266912863  0.634655373387
  7  Si  7.832013002669  5.463021342455  7.770253852250  0.752302100224  -0.365994848733  1.707972415292
  8  Si  3.368806814389  3.270985637334  1.113332937082  -0.109792499861  0.198812714283  -0.333278119593
  9  Si  3.345128043234  3.303067299852  5.551571648599  0.737354778948  -0.516093773785  -0.350960245055
  10  Si  3.429047492253  7.711060011475  1.125258966214  1.034780292780  0.365740955428  -1.026357398775
  11  Si  3.447163979121  7.704253475680  5.561335273037  0.268789258807  1.005586528007  -0.699221098707
  12  Si  7.807107021823  3.218815200018  1.115929092738  0.956718819291  -0.041805357862  -0.334911947928
  13  Si  7.806713289071  3.212382981875  5.575015829017  0.755359167662  0.136059842074  -0.279169928909
  14  Si  7.886669107256  7.633051868156  1.122259607189  1.743764190866  0.696403505086  -0.555035609530
  15  Si  7.884139295277  7.667038045800  5.551568452345  2.016582579301  0.111919606476  -0.578372053443
  16  Si  1.122843621527  1.093586953605  1.105573871437  -2.929349195601  -0.756568678523  -0.061000076958
  17  Si  1.071291584338  1.124383979458  5.539027435768  -2.110418316681  -1.043718299302  -0.052264633081
  18  Si  1.163974214046  5.507951663288  1.112123492150  -2.426893109685  -0.450155618723  -0.278925317106
  19  Si  1.163628350474  5.534028478074  5.515992993189  -2.662478752310  -0.733376951431  0.397240688405
  20  Si  5.584411315856  1.042067293005  1.131118074973  -0.698079984811  -0.519028352291  -0.529877547464
  21  Si  5.560328415676  1.008463549031  5.533836280636  -0.200335836852  0.225529245597  0.209978798599
  22  Si  5.611241098167  5.454821420807  1.119709710823  0.214647890416  -0.148949349061  -0.552147857421
  23  Si  5.611225759535  5.479680186367  5.578576386180  0.217478666580  -0.422499259248  -0.857785887666
  24  Si  1.133017685507  3.319939544484  3.319379977082  -2.453178576614  -1.055259352676  0.604950992723
  25  Si  1.127670204547  3.299395113778  7.774221921151  -2.555351641325  -0.329429595399  1.118543614985
  26  Si  1.195979807156  7.762213646403  3.301746011238  -1.501747888880  -0.305097027550  0.400483363987
  27  Si  1.215749319669  7.748345002692  7.753430479448  -2.107543846142  0.214264650747  1.185118795883
  28  Si  5.566410895949  3.230907592046  3.336193218554  0.373625678313  0.321985427116  0.081823046560
  29  Si  5.569583487614  3.251860226978  7.746112916093  -0.321082139068  -0.298753347465  1.899850992666
  30  Si  5.646549697576  7.693918053619  3.324720768202  1.178928469952  0.215994176622  -0.133287270690
  31  Si  5.658173637667  7.691510666698  7.759836731153  0.505421357955  0.709206688862  1.578489449374
  32  C  9.164895255182  8.792762864743  0.007787535876  0.926541514084  0.116278138603  -0.929682340642
  33  C  9.152574654901  8.818492019492  4.449134098930  0.819113702055  0.143648004307  -0.004929882336
  34  C  8.929952293415  4.320091582081  0.013678884628  2.216185359064  0.771756916587  -1.289878375421
  35  C  8.974905261661  4.304907193667  4.475602457779  1.434316039458  0.745457586405  -0.321162033250
  36  C  4.667515939950  8.860930296651  0.025926886820  -0.504327275244  -0.613896356808  -1.224556121991
  37  C  4.680331211637  8.852001743512  4.456582104171  -1.104194005383  -0.571549996220  0.000824943599
  38  C  4.427367999495  4.399846419762  8.985634246113  0.295544242335  -0.402440596185  -0.995900448229
  39  C  4.488509148576  4.372817483292  4.435646944555  0.021340269110  0.155697528242  0.368559909607
  40  C  8.905147707301  2.114851723641  2.244370842683  2.244864974931  0.596644410546  -0.541842533225
  41  C  8.884131999538  2.078175615538  6.673367194077  2.117458000489  0.965905952582  -0.067695710381
  42  C  9.005131446555  6.526899750256  2.249117612088  1.608990674854  0.600178708636  -0.385837010507
  43  C  8.995907010054  6.545844465167  6.674503163517  1.745421717209  0.602531597278  -0.316880952294
  44  C  4.433774362850  2.140123214843  2.233379090428  0.373794268275  0.257382628425  -0.226738144645
  45  C  4.450324785756  2.140971868719  6.620834022777  -0.277972616340  0.212594185209  0.801197138234
  46  C  4.516957150851  6.564718300298  2.215095287113  0.088464022410  0.558979408881  0.163058303594
  47  C  4.523106308577  6.595223243362  6.640251426150  -0.253095518641  0.067946790978  0.924267449219
  48  C  2.462554819031  8.884006076926  2.248797720641  -1.183478615339  -0.301440351659  -0.047213508967
  49  C  2.176924815791  0.013946525490  6.654607274545  -0.923279867830  -1.176845394518  0.311177929706
  50  C  2.265779428262  4.404708574043  2.268603238787  -0.077257007477  -0.015287817483  -1.044354097718
  51  C  2.273915517866  4.422130424308  6.620999510782  -0.758329830536  -0.149075052986  0.880617415172
  52  C  6.918001315188  8.839637647891  2.247483604128  -1.140236028572  -0.750497747352  -0.161545381905
  53  C  6.911064619740  8.825493687146  6.641309811295  -1.185810104452  -0.262039022814  0.943433308863
  54  C  6.733379005848  4.345940149565  2.241174814459  -0.828013766875  -0.310519897397  -0.374370461270
  55  C  6.683426183517  4.342613367676  6.669705228686  0.439716821525  0.349741200965  0.068601510237
  56  C  2.203886718116  2.189265783684  8.988754970396  -0.119025613310  0.093333388454  -1.042899006920
  57  C  2.276923070683  2.184063091373  4.436607958609  -1.456142216202  0.340144718690  0.095497888591
  58  C  2.254683776411  6.621902996439  8.958402601690  0.144653750450  0.050040795030  -0.448339823137
  59  C  2.297735220115  6.601943703540  4.424059079341  -0.008951589735  0.660214518784  0.085098646950
  60  C  6.668872651148  2.117245905430  0.018728572027  0.277228396342  0.301705357865  -1.648611002445
  61  C  6.658553721095  2.128832352426  4.454559690040  0.248488500264  -0.015286817949  -0.266238738805
  62  C  6.717219566978  6.550473763592  0.011808036964  0.670962221458  0.306606971391  -1.386162362873
  63  C  6.735145663196  6.562604125792  4.449056345020  0.211845985760  0.025685846739  -0.066957071565


