2.5133 0.345999
3.55434 0.745128
4.35316 0.494162
5.0266 1.19746
5.61991 1.2372
6.1563 1.27521
7.10869 1.11122
7.5399 0.844335
7.94775 0.832462
8.33567 0.772972
8.70633 0.901797
9.06183 1.01054
9.40391 1.06041
10.0532 0.61635
10.3626 1.06843
10.663 0.982719
10.9552 0.641951
11.2398 0.895978
11.5174 0.818662
11.7884 0.889137
12.3126 0.864581
12.5665 1.01906
12.8154 0.996543
13.0595 1.2461
13.5345 0.95306
13.7659 0.934613
14.2174 1.36614
14.4378 1.08725
14.6549 0.960906
14.8689 0.949919
15.0798 1.0475
15.2878 0.911362
15.493 1.04402
15.8955 1.19865
16.093 0.928915
16.288 0.893584
16.4808 1.06504
16.6713 1.10534
16.8597 0.96935
17.046 1.12444
17.4127 0.686601
17.5931 1.05733
17.7717 1.00406
17.9486 1.19276
18.1237 0.983091
18.2971 0.93808
18.4689 0.870007
18.8078 0.819792
18.975 1.14617
19.305 0.903498
19.6295 1.11241
19.7897 0.95827
20.2629 0.987416
20.4181 1.01844
20.7252 0.949082
21.0278 1.15255
21.3261 0.938464
21.4736 1.0361
21.7658 1.0149
21.9104 1.00169
22.0541 0.970528
22.6197 1.24256
23.3074 0.967219
23.5768 0.79158
24.7531 1.07262
26.119 0.972749
