MDSTEP:  0
LATTICE_CONSTANT: 1.889726125458
LATTICE_VECTORS
  9.276335653609  0.000000000000  0.000000000000
  -4.480405237436  8.161675764153  0.000000000000
  0.004747314339  -0.189474386860  9.845239372282
VIRIAL (KBAR)
  17.127223707658  -40.945519184411  1.011580419662
  -40.945519184411  -44.440929933201  17.709299240896
  1.011580419662  17.709299240896  267.569638392710
INDEX    LABEL    POSITIONS    FORCE (eV/Angstrom)
  0  Si  0.030139704379  1.759946365847  2.538297387291  -0.916794665963  -0.991807692038  0.592966562868
  1  Si  3.145115975961  7.046971597516  2.593380903659  0.161827301183  1.324051621339  0.348837292754
  2  Si  -2.992370987720  7.100901968338  2.583405861634  -0.835157577282  0.729774047207  0.437528946196
  3  Si  4.657847735876  6.114975478564  5.079795290553  1.101523808160  0.760562201972  0.515267426485
  4  Si  1.542731789546  0.815560220596  5.051746533485  -0.474598248398  -1.094229751740  0.183965985139
  5  Si  7.687751966618  0.765338126786  5.044918758528  0.516669675688  -0.517823320515  0.268985827244
  6  Si  0.018324197829  1.701322638416  7.590306983829  -0.822670396807  -1.020026915518  -0.519987439807
  7  Si  3.133678670851  6.987889897862  7.618627685399  0.791169613262  1.230388240410  -0.381645390865
  8  Si  -2.993426491665  7.067390542278  7.634907866190  -0.686238138972  0.054928853466  -0.759807334340
  9  Si  4.660315241225  6.252149337735  0.288871788109  0.788634513849  1.102776554099  -5.383708702063
  10  Si  1.554834402377  0.973323648849  0.236798213956  -0.831848597072  -1.491758258994  -5.959896134920
  11  Si  7.682966877138  0.903164093277  0.225176375611  0.530355803357  -0.671150916877  -4.713643683979
  12  Si  -1.500693265193  4.404606057164  2.566661609856  -0.488452241073  -0.519782111216  0.543797010258
  13  Si  1.571925635509  4.407501188340  2.564523487454  0.360382950745  -0.454380834424  1.057742421310
  14  Si  0.069096839324  7.070764421985  2.586912289444  0.302297262445  1.113716465676  0.481997117169
  15  Si  6.178405893514  3.442421479728  5.081506677461  0.659426221848  0.469135338527  -0.054993369702
  16  Si  3.090730150734  3.467861405055  5.074685537203  0.448123903901  0.034398213501  0.176055532250
  17  Si  4.604725013095  0.793514704108  5.032960200404  0.047479146099  -0.905274274562  0.677314900699
  18  Si  -1.498801910687  4.369953765353  7.562748121211  -0.597994693443  -0.667070404770  0.785368170287
  19  Si  1.586118405493  4.346959489700  7.595044702868  -0.125444855649  -0.169481647947  0.051343678448
  20  Si  0.079110537846  7.015282615884  7.611246952756  0.091780852421  1.176695105894  -0.239118186201
  21  Si  6.165820862046  3.586532753187  0.269311939594  1.010286338766  0.557770529119  -6.165596467491
  22  Si  3.102845449808  3.617278851863  0.262956048193  0.046132202283  -0.205984397991  -5.373844210528
  23  Si  4.611350269187  0.925638981752  0.228013330176  -0.133746951226  -1.026227159893  -6.117030748282
  24  Si  3.095402956716  1.711659763592  2.521746498697  -0.184459054609  -0.127560575543  1.026432265133
  25  Si  6.148587041955  1.677686795769  2.526340381967  0.386585738970  0.074969878340  0.894098740854
  26  Si  4.643373482033  4.358483848561  2.569076274595  0.330765309994  0.077566451401  0.901218659938
  27  Si  1.596180537303  6.148380828468  5.092086279058  0.137527965626  0.034264196084  0.394315661473
  28  Si  -1.460211751798  6.188263942260  5.074190134564  -0.585393841761  -0.302558947389  0.567844976206
  29  Si  0.035579128704  3.503134040698  5.062127085394  -0.249974509392  -0.492069308824  0.415696674675
  30  Si  3.084711959191  1.665916533311  7.572299551789  0.233714511412  -0.331628593942  -0.130304695734
  31  Si  6.173838439686  1.645737897957  7.571127082445  0.024681745701  -0.253998242440  -0.039847908794
  32  Si  4.642255584424  4.312857056091  7.598831981844  0.370753476773  0.072479098006  0.096111593815
  33  Si  1.590789537633  6.282694920746  0.286262214621  -0.222118366901  0.325152234318  -5.920754026540
  34  Si  -1.480085299815  6.312255186053  0.297454456285  0.007096203671  0.211012449797  -5.757802341479
  35  Si  0.032400431049  3.633036254878  0.237844885591  -0.274980817632  0.213989326523  -4.521384557536
  36  C  0.010282046242  1.725714413362  4.418310529159  -0.564933872290  -0.760348365479  0.186824602285
  37  C  3.135695565305  7.021733080509  4.485374291030  0.255468263755  1.357574157415  -0.573657894247
  38  C  -2.988604879835  7.086606177997  4.482096795629  -0.910316963382  0.628141960748  -0.331552182030
  39  C  4.672133709403  6.077209749797  6.984727927190  0.658219978847  1.250986287089  -0.110001040073
  40  C  1.538669730958  0.797721568388  6.939207635415  -0.149986364395  -1.174468995961  0.414624277511
  41  C  7.681939738259  0.744383305126  6.935954516532  0.921406486493  -0.657607113859  0.630930094497
  42  C  0.014108519905  1.697084496924  9.462194596960  -0.608198995419  -1.400398026512  -0.375344241249
  43  C  3.128143914182  6.955796580645  9.503248032119  0.569560393338  1.519298941736  -0.518521488157
  44  C  -2.991531097245  7.029246731740  9.513071680033  -0.880327286350  0.729717091714  -0.184292965224
  45  C  4.656781840597  6.133076189915  1.970571932490  0.971274887827  0.930702532882  4.796780046230
  46  C  1.542424486408  0.862529102795  1.891277479275  -0.114156721819  -1.466607444594  6.426590174625
  47  C  7.689844168471  0.803934526031  1.917458232199  0.707208955613  -0.759826982381  5.093451905535
  48  C  -1.491156766761  4.393968482848  4.447250022184  -0.804523900547  -0.246089812973  0.137175032228
  49  C  1.584609844898  4.361027168501  4.461680158955  -0.189362708949  0.577039314111  -0.496322177307
  50  C  0.076397772230  7.045311096517  4.483631842939  0.217079653625  1.497239628881  -0.645332243838
  51  C  6.175944021572  3.420711987749  6.964972509159  0.734477138690  0.635996130309  -0.043036735995
  52  C  3.097472303319  3.452530265121  6.950096483266  0.099432881245  -0.171952911696  0.139535490117
  53  C  4.637033245318  0.787830985217  6.928841301153  -0.640765424013  -1.361536825057  0.357473863628
  54  C  -1.488358752101  4.356833553729  9.489308297966  -0.851074133318  -0.532200233305  -0.631866556920
  55  C  1.587377644638  4.319109922596  9.469942693620  -0.060818522740  0.168123374851  -0.278027182406
  56  C  0.071171667912  7.020305657192  9.498549302036  0.136146706338  0.694574678935  -0.408334862172
  57  C  6.166667942934  3.464556077966  1.925599891199  0.785023537853  0.496324995810  5.923988067155
  58  C  3.109767802538  3.494578617930  1.937450381490  -0.224154363015  0.131619615751  4.894493704038
  59  C  4.612533460984  0.805030089122  1.880803755352  -0.129142104106  -1.131060251450  6.716886485449
  60  C  3.075199308041  1.715807999923  4.420211858607  0.194347899350  -0.722648678054  -0.311642911591
  61  C  6.157342719704  1.676590467594  4.418697659649  0.045135536396  -0.323082844469  -0.294049883102
  62  C  4.651789479569  4.338415589954  4.453204527824  0.003700543783  0.190340176172  -0.209077441249
  63  C  1.616674407372  6.116976663291  6.983825752072  -0.504718807037  0.307756782050  -0.391185675308
  64  C  -1.472553760305  6.139885406054  6.977704694430  -0.060243860872  0.604893043319  -0.458996741504
  65  C  0.041586429761  3.468287401982  6.959581004030  -0.238132026526  0.195706383069  -0.346063625425
  66  C  3.078655710521  1.639811875180  9.456253367810  0.455387345381  0.197159537451  -0.572370057491
  67  C  6.157966440596  1.631146134337  9.453608930956  0.144656603728  -0.266157987848  -0.502723456607
  68  C  4.658068099813  4.309173643454  9.493391911842  -0.070278318484  -0.218446561824  -0.808232842636
  69  C  1.592836873323  6.160989407905  1.950794668198  0.076131101258  0.591448891527  5.394489845720
  70  C  -1.465350707667  6.196306428534  1.975040656001  -0.270766076700  0.040868425141  4.607987365776
  71  C  0.058658274808  3.528481546119  1.932027727589  -0.620099053530  0.126103635445  4.391877004797


MDSTEP:  1
LATTICE_CONSTANT: 1.889726125458
LATTICE_VECTORS
  9.276335653609  0.000000000000  0.000000000000
  -4.480405237436  8.161675764153  0.000000000000
  0.004747314339  -0.189474386860  9.845239372282
VIRIAL (KBAR)
  17.316538037767  -40.895289960013  0.918721235960
  -40.895289960013  -44.440439764437  18.013929971067
  0.918721235960  18.013929971067  264.744447957941
INDEX    LABEL    POSITIONS    FORCE (eV/Angstrom)
  0  Si  0.030855531644  1.759055878821  2.538982764165  -0.936115909581  -0.969421601589  0.580053385198
  1  Si  3.145015492320  7.046622678194  2.593657082675  0.170879368644  1.339177828044  0.352838912277
  2  Si  -2.992465100920  7.101739914025  2.583700034276  -0.829318451878  0.708761007937  0.448797839829
  3  Si  4.658855987192  6.114005383200  5.080171792468  1.071283814905  0.806944737982  0.501161552164
  4  Si  1.542654606238  0.816162515019  5.052058201915  -0.479714774600  -1.104423142354  0.169936624283
  5  Si  7.688399003148  0.765669434746  5.044631218835  0.494449207359  -0.524858049313  0.270311781279
  6  Si  0.018181131221  1.701159633739  7.589938315004  -0.824729216329  -1.017070637552  -0.525163594262
  7  Si  3.134618806099  6.988920662190  7.618611440481  0.773325242890  1.220661260389  -0.394800645727
  8  Si  -2.993008960600  7.067648880527  7.634303678682  -0.696950937136  0.056957502777  -0.753535754278
  9  Si  4.660198787269  6.252653336435  0.288187991538  0.794164333973  1.076086915360  -5.292132739641
  10  Si  1.554603630550  0.974004412508  0.235683098400  -0.837107812589  -1.516579349262  -5.786356291660
  11  Si  7.682946562555  0.902290178518  0.224337463881  0.527165982351  -0.661339834535  -4.614412515781
  12  Si  -1.500541249747  4.403832837297  2.566573804990  -0.494320922523  -0.512041054803  0.559166572901
  13  Si  1.572052063931  4.408131082600  2.564896655285  0.350529068630  -0.456698189988  1.051262740628
  14  Si  0.068618022113  7.070422614229  2.586495160397  0.294044676463  1.132012192343  0.523057783703
  15  Si  6.178012953679  3.441878940531  5.081661677744  0.667726932433  0.478151346768  -0.080781194395
  16  Si  3.090534561357  3.469061389646  5.075248544131  0.457058303374  0.017840113014  0.134775759546
  17  Si  4.604656536657  0.793816499209  5.033681912293  0.048576299384  -0.912705351886  0.661658010016
  18  Si  -1.498903291162  4.369702714664  7.562471224471  -0.597113590953  -0.667006574251  0.770433334633
  19  Si  1.586500927247  4.347480676826  7.594326739193  -0.145467822660  -0.175359877163  0.056288134496
  20  Si  0.078720030448  7.014702101237  7.610616369441  0.103340799592  1.190977846322  -0.228427854112
  21  Si  6.166390165261  3.586756247867  0.267808240282  0.989923077071  0.543601090418  -5.985212759140
  22  Si  3.102478581404  3.616834488870  0.261614134570  0.048364937776  -0.218989637474  -5.225337153680
  23  Si  4.612197595967  0.925759426078  0.226656233069  -0.154995676582  -1.040613605735  -5.935521448221
  24  Si  3.095611098850  1.712277020986  2.521852657377  -0.176330477389  -0.141103453246  1.052938354429
  25  Si  6.148331541976  1.678137868973  2.526980311881  0.392135119402  0.052441568641  0.897123535799
  26  Si  4.643445212559  4.358310188029  2.569259637338  0.333937237458  0.084659380827  0.914667347639
  27  Si  1.595605516445  6.149405573033  5.091729753225  0.159343178599  0.033898108855  0.386054230610
  28  Si  -1.460512550822  6.187609699509  5.074853073188  -0.583970909468  -0.273741018759  0.542039667931
  29  Si  0.035448580871  3.503652610659  5.061542123577  -0.240811353349  -0.495356031937  0.399847387561
  30  Si  3.084966852782  1.665245752090  7.572531218687  0.210249145173  -0.316524823015  -0.160787275518
  31  Si  6.172516160897  1.646101753731  7.571913862918  0.073776428610  -0.266947479295  -0.065389358282
  32  Si  4.642390817897  4.312122068887  7.599686670312  0.364529054740  0.098102821995  0.045460313062
  33  Si  1.590767110395  6.281974740998  0.284877911509  -0.224576344625  0.318801437837  -5.719690885618
  34  Si  -1.479380429741  6.312189567994  0.295861342871  -0.008576651979  0.205601267549  -5.587050245409
  35  Si  0.032367053396  3.633499745917  0.236581224363  -0.296419056218  0.188171860564  -4.427481784710
  36  C  0.008860654385  1.725424073621  4.417676773475  -0.532587734239  -0.743463335781  0.217603006859
  37  C  3.136049522982  7.022659379770  4.484140694141  0.260872751579  1.333748091983  -0.522873109647
  38  C  -2.989611336191  7.086264029005  4.481887368867  -0.884914660162  0.634452393860  -0.307678416458
  39  C  4.672984549987  6.078434766700  6.985090507503  0.651241335915  1.209466053764  -0.100090726731
  40  C  1.537767553469  0.797120057210  6.939444215679  -0.122543152784  -1.163646709061  0.415299802391
  41  C  7.682850078407  0.744537612501  6.936555698437  0.888693874697  -0.647456653818  0.627367770914
  42  C  0.013536101418  1.696830521919  9.461496218601  -0.602890121587  -1.390785719448  -0.363929829755
  43  C  3.127463785055  6.955792032948  9.503396203914  0.584958304596  1.516089461889  -0.524914084228
  44  C  -2.990773429956  7.029205674018  9.512559357696  -0.893590755142  0.736719587093  -0.181435807409
  45  C  4.657490462723  6.132693886489  1.972345243715  0.959693490361  0.944820197865  4.675460030145
  46  C  1.543246657169  0.861731094068  1.894376511886  -0.120179252994  -1.453573158608  6.218445514016
  47  C  7.689786671701  0.804362835296  1.919081696454  0.713199293902  -0.762777729891  4.988936578638
  48  C  -1.490960034149  4.394663704867  4.446816480673  -0.810167709586  -0.266449014847  0.157111977065
  49  C  1.585239242014  4.361939550802  4.459977464732  -0.208652430190  0.566478541526  -0.444156193840
  50  C  0.076170965529  7.045967714226  4.484099047582  0.200851919565  1.492310092407  -0.639327871710
  51  C  6.176392325568  3.420306338373  6.963881213443  0.716813396438  0.642666046952  -0.010386038080
  52  C  3.096539487891  3.452814057908  6.948825989699  0.124871413468  -0.179738891352  0.182401083874
  53  C  4.637327495851  0.787901856292  6.929616000830  -0.654205854743  -1.367101188599  0.352770302795
  54  C  -1.490140311273  4.356612721010  9.488800641265  -0.817211151834  -0.533660730970  -0.632118518087
  55  C  1.586881868279  4.318345180210  9.470620218591  -0.052914685634  0.182587986768  -0.314019800073
  56  C  0.071494571388  7.019887431787  9.498289391461  0.137291475594  0.698484101518  -0.415264773203
  57  C  6.166307489655  3.463828573241  1.928174365584  0.790473924291  0.522737862359  5.727122025123
  58  C  3.109464596122  3.494940821717  1.939772472264  -0.219286311120  0.140770731320  4.730525159731
  59  C  4.612619902473  0.804644076251  1.883512095764  -0.136172051245  -1.117695274618  6.515696657201
  60  C  3.075820068613  1.715818501519  4.420517007524  0.177808484295  -0.701495383707  -0.296226224947
  61  C  6.156708492685  1.676480052904  4.418269870557  0.059566196334  -0.321005744160  -0.262164156113
  62  C  4.652378725681  4.339707953672  4.453117735731  -0.007046475604  0.154461860511  -0.192391049121
  63  C  1.616222492115  6.117756625078  6.984120762581  -0.480337498128  0.302980320502  -0.396220052594
  64  C  -1.472432310018  6.140233578611  6.978390214161  -0.065915875140  0.587493147740  -0.468309656574
  65  C  0.041427591267  3.467922870771  6.958567043546  -0.229591714953  0.209335508561  -0.323463369155
  66  C  3.078205788226  1.639769852270  9.455393555827  0.470607338340  0.193752615914  -0.552558831572
  67  C  6.157814193262  1.631332207043  9.453763994884  0.154116047884  -0.269231316810  -0.507384963084
  68  C  4.657059785549  4.307856418893  9.492295767902  -0.053728418929  -0.188721079198  -0.777101529597
  69  C  1.592173676452  6.162227524604  1.954452960055  0.089745798139  0.583478644846  5.158109994328
  70  C  -1.465775860403  6.195509951718  1.977618114959  -0.271900655427  0.056969071464  4.422972642462
  71  C  0.058786051222  3.528641127461  1.932949213819  -0.615250836926  0.114931036561  4.306400688889


MDSTEP:  2
LATTICE_CONSTANT: 1.889726125458
LATTICE_VECTORS
  9.276335653609  0.000000000000  0.000000000000
  -4.480405237436  8.161675764153  0.000000000000
  0.004747314339  -0.189474386860  9.845239372282
VIRIAL (KBAR)
  17.298182621208  -40.494847782251  0.401091022358
  -40.494847782251  -44.723258213823  18.303184760079
  0.401091022358  18.303184760079  260.971404790259
INDEX    LABEL    POSITIONS    FORCE (eV/Angstrom)
  0  Si  0.032560656549  1.757071326194  2.537377211522  -0.996429876896  -0.924814258822  0.689126107044
  1  Si  3.145092416176  7.048814389030  2.594702947123  0.187162788645  1.343174144092  0.362925839706
  2  Si  -2.990622449275  7.100357410433  2.583298974842  -0.843534630787  0.726784045135  0.468230467785
  3  Si  4.660308764539  6.116224632542  5.080593464707  1.040157948086  0.815134387281  0.422203621576
  4  Si  1.543747690041  0.818059703816  5.050711713945  -0.521568029206  -1.135011227670  0.205230443586
  5  Si  7.690814376074  0.765759918147  5.047005618156  0.442270311866  -0.518986465569  0.204278576299
  6  Si  0.017868355423  1.701086943406  7.592069484012  -0.808065753974  -0.982617255928  -0.588754111284
  7  Si  3.136461822735  6.990993651614  7.618973243930  0.742906356083  1.174032336792  -0.445767616736
  8  Si  -2.992420886451  7.070275720122  7.636339138618  -0.716780370053  0.040487247704  -0.791881788037
  9  Si  4.659548001639  6.254993397627  0.286839216948  0.814216642873  0.994035164221  -4.986366612422
  10  Si  1.555041274469  0.974848482052  0.235145037385  -0.904268456335  -1.559096268797  -5.552521701197
  11  Si  7.684680083817  0.900814268763  0.223301647689  0.494964813924  -0.661944645857  -4.306793728193
  12  Si  -1.500866023124  4.401903767250  2.568321374462  -0.497132848496  -0.498668704785  0.576003118781
  13  Si  1.574094306964  4.409937779373  2.566123295522  0.246306870898  -0.495652028032  1.046135804840
  14  Si  0.068258346435  7.071400983402  2.587184934402  0.259683946822  1.108412945380  0.572725571544
  15  Si  6.179008799493  3.442246170640  5.079782788258  0.631407901582  0.436387231692  -0.052505093907
  16  Si  3.091107553779  3.466609025549  5.076352443358  0.457746099804  0.158366510449  0.076394567843
  17  Si  4.604768770517  0.795253804834  5.033988441854  0.000609259586  -0.955854049235  0.629341696115
  18  Si  -1.501147459378  4.369419925959  7.562790382287  -0.580784486977  -0.616423741212  0.746384367829
  19  Si  1.584074242573  4.349075186593  7.593738915640  -0.074011695328  -0.216842681962  0.006862904936
  20  Si  0.079480159648  7.014859229402  7.608663805511  0.104286033000  1.147974876585  -0.228937020009
  21  Si  6.166272690036  3.585611373138  0.265261253586  1.042746261294  0.562918040813  -5.786620873324
  22  Si  3.099955075858  3.617904690615  0.260207054526  0.093782718403  -0.232751894508  -5.100625543701
  23  Si  4.613791708972  0.925837167674  0.224336752132  -0.169133376732  -1.075772701231  -5.689280746365
  24  Si  3.095431350928  1.714835106121  2.519891498966  -0.205757882413  -0.258225135373  1.126000377300
  25  Si  6.146225154580  1.678896882814  2.527800599447  0.463103730346  0.062729958871  0.889879350031
  26  Si  4.642099707321  4.356864228292  2.570259472223  0.401774055591  0.171027147469  0.897304098886
  27  Si  1.597889640490  6.150669733214  5.091666834361  0.116658800426  0.036148403429  0.408778668114
  28  Si  -1.461036584750  6.189361152843  5.077422115486  -0.619076778145  -0.296036059958  0.499346237326
  29  Si  0.037728929228  3.505583232368  5.063085057068  -0.317187837044  -0.527372625927  0.370689557083
  30  Si  3.084162987342  1.665330424313  7.570997505446  0.208107019949  -0.308157488904  -0.142528169847
  31  Si  6.172423335674  1.648377910734  7.571713309181  0.038210752054  -0.304189597390  -0.088512238752
  32  Si  4.644539109935  4.314615529944  7.598037620502  0.298806982284  0.130923050628  0.078595224427
  33  Si  1.590469073922  6.283559370596  0.284315514533  -0.265127034058  0.294415244409  -5.630054201017
  34  Si  -1.477252595674  6.310984124703  0.295319061854  -0.128016392980  0.189249138846  -5.559969369192
  35  Si  0.034705120699  3.632679223666  0.234546294394  -0.372578697429  0.210836117231  -4.317924891790
  36  C  0.008922104035  1.725265121279  4.418834948431  -0.517444122693  -0.696053453193  0.209748172669
  37  C  3.133772029612  7.023553386872  4.482594590774  0.343132082566  1.331524823469  -0.454645593534
  38  C  -2.989083547437  7.090126463776  4.479311437479  -0.851932070594  0.591431811315  -0.248556751183
  39  C  4.674365301806  6.082347874911  6.981869032633  0.650966003665  1.173437946219  -0.010609502962
  40  C  1.536651308914  0.793762431650  6.940957234563  -0.109765585986  -1.074858415387  0.388243953166
  41  C  7.684310090662  0.745438666407  6.937835154786  0.846604654616  -0.631238945068  0.640956324061
  42  C  0.009500869153  1.696203277159  9.461715955859  -0.503400189349  -1.395143745412  -0.349042796128
  43  C  3.125861968400  6.953137419585  9.501717547043  0.611121352939  1.569284537402  -0.488867936139
  44  C  -2.995442942143  7.033207971934  9.513230037508  -0.782040613366  0.659065655084  -0.153183194250
  45  C  4.660440261458  6.136569586834  1.979588676764  0.900625898048  0.885937043848  4.312669523704
  46  C  1.540518469702  0.860144708414  1.899272993590  -0.016243306590  -1.438215416678  5.924503924725
  47  C  7.692736036446  0.804869036547  1.926837822183  0.642923564032  -0.755250293234  4.611901638906
  48  C  -1.494385197120  4.392782537658  4.450019220293  -0.727813992709  -0.222989073893  0.129326508803
  49  C  1.583993229881  4.365609805508  4.461614016175  -0.130963792154  0.498162297198  -0.467493867754
  50  C  0.076137560227  7.045339171296  4.487180676821  0.196288981916  1.508054923587  -0.684230624249
  51  C  6.173928081198  3.423766108229  6.964864516700  0.767854608107  0.563283112456  -0.065063563299
  52  C  3.098399939559  3.456086977842  6.946429423730  0.075243459093  -0.245670502275  0.280658122839
  53  C  4.635049473557  0.784124521133  6.927508514708  -0.578271551197  -1.281964736867  0.434684060352
  54  C  -1.489781546223  4.353577930800  9.485287752101  -0.820265632341  -0.475086542915  -0.571847220499
  55  C  1.584646306643  4.322089347966  9.466454859562  0.006943291167  0.107183427728  -0.204617579881
  56  C  0.068874685040  7.017389655900  9.497648702211  0.206061076143  0.767033875034  -0.433366524211
  57  C  6.168138188323  3.467590785805  1.929562127005  0.747378618773  0.453004015488  5.588362372238
  58  C  3.110207902868  3.491597127777  1.942717253531  -0.254888175955  0.264336956547  4.504147190336
  59  C  4.612481785709  0.803235767398  1.887081396570  -0.152013079632  -1.083660106429  6.239015864357
  60  C  3.073902799904  1.718574498198  4.420811633966  0.236659280238  -0.748877394128  -0.320608475876
  61  C  6.154266724891  1.672476913638  4.417510650572  0.125652305266  -0.225742069573  -0.197803645313
  62  C  4.654899814089  4.341871622802  4.451807150291  -0.072959178754  0.109153317230  -0.136434141331
  63  C  1.619845012463  6.114262386062  6.983992027331  -0.527976904103  0.429972157110  -0.392523116767
  64  C  -1.474892471049  6.142007847868  6.979622192413  -0.025869707189  0.556315733445  -0.450921870786
  65  C  0.039855564747  3.471225028541  6.959488151150  -0.209685172329  0.126925466592  -0.321037980291
  66  C  3.077307852387  1.636304598365  9.457096476248  0.501838675544  0.297865677004  -0.613645124505
  67  C  6.160379633857  1.632715460072  9.454820776969  0.109646672680  -0.340414529144  -0.538431449425
  68  C  4.660270105386  4.306199087230  9.493703828789  -0.154787998321  -0.124114074401  -0.818880307146
  69  C  1.590619245459  6.165186498145  1.956093643965  0.147171554796  0.539869280107  5.043175720321
  70  C  -1.465260890863  6.191961152436  1.977963050487  -0.251702315558  0.104812255554  4.378142294208
  71  C  0.055533071963  3.526673991910  1.933479953473  -0.493543837426  0.168005826309  4.228882699565


MDSTEP:  3
LATTICE_CONSTANT: 1.889726125458
LATTICE_VECTORS
  9.276335653609  0.000000000000  0.000000000000
  -4.480405237436  8.161675764153  0.000000000000
  0.004747314339  -0.189474386860  9.845239372282
VIRIAL (KBAR)
  18.293582427869  -39.994188055108  -0.314628753565
  -39.994188055108  -45.100799183720  19.128297024913
  -0.314628753565  19.128297024913  254.812397291513
INDEX    LABEL    POSITIONS    FORCE (eV/Angstrom)
  0  Si  0.032837789129  1.753681680250  2.540321699009  -1.054939037695  -0.754505033967  0.693664856190
  1  Si  3.148253346827  7.046189793269  2.597783282774  0.118904159180  1.358084171803  0.314880027252
  2  Si  -2.991127373197  7.098917814504  2.584064639170  -0.835418058990  0.753108448159  0.476097071952
  3  Si  4.658364232609  6.117092611660  5.080574155576  1.075147443856  0.801267829342  0.370805505943
  4  Si  1.545761852100  0.820631321051  5.050966575561  -0.591379223501  -1.246204217231  0.178348926418
  5  Si  7.691538028261  0.767176139200  5.045165941006  0.467005953283  -0.560596514672  0.213179253080
  6  Si  0.015951532076  1.701677900997  7.592132571165  -0.748622967839  -1.019420722301  -0.601878643240
  7  Si  3.133357339110  6.994396420395  7.617760410866  0.820350553543  1.115175473401  -0.536977857111
  8  Si  -2.994712681697  7.070446918665  7.635378850186  -0.674635680881  0.031535758205  -0.879583063528
  9  Si  4.658487372570  6.256585386316  0.286134974084  0.802906482951  0.962077633330  -4.850188790878
  10  Si  1.554336770336  0.972707359377  0.234649808331  -0.980727160974  -1.545551186040  -5.259999104758
  11  Si  7.683688579165  0.898602548082  0.223623788886  0.520791937017  -0.652054282935  -4.085479487836
  12  Si  -1.502718150126  4.403008453047  2.565156263185  -0.470143186165  -0.512239508984  0.705457509501
  13  Si  1.576577835057  4.412217069569  2.567183082349  0.124507471883  -0.545924141267  0.970251650803
  14  Si  0.067106670774  7.072949247682  2.587568186297  0.296805481192  1.151869863942  0.634039180641
  15  Si  6.181644627219  3.440659830378  5.078070317921  0.533323341296  0.558525117658  -0.047417647064
  16  Si  3.088298420592  3.466763400839  5.079088232591  0.474451498788  0.151298048334  -0.041846871399
  17  Si  4.605543384617  0.795141129002  5.036438184362  -0.026775217246  -0.929993425420  0.517014530870
  18  Si  -1.498156828950  4.370853756549  7.561962180367  -0.684618317914  -0.634563891770  0.796951032956
  19  Si  1.583075290421  4.345830497813  7.590431700391  -0.046962336746  -0.057719745864  0.127675759837
  20  Si  0.076075827565  7.015165018162  7.607145525804  0.136711096709  1.150958878179  -0.213086548814
  21  Si  6.168078531371  3.588030062139  0.263324778759  1.020227598073  0.444981076492  -5.474007164169
  22  Si  3.099761188389  3.614893247637  0.256306810205  0.091724142057  -0.162430199853  -4.711051815524
  23  Si  4.613619945200  0.928410460620  0.219208403640  -0.125117029619  -1.103455097895  -5.200909826756
  24  Si  3.092471951262  1.712972932547  2.521747437095  -0.201948567702  -0.175283952182  1.108640798912
  25  Si  6.147157477460  1.676088438374  2.531314602317  0.405898453695  0.140790834236  0.865444781917
  26  Si  4.644791971584  4.354602041827  2.570400551372  0.340306857378  0.167142898736  0.916944557205
  27  Si  1.599718054894  6.152611057693  5.088380343767  -0.021266342326  0.025184556074  0.427473705210
  28  Si  -1.460702839784  6.190903070227  5.079287783791  -0.705986023105  -0.358581310604  0.356552129656
  29  Si  0.040557210463  3.502596705691  5.065211776033  -0.446603145956  -0.438990799998  0.285495148885
  30  Si  3.087337602584  1.662454492509  7.569383871614  0.086512425779  -0.248139351814  -0.076866179961
  31  Si  6.170624511122  1.650426394173  7.568868089044  0.148888034788  -0.355671409102  -0.086869141959
  32  Si  4.646356758835  4.313111945497  7.595793771353  0.347995230894  0.238272253760  0.149071534805
  33  Si  1.593420489849  6.285473738363  0.279577902818  -0.322511593565  0.249535386360  -5.172147416850
  34  Si  -1.473952444030  6.313449094211  0.292307509934  -0.185436842006  0.116465737798  -5.230565995381
  35  Si  0.035914914029  3.632449390801  0.232606891692  -0.406133997413  0.165429855928  -4.031113762198
  36  C  0.010143590504  1.722835113969  4.420071560583  -0.517112961720  -0.653019651420  0.242056353470
  37  C  3.130114726247  7.020172323417  4.480932615945  0.445220439388  1.428038220146  -0.402952467753
  38  C  -2.993626663794  7.092300886574  4.475013898110  -0.758567718903  0.543756474135  -0.115676121023
  39  C  4.678934466544  6.084166854166  6.978787306678  0.513373509503  1.143313434716  0.078841469263
  40  C  1.538352246877  0.793206003757  6.939274533557  -0.133841434499  -1.026666832287  0.443528286928
  41  C  7.689701132504  0.747782315130  6.934333236685  0.700373512914  -0.632627282077  0.689338327880
  42  C  0.004188752574  1.695241300469  9.460365237061  -0.392613218034  -1.409279651074  -0.311549913096
  43  C  3.123287148244  6.953894757775  9.497712734572  0.698909817696  1.575778168555  -0.410599946008
  44  C  -2.998109283899  7.033033329886  9.507850307002  -0.703291444276  0.653384473822  -0.024745464835
  45  C  4.662755805395  6.133308420724  1.982648636911  0.881756632994  0.956977338082  4.107065710978
  46  C  1.536085766360  0.861968130784  1.907071333933  0.051139016537  -1.503249326107  5.475407383535
  47  C  7.695215410769  0.808622590103  1.934445496407  0.620399944803  -0.857210363501  4.309968979490
  48  C  -1.499618145223  4.387790463383  4.450410885922  -0.588691853622  -0.126225386025  0.147346601567
  49  C  1.580456308210  4.370557720551  4.457088155319  -0.056430409492  0.377792852206  -0.287326739644
  50  C  0.075104764019  7.047573009849  4.488102167692  0.223948323826  1.498283280440  -0.672327190081
  51  C  6.176674291799  3.424637518529  6.963819672507  0.739449333310  0.552158260538  -0.053737113614
  52  C  3.101887411619  3.456715262396  6.951135497056  -0.007592049527  -0.290197312778  0.185799065647
  53  C  4.631627197881  0.786169048590  6.926520594383  -0.480517235948  -1.313548182131  0.467811360315
  54  C  -1.491695874619  4.348918062547  9.488101647575  -0.767896495596  -0.319169003463  -0.646108115932
  55  C  1.583454248123  4.324803730140  9.470905351597  0.040808466187  0.051959669418  -0.380083177293
  56  C  0.072752584346  7.021528889991  9.499579745799  0.128737810426  0.723850722988  -0.539821232282
  57  C  6.170175630456  3.468126222309  1.935376277398  0.726014185110  0.407646046225  5.212282397200
  58  C  3.110028672118  3.492647161046  1.948161944521  -0.251459084513  0.237433987151  4.146341641865
  59  C  4.607358527811  0.805085671347  1.893153013803  -0.050328590732  -1.078424439385  5.771320639476
  60  C  3.070255889958  1.714188414814  4.417321819288  0.340335765126  -0.603939332436  -0.172365765416
  61  C  6.157316224767  1.675954900204  4.419852850895  0.043697781940  -0.338361470830  -0.194246508360
  62  C  4.651482745580  4.343731217576  4.449709838511  -0.011325630016  0.029045359363  -0.031501558390
  63  C  1.615228599285  6.118736395270  6.979448892419  -0.440869748162  0.315841117027  -0.307447740505
  64  C  -1.475128198893  6.140013502684  6.976068361787  -0.051516300818  0.628665533179  -0.331452752691
  65  C  0.037430996990  3.473002559025  6.963981382303  -0.117275564098  0.062564214081  -0.418594075810
  66  C  3.074755275675  1.636617371148  9.459563279883  0.541387309543  0.264873701331  -0.720765598526
  67  C  6.165105620692  1.628638120864  9.452205091178  -0.008334894241  -0.221205861797  -0.499892300547
  68  C  4.660794203384  4.307635470734  9.497014989963  -0.169405042122  -0.163151869303  -0.937400073466
  69  C  1.587897941936  6.167469563866  1.961519809970  0.233870387057  0.580434139738  4.622256639176
  70  C  -1.461928398816  6.195372157701  1.984384929743  -0.351027931160  0.088573063204  3.958118320123
  71  C  0.050124579247  3.527769879326  1.938126814075  -0.354558061600  0.135526878429  3.993112033749


MDSTEP:  4
LATTICE_CONSTANT: 1.889726125458
LATTICE_VECTORS
  9.276335653609  0.000000000000  0.000000000000
  -4.480405237436  8.161675764153  0.000000000000
  0.004747314339  -0.189474386860  9.845239372282
VIRIAL (KBAR)
  17.705360733675  -39.462531642994  0.144349606094
  -39.462531642994  -44.667129487326  19.775000089011
  0.144349606094  19.775000089011  251.168343969629
INDEX    LABEL    POSITIONS    FORCE (eV/Angstrom)
  0  Si  0.034665079037  1.755700751686  2.538769221078  -1.051141563146  -0.796104855090  0.675110660994
  1  Si  3.144780492408  7.049811110997  2.595174467567  0.337001773206  1.320815962004  0.402921893461
  2  Si  -2.994079363533  7.098012514729  2.583755353070  -0.796072202669  0.764341061833  0.537566073216
  3  Si  4.657726676755  6.118592583412  5.077386522085  1.144280337530  0.825856189417  0.386686588251
  4  Si  1.544111778824  0.823270201673  5.051921121984  -0.608632446872  -1.285481682692  0.181867378192
  5  Si  7.688412404958  0.769522142995  5.047312291526  0.539259969692  -0.658965399113  0.098395017157
  6  Si  0.014854000245  1.700221853225  7.591047789959  -0.728512284671  -0.998411984575  -0.515392972338
  7  Si  3.131747932231  6.995606762953  7.613991510682  0.952812617134  1.044088650497  -0.487183325405
  8  Si  -2.991610879573  7.069894884121  7.638241576371  -0.796568978152  0.069167464615  -0.932135802567
  9  Si  4.660214772841  6.256589243818  0.284233256323  0.789426418583  0.937013713547  -4.726949853477
  10  Si  1.552276656623  0.969888545325  0.230734687075  -0.972737770532  -1.508990860032  -5.100181894068
  11  Si  7.684504417496  0.896727882690  0.219116028396  0.475459446725  -0.669037375204  -3.817571996064
  12  Si  -1.500808842369  4.402667729748  2.565281281734  -0.596874591157  -0.474781568233  0.814988613803
  13  Si  1.574067691617  4.415008748044  2.564472874721  0.149119463352  -0.564686469154  1.154258595218
  14  Si  0.065491590993  7.070726398226  2.583658590612  0.286731434833  1.170249526930  0.797038885927
  15  Si  6.185154971496  3.439097970896  5.080616098657  0.427037151924  0.607354872294  -0.119188524168
  16  Si  3.089710759118  3.468372189009  5.076379204722  0.437530816321  0.150341524963  -0.091206708041
  17  Si  4.601754626771  0.798638100230  5.038899272733  0.101651352414  -1.009516329548  0.416846829619
  18  Si  -1.501605116048  4.373634899292  7.559805677730  -0.532045611329  -0.678045200358  0.822530210554
  19  Si  1.587161866691  4.346110483869  7.591869502285  -0.113094593784  -0.116776331559  0.063470065069
  20  Si  0.075839161818  7.018287948737  7.610329309427  0.177017787263  1.070769972514  -0.286277319351
  21  Si  6.170188226214  3.587396483795  0.258899639702  0.985642638220  0.428078973471  -5.123750152145
  22  Si  3.102598587082  3.611970925113  0.256129931413  -0.026525963888  -0.040995347921  -4.661989124322
  23  Si  4.612114615397  0.926762827780  0.217691570829  -0.190317204540  -1.050604271668  -5.035891544763
  24  Si  3.092047585120  1.714078017730  2.523930555812  -0.120249758307  -0.203343709564  0.991038819510
  25  Si  6.146965411245  1.676478338825  2.527509538588  0.513229467459  0.118430379203  0.868278453632
  26  Si  4.642988548637  4.352099443609  2.572320884246  0.398894952584  0.297059776905  0.795857777701
  27  Si  1.599246656829  6.150431024638  5.089798094335  -0.034119151437  0.197320323696  0.389198295208
  28  Si  -1.463276895841  6.189529000968  5.079529421018  -0.672548889800  -0.212234941988  0.385433536719
  29  Si  0.039792865559  3.501146828168  5.061577923486  -0.463718256825  -0.359774678848  0.401258130725
  30  Si  3.083999453453  1.664937442865  7.572503946477  0.081031153568  -0.362299027311  -0.209116397611
  31  Si  6.174715673740  1.650480706770  7.567047383182  0.046280264919  -0.385208659861  -0.029493276678
  32  Si  4.643820871468  4.312025299071  7.595338496051  0.307940926740  0.383172553117  0.160603319307
  33  Si  1.596246735731  6.287079509021  0.280176887293  -0.356665822058  0.204850983572  -4.888047488438
  34  Si  -1.474960074808  6.310503268036  0.289900834515  -0.182335283245  0.125354150733  -5.087727364293
  35  Si  0.032482817689  3.633339768451  0.235104710810  -0.269593988348  0.074410051736  -4.027426766353
  36  C  0.004767561776  1.726995986716  4.415941263718  -0.407986402892  -0.725810539362  0.325755950400
  37  C  3.134313810225  7.018947959531  4.479284673205  0.287306161992  1.467153666590  -0.374992587603
  38  C  -2.994798519894  7.093148257786  4.478031258238  -0.760305789763  0.570935352547  -0.203124559657
  39  C  4.685313862746  6.090908980995  6.973627169202  0.387718271091  0.956651650266  0.208522376567
  40  C  1.532157773123  0.786707716382  6.944681792771  0.015061259835  -0.903171763255  0.363078993714
  41  C  7.695335508950  0.741431009431  6.933860550830  0.542090790390  -0.492596176645  0.722145783088
  42  C  -0.000140660146  1.690552864238  9.463649025615  -0.354474066503  -1.293237663500  -0.387894035699
  43  C  3.125407375063  6.949748092303  9.496894013385  0.674584235669  1.655285083592  -0.461995427835
  44  C  -2.999829730948  7.033049608246  9.509123081164  -0.643159157414  0.617141283057  -0.059515455039
  45  C  4.667723581102  6.134881075790  1.982167829705  0.752793848806  0.936873508068  4.073791777750
  46  C  1.539976190247  0.862951142951  1.906027870531  0.014936167993  -1.474764763891  5.395986910828
  47  C  7.701585687052  0.807618701835  1.936441613611  0.512647753474  -0.810904677044  4.074424726715
  48  C  -1.501890692765  4.393158591102  4.455821008881  -0.533861646740  -0.246670224372  0.061729847706
  49  C  1.575374310410  4.375950425898  4.461625493266  0.056168392729  0.225142244872  -0.427870156692
  50  C  0.071371828524  7.054126158902  4.493003977020  0.284164832567  1.376572130987  -0.754332761412
  51  C  6.172059128321  3.429155096187  6.969722591687  0.854099866229  0.423841367493  -0.174055721574
  52  C  3.101993011278  3.450194842565  6.947327182517  0.004815407675  -0.152637749809  0.235181605887
  53  C  4.628539648730  0.786732654270  6.923873626105  -0.403031189479  -1.256786334909  0.598552413501
  54  C  -1.489155857461  4.342777669106  9.490398572763  -0.863370934127  -0.188910169382  -0.756180846248
  55  C  1.581589252913  4.329568224606  9.467872581272  0.088742889911  -0.076228836870  -0.246088077209
  56  C  0.073525483428  7.024335159623  9.504956543579  0.104059398715  0.666046936544  -0.627021547812
  57  C  6.172333730897  3.470203083407  1.938711194214  0.681324926161  0.372445141193  4.914251233147
  58  C  3.103588144965  3.499134945921  1.949762805353  -0.157647707589  0.077150490561  4.091818426348
  59  C  4.612718632024  0.799132447183  1.894801150405  -0.191649517305  -0.959616857053  5.611011778104
  60  C  3.074350663953  1.711050816611  4.413197612344  0.192386800493  -0.453563051802  -0.050102473245
  61  C  6.160267298588  1.674168777482  4.413437788425  -0.066607854497  -0.270757119570  -0.010769737716
  62  C  4.653988401873  4.348699237291  4.443485511489  -0.031635996885  -0.113186890040  0.163524887516
  63  C  1.619778934726  6.114885950610  6.980968987832  -0.571232639470  0.413676847749  -0.320569931483
  64  C  -1.479635160961  6.145918529684  6.978032474581  0.091185190478  0.512200758450  -0.313169151636
  65  C  0.042034462037  3.470207752289  6.964250945294  -0.250611845465  0.131760737392  -0.434901975402
  66  C  3.070813099353  1.641001867575  9.455467597846  0.592896839701  0.147345874825  -0.591524803628
  67  C  6.160184985210  1.627859730461  9.456383537722  0.097944793928  -0.251309278381  -0.650541459902
  68  C  4.661239334369  4.307012490727  9.500791732267  -0.162289055826  -0.168928169397  -1.056563570146
  69  C  1.593284404445  6.166497142114  1.971023051110  0.101585874420  0.663390130373  4.148369015455
  70  C  -1.466347100730  6.191478696669  1.984354910974  -0.271815952718  0.156420492600  3.871025598015
  71  C  0.048064600716  3.533177411121  1.942957894975  -0.305427557294  0.055629129796  3.838224321017


MDSTEP:  5
LATTICE_CONSTANT: 1.889726125458
LATTICE_VECTORS
  9.276335653609  0.000000000000  0.000000000000
  -4.480405237436  8.161675764153  0.000000000000
  0.004747314339  -0.189474386860  9.845239372282
VIRIAL (KBAR)
  18.324178690361  -38.903848540232  0.160940564861
  -38.903848540232  -45.749790763313  19.477237639756
  0.160940564861  19.477237639756  249.153401320251
INDEX    LABEL    POSITIONS    FORCE (eV/Angstrom)
  0  Si  0.033046671645  1.756519997950  2.539165700069  -1.037884439810  -0.812737443320  0.630424876164
  1  Si  3.143749497561  7.050282239167  2.597149329536  0.315194875765  1.283488983692  0.400289599567
  2  Si  -2.998913432819  7.099694983634  2.585070424298  -0.673445643573  0.694782517232  0.567665927009
  3  Si  4.659952455227  6.119066657930  5.081260101478  0.976559694068  0.839063672018  0.224487234426
  4  Si  1.541456019821  0.824487411610  5.054102797929  -0.616308574728  -1.264098830464  0.129259662722
  5  Si  7.688260760962  0.772022927444  5.044286701950  0.491753289243  -0.666212901239  0.068292557959
  6  Si  0.012949592904  1.698308351882  7.592175560815  -0.664810384380  -0.881005178619  -0.602949943898
  7  Si  3.129066461952  6.993538782306  7.609325796929  0.945495441121  1.165057337389  -0.451848553511
  8  Si  -2.995308612601  7.069139599193  7.635198904454  -0.686308582930  0.103350684452  -0.873225462441
  9  Si  4.659400542461  6.259539886069  0.279105296842  0.758454121549  0.808724460170  -4.459796005362
  10  Si  1.547336135369  0.966010708595  0.231302120867  -0.862365194583  -1.399577168350  -5.187587019226
  11  Si  7.684956837216  0.896722709012  0.215410594555  0.413453487538  -0.719876580499  -3.430138414930
  12  Si  -1.503619251036  4.402899581475  2.569318103262  -0.485903821467  -0.537954528591  0.712125779023
  13  Si  1.577374829251  4.412311507068  2.564085735191  0.019557946778  -0.648167426852  1.106635555906
  14  Si  0.067855868901  7.070909394987  2.580076692668  0.254192157818  1.112174102169  0.856150539657
  15  Si  6.184955776740  3.443481551662  5.084177473715  0.378301698856  0.461625724251  -0.209988216003
  16  Si  3.091186646731  3.466213764942  5.073648823006  0.289674232593  0.257208407967  -0.084620600828
  17  Si  4.599689086401  0.797803273930  5.038647627187  0.042585042319  -1.028771348303  0.380325656043
  18  Si  -1.503655834321  4.374220745269  7.563645226590  -0.460232226649  -0.643433187899  0.817343707015
  19  Si  1.587263508898  4.350534586774  7.593346141643  -0.144697644383  -0.165954860916  -0.039299554310
  20  Si  0.077267312769  7.023244560285  7.613057237192  0.103339118057  1.037705947086  -0.313356906955
  21  Si  6.169482895144  3.587690507325  0.255459468971  1.081434970745  0.351083227057  -4.849054407461
  22  Si  3.103882481047  3.614229315618  0.257974229271  -0.029472164957  -0.100755991866  -4.661195470262
  23  Si  4.612368203532  0.927199407740  0.212173300834  -0.182294624259  -1.090739231368  -4.612288799977
  24  Si  3.096272433035  1.712340573633  2.524994652211  -0.224349945767  -0.249464181819  0.959077672430
  25  Si  6.142821300527  1.679236407349  2.527975516449  0.654069379161  0.115497062334  0.874959293575
  26  Si  4.647138350770  4.351513584657  2.575282778905  0.330384718885  0.281986933169  0.654860199814
  27  Si  1.595817780039  6.152441308265  5.087401402301  -0.001946097331  0.075251932114  0.452451223500
  28  Si  -1.462589085347  6.184799777331  5.082681092373  -0.660287382995  -0.046172212561  0.262849723394
  29  Si  0.039378519887  3.501238283413  5.064468382221  -0.531447590376  -0.338049014050  0.291718899207
  30  Si  3.080496219128  1.661664497636  7.575042593949  0.228709071385  -0.168918789516  -0.221379464442
  31  Si  6.178757648608  1.650886815306  7.565063827640  -0.029732706430  -0.367234404979  0.005165393693
  32  Si  4.641541948556  4.309257519549  7.590961851810  0.227989772705  0.491033762045  0.290940275049
  33  Si  1.592454530248  6.289300308911  0.279594175265  -0.273842910715  0.046881215069  -4.929789578668
  34  Si  -1.477749722524  6.312232046182  0.292312807300  -0.099083569120  0.038111476506  -4.809998756165
  35  Si  0.035117690415  3.635461485808  0.235867458843  -0.367887922081  -0.079808138701  -4.116761302903
  36  C  0.001632784579  1.728520165835  4.411198947423  -0.377971196201  -0.729315113514  0.468941226719
  37  C  3.128614463202  7.024242618845  4.484183958730  0.440575429652  1.348101517300  -0.427941062582
  38  C  -2.997974591425  7.091893880213  4.483182618344  -0.704636517332  0.601168646954  -0.235728935497
  39  C  4.680442708462  6.096808634496  6.972203888359  0.469043903795  0.788358304432  0.278887591659
  40  C  1.538430556027  0.792948020508  6.945802369162  -0.185820776634  -1.028235134445  0.356927100351
  41  C  7.698789295741  0.746923401088  6.928858758902  0.510496412396  -0.548305642119  0.763585952769
  42  C  -0.007658902769  1.684521358873  9.460556080708  -0.235036927082  -1.161423632494  -0.319855573336
  43  C  3.119173074029  6.947707876154  9.489795675136  0.794553101481  1.662928733075  -0.357795167954
  44  C  -2.998211615434  7.033239633709  9.512159920830  -0.710251297207  0.619634740216  -0.193999148797
  45  C  4.669589901699  6.132264494531  1.984496132070  0.666166094211  1.021169172572  3.827208255820
  46  C  1.537297702124  0.862824405396  1.904291360859  0.088170840813  -1.471935865541  5.522217564716
  47  C  7.701537185096  0.809329275035  1.944993736456  0.479766786059  -0.840051503488  3.622433980317
  48  C  -1.504813512840  4.399991274961  4.452202520922  -0.489240218276  -0.456561358288  0.231019198212
  49  C  1.571005828148  4.370745339726  4.455510704941  0.167859633586  0.355594229480  -0.278507875537
  50  C  0.072829878309  7.048872539703  4.486358598314  0.164536182680  1.469412565122  -0.635929094867
  51  C  6.167569754245  3.433388631821  6.976665620843  0.971536881681  0.360065970194  -0.327313957506
  52  C  3.098473672996  3.453965966511  6.942372147798  0.040192354304  -0.235314855260  0.323522755987
  53  C  4.629145506732  0.790074777207  6.923074740193  -0.409029408516  -1.279230693620  0.630872135760
  54  C  -1.488412838454  4.341878225625  9.495439860168  -0.880320706440  -0.136994933652  -0.859661927718
  55  C  1.578947591623  4.322786725383  9.462720282063  0.187129550367  0.086979282534  -0.107604532156
  56  C  0.077186090591  7.022693618781  9.507790358798  -0.063404674731  0.725319062533  -0.667673308766
  57  C  6.177621083161  3.475099543626  1.941124164444  0.595693538031  0.291878449757  4.719558971292
  58  C  3.106246482473  3.494066059456  1.951311775873  -0.127499300195  0.165964693862  4.049192225742
  59  C  4.618915748856  0.796051284339  1.899418724790  -0.318250903050  -0.925717024638  5.189754623335
  60  C  3.067851033687  1.716840117839  4.414142311339  0.306449018202  -0.659596087878  -0.075127698943
  61  C  6.154754367604  1.667695280023  4.411072975194  -0.001517935727  -0.034532634690  0.105821259154
  62  C  4.648352244205  4.346063279857  4.437920280163  0.099346446556  -0.018370512464  0.379208367085
  63  C  1.615799526484  6.120837011875  6.986600757472  -0.553442507088  0.321849959857  -0.498145278214
  64  C  -1.477127982324  6.146151137948  6.975688329544  0.027731855859  0.528928232487  -0.187515785076
  65  C  0.042681636417  3.474655970397  6.962322916574  -0.302898133350  0.043657764861  -0.340217811414
  66  C  3.074417424883  1.641805451587  9.458471340821  0.419406787464  0.092181559817  -0.623681839462
  67  C  6.159495049127  1.625848941530  9.456702975231  0.136297835972  -0.213023542110  -0.699304810312
  68  C  4.666039835682  4.300618686987  9.502888316432  -0.310632573374  0.038186624769  -1.168749370996
  69  C  1.589324691773  6.159888846875  1.967756331266  0.243642364181  0.743254430098  4.205382636809
  70  C  -1.463262393412  6.185043142213  1.994253220123  -0.389165493025  0.370532512418  3.496960996816
  71  C  0.044873085029  3.528435635046  1.939339689119  -0.228324041115  0.149346057054  4.001513017778


MDSTEP:  6
LATTICE_CONSTANT: 1.889726125458
LATTICE_VECTORS
  9.276335653609  0.000000000000  0.000000000000
  -4.480405237436  8.161675764153  0.000000000000
  0.004747314339  -0.189474386860  9.845239372282
VIRIAL (KBAR)
  18.420785783457  -38.355203371206  0.672837028194
  -38.355203371206  -45.044464509276  19.984273050641
  0.672837028194  19.984273050641  244.706786267029
INDEX    LABEL    POSITIONS    FORCE (eV/Angstrom)
  0  Si  0.034091324954  1.753946551840  2.537922676303  -1.113336057952  -0.835035949251  0.726190188563
  1  Si  3.146374241488  7.051122541082  2.594655539820  0.314970816127  1.301187679451  0.359175182377
  2  Si  -2.997603811867  7.096851300335  2.587751541834  -0.642143731236  0.669267665402  0.558035188703
  3  Si  4.655064006341  6.122135102849  5.081725827895  1.067122976568  0.770852429727  0.276755071131
  4  Si  1.540122424107  0.823855045726  5.049785689284  -0.622100747907  -1.316644977559  0.194090719584
  5  Si  7.684584058274  0.776285594371  5.043883726849  0.494400909067  -0.694516929028  0.095642648744
  6  Si  0.014733423566  1.700826585339  7.592249948280  -0.699894112101  -0.820013697705  -0.713605314443
  7  Si  3.128292703938  6.999075791834  7.609519526787  0.931750164669  1.053611808140  -0.477552975288
  8  Si  -2.996182366121  7.071460527863  7.635735987228  -0.642418064937  0.000817154768  -0.904725777570
  9  Si  4.658700012662  6.254719089064  0.280185606592  0.758471791957  0.995311874852  -4.589533749465
  10  Si  1.546465150763  0.967079598686  0.224591040203  -0.955209542759  -1.420078548349  -4.564988584333
  11  Si  7.688311679534  0.895294440556  0.214949770755  0.326285616765  -0.722785592617  -3.451045970586
  12  Si  -1.508451815989  4.397827665786  2.572445096480  -0.376117284439  -0.533478286986  0.695529427385
  13  Si  1.580449139178  4.407224912158  2.564881320635  -0.048960197583  -0.456222427494  1.024863202409
  14  Si  0.066152263794  7.070552823421  2.575341009070  0.353819570899  1.137914416789  0.997517104454
  15  Si  6.184180421094  3.444302970210  5.088814191024  0.479303221410  0.376239290470  -0.337412792634
  16  Si  3.095201533951  3.463730053515  5.075902382977  0.237433191619  0.341366748222  -0.059081720958
  17  Si  4.598653488658  0.799026314698  5.040950548021  0.013331232694  -1.063233117204  0.292093202423
  18  Si  -1.499268084956  4.369691066409  7.563136579193  -0.508248780141  -0.536585180268  0.838611110340
  19  Si  1.587349608883  4.350454977061  7.592691692127  -0.082969265311  -0.125316221635  -0.064650595686
  20  Si  0.074803958167  7.028250870962  7.608611219605  0.265144969913  0.961644012751  -0.259785934471
  21  Si  6.167673790784  3.590426604734  0.253521395495  1.071882756563  0.183129428981  -4.404316937309
  22  Si  3.107656445863  3.617391678289  0.256460718751  -0.089754023034  -0.124908101120  -4.615550071828
  23  Si  4.613724883546  0.927842127807  0.211059800717  -0.220162761284  -1.127438310378  -4.272045457231
  24  Si  3.092782941471  1.716728506727  2.530303651292  -0.168836442230  -0.453242576114  0.893121287731
  25  Si  6.139850903159  1.677597274304  2.528671317766  0.850090724924  0.112523017112  0.862676551370
  26  Si  4.643518483190  4.348599891764  2.578578018520  0.452706925615  0.371856778530  0.591613729961
  27  Si  1.599613499675  6.153653491827  5.086956449800  -0.138320629051  0.074166287696  0.405262351649
  28  Si  -1.462094403477  6.185268979431  5.083109501060  -0.514312208729  -0.144750847560  0.310701352747
  29  Si  0.044375148135  3.496495895088  5.059636985047  -0.541110702123  -0.177736324767  0.332021084588
  30  Si  3.079865921440  1.659728484476  7.579931860284  0.207204778227  -0.146393439372  -0.338708579842
  31  Si  6.178947326688  1.651949170383  7.567399279151  -0.045499742834  -0.397107980479  -0.059964507454
  32  Si  4.646795099810  4.309151692794  7.591345330200  0.096311395864  0.430609368204  0.246777679440
  33  Si  1.592375981278  6.285214074181  0.273954399318  -0.217669710257  0.131005956702  -4.773616530027
  34  Si  -1.482544321723  6.309977509291  0.285940693582  0.048242704730  0.113289920982  -4.356630698141
  35  Si  0.029963127367  3.635218464252  0.233301820624  -0.297615519717  -0.007747522052  -3.707094373909
  36  C  0.002268299101  1.729919361621  4.413235110047  -0.415985638923  -0.836953938643  0.392997539905
  37  C  3.126578790701  7.025092233457  4.479290117448  0.526615557022  1.395270398613  -0.352320587025
  38  C  -2.993824704193  7.085223187474  4.487208514029  -0.845882592266  0.714052005792  -0.292107240429
  39  C  4.678028836348  6.090184450555  6.977592584781  0.498189239511  0.971018200910  0.137210456782
  40  C  1.535973087209  0.791804190587  6.940358456563  -0.135174129530  -1.011018832296  0.481741087005
  41  C  7.696460261281  0.754494365679  6.933582529005  0.583614762480  -0.646975285626  0.602886526250
  42  C  -0.015041907220  1.691489242156  9.455966134790  -0.089974951188  -1.302518834480  -0.248429274028
  43  C  3.121074298646  6.948944729127  9.486925792840  0.781618189288  1.613240146129  -0.298772024539
  44  C  -2.995529848571  7.034382432319  9.513977689792  -0.813355071482  0.656204357942  -0.270252092080
  45  C  4.674183939585  6.134064656129  1.981190878641  0.604075831074  0.887407564596  4.019402852992
  46  C  1.531643277016  0.855537379417  1.912356380391  0.258850145532  -1.386580703154  4.936085170872
  47  C  7.705880390039  0.808183855895  1.943275721052  0.389881888842  -0.800036952366  3.665499637982
  48  C  -1.497775191982  4.395846243764  4.448630140500  -0.597238259806  -0.397794423025  0.403071927701
  49  C  1.574763661177  4.372485660033  4.452295139135  0.207301807884  0.294058841190  -0.202658645702
  50  C  0.073726106083  7.057223000347  4.490561671821  0.151882640095  1.322804357872  -0.714013911281
  51  C  6.171407216327  3.430085226689  6.981104430258  0.943795297943  0.442687354371  -0.396035481924
  52  C  3.097649755546  3.451013689485  6.947211043140  0.128114321554  -0.202694896852  0.267742066813
  53  C  4.631651322011  0.795570468591  6.920037942137  -0.480423937223  -1.317545824639  0.739888271923
  54  C  -1.496891677213  4.343520200929  9.499874346015  -0.748922384268  -0.218733981823  -0.969569135595
  55  C  1.581323452908  4.320643923109  9.460715150561  0.082212260920  0.082509586943  -0.057155730608
  56  C  0.081004617273  7.023361945633  9.507254310350  -0.190855593842  0.708282553719  -0.687636738180
  57  C  6.177574450230  3.471353889705  1.952468719352  0.528196968457  0.358181851338  4.105152954008
  58  C  3.109014559499  3.489626989753  1.950315948675  -0.178660700016  0.259931253332  3.995869634438
  59  C  4.625796233326  0.802381848262  1.908817388085  -0.584920350455  -1.003957301389  4.691637447317
  60  C  3.064217906372  1.716124913849  4.418458127014  0.363957892597  -0.618745151688  -0.127436203856
  61  C  6.147564168734  1.662515613990  4.403917900257  0.117909354333  0.124187607871  0.328894694691
  62  C  4.653968413034  4.348063992173  4.436245171705  -0.032570852748  -0.036972811560  0.508645649105
  63  C  1.617446712781  6.117921817967  6.982720571727  -0.553460940431  0.453826448113  -0.408358134571
  64  C  -1.470533917200  6.143654220371  6.981833298572  -0.157282963975  0.566501000195  -0.297581292295
  65  C  0.046111563178  3.482018369671  6.958108946095  -0.316957079426  -0.150871805883  -0.284319589626
  66  C  3.068485293062  1.645052691039  9.462138933752  0.591213517578  0.041197212206  -0.669831034774
  67  C  6.161359391709  1.620302250062  9.448306098167  0.088297721761  -0.049484362297  -0.448844809109
  68  C  4.667074854651  4.306167892117  9.497565540183  -0.302237345952  -0.119445575948  -1.044794351753
  69  C  1.594579990149  6.165116976485  1.965801234710  0.171747282404  0.548141572047  4.141760966244
  70  C  -1.461309338632  6.178068962010  1.999567297112  -0.438228825450  0.469307412123  3.073603015543
  71  C  0.043307911774  3.522118394100  1.947930750221  -0.179137286285  0.269963147527  3.527659865378


MDSTEP:  7
LATTICE_CONSTANT: 1.889726125458
LATTICE_VECTORS
  9.276335653609  0.000000000000  0.000000000000
  -4.480405237436  8.161675764153  0.000000000000
  0.004747314339  -0.189474386860  9.845239372282
VIRIAL (KBAR)
  17.879851299744  -36.616398997751  1.434800282624
  -36.616398997751  -44.190803121100  20.174382019226
  1.434800282624  20.174382019226  239.897344848654
INDEX    LABEL    POSITIONS    FORCE (eV/Angstrom)
  0  Si  0.033282584073  1.758734760920  2.537722192415  -1.083788233353  -1.027079466426  0.877049604196
  1  Si  3.150362553732  7.052418113191  2.597784579016  0.160605928647  1.267880672133  0.275200584865
  2  Si  -3.002140843340  7.096895337161  2.583150105245  -0.597582427416  0.756670189250  0.660800586847
  3  Si  4.649882960522  6.119114337365  5.076531653278  1.288688831026  0.967703231573  0.489016826977
  4  Si  1.537270207382  0.821367277112  5.052541021606  -0.436045225086  -1.269184856482  0.114867169091
  5  Si  7.679368659540  0.780978873365  5.048492005853  0.678978492664  -0.829884920720  0.006810145555
  6  Si  0.009242022680  1.700675062442  7.594795306621  -0.511630909554  -0.844963077872  -0.845081424550
  7  Si  3.125955190913  6.997456031668  7.609728742684  1.167816572432  1.065375847049  -0.479456056505
  8  Si  -2.997143803520  7.076810368837  7.636334096633  -0.562731975256  -0.060307083583  -0.999867006908
  9  Si  4.654287708347  6.253709105169  0.280648139040  0.881975334659  0.973329039137  -4.521343467352
  10  Si  1.551012001770  0.970530510365  0.224420134806  -1.188389627972  -1.548464542559  -4.335259860052
  11  Si  7.687131866486  0.897148056532  0.210293156266  0.386677514315  -0.835446289792  -3.110360285835
  12  Si  -1.512584245761  4.401146846691  2.574744092047  -0.207771462064  -0.649753031544  0.703329237846
  13  Si  1.577352908942  4.410739934769  2.569724821858  -0.057815117368  -0.427623113921  0.897055542021
  14  Si  0.063622108048  7.066260058001  2.572422723112  0.388433974935  1.200080109763  1.145951664599
  15  Si  6.178665074228  3.440080238235  5.084652218265  0.614247549196  0.544910753141  -0.114697663130
  16  Si  3.099895468202  3.459961340668  5.077683174329  0.057956280498  0.512179558550  -0.216336479342
  17  Si  4.600343995119  0.797834395827  5.046587212602  0.010893581295  -1.024149603773  0.110556345265
  18  Si  -1.503100441638  4.373656293233  7.568593605078  -0.381712607293  -0.445578786218  0.692364947226
  19  Si  1.590289234953  4.355605572652  7.590769530689  -0.200787338128  -0.251536932603  -0.028191965674
  20  Si  0.074185478484  7.032932945732  7.604843842065  0.279486450644  0.904463221402  -0.218104592635
  21  Si  6.163012893941  3.587832361696  0.256149056317  1.088312575038  0.242283444417  -4.298234214667
  22  Si  3.104842408466  3.616405347758  0.256801313248  -0.011206388456  -0.048655886699  -4.332202048134
  23  Si  4.618643046583  0.929148924335  0.209473208192  -0.372716025522  -1.191411566945  -3.951428071625
  24  Si  3.096493196125  1.721332165530  2.531524798545  -0.190482585063  -0.526418009485  0.995358379702
  25  Si  6.134933273552  1.682432243824  2.531246971525  1.057554478754  0.006041982506  0.884487077679
  26  Si  4.640135231620  4.352419365745  2.582891514594  0.525625830326  0.337428502922  0.623777429783
  27  Si  1.603545244587  6.153339667935  5.084662323656  -0.285759946977  0.132297809202  0.503535890694
  28  Si  -1.458472466350  6.186939151618  5.079215504268  -0.612444913042  -0.190956032315  0.298245777812
  29  Si  0.047439848372  3.495405911468  5.055227006561  -0.699555829602  -0.182361017962  0.493325256206
  30  Si  3.075570798841  1.663656652773  7.585360112720  0.354292297957  -0.292643672421  -0.607042550458
  31  Si  6.176604213015  1.656479020817  7.564549183032  0.123257773311  -0.523046692471  -0.180324765084
  32  Si  4.642924503164  4.305465746941  7.593374149493  0.204550860547  0.559631568172  0.061898672445
  33  Si  1.596040725052  6.280702046076  0.270235647118  -0.288528865866  0.301564903470  -4.648777545624
  34  Si  -1.484624121120  6.314944606508  0.281407611104  -0.018934374030  -0.083854272929  -3.936341955116
  35  Si  0.034395780866  3.640651257107  0.228071243448  -0.441413697013  -0.191825821844  -3.373698642256
  36  C  0.003611952099  1.723405286880  4.421887169979  -0.466958182945  -0.702870212404  0.205434466284
  37  C  3.126222763350  7.017714148781  4.478082584570  0.515728316804  1.565965444409  -0.346302000384
  38  C  -2.990262179777  7.091848543881  4.479937292400  -0.921171314267  0.589757014671  -0.191235683191
  39  C  4.685295400854  6.093244822375  6.977834899067  0.331377483097  0.873292066053  0.095341061485
  40  C  1.544554994619  0.795337706728  6.938219134383  -0.373893268027  -1.020832329444  0.612163911863
  41  C  7.705356046686  0.746019240972  6.929933888880  0.299003577313  -0.478776089315  0.780404826452
  42  C  -0.019755950139  1.685260259842  9.454513111393  0.011692399938  -1.110617126678  -0.168526452499
  43  C  3.128775154318  6.942034227462  9.487206008575  0.545959797169  1.752874450847  -0.333939742464
  44  C  -3.001031039566  7.032239516255  9.513074664436  -0.734501840088  0.732312381181  -0.210401314291
  45  C  4.673920366623  6.130299937871  1.983303312739  0.583120113467  0.968718846321  3.893367849257
  46  C  1.533793576639  0.860365797149  1.918105478910  0.270802049592  -1.396699331177  4.636179941067
  47  C  7.707730280316  0.803962356817  1.948247263366  0.296097687363  -0.665541241023  3.381751412238
  48  C  -1.506384803968  4.387447867005  4.448290673491  -0.436430063876  -0.250535848921  0.437938646738
  49  C  1.568505802652  4.380251449734  4.445007399797  0.407417276115  0.103435889682  0.059864417978
  50  C  0.076297851256  7.065763652482  4.495950862275  0.189819896866  1.166728761734  -0.847911516887
  51  C  6.180830832651  3.437603807485  6.987535680659  0.686289520297  0.301522413000  -0.559751281787
  52  C  3.093543155779  3.444630034358  6.940250821407  0.219377685479  -0.038087073028  0.460852275252
  53  C  4.634544450853  0.786622191274  6.913992599764  -0.539380943893  -1.066520633216  1.035130171088
  54  C  -1.502436043867  4.339348820627  9.498527764240  -0.658912721374  -0.091582381308  -0.842748183067
  55  C  1.584502843214  4.324707732674  9.464365968116  0.061611438401  -0.023062341896  -0.233822383557
  56  C  0.074106238052  7.021128776411  9.507598895884  0.003021371068  0.770021207304  -0.742343931968
  57  C  6.181779626324  3.479118207495  1.961826594948  0.344857077666  0.236664339940  3.768961413008
  58  C  3.105936900787  3.497924566240  1.960249240831  -0.085728026761  0.147924229354  3.583937510831
  59  C  4.630470995785  0.794497717933  1.918097135504  -0.702909357882  -0.811817453378  4.183134735341
  60  C  3.071271997796  1.719741994223  4.422602680413  0.235443194484  -0.713406478694  -0.189112924702
  61  C  6.151641340431  1.666652926108  4.406849964192  -0.052010425309  0.034878334778  0.316020502616
  62  C  4.655932061277  4.356604358202  4.441842832300  -0.121074164356  -0.274537381517  0.394915740662
  63  C  1.620558655472  6.121393473389  6.988433743604  -0.623337226501  0.395698838531  -0.569798426184
  64  C  -1.465001391688  6.151015666530  6.974897758405  -0.285172008154  0.446961064239  -0.144019496739
  65  C  0.042206071343  3.483174863328  6.963923618367  -0.228873881407  -0.094644518842  -0.380267175058
  66  C  3.060264042334  1.648360441863  9.456099753790  0.867941988883  0.035600398022  -0.447681750677
  67  C  6.162373144423  1.618575997057  9.441178995525  0.021409814570  -0.005449321541  -0.285786839706
  68  C  4.665093033375  4.310193329712  9.489306448447  -0.332491148812  -0.310551892294  -0.791099935195
  69  C  1.590960274586  6.166081294839  1.963372927341  0.248142025180  0.549131219928  4.138726991187
  70  C  -1.468650162300  6.176989643445  2.009137083717  -0.340934633623  0.529633998669  2.522034064818
  71  C  0.049164172305  3.516119364838  1.953160805122  -0.355390283661  0.527714601889  3.141706556330


MDSTEP:  8
LATTICE_CONSTANT: 1.889726125458
LATTICE_VECTORS
  9.276335653609  0.000000000000  0.000000000000
  -4.480405237436  8.161675764153  0.000000000000
  0.004747314339  -0.189474386860  9.845239372282
VIRIAL (KBAR)
  16.712908204360  -35.698404288695  2.298675834541
  -35.698404288695  -43.886807508603  19.167137715945
  2.298675834541  19.167137715945  239.855632365405
INDEX    LABEL    POSITIONS    FORCE (eV/Angstrom)
  0  Si  0.032858179383  1.761559387497  2.539588541872  -1.052460103717  -0.982470662576  0.790111221512
  1  Si  3.147865745912  7.052382595092  2.595479355443  0.171561528141  1.307240919677  0.292249555534
  2  Si  -3.006798455026  7.094514846929  2.579685762087  -0.499933470094  0.837247381373  0.705044321817
  3  Si  4.647312638235  6.120388543017  5.080058290083  1.307187830657  0.967664973647  0.269303799759
  4  Si  1.532208335341  0.821905268912  5.052092210578  -0.387269962093  -1.128803952844  -0.068202696084
  5  Si  7.676970208530  0.776180169045  5.052970426801  0.650841374605  -0.664464443902  -0.256133351700
  6  Si  0.007824518139  1.700798572039  7.595729923851  -0.557025361492  -0.781966391042  -0.865008162615
  7  Si  3.126044992552  7.001742880777  7.605006659039  1.108159540880  0.921301970778  -0.417176363597
  8  Si  -2.995547108363  7.081944092709  7.636559542966  -0.631561598420  -0.131534484652  -0.958764475619
  9  Si  4.655225896223  6.257268721020  0.281441212554  0.891652581485  0.842531927894  -4.555546048975
  10  Si  1.546773960911  0.967020701043  0.222303616083  -0.910910401113  -1.494410248962  -4.162409001636
  11  Si  7.691150974773  0.897482216805  0.214277351077  0.285683225077  -0.861276084346  -2.931752513437
  12  Si  -1.517320124453  4.403243485171  2.571247029582  -0.065819329853  -0.882465354744  0.864010980729
  13  Si  1.575128185621  4.416050835240  2.573387065065  0.117083928167  -0.666167225547  0.699591501172
  14  Si  0.058758331116  7.061067083891  2.570993493012  0.526283426888  1.268634655687  1.226772752045
  15  Si  6.179541599274  3.438181467941  5.084427293581  0.611801632232  0.493034996887  -0.152661698820
  16  Si  3.098905964567  3.462960588198  5.071686128583  0.149308084319  0.371219938667  -0.201876246182
  17  Si  4.594412268188  0.793843445445  5.050774309813  0.294896682124  -0.897493560682  -0.121779166125
  18  Si  -1.507573417503  4.377805127134  7.571984025578  -0.208360608480  -0.524183092508  0.603044991436
  19  Si  1.592598361052  4.354305259091  7.590986639474  -0.157113049978  -0.304920787901  -0.141611213581
  20  Si  0.072854972352  7.034350997684  7.608168865996  0.264896195766  0.820653911121  -0.282273262152
  21  Si  6.167484103433  3.586758192203  0.252542540763  1.001099443387  0.220921437088  -4.255047328297
  22  Si  3.107837634135  3.616717725150  0.249351989817  -0.129997526579  -0.131230343267  -4.198035368995
  23  Si  4.623926384976  0.933014847714  0.213763505515  -0.462722208362  -1.362503359688  -3.899813030249
  24  Si  3.099042204869  1.726580320943  2.525758294800  -0.170627395889  -0.697013549192  1.154769690473
  25  Si  6.129937125683  1.682377828713  2.529507403031  1.228938041778  0.066419641399  1.081875495296
  26  Si  4.640921818175  4.357620380888  2.577734671978  0.670805230289  0.104872808633  0.779468594524
  27  Si  1.604281355513  6.158685739269  5.081976063474  -0.369526844527  -0.003242769993  0.651952948814
  28  Si  -1.459850468948  6.181681332759  5.074609630826  -0.692429238918  -0.080074091498  0.447607195902
  29  Si  0.043033481795  3.498680149114  5.055625251077  -0.595185128286  -0.220905060167  0.431760731808
  30  Si  3.077904270636  1.659315482504  7.580336657292  0.342501896670  -0.214491775717  -0.647043459010
  31  Si  6.176107269027  1.662307016575  7.564665917696  0.074390616826  -0.609753309433  -0.306210610564
  32  Si  4.646476615924  4.308513771771  7.587752194668  0.140329524333  0.448469735312  0.131160696978
  33  Si  1.599613432030  6.282921799101  0.273421579599  -0.292465869635  0.206291126045  -4.928319070178
  34  Si  -1.481461993730  6.313495400667  0.284116306088  -0.060570580065  -0.005094381719  -4.047840737557
  35  Si  0.037455307916  3.639956487788  0.224765744509  -0.556860009313  -0.179213657323  -3.400091992848
  36  C  -0.004383261282  1.732211456499  4.417140015202  -0.314458180759  -0.864803690437  0.354655426401
  37  C  3.120209462439  7.020212882566  4.471591869359  0.671966973921  1.501227704343  -0.206258630803
  38  C  -2.992396203109  7.101183403441  4.475037255133  -0.892926054564  0.401378982190  -0.116288048239
  39  C  4.686373594419  6.087031244872  6.968861898461  0.277515492090  1.110470167614  0.323644091599
  40  C  1.536010706579  0.800390396961  6.932582518476  -0.224440055749  -1.091792888604  0.740644633991
  41  C  7.699395372195  0.741276975239  6.924213279889  0.383370254590  -0.386491007083  0.968252173700
  42  C  -0.016268444744  1.675928911984  9.461802831987  -0.094219607212  -0.897341356840  -0.360783211999
  43  C  3.133468304581  6.950023635870  9.488193000929  0.499937830793  1.643594094962  -0.362636899300
  44  C  -2.999458344237  7.034848641329  9.521394651759  -0.749320068154  0.684465210754  -0.386384526851
  45  C  4.673355637710  6.128603563339  1.984552515094  0.551251482889  1.054552924300  3.799538068496
  46  C  1.539101443036  0.858554907163  1.919916433296  0.147005222225  -1.328027318494  4.492856499907
  47  C  7.698740540239  0.805716967093  1.959697053084  0.466196074576  -0.715558206474  2.992431409819
  48  C  -1.512769772406  4.378736069715  4.456831035227  -0.365766814109  -0.030598127616  0.146443201114
  49  C  1.567458031626  4.382041740986  4.436923207393  0.376122648594  0.136315725144  0.254918350528
  50  C  0.075431438710  7.069569902775  4.502415923995  0.142072882783  1.018188596892  -1.010771974788
  51  C  6.183640610968  3.443919909705  6.980468817402  0.676883410361  0.162916591924  -0.385829227907
  52  C  3.099036091278  3.444745693729  6.934970380454  0.146546545545  -0.057050474084  0.502694518587
  53  C  4.637447224227  0.780760534248  6.906349047052  -0.572917426804  -0.976031208139  1.274399240373
  54  C  -1.507779787493  4.345838809620  9.500802295962  -0.516617261355  -0.311766449487  -0.918597401454
  55  C  1.578821161362  4.320813865861  9.455249356040  0.264801612223  0.069098112870  -0.035687268637
  56  C  0.075904866433  7.013556583725  9.506790618438  0.009463527603  0.942745679757  -0.603724133758
  57  C  6.191345275514  3.471295712611  1.957525782009  0.137283393051  0.433390062259  3.771884777807
  58  C  3.114484116774  3.493402149669  1.956695001678  -0.277478773643  0.366370034220  3.487252370841
  59  C  4.637305242995  0.797235026307  1.926137181190  -0.913208610808  -0.951407837974  3.855102429233
  60  C  3.080133493451  1.712133715734  4.420593730889  -0.033249719484  -0.493071315172  -0.176951262694
  61  C  6.158012372917  1.671309972068  4.401914934273  -0.273254211779  -0.127613156220  0.499739559721
  62  C  4.665036148286  4.356923811163  4.446523179352  -0.307554770643  -0.209922955421  0.158644017565
  63  C  1.614202879013  6.116181649268  6.996739960361  -0.456692521769  0.556113213662  -0.771096834887
  64  C  -1.470154853106  6.150436332405  6.980703819460  -0.210215757360  0.552377912991  -0.291563686813
  65  C  0.049455097030  3.485835023512  6.956258814400  -0.459161113812  -0.138146496656  -0.141963653663
  66  C  3.068871112324  1.643515685195  9.449595783636  0.648667732449  0.033925151683  -0.337800553330
  67  C  6.160682496936  1.613581142946  9.436198212507  0.195550900301  0.106894712995  -0.211091292115
  68  C  4.665195392014  4.304163721552  9.488684243339  -0.270985769580  -0.078456760600  -0.857110441063
  69  C  1.594501562375  6.158735431100  1.960694591067  0.150331572444  0.730893872110  4.279856038140
  70  C  -1.470308126321  6.168894734988  2.007530597138  -0.382154814210  0.707686037372  2.643186363405
  71  C  0.055043307085  3.523841472216  1.947275389111  -0.466928121456  0.392647624756  3.297267197498


MDSTEP:  9
LATTICE_CONSTANT: 1.889726125458
LATTICE_VECTORS
  9.276335653609  0.000000000000  0.000000000000
  -4.480405237436  8.161675764153  0.000000000000
  0.004747314339  -0.189474386860  9.845239372282
VIRIAL (KBAR)
  16.285237195832  -36.208828277687  1.843653194503
  -36.208828277687  -43.769015515715  20.193136337384
  1.843653194503  20.193136337384  236.898869912193
INDEX    LABEL    POSITIONS    FORCE (eV/Angstrom)
  0  Si  0.026620382863  1.766166662234  2.540931059687  -0.938606634683  -1.075555146816  0.780095722386
  1  Si  3.151646177425  7.047138805591  2.599352676248  0.147995452404  1.366691666676  0.195027221368
  2  Si  -3.003696090339  7.092233372804  2.576490419393  -0.548685239061  0.834735986489  0.880294303308
  3  Si  4.648607282632  6.116776669274  5.085176907937  1.270097738563  0.956225751192  0.105801684074
  4  Si  1.534347325850  0.816530427381  5.047141487808  -0.433647793899  -1.019243797179  0.074222476953
  5  Si  7.681739231825  0.776330748445  5.051032848465  0.565133076346  -0.759090961842  -0.311597147793
  6  Si  0.002310334310  1.694609943849  7.596110433194  -0.444464884023  -0.672675423547  -0.853123697497
  7  Si  3.127668513127  7.005025318177  7.606669392809  1.141849035448  0.910519394156  -0.614787757948
  8  Si  -2.992149350749  7.077343668101  7.638653376980  -0.709973817487  0.031100837514  -0.968175233751
  9  Si  4.650058540345  6.263856416693  0.280830289844  0.974218618307  0.701015387323  -4.405905723849
  10  Si  1.541682010602  0.960372950043  0.220216184530  -0.637585211002  -1.357455734493  -3.848733417489
  11  Si  7.694097558039  0.901329839183  0.213476189492  0.113636875409  -0.855712802475  -2.659488522753
  12  Si  -1.517277749506  4.403801573648  2.575737153836  -0.164267821080  -0.952815850259  0.717622521745
  13  Si  1.578352207580  4.410972426099  2.567320021210  0.140115208063  -0.478560408040  0.850284442547
  14  Si  0.060592661866  7.065481776532  2.566676886663  0.414272174621  1.190985202032  1.317132158467
  15  Si  6.183034387497  3.440318764113  5.086572010482  0.551523632725  0.384509654781  -0.265923613871
  16  Si  3.093833910126  3.466289585692  5.074450322035  0.410088979019  0.358557607398  -0.210107912669
  17  Si  4.596624280684  0.791423025438  5.049975577177  0.228606779094  -0.831539338100  -0.114391480079
  18  Si  -1.510284613950  4.372571315945  7.573435437851  -0.245459204368  -0.409154034064  0.527699250024
  19  Si  1.598884355332  4.350229464023  7.591924103429  -0.310601475730  -0.234465014184  -0.186456796385
  20  Si  0.073683699594  7.032439251037  7.609480025286  0.199598450931  0.846981989278  -0.316323754897
  21  Si  6.161351934120  3.580932476832  0.250076005958  1.043795886505  0.385926076102  -4.154110485569
  22  Si  3.108079283374  3.617392385837  0.254322668199  -0.083041332295  -0.117511098196  -4.619670149757
  23  Si  4.621690653355  0.929893936171  0.207430718306  -0.498166808552  -1.300908375672  -3.394175951081
  24  Si  3.097155804868  1.731897933963  2.531697222180  -0.184232189526  -0.766352543570  1.023178756919
  25  Si  6.130349851629  1.684683952717  2.530832833316  1.014050016407  0.025665387599  1.198930479811
  26  Si  4.636783592683  4.361372736387  2.575601307250  0.825346715407  -0.004971488823  0.857156450744
  27  Si  1.609175644106  6.157955283657  5.084243172388  -0.521954928391  0.100981521413  0.572612870639
  28  Si  -1.462380378167  6.184841237069  5.078309177636  -0.690272612521  -0.056815971322  0.384752556249
  29  Si  0.048337588181  3.501575271528  5.061904683354  -0.752267263903  -0.265984538084  0.281749781998
  30  Si  3.077960261089  1.656394161216  7.577495419437  0.346959749114  -0.127348191457  -0.555544697807
  31  Si  6.170922914232  1.659330179819  7.562596529549  0.032700076204  -0.433428938204  -0.291604075371
  32  Si  4.646866559178  4.312743164023  7.593109178591  0.057843823193  0.291018011036  -0.009487994502
  33  Si  1.599711221718  6.278434857042  0.267831195995  -0.280571723044  0.358668795463  -4.359993017331
  34  Si  -1.479721184312  6.313664426110  0.277829108686  -0.161717945972  -0.206440445660  -3.546740637195
  35  Si  0.038011458020  3.633499852825  0.227540754976  -0.580914079527  0.072122774474  -3.774146272665
  36  C  -0.012060089302  1.725083081402  4.419111646666  -0.123877047526  -0.619685583527  0.357036600464
  37  C  3.119678956968  7.012637725198  4.461972031877  0.788819471838  1.567312119642  0.126627513171
  38  C  -3.001085176890  7.099245512347  4.480389313716  -0.747446158590  0.423598090489  -0.213890255838
  39  C  4.694072448622  6.084060754119  6.969084841528  0.104466544931  1.228369325009  0.389823955499
  40  C  1.542656041625  0.805582118225  6.938811623650  -0.460206416793  -1.249163134962  0.539269343316
  41  C  7.692498608135  0.749094195847  6.916367926648  0.501577419721  -0.559643787060  1.148022028916
  42  C  -0.016526768716  1.673832705253  9.469147213911  -0.102118616664  -0.921196654722  -0.540083418729
  43  C  3.131784338116  6.960297373566  9.478540737566  0.491268428323  1.537336120093  -0.088466879652
  44  C  -2.998079713971  7.037020050850  9.522010067979  -0.814524224030  0.637568260343  -0.368011104896
  45  C  4.678317091006  6.122189619545  1.988777169288  0.451249504343  1.282475431072  3.466752737148
  46  C  1.539742107614  0.852828413819  1.928289979585  0.057627029977  -1.171107455328  4.118819223462
  47  C  7.691298731127  0.809437789396  1.968109808347  0.608281548132  -0.790709852659  2.624676980457
  48  C  -1.520308435659  4.385061062016  4.450671649160  -0.078338601142  -0.177877667475  0.410542364259
  49  C  1.575986423475  4.385951124178  4.437014036769  0.160714511889  0.027218035137  0.199786391781
  50  C  0.073709157835  7.070987714155  4.497533165341  0.191832938369  0.952057527557  -0.852254551527
  51  C  6.177956471010  3.447471562744  6.974190155367  0.734291413124  0.060698345518  -0.219605651022
  52  C  3.094328386641  3.437912392744  6.938055726499  0.320255190097  0.106734920938  0.422210899285
  53  C  4.629770154412  0.781129055231  6.908982119433  -0.441591972193  -1.056324834136  1.185793963731
  54  C  -1.514746969245  4.338695887796  9.493269675317  -0.369652876740  -0.256009792972  -0.731524011473
  55  C  1.583433117112  4.328521140461  9.451190525869  0.141185827117  -0.178719821881  0.111642164996
  56  C  0.071458548232  7.012462623863  9.507641417063  0.144837781077  0.927558111496  -0.612023901484
  57  C  6.181740421252  3.472001891952  1.956161558866  0.312340601937  0.424249353109  3.763999900287
  58  C  3.120580610223  3.496835267446  1.951426087025  -0.440305287432  0.265020534629  3.777877852763
  59  C  4.626588408803  0.797810196950  1.934989259156  -0.716013176234  -0.896675365359  3.360938831786
  60  C  3.080035204515  1.721266278608  4.416781107136  -0.031831406793  -0.649406092502  -0.016808459502
  61  C  6.163676104725  1.664482608591  4.412092298380  -0.359304596663  0.038863108050  0.287827567492
  62  C  4.674729219824  4.355230517247  4.439613450775  -0.541309547759  -0.200991750852  0.342355569515
  63  C  1.616432058732  6.117912493034  7.000261554341  -0.447453998989  0.477413604981  -0.819405418835
  64  C  -1.476143954918  6.155637612475  6.987743764623  -0.015333541826  0.337526668820  -0.391025424079
  65  C  0.046496927194  3.484855222686  6.961045085751  -0.375354119031  -0.123820887006  -0.157691531587
  66  C  3.072798323452  1.648245806662  9.442347847135  0.435325275458  -0.096059242790  -0.135037596339
  67  C  6.155555874447  1.618680362564  9.439435712585  0.307096203166  -0.095214229583  -0.360871104427
  68  C  4.665325407336  4.305407824960  9.484515985290  -0.337475231168  0.012068528501  -0.717264533356
  69  C  1.596925391001  6.160672061072  1.972017955883  0.170088837430  0.713857204556  3.562471524516
  70  C  -1.472582418411  6.160715526544  2.017042247635  -0.263238777632  0.921954000561  2.051396494623
  71  C  0.059056054663  3.531318046212  1.940562000484  -0.547284252420  0.211050921371  3.670019598305


MDSTEP:  10
LATTICE_CONSTANT: 1.889726125458
LATTICE_VECTORS
  9.276335653609  0.000000000000  0.000000000000
  -4.480405237436  8.161675764153  0.000000000000
  0.004747314339  -0.189474386860  9.845239372282
VIRIAL (KBAR)
  14.718248870983  -36.449865427638  2.292685581409
  -36.449865427638  -41.709647962591  20.391784934970
  2.292685581409  20.391784934970  235.240761654513
INDEX    LABEL    POSITIONS    FORCE (eV/Angstrom)
  0  Si  0.029161671717  1.770693786346  2.540603109835  -1.079564520472  -1.037210584448  0.915056689120
  1  Si  3.156628881920  7.047363417993  2.592774284460  -0.029639623506  1.401039622659  0.342365322579
  2  Si  -3.003025085827  7.095185513516  2.580377948182  -0.514156653165  0.821791765184  0.916643677810
  3  Si  4.647999015789  6.111040542909  5.081259004010  1.264440860838  1.128413674112  0.176753989509
  4  Si  1.529606841469  0.819410900629  5.053405392135  -0.347478579955  -1.011045697717  -0.126357417106
  5  Si  7.679451922637  0.782582171172  5.053695531926  0.740438566727  -0.967959436460  -0.358590463947
  6  Si  0.008972097600  1.694193578181  7.592553560252  -0.598701863253  -0.762746792076  -0.860618154242
  7  Si  3.125529047199  6.999808564191  7.611066399409  1.377339254838  0.954206183741  -0.664529030213
  8  Si  -2.996406166200  7.077401442474  7.643813345079  -0.596944176418  -0.029687292725  -1.172928873108
  9  Si  4.644555245231  6.260242784617  0.282826923384  1.061508669919  0.813387501215  -4.135155198296
  10  Si  1.536084157128  0.965853978063  0.220362763605  -0.524561186534  -1.429027331931  -3.543348704510
  11  Si  7.695099932878  0.904977003047  0.206848321986  0.161889719064  -0.962520797552  -2.469741251215
  12  Si  -1.516078143300  4.401336784222  2.579872950665  -0.191704926966  -0.796408835913  0.507958925775
  13  Si  1.576303392201  4.414564058008  2.572374856202  0.170511180793  -0.643319212240  0.677252846459
  14  Si  0.061621878181  7.071993568028  2.568184639949  0.564448364799  1.048000086034  1.275510603781
  15  Si  6.183411063942  3.437133936398  5.087110018014  0.458804517220  0.505709764559  -0.355119230791
  16  Si  3.089993631263  3.462972202578  5.067884137401  0.361701324803  0.599689267126  -0.009901328937
  17  Si  4.596395967102  0.792103140360  5.044850812852  0.301213069817  -0.864007182415  -0.022273588213
  18  Si  -1.513005673982  4.376321731920  7.575516449430  -0.139080829964  -0.514185865522  0.369374426113
  19  Si  1.594695400275  4.355140006301  7.596843402278  -0.246343829372  -0.501922337088  -0.235955253293
  20  Si  0.080118390362  7.039280606281  7.613363989292  0.051296141437  0.694645383510  -0.413401412120
  21  Si  6.162607349896  3.581640675150  0.249644552861  1.006328825470  0.295580203886  -4.188814851188
  22  Si  3.110171467439  3.612245572026  0.258531918830  -0.204228551623  0.008352846041  -4.692861373811
  23  Si  4.620591384142  0.929181715509  0.208878926524  -0.449334951930  -1.293834589810  -3.460596945688
  24  Si  3.093989011501  1.725318155108  2.533827534687  -0.024134255254  -0.601466120651  0.999538902510
  25  Si  6.135588078602  1.685501569089  2.536644697520  0.871170986937  0.054289120960  0.934104200617
  26  Si  4.635648258385  4.365136761357  2.570917093693  0.766422421876  -0.170773764865  0.992261381269
  27  Si  1.608021543001  6.154510760055  5.087365090273  -0.348925032957  0.269279413120  0.479652783620
  28  Si  -1.461739672173  6.185643866999  5.078319438718  -0.783925667735  -0.111210868723  0.319068787729
  29  Si  0.043918620395  3.505161891029  5.059932552577  -0.652221780032  -0.270976105055  0.297155657100
  30  Si  3.071964187686  1.659456430490  7.574847917699  0.376423246787  -0.282628596586  -0.469927493496
  31  Si  6.175749611569  1.656246020812  7.567553415983  0.003371600083  -0.337090264263  -0.480601900956
  32  Si  4.645759477153  4.318966697096  7.599994639663  0.054252591365  0.005456827082  -0.206708776151
  33  Si  1.597346106014  6.276815408365  0.266018658185  -0.234827565563  0.442761480821  -3.774928964156
  34  Si  -1.486369297670  6.315685432420  0.276917558597  0.042080339856  -0.279371652460  -3.283483183519
  35  Si  0.039936230842  3.633568314000  0.220421781772  -0.625364069090  0.136045290829  -3.491566114084
  36  C  -0.011263185037  1.733091745786  4.426862891416  -0.153758352951  -0.720619795800  0.174228205174
  37  C  3.124205252410  7.010303305130  4.453608643065  0.643642785159  1.604048690436  0.327509157198
  38  C  -3.003929265244  7.107944022822  4.483618898266  -0.664601246247  0.280275768138  -0.237210737843
  39  C  4.702335607654  6.076434375318  6.967814240667  -0.086166573800  1.403790261013  0.446556374720
  40  C  1.536692583790  0.797223738321  6.931801284113  -0.302908997303  -1.145211651147  0.799784823130
  41  C  7.694160531514  0.738043904037  6.915967513756  0.460264684872  -0.429398671097  1.210960278686
  42  C  -0.018226161721  1.671378035163  9.466145182075  -0.042656739177  -0.815987725666  -0.565483170473
  43  C  3.130486112928  6.966957790117  9.483846038314  0.519066761262  1.419172355921  -0.143021352579
  44  C  -2.990298741334  7.043486059831  9.519680331008  -1.066551262932  0.600745024227  -0.227451876753
  45  C  4.676974865688  6.121812777929  2.000204056733  0.584298354785  1.387830088195  2.946647528048
  46  C  1.539789779175  0.861986338505  1.938137807315  -0.004276327140  -1.339464995318  3.681334264299
  47  C  7.688643850207  0.812184589288  1.962554595187  0.739322778902  -0.793919816681  2.639701027851
  48  C  -1.521370661318  4.375447163254  4.441086704398  -0.149674913131  0.048682417356  0.690607776456
  49  C  1.567908303194  4.395290552517  4.429255985155  0.274285010690  -0.235158355936  0.481982815755
  50  C  0.074681617817  7.064866970339  4.492184415458  0.177621756011  1.113286033058  -0.677465600027
  51  C  6.182530485242  3.452503117976  6.969358223115  0.592776594089  -0.096551559037  -0.028234943608
  52  C  3.086637843122  3.430754237197  6.942634036125  0.426363235016  0.344903309193  0.269163269350
  53  C  4.629508766528  0.781953072377  6.908989952135  -0.411116122780  -1.019482431261  1.158879765934
  54  C  -1.520183533000  4.337988757958  9.487081826095  -0.286111445698  -0.212036260592  -0.588820790221
  55  C  1.586982134849  4.336780712775  9.454882266598  0.086983187427  -0.403164097629  0.049070313937
  56  C  0.073043187057  7.011002924815  9.510241183514  0.056750298176  0.952408429485  -0.639775125244
  57  C  6.179389434239  3.477603695219  1.955049268561  0.359778599270  0.322252724590  3.782397027190
  58  C  3.120570713591  3.490700533411  1.951463268586  -0.465804093593  0.339163809881  3.922455078273
  59  C  4.627051629439  0.793144372513  1.933399742492  -0.649225506185  -0.768283176434  3.522715847811
  60  C  3.083738823842  1.728226778504  4.416202014405  -0.146769599972  -0.886639387576  -0.000477782838
  61  C  6.173061866834  1.665370820801  4.406131385889  -0.602480661928  0.029769744419  0.468917480607
  62  C  4.668703922667  4.358587577325  4.437061776456  -0.400425157403  -0.400854168333  0.343519168086
  63  C  1.625330632858  6.111298535416  7.009058531462  -0.684085546534  0.638322151621  -1.011103069913
  64  C  -1.478452311514  6.154380995702  6.985774055341  0.134937310858  0.454507594848  -0.305505513716
  65  C  0.048908484761  3.476054272202  6.957056622640  -0.466156020185  0.143177085829  -0.036338909304
  66  C  3.068853831581  1.651544778812  9.446782100696  0.493050403109  -0.184093531680  -0.292066711672
  67  C  6.165209116909  1.608768789062  9.438340221118  0.029379584202  0.159413986648  -0.307522069113
  68  C  4.659715589662  4.306535568269  9.487395905298  -0.203892166783  -0.056182790721  -0.701587885873
  69  C  1.599335019609  6.152792623776  1.984999632885  0.146900105669  1.014151534991  2.897487059586
  70  C  -1.464200936790  6.167341776596  2.025682907580  -0.484763659295  0.794933560741  1.732191056836
  71  C  0.056034438153  3.536438284783  1.940750573573  -0.496500675297  0.144958741939  3.430668535298


