MDSTEP:  0
LATTICE_CONSTANT: 1.889726125458
LATTICE_VECTORS
  9.219244923520  0.000000000000  0.000000000000
  -4.666632848024  7.968030731022  0.000000000000
  -0.295323939247  0.105479510926  10.072551569173
VIRIAL (KBAR)
  66.983149145524  44.857789351997  37.178634832410
  44.857789351997  104.251107432165  -12.850088806262
  37.178634832410  -12.850088806262  115.256269225948
INDEX    LABEL    POSITIONS    FORCE (eV/Angstrom)
  0  Si  -0.044836541195  1.827296559371  2.551895303191  3.165143579835  2.072497007482  2.511556681507
  1  Si  3.064007323165  7.250204766328  2.575423752992  -0.071128984094  -2.676557900274  2.048023579604
  2  Si  -3.189912522616  7.236576000259  2.475971472239  3.198182077608  -1.511456457528  3.686923838106
  3  Si  4.596250989496  6.363885724947  5.163598337660  -1.481942761941  -1.155594457262  0.074169628844
  4  Si  1.485593653966  0.930904991046  5.150054613939  0.369922588287  2.046662577284  0.013835403160
  5  Si  7.753113222984  0.962292699855  5.255443863117  -1.746723726681  0.650969979192  -0.710417294639
  6  Si  -0.122465428486  1.851870872421  7.702472589120  3.133116084655  2.033190672580  1.443304266444
  7  Si  2.991153154404  7.283942060189  7.719316218504  -0.276641049222  -3.488924935832  1.351598897576
  8  Si  -3.260025195540  7.260643845671  7.619981138174  2.749381813024  -1.090382956370  2.504527960356
  9  Si  4.825248503039  6.291339754281  0.244800276629  -2.146501380965  -1.390113072940  -4.709609380828
  10  Si  1.709857961386  0.856452693363  0.218530106644  0.140060972462  1.992049352473  -4.278618612269
  11  Si  7.971373135739  0.877192644086  0.312824063699  -1.976842261008  0.967434166978  -4.852535327990
  12  Si  -1.614641851750  4.533980082439  2.523461023600  3.070640203100  1.554628398170  2.109276657394
  13  Si  1.519594315644  4.543999225622  2.564948295063  -0.128903305908  -0.202893186539  0.689182986666
  14  Si  -0.067885247845  7.240826485242  2.525555049656  0.278624012620  -2.868963863307  2.041703087649
  15  Si  6.169256994285  3.664095305154  5.202968727549  -1.631676022444  -0.925284160069  -0.194331062736
  16  Si  3.030758969159  3.655532254695  5.163774320031  0.266282894647  -0.127123484144  0.050912648141
  17  Si  4.612358986361  0.945972761224  5.197104359440  0.026426423526  1.574824652610  -0.062479854306
  18  Si  -1.692918449780  4.543463341509  7.646023759872  3.141632930601  2.081054160098  1.665147382104
  19  Si  1.429769152859  4.571075163988  7.697610304723  0.130403664495  -0.166721236467  0.268184141002
  20  Si  -0.135945384672  7.268556375221  7.666438396642  -0.015916279420  -2.941370049080  1.243585977222
  21  Si  6.398202242139  3.589987941782  0.270697175413  -1.993352289916  -0.961268931069  -4.380233881753
  22  Si  3.264408345115  3.578862423442  0.233287891638  -0.316776639211  -0.092168126952  -4.626020635626
  23  Si  4.835162514175  0.875179525362  0.262608598097  -0.290561494558  1.553424438273  -4.159343097415
  24  Si  3.077986389279  1.831715857097  2.607272348140  0.232220170059  0.393376070904  0.960545823792
  25  Si  6.222987897359  1.836845932925  2.651599068044  -0.528542043002  0.322958293687  0.982330077886
  26  Si  4.642886400144  4.552094623850  2.613221712295  -0.235913451889  -0.324828368916  0.899413204343
  27  Si  1.469560972239  6.357337044479  5.123334925673  0.071626245350  -0.481152171022  -0.000704194238
  28  Si  -1.654646066033  6.344023845065  5.084229560603  0.253141555150  -0.130989046144  0.086623159397
  29  Si  -0.092957669109  3.649940953972  5.104014614317  0.433385759132  -0.046673609858  0.300464860482
  30  Si  3.010705564744  1.859314742550  7.738490080943  -0.190883178005  0.418713298105  0.341421406961
  31  Si  6.146016740644  1.883759761704  7.789666589189  -0.645304201680  -0.205720304032  0.407358934727
  32  Si  4.572284448178  4.574281432802  7.759205196824  -0.695448111842  -0.114774705273  0.101318274451
  33  Si  1.677044550232  6.269359219781  0.200512564488  0.110349635776  -0.146143908595  -4.318645533823
  34  Si  -1.450944131108  6.265433082787  0.137891709385  0.526948768427  -0.173908117370  -4.088251224430
  35  Si  0.124420240750  3.550663778146  0.173754737264  0.414762144214  0.615190702433  -3.977496799404
  36  C  -0.072926242268  1.835706705873  4.482997315690  1.650334287096  1.165702594859  0.122124062949
  37  C  3.043035934550  7.261593812341  4.502746927333  -0.320541396012  -1.729913051529  0.095379652482
  38  C  -3.218253984212  7.238621886097  4.421705746655  1.742618218065  -0.840300581669  -0.212912597037
  39  C  4.575340621453  6.373727981699  7.104354920911  -3.034504003810  -1.827196527968  -1.534013647333
  40  C  1.458493400944  0.953695770205  7.081904856337  0.098949630510  2.781973914515  -1.128780412327
  41  C  7.724959921750  0.959438163082  7.180808513572  -3.136548360328  1.531766130064  -2.974912483739
  42  C  -0.147142137622  1.864063254373  9.616699906816  1.570791997933  0.976074592679  0.068007855922
  43  C  2.968352243040  7.299530628428  9.638458685205  -0.407593685913  -2.145071118400  -0.010802927266
  44  C  -3.300243608192  7.262041709425  9.554764765121  1.797975360227  -0.549010957535  -0.284678421799
  45  C  4.644719894203  6.354172694356  1.965000312782  -2.741493624207  -1.951755137515  2.390685052962
  46  C  1.538004666134  0.916062679253  1.948751575029  0.160555071224  3.112294932342  2.361937276663
  47  C  7.795530240008  0.949790177049  2.038037360335  -2.816209729872  0.560530292260  0.922539885080
  48  C  -1.653640522293  4.536672840214  4.445481112549  1.775267944187  0.929472095755  0.080129774271
  49  C  1.478806911531  4.534786287473  4.492867005708  0.072223084771  0.312164438364  -0.181470979274
  50  C  -0.089193908503  7.247219959645  4.464286959323  0.086233611182  -1.645401481923  -0.239328879095
  51  C  6.142017743603  3.672618791227  7.140689153892  -3.092795319408  -1.892779628250  -1.821720701045
  52  C  3.010858649947  3.657425747882  7.091221375661  0.137690154604  0.161597640171  -0.035105090371
  53  C  4.577829695301  0.958390063173  7.130591479637  0.367511950485  2.953611767554  -1.355454634506
  54  C  -1.722393326715  4.562868421778  9.573772802099  1.582676242345  0.847576042032  -0.202407065197
  55  C  1.407782921936  4.576421343073  9.630705865439  -0.073944041181  -0.092871103242  -0.369492779704
  56  C  -0.166027480549  7.276244129426  9.601021559268  0.016374693771  -1.562527503425  -0.418049132339
  57  C  6.227785628246  3.645309117659  2.002921735490  -2.926728365241  -1.802937655721  2.052023529161
  58  C  3.087756613822  3.635557124405  1.947190780989  0.210590036055  -0.028105507713  4.205548482608
  59  C  4.658103152330  0.931383469902  1.998509868409  0.294644234858  2.833743839037  2.192092074957
  60  C  3.069430581454  1.838517014170  4.545926345708  -0.354105215314  0.418635157868  -0.333393381729
  61  C  6.189469300727  1.846096219914  4.575169307201  -0.359293001162  0.268698398753  0.267288599739
  62  C  4.618623213771  4.560868660452  4.547314186770  -0.562778087328  -0.265689663434  -0.186872398723
  63  C  1.443336035816  6.361719465885  7.043732159681  0.046672115485  0.047003380040  0.166727795247
  64  C  -1.702950283751  6.359812660543  7.003031403450  0.637540916692  -0.294206824672  0.232545401512
  65  C  -0.116276558233  3.646661958213  7.050408837275  0.153103316215  0.120446869705  -0.264346431102
  66  C  2.981430272163  1.864984093839  9.675301243240  -0.029467688113  0.463953347822  -0.414380672692
  67  C  6.115695173923  1.872221030529  9.717856868214  -0.385875756443  0.439648590697  -0.160864628831
  68  C  4.529359959395  4.580867702452  9.679980359871  -0.072947584399  -0.030045622245  -0.170618953476
  69  C  1.526840616216  6.348925746474  1.927092626416  -0.005299768562  -0.307217305280  3.735716732401
  70  C  -1.603392689576  6.326231869430  1.860919408220  0.113856268996  -0.114328615785  4.158176703782
  71  C  -0.044291986680  3.621988256862  1.902937654464  0.465322151411  0.100503540563  3.825961359492


MDSTEP:  1
LATTICE_CONSTANT: 1.889726125458
LATTICE_VECTORS
  9.219244923520  0.000000000000  0.000000000000
  -4.666632848024  7.968030731022  0.000000000000
  -0.295323939247  0.105479510926  10.072551569173
VIRIAL (KBAR)
  66.645086308784  44.350550912415  37.176392262955
  44.350550912415  103.402519910138  -12.954361950889
  37.176392262955  -12.954361950889  113.846552570388
INDEX    LABEL    POSITIONS    FORCE (eV/Angstrom)
  0  Si  -0.043419544569  1.826932439095  2.552910243260  3.095346241563  2.059763872806  2.473212434881
  1  Si  3.063866823777  7.249168647775  2.575991807410  -0.069340462368  -2.615050427712  2.032252593621
  2  Si  -3.189313814410  7.237028961640  2.476823805247  3.148757492638  -1.543416691117  3.660507802130
  3  Si  4.596815469374  6.362586484392  5.163899070604  -1.499358967768  -1.119418245201  0.065448339141
  4  Si  1.485661537070  0.932046807955  5.150337058421  0.367871040507  2.008735600752  -0.008367393954
  5  Si  7.753371468206  0.962824775686  5.254988087791  -1.763700249854  0.628378315732  -0.713888050173
  6  Si  -0.121928995279  1.852232330022  7.702441162044  3.095317512075  2.020401155298  1.424226704143
  7  Si  2.991909867935  7.284162170948  7.719597699255  -0.292354907361  -3.460630248067  1.327240822936
  8  Si  -3.259017515554  7.260705449550  7.619937677399  2.701929477176  -1.086901377500  2.482347108209
  9  Si  4.824627870127  6.291415540273  0.244232272547  -2.118082465157  -1.393176170517  -4.669949179321
  10  Si  1.709794137997  0.857731883313  0.217703790236  0.134936899203  1.954688629569  -4.217868083510
  11  Si  7.970922150635  0.876600195039  0.311961294047  -1.965945026529  0.981510274508  -4.804997304156
  12  Si  -1.613878478064  4.533563191601  2.523642126861  3.008371204971  1.518576122767  2.091264992118
  13  Si  1.519636697588  4.544672318829  2.565258154101  -0.129188864601  -0.208467693237  0.684785174867
  14  Si  -0.068368131496  7.239800558017  2.525405836970  0.279659056706  -2.803565642911  2.051140311474
  15  Si  6.168470503493  3.663313241454  5.203099793291  -1.594148884806  -0.895484907728  -0.226926422496
  16  Si  3.030532144291  3.656704494116  5.164315830711  0.272806626616  -0.136818214266  0.022435809259
  17  Si  4.612286893620  0.946700571929  5.197698994096  0.024517803027  1.551407115786  -0.081057445225
  18  Si  -1.692377460832  4.543684346160  7.645897986003  3.073489784389  2.027818887814  1.634924965879
  19  Si  1.430195622643  4.571596825281  7.696929588521  0.116431885814  -0.175753040322  0.269440456166
  20  Si  -0.136354391598  7.267268485561  7.666062502807  0.003045917174  -2.856162765737  1.228163326459
  21  Si  6.398255599434  3.589950505535  0.269500154319  -2.015294139092  -0.962247382047  -4.290241839579
  22  Si  3.263979138540  3.578437611084  0.232074434387  -0.324554288285  -0.091243215216  -4.512435237278
  23  Si  4.835982904351  0.875743085815  0.261587780110  -0.317367274869  1.528587210031  -4.091293532681
  24  Si  3.078266105918  1.832422597671  2.607367189267  0.244063394547  0.392593475684  0.976334228292
  25  Si  6.222575202556  1.837339603999  2.652254153775  -0.529131981142  0.306998459455  0.977764134220
  26  Si  4.642860790201  4.551851842498  2.613404764908  -0.238792994906  -0.329647383347  0.907422978967
  27  Si  1.468974631203  6.358273254102  5.122910545845  0.087697580706  -0.493494111671  0.001696061290
  28  Si  -1.654802826785  6.343399073499  5.084809838008  0.260422691226  -0.114168159907  0.073608455712
  29  Si  -0.092970833666  3.650536031170  5.103409858713  0.446974857629  -0.043742082729  0.293091021345
  30  Si  3.010887523648  1.858772850282  7.738802777948  -0.203013198706  0.444893946246  0.315606561463
  31  Si  6.144579375934  1.884131910355  7.790530188006  -0.611623024626  -0.211438288640  0.384651557981
  32  Si  4.572236536330  4.573514280333  7.760060779662  -0.704278113119  -0.105049854619  0.061724472393
  33  Si  1.677079232231  6.268558083782  0.199403461372  0.094206916464  -0.142882256174  -4.184092199088
  34  Si  -1.450149964070  6.265301345524  0.136585380832  0.508281306330  -0.170472393966  -3.963946015508
  35  Si  0.124505342752  3.551196185004  0.172584501612  0.397938826968  0.606077453903  -3.904513880665
  36  C  -0.073457863493  1.836189971608  4.482337572795  1.667664073316  1.166445485294  0.137925152594
  37  C  3.043158535821  7.261280010969  4.501782051843  -0.313153378454  -1.713618383971  0.131731614166
  38  C  -3.218194879360  7.237689931738  4.421543971921  1.743968009947  -0.796011296310  -0.181432235293
  39  C  4.574708265820  6.373716635113  7.104145541305  -2.987690026540  -1.818933980164  -1.508441542404
  40  C  1.457691209516  0.954683378926  7.081521522411  0.119357986201  2.744467150897  -1.114022579254
  41  C  7.724240369357  0.960471840301  7.179961395496  -3.115285976943  1.510522843549  -2.937175803971
  42  C  -0.146839356335  1.864763798366  9.616179602464  1.549226666477  0.954204288139  0.073612230162
  43  C  2.967279636371  7.298054272971  9.638810784034  -0.385922978246  -2.114354372870  -0.024361989449
  44  C  -3.298410190759  7.261487045862  9.554212122595  1.749155782752  -0.528478941004  -0.260514070658
  45  C  4.643937269153  6.352632641168  1.965807207072  -2.683699236381  -1.899136411693  2.350150586828
  46  C  1.538937175900  0.917103803565  1.950218024802  0.155015637522  3.080771546716  2.288561568646
  47  C  7.794057549118  0.950748812686  2.037985562383  -2.748142120917  0.533521721563  0.920095048411
  48  C  -1.652407606765  4.537840231013  4.445024658599  1.724127138074  0.883374848770  0.111738365252
  49  C  1.479541375548  4.535592281803  4.491290772631  0.054339381980  0.304403263164  -0.139821050186
  50  C  -0.089473270000  7.246614323953  4.464917236716  0.078592351310  -1.611736021772  -0.232027576585
  51  C  6.140928809490  3.671197449733  7.138883443197  -3.026391672158  -1.828317048783  -1.762362639951
  52  C  3.009941200693  3.657843512480  7.089880737060  0.153318982155  0.152894016791  0.003418615143
  53  C  4.578528924164  0.960194129607  7.130678175261  0.342295923912  2.859484974508  -1.325600554340
  54  C  -1.723197361065  4.563201781292  9.573437639388  1.601792582780  0.841175504577  -0.209898966163
  55  C  1.407281873664  4.575551771292  9.631346652915  -0.066142547189  -0.080072025795  -0.396898717020
  56  C  -0.165752683944  7.274919330598  9.600757746920  0.020505972113  -1.527169724512  -0.414523228153
  57  C  6.225934336116  3.643658105603  2.003941021028  -2.845263467715  -1.741427822743  1.997517878736
  58  C  3.087628024098  3.635855174007  1.949236154372  0.218327534390  -0.028089697512  4.084112963963
  59  C  4.658359809167  0.932589935227  1.999400808446  0.284542310932  2.774247901478  2.140659578601
  60  C  3.069831053809  1.838985916631  4.546222758468  -0.363430791201  0.424337607268  -0.329420309056
  61  C  6.188672633494  1.846223496344  4.574966981783  -0.343761169081  0.265947308437  0.273867753539
  62  C  4.618984931650  4.561977858102  4.547236313414  -0.565956854439  -0.297942642429  -0.180467210288
  63  C  1.443105588758  6.362394695106  7.044251258196  0.054657373248  0.039007093307  0.155074760644
  64  C  -1.702548565633  6.359799706321  7.003994683635  0.628206566344  -0.298942641629  0.212849609581
  65  C  -0.116278255608  3.646267198741  7.049427698803  0.159440854591  0.140966300136  -0.247676292664
  66  C  2.980785606054  1.865049229648  9.674504888276  -0.010222588435  0.459935851559  -0.406248514235
  67  C  6.115329836309  1.872690593053  9.718149241002  -0.374521473202  0.431849345755  -0.183927367586
  68  C  4.528350573011  4.579626149824  9.679140315903  -0.057729720784  -0.008972090362  -0.158593368121
  69  C  1.526144712336  6.349802910578  1.930084665929  0.009706452539  -0.330016076582  3.577270904548
  70  C  -1.603663357327  6.325373057149  1.863316199065  0.121329929766  -0.108665481314  4.018182689008
  71  C  -0.043728246834  3.622137555832  1.903631838586  0.465850818797  0.093127639818  3.766930966243


MDSTEP:  2
LATTICE_CONSTANT: 1.889726125458
LATTICE_VECTORS
  9.219244923520  0.000000000000  0.000000000000
  -4.666632848024  7.968030731022  0.000000000000
  -0.295323939247  0.105479510926  10.072551569173
VIRIAL (KBAR)
  66.568718467045  43.991634824813  36.917479291069
  43.991634824813  102.278127323698  -13.338623606691
  36.917479291069  -13.338623606691  112.481831160591
INDEX    LABEL    POSITIONS    FORCE (eV/Angstrom)
  0  Si  -0.040329421864  1.825988554856  2.551955080233  3.025368795189  2.092423853095  2.521361238894
  1  Si  3.063861220766  7.250001894305  2.577614629837  -0.070608363186  -2.598344799351  2.023183814248
  2  Si  -3.186104505652  7.234872728557  2.477526119989  3.128530534978  -1.442624038112  3.618580490496
  3  Si  4.597385109421  6.364143936998  5.164171054760  -1.475637175627  -1.106488641202  -0.006886713001
  4  Si  1.487045806663  0.935013513927  5.148929314592  0.333456045221  1.960032217658  0.015565589119
  5  Si  7.755011060060  0.963311450287  5.257024367951  -1.786184881922  0.603709197619  -0.795521428007
  6  Si  -0.120895049741  1.853203154818  7.705242038759  3.021095077971  2.007365887771  1.344985655996
  7  Si  2.993386773069  7.284626915473  7.720551105342  -0.320467992550  -3.424252109938  1.252402989883
  8  Si  -3.257261765332  7.262939319553  7.623084816045  2.560768231549  -1.185720753840  2.412609243838
  9  Si  4.822976590072  6.292907292883  0.243097247418  -2.093752958702  -1.443637916289  -4.464474976731
  10  Si  1.710565725219  0.859768497479  0.217704579057  0.085204557530  1.919966204035  -4.136397919420
  11  Si  7.971799170427  0.875688681947  0.310860002972  -2.006934487533  0.933403665624  -4.630561028753
  12  Si  -1.612999911138  4.532331734534  2.525916044556  2.957353946976  1.480254712923  2.071653042838
  13  Si  1.521514134837  4.546564294511  2.566358891972  -0.195088137960  -0.248600783584  0.685022580238
  14  Si  -0.068732749315  7.239426870185  2.526620579550  0.264962361093  -2.750506186058  2.049908189541
  15  Si  6.168689288055  3.663208562584  5.201170696010  -1.649622569460  -0.932566122510  -0.183548723218
  16  Si  3.031041837553  3.654198997574  5.165381135855  0.274795712605  -0.006765131606  -0.012459699279
  17  Si  4.612390862250  0.948984416655  5.197750365793  -0.021813922418  1.465398005936  -0.119484770744
  18  Si  -1.693360603294  4.544327357375  7.646514137555  2.992177110922  1.984850302300  1.583082131178
  19  Si  1.427858912898  4.573191199978  7.696414992866  0.186222469385  -0.207848171979  0.236259958378
  20  Si  -0.135628718430  7.266035229634  7.664610346795  0.017379285783  -2.837586115451  1.218548706155
  21  Si  6.397105690051  3.588288300681  0.267535470248  -1.920194053411  -0.891179476241  -4.229142292574
  22  Si  3.261327517613  3.579551699763  0.230912269847  -0.286321588308  -0.094886768245  -4.449502882176
  23  Si  4.837521235036  0.876703469327  0.259901878631  -0.342074041188  1.447887844850  -4.037677246212
  24  Si  3.078230783161  1.835164032927  2.605379713718  0.227325740303  0.317163692036  1.025530671869
  25  Si  6.220152316367  1.838186070165  2.653102145198  -0.474038553081  0.318059921120  0.963061034300
  26  Si  4.641318525057  4.550263548805  2.614402111010  -0.188661305115  -0.277070866960  0.890495088240
  27  Si  1.471234141599  6.359356230128  5.122715581783  0.050852080917  -0.514656816640  0.041053124651
  28  Si  -1.655036771601  6.345205347653  5.087217952043  0.240783110552  -0.155440728761  0.057233417760
  29  Si  -0.090454198236  3.652621803617  5.104916116347  0.390136366369  -0.063868093512  0.282488511201
  30  Si  3.009941683059  1.859119105841  7.737432728507  -0.186073548224  0.469643558000  0.321841006297
  31  Si  6.144251083603  1.886427137389  7.790484244596  -0.643723910999  -0.233362838922  0.362910764780
  32  Si  4.574017642588  4.575937948843  7.758417317359  -0.772582948356  -0.105652238680  0.090390321132
  33  Si  1.676890712876  6.269984103209  0.199368615127  0.046798438527  -0.176281224808  -4.163783790329
  34  Si  -1.447844564865  6.263966703154  0.136600712835  0.420944550137  -0.189282252512  -3.969917010280
  35  Si  0.127081954808  3.550519233076  0.170729235836  0.326294907155  0.650082511070  -3.813630931793
  36  C  -0.071628935324  1.837565263121  4.483431741942  1.636435439909  1.164922022963  0.136139266962
  37  C  3.040419923023  7.259726046085  4.500761797283  -0.233246757804  -1.635065160197  0.183267790508
  38  C  -3.215555289751  7.240403264468  4.419069455023  1.697202138632  -0.821633873316  -0.101786228878
  39  C  4.573165837213  6.375197007221  7.099792727828  -2.835560459929  -1.737598158304  -1.389265263695
  40  C  1.456769285932  0.954465170078  7.081806025336  0.132853273098  2.803569538737  -1.131152072066
  41  C  7.722483955040  0.963106415068  7.178377427679  -3.046178026641  1.469166956336  -2.839287988211
  42  C  -0.149145777297  1.866020301390  9.616750820488  1.621971762155  0.920689306980  0.054404561329
  43  C  2.964897903614  7.292483297276  9.637534224356  -0.350854837532  -1.955319643666  0.017830318020
  44  C  -3.300956765144  7.264473000460  9.554819278254  1.796910701252  -0.579690882705  -0.243409722048
  45  C  4.643960303614  6.354223770175  1.971182701881  -2.698738917760  -1.940329861703  2.126644896129
  46  C  1.536430054521  0.919159890486  1.951957601723  0.239773659278  2.965573134030  2.217898626533
  47  C  7.794226392753  0.952296340856  2.042473157675  -2.760353447632  0.505067922297  0.735645289712
  48  C  -1.653796951977  4.536882725800  4.448190949262  1.794510930594  0.922611995298  0.067607593427
  49  C  1.478506626679  4.539052009502  4.493171798741  0.115149968879  0.251081474388  -0.170644638240
  50  C  -0.089604887315  7.243492277866  4.468326053288  0.078628669903  -1.502960774709  -0.263568625314
  51  C  6.135457620857  3.672672260628  7.138459370716  -2.854982628228  -1.798424980161  -1.755611389039
  52  C  3.011824504503  3.661383638884  7.087340393152  0.098844885301  0.085451742698  0.084562046785
  53  C  4.577051399104  0.959812042313  7.127222441440  0.367419659797  2.845617297820  -1.232687597435
  54  C  -1.720895392458  4.561271407179  9.570263922306  1.534763216972  0.848512657949  -0.137983892456
  55  C  1.405035685989  4.579084942321  9.627114716640  -0.009547032137  -0.147261552000  -0.302766941080
  56  C  -0.168466384949  7.270633670563  9.600117653359  0.091919197637  -1.385007906468  -0.406450350367
  57  C  6.224844420099  3.645601497158  2.002332763907  -2.819107381192  -1.759547804595  2.026731894531
  58  C  3.088722869277  3.632375833238  1.951661667952  0.179154902629  0.071973981174  3.946561330357
  59  C  4.658559655355  0.934308053057  1.999455609671  0.259254019464  2.695425550683  2.114761448970
  60  C  3.067479003594  1.842646303262  4.546490719858  -0.291635408436  0.359942628071  -0.358858997419
  61  C  6.185906869850  1.842691860798  4.574638360189  -0.279942969189  0.342505484722  0.287310838005
  62  C  4.621057043225  4.563778107354  4.545935306482  -0.613946020891  -0.336829065154  -0.153514292642
  63  C  1.447157874436  6.358688404447  7.044565382138  -0.012768962701  0.150965913632  0.142484555254
  64  C  -1.704451132983  6.360861895165  7.005773842154  0.659893541708  -0.310480833386  0.201581086645
  65  C  -0.117537769392  3.649514435021  7.050409686725  0.173537886973  0.080329078536  -0.252620039930
  66  C  2.979501415986  1.861797802701  9.676325340855  0.021253477354  0.554164899474  -0.467207930659
  67  C  6.117470618480  1.874637029353  9.719465858961  -0.412830906943  0.354691468368  -0.235106319304
  68  C  4.531557678573  4.578113211851  9.681045228962  -0.143959163716  0.031856278920  -0.222545077771
  69  C  1.524525985146  6.352028067066  1.930455450129  0.060254807020  -0.360417770738  3.545105024255
  70  C  -1.602832502756  6.321691202408  1.863335963836  0.131947309071  -0.053255600611  4.011944728739
  71  C  -0.046112769152  3.620152905451  1.903729218230  0.555304587981  0.136085035799  3.708807911880


MDSTEP:  3
LATTICE_CONSTANT: 1.889726125458
LATTICE_VECTORS
  9.219244923520  0.000000000000  0.000000000000
  -4.666632848024  7.968030731022  0.000000000000
  -0.295323939247  0.105479510926  10.072551569173
VIRIAL (KBAR)
  67.619452003810  44.042427044746  36.907222641685
  44.042427044746  100.002843775924  -12.859603990480
  36.907222641685  -12.859603990480  109.082154936423
INDEX    LABEL    POSITIONS    FORCE (eV/Angstrom)
  0  Si  -0.038670611346  1.823635472816  2.555529027090  2.995685067679  2.250056042705  2.500357047994
  1  Si  3.066933594843  7.246023200487  2.581265342575  -0.149046176510  -2.429220330734  1.913071612708
  2  Si  -3.185244837445  7.232687838413  2.479374078454  3.063100547928  -1.313554355025  3.539077900069
  3  Si  4.594576282954  6.364351747779  5.164004332818  -1.399602838322  -1.117504452728  -0.053315434094
  4  Si  1.489353709905  0.938648424875  5.149119017366  0.279776202450  1.804678839960  -0.026361554924
  5  Si  7.754969132559  0.965113370366  5.254841212243  -1.753380465199  0.506344584339  -0.810395668708
  6  Si  -0.121496375354  1.854821312943  7.705969456922  3.050588388195  1.982364889026  1.345275778987
  7  Si  2.989916970094  7.286449956205  7.719921674147  -0.261624504295  -3.358114704287  1.141376539297
  8  Si  -3.258427567716  7.262689257691  7.623225421746  2.581596815215  -1.107283049250  2.313118363603
  9  Si  4.820916935997  6.293661825650  0.242572298998  -2.058340484523  -1.459383748788  -4.426441844107
  10  Si  1.710201151834  0.858822597205  0.217695855456  0.012250274803  1.924850138596  -4.013505951754
  11  Si  7.969948145110  0.874025038817  0.311070914798  -1.972263336810  0.944716383589  -4.510819801454
  12  Si  -1.613665258646  4.534116274060  2.523264759721  2.959207603362  1.429524599686  2.160886089446
  13  Si  1.523846022881  4.548928458486  2.567294619338  -0.281315009614  -0.294566200039  0.628526933109
  14  Si  -0.069882611591  7.239649413349  2.527511313494  0.312682001626  -2.614490282371  2.053709360862
  15  Si  6.170541473999  3.661151922139  5.199413205993  -1.772491130161  -0.843433648017  -0.152814995722
  16  Si  3.028169852260  3.654296642340  5.168086399448  0.298694904171  0.001787456696  -0.112070951932
  17  Si  4.613157772927  0.949703555346  5.199942851016  -0.058103718348  1.468607338254  -0.218107227619
  18  Si  -1.689142491679  4.546654848550  7.645973380865  2.757810615150  1.868155614037  1.585668929382
  19  Si  1.426949363482  4.569949601237  7.693186586347  0.219187298145  -0.069867661184  0.333297380398
  20  Si  -0.139062907089  7.264971789812  7.663589346852  0.070105058166  -2.678357983122  1.175248731025
  21  Si  6.397893621342  3.590207438455  0.266134062929  -1.979486436105  -0.984391952067  -4.053892911633
  22  Si  3.261003046349  3.576587619972  0.227235716937  -0.309363368965  0.000367180093  -4.119706411798
  23  Si  4.837290057972  0.880143758954  0.255340934006  -0.328868882647  1.443439521336  -3.756413204005
  24  Si  3.075420168190  1.833499532612  2.607201135754  0.241240433732  0.414676612349  1.003694871771
  25  Si  6.220762686578  1.835465343635  2.656641289436  -0.525350757506  0.400393110559  0.926949573563
  26  Si  4.643807946866  4.547847419492  2.614540850943  -0.257799683892  -0.307540605980  0.905335567084
  27  Si  1.473039948284  6.361108326979  5.119302760084  -0.067945847820  -0.547577704060  0.076764338299
  28  Si  -1.654407624121  6.346795566178  5.088931733698  0.180464263054  -0.241753346912  -0.050822808022
  29  Si  -0.087382917705  3.649794512655  5.107012534083  0.286558400454  0.026813732129  0.212836762105
  30  Si  3.012980878645  1.856510385460  7.735978627436  -0.288495398721  0.550719394969  0.369682959542
  31  Si  6.142217982261  1.888499953167  7.787794109598  -0.561498707351  -0.260304152675  0.368912460673
  32  Si  4.575467218407  4.574353089602  7.756177520384  -0.742062110786  -0.034698250342  0.155278337858
  33  Si  1.679949289946  6.271736764491  0.195134736602  -0.027283278323  -0.199280715193  -3.843370342122
  34  Si  -1.444355819190  6.266301629238  0.134135419056  0.360017970074  -0.239649517491  -3.726371375262
  35  Si  0.128531844254  3.550440302109  0.168963081946  0.281264142385  0.646156437930  -3.556034038427
  36  C  -0.068677221504  1.836630191149  4.484609223517  1.606486786646  1.161792891659  0.159457667158
  37  C  3.036299610281  7.253961898998  4.499612262985  -0.139821625428  -1.432826659476  0.236731093611
  38  C  -3.218050667781  7.241442561170  4.414889817498  1.705492516707  -0.808406510418  0.045599263427
  39  C  4.574934249506  6.374677529685  7.095603517524  -2.921030425895  -1.725561397365  -1.317097434368
  40  C  1.458665121415  0.957024311991  7.078902782288  0.115254886429  2.713068173123  -1.049541208568
  41  C  7.724747895818  0.967137335356  7.172079803631  -3.117619332916  1.322804578038  -2.741119436616
  42  C  -0.152750566898  1.866918650486  9.615724193930  1.689192165210  0.862486431447  0.068563508078
  43  C  2.961550320883  7.290409294910  9.633936446332  -0.267433974308  -1.883279853380  0.078682717656
  44  C  -3.301551416272  7.263303256141  9.549367068113  1.797468382325  -0.551788078634  -0.104373673133
  45  C  4.643384451225  6.348692242997  1.972486612307  -2.601832371073  -1.809660657525  2.054184895935
  46  C  1.532203011497  0.924520908706  1.956778398667  0.293705961626  2.703542047062  2.028175807777
  47  C  7.793971889531  0.957062317338  2.046967006560  -2.783307814410  0.215348007453  0.625587381318
  48  C  -1.657003697850  4.532810921321  4.448533035630  1.927529852757  1.034382967779  0.062900124584
  49  C  1.475167410009  4.543801442697  4.488884399062  0.175383049805  0.152439295400  -0.019483082144
  50  C  -0.090732200921  7.243307345281  4.469585465048  0.110978370359  -1.449306747506  -0.258489248240
  51  C  6.135293579562  3.671646493383  7.136056496976  -2.719484060033  -1.694955214472  -1.681867564230
  52  C  3.015330935763  3.662277916382  7.091888941053  0.012567218359  0.045140766817  0.007313425211
  53  C  4.574388804159  0.965172286888  7.124895109154  0.421007173506  2.617877721663  -1.143644408098
  54  C  -1.720917908795  4.557674795935  9.573426343395  1.600368580247  0.993486195787  -0.249509362438
  55  C  1.403830380671  4.581594926964  9.631486364569  0.021414070278  -0.200624296710  -0.444740658098
  56  C  -0.164680176657  7.273044153606  9.602070318909  0.020225429075  -1.406805642524  -0.502291946300
  57  C  6.224016877701  3.644359574453  2.005285830246  -2.783490392975  -1.768301605907  1.881964501808
  58  C  3.088892308536  3.633271339909  1.956658446104  0.193278222921  0.031213309679  3.664970816700
  59  C  4.653766771354  0.939193724411  2.002214182887  0.350295836295  2.546347528237  1.938674538633
  60  C  3.063407710625  1.839150943187  4.542970178254  -0.184330547495  0.455902293360  -0.245719796199
  61  C  6.188630552048  1.846626324819  4.577370256557  -0.343324296387  0.227074759542  0.253596554893
  62  C  4.617205395992  4.565279441189  4.543824274090  -0.543627447285  -0.404094700742  -0.080511726865
  63  C  1.442955331600  6.362938285880  7.040452022839  0.045081960664  0.051654919122  0.201505538845
  64  C  -1.704135982147  6.358171245900  7.002744171969  0.627119745549  -0.225496264313  0.295410917554
  65  C  -0.119654491237  3.651254534283  7.054957878515  0.260630593487  0.033116167954  -0.342082005628
  66  C  2.976562781636  1.862316462541  9.678909778569  0.067594540456  0.516929509298  -0.573784670025
  67  C  6.121776895218  1.871118073924  9.717093836487  -0.524877427530  0.451718621779  -0.232167302378
  68  C  4.532090475453  4.579674887490  9.684835430628  -0.155717335515  -0.010744733159  -0.349457640049
  69  C  1.521734860758  6.353587925553  1.934678204885  0.157638959343  -0.347139557042  3.268830508116
  70  C  -1.599191822133  6.324975230598  1.869463673884  0.051085414253  -0.083802345466  3.676625778758
  71  C  -0.050678714186  3.621223150660  1.907958298916  0.680189484263  0.103788863456  3.508481107125


MDSTEP:  4
LATTICE_CONSTANT: 1.889726125458
LATTICE_VECTORS
  9.219244923520  0.000000000000  0.000000000000
  -4.666632848024  7.968030731022  0.000000000000
  -0.295323939247  0.105479510926  10.072551569173
VIRIAL (KBAR)
  67.535092017567  44.091609460628  37.162649451914
  44.091609460628  100.416084891097  -12.924629585931
  37.162649451914  -12.924629585931  107.778612668141
INDEX    LABEL    POSITIONS    FORCE (eV/Angstrom)
  0  Si  -0.035451740601  1.826686752996  2.554597233321  2.924700143031  2.185234785015  2.455115759025
  1  Si  3.063368686819  7.248343400108  2.579205581718  0.027852468742  -2.476015697113  1.994024533827
  2  Si  -3.186857502373  7.231072542281  2.480117071043  3.100001166910  -1.124027202894  3.532853985076
  3  Si  4.593088533407  6.365192530559  5.160670993738  -1.342719648445  -1.101669335764  -0.021551769433
  4  Si  1.488002919694  0.942335428031  5.150003236064  0.266493123478  1.721641755529  -0.038017384074
  5  Si  7.751080701573  0.967825918859  5.256635916398  -1.645058332732  0.373228938757  -0.969883260404
  6  Si  -0.121288698511  1.854396520411  7.705553615294  3.012310978970  1.975219290968  1.389934244154
  7  Si  2.987935853642  7.286123512152  7.716729368028  -0.162390367275  -3.493627919905  1.193430955611
  8  Si  -3.254207095822  7.261745985058  7.627184991778  2.421330049187  -1.135484306916  2.257382383810
  9  Si  4.821661362695  6.292833796715  0.240816158342  -2.069590046186  -1.489773225896  -4.343222258940
  10  Si  1.708482172805  0.857196030039  0.214208963514  0.028355764409  1.979885811576  -3.944934046487
  11  Si  7.969907501118  0.872698939621  0.306417029807  -2.049512505541  0.865965090154  -4.333608899368
  12  Si  -1.610577806802  4.534442638512  2.523889786779  2.761607427574  1.397757133570  2.196581633780
  13  Si  1.521196460237  4.551806490295  2.564467013118  -0.250098580873  -0.308444874443  0.790890254811
  14  Si  -0.071492237037  7.236132641162  2.524089441618  0.315651318265  -2.568634921066  2.173611593442
  15  Si  6.173259662018  3.659108423556  5.201922777758  -1.848828242532  -0.779836144895  -0.230453782672
  16  Si  3.029521810089  3.655854066555  5.165353246288  0.269561146549  0.006744634047  -0.140589461519
  17  Si  4.609358252260  0.954024559309  5.202151390316  0.052263260412  1.390698097058  -0.293119636126
  18  Si  -1.691408141728  4.550295793737  7.644087840104  2.818344457198  1.761087379633  1.587799098349
  19  Si  1.431127374731  4.570225413910  7.694695028986  0.160216147477  -0.123155001148  0.288238644066
  20  Si  -0.139322455158  7.266779169049  7.667250089264  0.117636024856  -2.636588634862  1.088432945510
  21  Si  6.398972772630  3.589082802916  0.262196800241  -2.024579477559  -0.974989234832  -3.838938973431
  22  Si  3.263702652525  3.573721226042  0.227261993241  -0.420711302316  0.117928504445  -4.046199429779
  23  Si  4.835714729777  0.879371104797  0.254320354061  -0.379327397252  1.513656209025  -3.727513606641
  24  Si  3.075148058417  1.834807297133  2.609348200584  0.308025343698  0.398168021075  0.901320426056
  25  Si  6.220250692242  1.835944429739  2.652857355510  -0.442214645817  0.385229109761  0.921409007864
  26  Si  4.641799046053  4.545181745054  2.616457195579  -0.215716209022  -0.207971359865  0.809891357533
  27  Si  1.472552513603  6.358731523016  5.120600025407  -0.083406445524  -0.421140533062  0.065571404949
  28  Si  -1.656677142606  6.345461632847  5.089033418379  0.216018942992  -0.116790563785  0.000817880856
  29  Si  -0.087895386964  3.648504661005  5.103353719946  0.290531207971  0.112502930710  0.320008534714
  30  Si  3.009513896601  1.859267781555  7.739252113035  -0.272602069502  0.466189060220  0.263569656384
  31  Si  6.146065093457  1.888587028924  7.786129986258  -0.666030567792  -0.266553445674  0.422368074962
  32  Si  4.572556844821  4.573172664906  7.755724377412  -0.777563606743  0.060783004922  0.162391782573
  33  Si  1.682876960709  6.273188345605  0.196190218808  -0.073687234002  -0.234946204038  -3.687605796287
  34  Si  -1.445176060458  6.263233460640  0.132245505585  0.376982869624  -0.228947542274  -3.615343818068
  35  Si  0.125335901665  3.551495832062  0.171624113403  0.396104620555  0.602273866309  -3.552909558995
  36  C  -0.072347346878  1.842248916208  4.480412574518  1.642865058387  1.045358357337  0.237865941818
  37  C  3.040028725650  7.250439381235  4.498478182772  -0.250982691326  -1.289336181607  0.269299147173
  38  C  -3.217243126104  7.241203729875  4.418036731332  1.681586510583  -0.722100304318  -0.026078836039
  39  C  4.578554763675  6.379115068184  7.089322012022  -2.979929588985  -1.839717597927  -1.196534853997
  40  C  1.452670748575  0.953530181351  7.083110647754  0.246669564178  2.852618028659  -1.112238612368
  41  C  7.727315250427  0.962356842505  7.168851405731  -3.162638572566  1.525394326290  -2.682573390004
  42  C  -0.155407649986  1.864055140719  9.619313330401  1.734175069319  0.945716799293  -0.046256146851
  43  C  2.962894276601  7.283483942595  9.633510769521  -0.279215314574  -1.714739622024  0.039091628913
  44  C  -3.301262984492  7.262351410493  9.550575876347  1.825022322365  -0.581138337541  -0.151310112495
  45  C  4.645553834170  6.348042437338  1.970356710789  -2.711827715196  -1.816403011391  2.070152603835
  46  C  1.536288291202  0.928883267437  1.952965748694  0.257264003371  2.518410671489  2.131686237357
  47  C  7.797607942245  0.956920023127  2.046003432829  -2.785988748242  0.286621096035  0.543028722999
  48  C  -1.657254945921  4.539111374298  4.453875322111  1.925517535489  0.903638434108  -0.008662702675
  49  C  1.470271629672  4.549013119869  4.493636897797  0.268692096464  0.024774697669  -0.152393013600
  50  C  -0.094555886013  7.247492673506  4.474819713450  0.168052862101  -1.529678314876  -0.342517328614
  51  C  6.127899829357  3.674358948199  7.140651526946  -2.508754356664  -1.727940060197  -1.733281361492
  52  C  3.015452729511  3.656026876106  7.087937247682  0.012968554496  0.170247864021  0.057877803370
  53  C  4.572025456221  0.968894036017  7.120953646561  0.450962272257  2.515305922808  -0.997309747940
  54  C  -1.716475446820  4.552588868105  9.576041859289  1.509854081394  1.086536174245  -0.355430179381
  55  C  1.401949805800  4.586156518866  9.628401654412  0.067905928701  -0.310876542991  -0.342304575153
  56  C  -0.163994446372  7.274138851251  9.607477264241  -0.002056836623  -1.450863253893  -0.586003128637
  57  C  6.223355767208  3.644688480740  2.005945478113  -2.710325882843  -1.754488730991  1.798043557250
  58  C  3.082809042145  3.639593466191  1.957872618199  0.279561587233  -0.111302700982  3.592298695316
  59  C  4.659448700126  0.936152306326  2.000783526584  0.213574939120  2.600320873640  1.959475972665
  60  C  3.067081016299  1.836864723586  4.538787045475  -0.310371660157  0.577481018896  -0.163817387643
  61  C  6.191270728177  1.845294421195  4.571314949725  -0.433348737961  0.273028234125  0.380720237291
  62  C  4.619283450306  4.569899516296  4.537560576838  -0.555669942826  -0.531781021676  0.060981574903
  63  C  1.447896035636  6.358875618498  7.042380964178  -0.076937841332  0.142916012017  0.181933082508
  64  C  -1.708097790869  6.363390118423  7.005211848978  0.762403952734  -0.324212070745  0.289991568050
  65  C  -0.114747451384  3.648436071714  7.055288904217  0.119990456176  0.105146227357  -0.356165630685
  66  C  2.972240004085  1.866903437260  9.674932167397  0.131030179361  0.401687264238  -0.489230683617
  67  C  6.116441317307  1.870880248727  9.721487348497  -0.413072118542  0.413808257695  -0.386059877129
  68  C  4.532546601874  4.579174337261  9.689084471429  -0.142705964573  -0.019201853102  -0.473195711229
  69  C  1.527060085997  6.351870377004  1.943094228823  0.026345308508  -0.308939331413  2.948584434017
  70  C  -1.603287503429  6.320943299128  1.869207530079  0.131686122504  -0.022846377748  3.619868184877
  71  C  -0.051907472375  3.626605187074  1.912400072215  0.727747784884  0.040957579156  3.388711412078


MDSTEP:  5
LATTICE_CONSTANT: 1.889726125458
LATTICE_VECTORS
  9.219244923520  0.000000000000  0.000000000000
  -4.666632848024  7.968030731022  0.000000000000
  -0.295323939247  0.105479510926  10.072551569173
VIRIAL (KBAR)
  68.342512102260  44.253620660238  37.262979180415
  44.253620660238  97.552668378113  -13.016851873179
  37.262979180415  -13.016851873179  107.526753189142
INDEX    LABEL    POSITIONS    FORCE (eV/Angstrom)
  0  Si  -0.035704258446  1.828530230341  2.555605228197  2.890066747382  2.165501464470  2.378036997248
  1  Si  3.062231484573  7.247510137142  2.581727062649  -0.019881881265  -2.450263291247  1.950640401520
  2  Si  -3.190353086305  7.232106267432  2.482461165243  3.139945413620  -1.106819043448  3.501341473421
  3  Si  4.594459909833  6.365004408953  5.164404323959  -1.505712415513  -1.121781384780  -0.138261836295
  4  Si  1.485647807687  0.944585727003  5.152109371199  0.269278148851  1.706852328168  -0.102419979280
  5  Si  7.750178640995  0.970681310850  5.253243322740  -1.670898743181  0.395276245235  -0.985158065686
  6  Si  -0.121907956247  1.853504601962  7.707335956106  3.065301901831  2.082209789559  1.338647813239
  7  Si  2.984871258427  7.282496611384  7.712641024716  -0.180391101802  -3.134101832174  1.126326565054
  8  Si  -3.256799328437  7.260576845308  7.625238070113  2.474509707710  -0.955468503262  2.201597643367
  9  Si  4.819864925026  6.294950722947  0.235820027427  -2.090865717660  -1.589260494187  -4.157300818236
  10  Si  1.703885574497  0.854516787351  0.215173279546  0.127314662546  2.088375124213  -4.046857434262
  11  Si  7.969492473627  0.873221111844  0.302534312898  -2.165676876002  0.745947263487  -4.042138307363
  12  Si  -1.612234418154  4.535317795790  2.528401250812  2.885976313537  1.343916565103  2.113205200148
  13  Si  1.524366447604  4.549197280418  2.563955039388  -0.340040612956  -0.379410766802  0.753217739124
  14  Si  -0.069118023782  7.235031154393  2.520980461464  0.291738985231  -2.609418020054  2.206026005312
  15  Si  6.172278599929  3.663015438641  5.205445927941  -1.833672591051  -0.864126874051  -0.336977298231
  16  Si  3.030939992181  3.653646310169  5.162605899262  0.134467420021  0.101397078858  -0.131181067651
  17  Si  4.607275744746  0.954014320112  5.201655837733  -0.007455108668  1.276713456228  -0.363899686606
  18  Si  -1.692307842654  4.551719597043  7.648190294998  2.787812124049  1.709682072823  1.551505732405
  19  Si  1.431322912096  4.574647325440  7.696248886976  0.133798657402  -0.176435622380  0.208937119492
  20  Si  -0.137914704650  7.270462127683  7.670450294982  0.077489589804  -2.561481999213  1.032301461963
  21  Si  6.397233287982  3.588894806198  0.259198022877  -1.921786918757  -0.996481013237  -3.687656379066
  22  Si  3.264851125194  3.576034214403  0.229317843965  -0.424590659039  0.056877950897  -4.080188652624
  23  Si  4.835903383977  0.880688629434  0.249251573729  -0.383052822596  1.470897101473  -3.513627552002
  24  Si  3.079520039073  1.833276500747  2.610381474475  0.223612457379  0.382815898910  0.861245723835
  25  Si  6.215778341311  1.838794156237  2.653341586228  -0.329795834001  0.377520276984  0.915735686957
  26  Si  4.645737700201  4.544422384036  2.619423911437  -0.284717383777  -0.235610441427  0.692515283191
  27  Si  1.469106704297  6.360529336107  5.118092152240  -0.061172943397  -0.535967658791  0.135664073949
  28  Si  -1.655684067062  6.340765198865  5.092052956077  0.237081658285  0.018639069360  -0.087957034425
  29  Si  -0.088050612295  3.648758365932  5.106216265604  0.251967322888  0.141490447221  0.234158616646
  30  Si  3.005889172549  1.856279461143  7.741953150509  -0.129708956636  0.663974803017  0.239923326742
  31  Si  6.149862355886  1.889033901134  7.784301666448  -0.744305321007  -0.243479679695  0.447264350777
  32  Si  4.569904999794  4.570294129335  7.751348347593  -0.850713806479  0.124725383556  0.278360899389
  33  Si  1.679181971746  6.275258054373  0.196019915241  -0.003241485227  -0.415288944375  -3.771144978262
  34  Si  -1.447773555953  6.264840519409  0.135163311713  0.450100069048  -0.299219380345  -3.435079132647
  35  Si  0.128199473328  3.553798895589  0.172549880526  0.323459473763  0.477723288509  -3.629766848187
  36  C  -0.073834659956  1.845195888376  4.475599655530  1.630727718451  1.003987224603  0.356598986085
  37  C  3.033896967217  7.253519731907  4.503895032603  -0.114134137443  -1.391489855581  0.182875325694
  38  C  -3.218457607524  7.238910647214  4.423330313575  1.716207534971  -0.617342703376  -0.063361718862
  39  C  4.570978353005  6.382768377625  7.086770038334  -2.812622258162  -1.890882812508  -1.111477852567
  40  C  1.459129584140  0.962787539142  7.083046090622  0.063680598055  2.483677274693  -1.027682007611
  41  C  7.727793000773  0.969470300829  7.161114577758  -3.178825455586  1.193152170869  -2.541542868042
  42  C  -0.161248065341  1.859822204001  9.616494825733  1.873128583730  1.047965296161  -0.041140787780
  43  C  2.955893781347  7.278736560723  9.626814958204  -0.157840557394  -1.590493058577  0.140229307191
  44  C  -3.297662160575  7.261578849092  9.553538976687  1.736786536769  -0.588541610374  -0.262501559691
  45  C  4.644636998690  6.343214128727  1.971075475015  -2.690368541992  -1.706450218715  1.953963421079
  46  C  1.533804466818  0.931964277186  1.948607002195  0.303649867192  2.377659120350  2.341293303718
  47  C  7.794909621237  0.959512246882  2.051718759196  -2.745357802761  0.176181984257  0.279385336930
  48  C  -1.658202128544  4.546868109594  4.450200287296  1.860331976505  0.662479318164  0.160953577116
  49  C  1.466073869270  4.543647076967  4.487743402293  0.368134724116  0.146095280281  -0.031027675638
  50  C  -0.093191109832  7.239904441871  4.468505149121  0.078139208675  -1.295160395428  -0.199166265514
  51  C  6.120709049658  3.676863941928  7.146342018636  -2.281753197607  -1.682540367480  -1.811152451497
  52  C  3.011939940712  3.660057376448  7.082839783510  0.043357770913  0.093008546786  0.138050689243
  53  C  4.573317333474  0.975266308509  7.118872792795  0.412996099549  2.350367925132  -0.921158090037
  54  C  -1.713825998639  4.552714000087  9.581405072663  1.459829138471  1.110254905139  -0.457351576204
  55  C  1.399291406024  4.579186525408  9.623172063780  0.156198026085  -0.149138260424  -0.218245099244
  56  C  -0.160419083164  7.270796780826  9.610344029858  -0.150298444381  -1.342114288915  -0.629010569155
  57  C  6.225918581340  3.647876359278  2.005855175713  -2.797960167541  -1.836364555377  1.742859384406
  58  C  3.085818593107  3.634373193887  1.959020320832  0.283479981319  -0.027854573295  3.597539717569
  59  C  4.665971336756  0.935930867740  2.002467795302  0.108096076774  2.573831360013  1.794920900558
  60  C  3.060177516450  1.843482270127  4.539640396440  -0.174928579293  0.368979036956  -0.192959123809
  61  C  6.185463191534  1.839257750525  4.569264623281  -0.371865556676  0.474751054692  0.439720612643
  62  C  4.613226332301  4.566927299107  4.531912971712  -0.430379333794  -0.442400388703  0.226592798344
  63  C  1.444313698054  6.364609175585  7.048416398198  -0.067692134887  0.061775912439  0.017681247141
  64  C  -1.705051417245  6.362950830086  7.003352227399  0.672550824495  -0.285956954599  0.382962723786
  65  C  -0.113802569440  3.652862910190  7.053424124984  0.065921057229  0.039500659562  -0.285288731401
  66  C  2.975473308717  1.867911335588  9.678018083994  0.001088248591  0.354368602626  -0.535718456344
  67  C  6.115340877566  1.869403753622  9.722019246014  -0.374606760923  0.439652253777  -0.453735682483
  68  C  4.537362834429  4.572900809776  9.691649679301  -0.265921324531  0.145749169461  -0.597426333460
  69  C  1.523039932024  6.344481002331  1.938863713169  0.154677642536  -0.203903399086  3.077242474596
  70  C  -1.599878659915  6.314363738271  1.878904082624  0.042434501007  0.156689715228  3.343346246489
  71  C  -0.054269030683  3.621851625234  1.908420769322  0.766898663209  0.134585972648  3.546693753795


MDSTEP:  6
LATTICE_CONSTANT: 1.889726125458
LATTICE_VECTORS
  9.219244923520  0.000000000000  0.000000000000
  -4.666632848024  7.968030731022  0.000000000000
  -0.295323939247  0.105479510926  10.072551569173
VIRIAL (KBAR)
  67.547302642774  43.681277536590  37.906795533903
  43.681277536590  96.734426963122  -13.088574554858
  37.906795533903  -13.088574554858  105.184814469098
INDEX    LABEL    POSITIONS    FORCE (eV/Angstrom)
  0  Si  -0.033310168245  1.826979950065  2.554962591798  2.775227597232  2.122155519837  2.416929870008
  1  Si  3.064741113797  7.247067718671  2.579765891712  -0.035532921805  -2.407378515531  1.891517239911
  2  Si  -3.187733385282  7.228643648843  2.486150138992  3.109221897622  -1.172265162299  3.449466110622
  3  Si  4.588718683151  6.367399210914  5.164745428924  -1.391452465845  -1.168820738962  -0.110437263906
  4  Si  1.484618452871  0.944974023267  5.147712669646  0.264540306184  1.620685758234  -0.051289668564
  5  Si  7.745758965114  0.975308649471  5.252478437557  -1.639927910810  0.325064777974  -1.006411333484
  6  Si  -0.118842655708  1.857040839820  7.708077374172  2.941901775330  2.075825597517  1.204051119976
  7  Si  2.983710705169  7.286556656534  7.713376932321  -0.186279814056  -3.138314573943  1.070408156398
  8  Si  -3.256587191475  7.262534019541  7.626831499958  2.350112507353  -1.090106886903  2.074593096638
  9  Si  4.818185519186  6.289306104768  0.237004258572  -1.986012495759  -1.388804356167  -4.328191592307
  10  Si  1.703354591700  0.856783953917  0.208854093412  0.029794364675  2.090453274775  -3.643443148795
  11  Si  7.971961262761  0.872296423161  0.301863238208  -2.212831094870  0.713634010686  -4.112184051700
  12  Si  -1.615908582905  4.530892391770  2.532009581034  2.989984327924  1.339608985670  2.091524993583
  13  Si  1.527317218429  4.544203016124  2.564629209108  -0.382431310698  -0.232505202281  0.690981679465
  14  Si  -0.070808729779  7.233396040028  2.516708523892  0.390627134259  -2.432608514085  2.258293092627
  15  Si  6.170743326563  3.663381398509  5.210039018498  -1.648672091432  -0.862392420429  -0.499016273701
  16  Si  3.034901558525  3.651109070186  5.164843463512  0.079697460909  0.181541515211  -0.103941529763
  17  Si  4.606222955846  0.956029403881  5.203703081985  -0.031681149750  1.283229417692  -0.424236990706
  18  Si  -1.686804236533  4.547998324497  7.647933866958  2.668942578329  1.743670918766  1.553719708375
  19  Si  1.431504688724  4.574564115090  7.695679718490  0.197696979491  -0.142396087430  0.185401232790
  20  Si  -0.140386939787  7.274231947182  7.666466574649  0.222657637426  -2.532077279010  1.048503825972
  21  Si  6.394392434953  3.591167951597  0.257658944519  -1.971156230490  -1.127204992913  -3.408043972348
  22  Si  3.268489348132  3.579250731784  0.228003936749  -0.484968714673  0.030762870490  -4.074350317071
  23  Si  4.837191094061  0.882211392659  0.248515515680  -0.423667066959  1.427958758345  -3.354690310598
  24  Si  3.076184443768  1.837881651934  2.615656863657  0.281701908124  0.228235347362  0.791468503501
  25  Si  6.212469939739  1.837245040551  2.654051396163  -0.185397574996  0.377266924975  0.901698980557
  26  Si  4.641906515976  4.541330871980  2.622732087353  -0.183830165123  -0.182863943483  0.636868600872
  27  Si  1.472882076713  6.361531536849  5.117538368380  -0.181618154229  -0.556950884915  0.114421848628
  28  Si  -1.654881096511  6.341256666703  5.092360846062  0.360544235394  -0.076345947655  -0.028992855708
  29  Si  -0.082784843995  3.644180722078  5.101365093753  0.246154492914  0.309294279821  0.280142852666
  30  Si  3.005135741327  1.854629586300  7.747000896156  -0.134082431070  0.708635290425  0.132796147944
  31  Si  6.149806544498  1.890138771809  7.786788999848  -0.758745250627  -0.273376023726  0.396120037984
  32  Si  4.574787565382  4.570062458339  7.751727504372  -0.973583104079  0.067138748980  0.250387720500
  33  Si  1.679196387155  6.271013042348  0.190778188478  0.026877704298  -0.341075047326  -3.649647517914
  34  Si  -1.452379484614  6.262470093424  0.129263547872  0.582699552886  -0.213027525587  -3.099663335625
  35  Si  0.123282420787  3.553747412431  0.170151547920  0.369326309369  0.567876381873  -3.320874666332
  36  C  -0.071585542768  1.847987458725  4.477545572803  1.541795813025  0.846906782590  0.300325661051
  37  C  3.031415692426  7.252168612546  4.499491864635  -0.016850830250  -1.247163487173  0.261530003289
  38  C  -3.212363038395  7.231261115313  4.427494673118  1.548094180286  -0.478144692881  -0.074330806171
  39  C  4.565928294239  6.373991939517  7.091041843931  -2.570883827575  -1.599677887503  -1.140627508418
  40  C  1.456872541618  0.964464854384  7.076489911306  0.095240402954  2.392234595948  -0.898983724115
  41  C  7.722500306823  0.978440191337  7.163183313482  -3.018367022136  1.049550216485  -2.561985896390
  42  C  -0.166937564875  1.868564905720  9.612128773460  1.969511350287  0.884069459727  0.004524227056
  43  C  2.957029941108  7.277359915955  9.624345142645  -0.135392711126  -1.568596652441  0.173386365368
  44  C  -3.293014670157  7.261751110720  9.555301717157  1.537406291296  -0.583750123015  -0.292655811194
  45  C  4.646534707525  6.342823173533  1.966265430181  -2.690666846806  -1.756774414993  2.173024318209
  46  C  1.528323137603  0.927769659276  1.954116761786  0.476037165198  2.431008417572  2.014431460064
  47  C  7.796662059790  0.959183175604  2.047315248139  -2.762873855157  0.206107299861  0.416383818517
  48  C  -1.649276378997  4.543622012033  4.446571622644  1.646639385129  0.633044364077  0.361676527870
  49  C  1.469992584758  4.545219105222  4.484726639160  0.395994467727  0.093308072450  0.027745697161
  50  C  -0.092364285384  7.246034100648  4.473059077432  0.066377279841  -1.440704107490  -0.291414854259
  51  C  6.121933119805  3.671919696048  7.149588849636  -2.201922711498  -1.527596285437  -1.825473771900
  52  C  3.011118566064  3.657368844035  7.087529687771  0.104491187058  0.117859658061  0.097616038033
  53  C  4.576483487913  0.983677683257  7.114589237402  0.330052640169  2.162472627755  -0.774684124440
  54  C  -1.720424977753  4.555357900393  9.586162737385  1.599045614400  1.060736034330  -0.591667862503
  55  C  1.401642419788  4.576854048169  9.621078053894  0.074178365894  -0.142020195397  -0.179154200661
  56  C  -0.156670358889  7.269804323205  9.609839039475  -0.273333235260  -1.304974354930  -0.647124609742
  57  C  6.223145801336  3.642421072041  2.014808525869  -2.811801560981  -1.783757954803  1.376264613095
  58  C  3.088916812823  3.629778427735  1.957661677839  0.218772234511  0.059307357769  3.603717781309
  59  C  4.673194308901  0.945072644713  2.009139363608  -0.114319569366  2.283052217407  1.568859467729
  60  C  3.056157694957  1.843593328127  4.543861557261  -0.116641380982  0.385653999027  -0.253904224142
  61  C  6.177975489686  1.834487195839  4.562377772159  -0.248792834003  0.611056794411  0.596877033917
  62  C  4.618416968500  4.568587385092  4.530115266041  -0.540905776437  -0.461564263738  0.326412292955
  63  C  1.446351091211  6.361485062275  7.044950579709  -0.088609224203  0.183077542639  0.083002757674
  64  C  -1.697939364284  6.359799309224  7.009955466024  0.484430486891  -0.219592711139  0.269926104034
  65  C  -0.110076367500  3.660221970030  7.049254279440  0.052081862938  -0.128719752545  -0.240998031179
  66  C  2.969205138526  1.871369191827  9.681756338560  0.156727247240  0.293708892617  -0.587234972342
  67  C  6.116794806713  1.864381361438  9.713819636444  -0.422565862270  0.574906251072  -0.288597416705
  68  C  4.538433770274  4.578536420693  9.686785851066  -0.265250871399  0.006487790235  -0.500243219115
  69  C  1.528223764383  6.348948273065  1.936002373292  0.075829044980  -0.365605613279  3.050175567653
  70  C  -1.597578897673  6.307217776571  1.884094759750  0.013517904165  0.238738540084  3.033522781412
  71  C  -0.055034734193  3.615522527403  1.916646470752  0.817116373010  0.220831306664  3.185798526384


MDSTEP:  7
LATTICE_CONSTANT: 1.889726125458
LATTICE_VECTORS
  9.219244923520  0.000000000000  0.000000000000
  -4.666632848024  7.968030731022  0.000000000000
  -0.295323939247  0.105479510926  10.072551569173
VIRIAL (KBAR)
  67.336029496494  45.006565428788  38.947204422295
  45.006565428788  97.418545848562  -13.609618646432
  38.947204422295  -13.609618646432  102.699102914474
INDEX    LABEL    POSITIONS    FORCE (eV/Angstrom)
  0  Si  -0.032783003715  1.832784094189  2.555342956904  2.683300676688  1.907981915034  2.460703020153
  1  Si  3.068609011440  7.247089223004  2.583421362833  -0.206057575126  -2.475815031914  1.805783589568
  2  Si  -3.190981645349  7.228055032101  2.482542045591  3.114026590583  -0.987209713139  3.469450068685
  3  Si  4.582693000461  6.363712076016  5.159418235440  -1.054065865607  -0.908344648945  0.015671733785
  4  Si  1.482070839256  0.943495366596  5.150383702208  0.427811271250  1.676012429178  -0.101464326691
  5  Si  7.739810323551  0.980352202973  5.256708108929  -1.466897496269  0.086175970261  -1.140307125356
  6  Si  -0.123082927574  1.857884174595  7.711281538138  3.069829057456  2.077299214470  1.107244646996
  7  Si  2.980989096003  7.283496771520  7.714117946033  -0.011868201327  -3.131376482964  1.059452951369
  8  Si  -3.256520553178  7.267509076543  7.628453146217  2.409054282073  -1.083650369281  1.955577499020
  9  Si  4.812830354797  6.287477064261  0.237556574403  -1.853269805536  -1.381064562286  -4.333625531810
  10  Si  1.708239838106  0.861440899205  0.208999782430  -0.181942194148  1.899558532118  -3.562874160702
  11  Si  7.969909143108  0.874643517165  0.296979491539  -2.207267739261  0.514398246833  -3.872766114372
  12  Si  -1.618884597671  4.534855066687  2.534788167061  3.207092516666  1.269224516731  2.122849859118
  13  Si  1.524106425104  4.547794896175  2.569358006246  -0.379885864009  -0.225127091335  0.578879349023
  14  Si  -0.073326240388  7.227876631218  2.514223374078  0.429789923027  -2.384367130479  2.372131313689
  15  Si  6.164496919597  3.658733137997  5.205821527304  -1.517976047297  -0.701020502250  -0.294167449961
  16  Si  3.039541303097  3.647285449816  5.166608843399  -0.065927470814  0.317374468492  -0.218664078946
  17  Si  4.607897998426  0.955643605799  5.209093653287  -0.036955926143  1.360542630833  -0.551854760317
  18  Si  -1.689545077810  4.552746927069  7.653636566447  2.882546860414  1.858142653876  1.453516285566
  19  Si  1.434540736915  4.579708842940  7.693843461674  0.087950521757  -0.261039572921  0.210669310185
  20  Si  -0.141020015876  7.277713763555  7.663148656479  0.228013502179  -2.707895447899  1.132331432186
  21  Si  6.388686110386  3.588123546751  0.260628872194  -1.881883656578  -1.006961747600  -3.401074200598
  22  Si  3.265539535808  3.578317881589  0.228530458942  -0.439247396075  0.142405968907  -3.836557825278
  23  Si  4.842039343751  0.884396088864  0.247244078008  -0.566831887175  1.311855889200  -3.226531081761
  24  Si  3.080049479640  1.842719430615  2.616843088374  0.259365031630  0.168514584271  0.882652326712
  25  Si  6.207196570958  1.842170962117  2.656640455971  -0.006600999798  0.269713652916  0.915315555129
  26  Si  4.638304583828  4.544959773174  2.627061130614  -0.134644458549  -0.222823491905  0.653414467036
  27  Si  1.476798946878  6.361000894377  5.115144324776  -0.313959893021  -0.520557217672  0.213034732365
  28  Si  -1.650958604845  6.342950339207  5.088350148253  0.279298323413  -0.135036753724  -0.011983890378
  29  Si  -0.079449680953  3.643258056491  5.096937292642  0.104660476544  0.313184779851  0.427437757747
  30  Si  3.000723370441  1.858851497379  7.752591132752  0.010350924466  0.576412260725  -0.100466431142
  31  Si  6.147218397281  1.894711130019  7.784095590328  -0.631757044412  -0.373465434180  0.304792999596
  32  Si  4.570549409406  4.566251643148  7.753757563885  -0.869332911913  0.173881393276  0.097364856025
  33  Si  1.682945144526  6.266338832105  0.187445572759  -0.063712746702  -0.199792557275  -3.534565195088
  34  Si  -1.454275672822  6.267325085175  0.125162293095  0.505532691855  -0.377188379604  -2.767081257842
  35  Si  0.127944200328  3.559377959304  0.165053655469  0.226991432548  0.437719840757  -3.066785577850
  36  C  -0.068669189479  1.842826041732  4.486123188731  1.471041575705  0.929243626958  0.139078812352
  37  C  3.030623094515  7.242667841223  4.498777442467  -0.010350657909  -0.922706582600  0.298088392815
  38  C  -3.206877414766  7.236928771310  4.420398392906  1.317432507085  -0.674925590129  0.063479901253
  39  C  4.570729449695  6.374987252193  7.090257661547  -2.690954892440  -1.666468384484  -1.168603140956
  40  C  1.465639542723  0.970732229126  7.073241442692  -0.115934896145  2.263941819130  -0.747411855407
  41  C  7.728502593671  0.971327898089  7.156992307977  -3.183976770145  1.177747405310  -2.402539365681
  42  C  -0.169997207244  1.864092425924  9.610878949477  2.072453781634  1.040896689862  0.019854733016
  43  C  2.963994155154  7.267893421302  9.625004646700  -0.319482359409  -1.305061690202  0.167674414341
  44  C  -3.296627477196  7.258612130070  9.554380694728  1.569527642010  -0.411467290581  -0.185754810969
  45  C  4.643624443449  6.336934364372  1.966894654774  -2.631163527028  -1.633516660399  2.157783659022
  46  C  1.530647905162  0.935664774530  1.957518874313  0.487903453660  2.243748434479  1.887706384142
  47  C  7.795979318105  0.955769919631  2.049676751730  -2.683850149029  0.406523611291  0.296949590497
  48  C  -1.656083467507  4.536051715681  4.446198902405  1.795816734973  0.780481190260  0.371787718948
  49  C  1.463886304438  4.552823630348  4.477623985331  0.552558954576  -0.066083764043  0.230670577298
  50  C  -0.089861227298  7.252354806033  4.478787744829  0.099652577243  -1.606803165571  -0.442906978959
  51  C  6.128829757631  3.677855533451  7.154871821706  -2.532317481981  -1.709658723403  -1.995433862367
  52  C  3.006992989659  3.651242692749  7.080432802543  0.189924132724  0.260656622807  0.259445887342
  53  C  4.580027678572  0.977524930453  7.107327227842  0.255423756562  2.505266542883  -0.550810003266
  54  C  -1.724083204382  4.552214327800  9.585119726492  1.616827022133  1.135383972474  -0.449670341742
  55  C  1.404815356406  4.580737491303  9.624630869177  0.057649033969  -0.241209842200  -0.311087664395
  56  C  -0.163634993008  7.265953889848  9.610216168700  -0.100145125000  -1.155838251952  -0.664934685055
  57  C  6.224667931956  3.648464753773  2.021974265316  -3.028127276625  -1.949114941226  1.135838413221
  58  C  3.086158414921  3.637914841566  1.967279951517  0.322917188219  -0.060097009304  3.257065027283
  59  C  4.678247108442  0.939828993395  2.015910560424  -0.212873883623  2.455413638785  1.277159236058
  60  C  3.062825717437  1.848017249753  4.547904517966  -0.212986830660  0.300398056277  -0.318176170550
  61  C  6.181758086808  1.839015613569  4.565525108286  -0.399305024740  0.517688019171  0.557608160695
  62  C  4.619972267547  4.576786673673  4.535566537236  -0.611922872743  -0.680873675889  0.215156636933
  63  C  1.449836452717  6.364739223103  7.051058465418  -0.145355164580  0.122589157156  -0.068868024779
  64  C  -1.691891345620  6.366529280501  7.003475808738  0.353539912683  -0.302094038185  0.395920100522
  65  C  -0.113685407628  3.661396258596  7.055103752241  0.133956242229  -0.073858236668  -0.318770530386
  66  C  2.960634861770  1.874879787147  9.675783508625  0.404643938072  0.273641173369  -0.413190302279
  67  C  6.117398178939  1.863156686022  9.706821261715  -0.481515043913  0.585720476555  -0.179481884197
  68  C  4.536481660506  4.582663021490  9.678964201274  -0.306980971128  -0.177365117320  -0.290446534790
  69  C  1.524526996991  6.349178571560  1.932697187314  0.154470252971  -0.366892555475  3.068015632373
  70  C  -1.604556829859  6.305953240328  1.893632349607  0.117234724993  0.284594404502  2.579602958480
  71  C  -0.048378175742  3.609484030171  1.921601905915  0.658740592867  0.442437866004  2.911695173327


MDSTEP:  8
LATTICE_CONSTANT: 1.889726125458
LATTICE_VECTORS
  9.219244923520  0.000000000000  0.000000000000
  -4.666632848024  7.968030731022  0.000000000000
  -0.295323939247  0.105479510926  10.072551569173
VIRIAL (KBAR)
  65.424142349792  44.397765295111  38.815511518184
  44.397765295111  96.987599538424  -14.359195345595
  38.815511518184  -14.359195345595  103.796048134567
INDEX    LABEL    POSITIONS    FORCE (eV/Angstrom)
  0  Si  -0.031913235308  1.836617053079  2.557753366163  2.528719969139  1.840605699174  2.329568612011
  1  Si  3.065986237376  7.245767568482  2.581641966866  -0.206633883857  -2.414310099901  1.808463009697
  2  Si  -3.194364143905  7.225075436696  2.480042606284  3.166669663712  -0.824010536458  3.485304168762
  3  Si  4.579317831204  6.364341770548  5.162782255832  -0.934702461237  -0.886763560915  -0.206889262823
  4  Si  1.477305742752  0.945045172870  5.149860571085  0.483279921357  1.827788226965  -0.237638529925
  5  Si  7.736674662711  0.975868208867  5.260792440874  -1.413046770495  0.281831442213  -1.421801690648
  6  Si  -0.123270031335  1.859011619413  7.712886871652  2.796499358056  1.983924738157  0.972122560372
  7  Si  2.980673620163  7.286341837840  7.709924550369  -0.065832921324  -3.335107750089  1.161625487485
  8  Si  -3.253902908977  7.272291233627  7.629693927429  2.120114504236  -1.190839488951  1.857554830672
  9  Si  4.812828856684  6.290227834627  0.238414137900  -1.843458157361  -1.496111941536  -4.405140595301
  10  Si  1.704347559511  0.859115648783  0.207148614702  0.059661932391  2.019008963444  -3.451013171904
  11  Si  7.973037108595  0.875441412838  0.300701763912  -2.344267486208  0.521416738919  -3.706577905669
  12  Si  -1.622447309180  4.537610964656  2.531778777025  3.292822519834  1.045684767658  2.245102107060
  13  Si  1.521771055258  4.553175363602  2.572910940892  -0.211653102683  -0.441566859088  0.397573821486
  14  Si  -0.078175809596  7.221452230059  2.513215394643  0.557807520945  -2.110208382778  2.362825982242
  15  Si  6.164640925056  3.656406331426  5.205534946266  -1.594220739622  -0.783609392729  -0.269054688478
  16  Si  3.038509239538  3.650217772590  5.160610998013  0.023106306691  0.199520342762  -0.184632955076
  17  Si  4.601949832927  0.952471909914  5.213053180973  0.212026182840  1.516263372700  -0.723015326913
  18  Si  -1.692896626259  4.557687198173  7.657288478408  2.984458801398  1.761848647824  1.375999130918
  19  Si  1.436949058116  4.578405264773  7.694142630597  0.122028218997  -0.303746587701  0.130749305399
  20  Si  -0.142368205399  7.277890799562  7.666937619014  0.231816613324  -2.736346139535  1.081009311006
  21  Si  6.392136917083  3.586620202487  0.257330573510  -1.960098798443  -1.041701889071  -3.413331359562
  22  Si  3.268387709159  3.578695897759  0.221251412728  -0.538219309102  0.064464250794  -3.762220306108
  23  Si  4.847255994169  0.889122002932  0.251783411709  -0.665389660384  1.029315257037  -3.322395049494
  24  Si  3.082753032302  1.848206328220  2.611037864773  0.291152316124  0.032943088382  1.012387255363
  25  Si  6.201834835384  1.842207130687  2.654911478516  0.140865169447  0.329233889389  1.077891530050
  26  Si  4.638864336330  4.549968315275  2.621914469721  -0.032798398117  -0.450462715470  0.779762648848
  27  Si  1.477525369790  6.366122679152  5.112358263716  -0.394254487372  -0.659252562519  0.355123172411
  28  Si  -1.652030251492  6.337711731263  5.083637696257  0.213927901959  -0.039346351379  0.150938591626
  29  Si  -0.083579761217  3.646702537540  5.097312901688  0.201713562510  0.280488486493  0.391720872078
  30  Si  3.002938682117  1.854808888900  7.747741710165  0.022466556984  0.674484500045  -0.135702189844
  31  Si  6.146462070016  1.900590514009  7.784378985873  -0.681351120467  -0.452683213657  0.191190957545
  32  Si  4.573732592332  4.569167144561  7.748147793370  -0.942893172259  0.062403636970  0.154042757554
  33  Si  1.686595086466  6.268386345145  0.191014289848  -0.080418491088  -0.336998412958  -3.821304472116
  34  Si  -1.450933366206  6.265775105203  0.128272684394  0.487602533495  -0.328392831514  -2.878864120546
  35  Si  0.131233356133  3.558899468676  0.161853595674  0.163523215391  0.461801489885  -3.070748841173
  36  C  -0.075107593347  1.852943300446  4.481322729967  1.527484155046  0.714873762473  0.294712126344
  37  C  3.024187190480  7.243167406397  4.492804370816  0.137359147629  -0.949225863743  0.407988059546
  38  C  -3.207213151123  7.245247701999  4.415702970548  1.206030628698  -0.915927053476  0.146530096348
  39  C  4.569379781352  6.366733466373  7.080269325232  -2.474030040081  -1.275997865419  -0.864763011081
  40  C  1.457302474546  0.978423602680  7.066512669536  -0.004251706015  2.040963350088  -0.589772412014
  41  C  7.719744015356  0.967916329907  7.148714816421  -2.835284238569  1.478588498992  -2.140115314416
  42  C  -0.164854277020  1.856489404997  9.618319998068  1.981495247677  1.223849922360  -0.191781321930
  43  C  2.967992089344  7.273426367034  9.626394589409  -0.340989352793  -1.408290918386  0.114317406726
  44  C  -3.293203937976  7.260302448490  9.562720480769  1.529481849044  -0.517760967772  -0.378059982574
  45  C  4.640477656760  6.333147594848  1.966749649536  -2.608843044933  -1.513599276307  2.137932994238
  46  C  1.536130170719  0.936778283107  1.957121959602  0.379566704584  2.164215940258  1.868915841009
  47  C  7.784595763934  0.958385727517  2.058648497373  -2.323542320752  0.426944661488  0.065693218181
  48  C  -1.660675255614  4.528168141989  4.454686124612  1.926481478695  1.018654813624  0.076204464149
  49  C  1.462955126794  4.554477745211  4.469677002776  0.520666927520  -0.025780149195  0.389972553828
  50  C  -0.090800071918  7.253933057655  4.485578149683  0.073867286691  -1.761517172583  -0.622579550551
  51  C  6.129054005184  3.682556039018  7.146651664034  -2.459452308406  -1.786730282379  -1.834375723597
  52  C  3.012462264902  3.651598335135  7.074990570352  0.115754546286  0.239733927885  0.303659274238
  53  C  4.583568924429  0.974532516431  7.098409677681  0.185858813112  2.505548591248  -0.319520571630
  54  C  -1.727598829472  4.559689947923  9.587710020545  1.717567238348  0.944966530017  -0.541208804058
  55  C  1.399130491526  4.576668384992  9.615452189331  0.236177485949  -0.156216438807  -0.148475375272
  56  C  -0.161919239034  7.256834640041  9.609470074674  -0.084555155113  -0.835947790502  -0.500606227620
  57  C  6.231524037915  3.638886406258  2.015558245235  -3.147089653161  -1.755720388228  1.239547608912
  58  C  3.095033898626  3.633225319999  1.963463133285  0.138076760948  0.132136911921  3.221516025252
  59  C  4.685475004766  0.945190892624  2.021616214539  -0.407803491144  2.093146710178  1.159874910190
  60  C  3.071326985943  1.841223367931  4.545791890985  -0.459695351212  0.497984770083  -0.323273489187
  61  C  6.187850134979  1.844060504112  4.560784147516  -0.605506754444  0.360116776931  0.688922406877
  62  C  4.628682052165  4.576779713690  4.540102482473  -0.779974160470  -0.618256835004  0.016904864474
  63  C  1.443864642776  6.359308007958  7.059767083264  -0.016686620553  0.250786411825  -0.257527830096
  64  C  -1.696531725037  6.365348224884  7.009715607258  0.420641326588  -0.197547027980  0.256305690408
  65  C  -0.106144917825  3.664073116553  7.047488348982  -0.084133311364  -0.100912006609  -0.119459976688
  66  C  2.968869761016  1.870226250392  9.669307245706  0.242263560803  0.293930461315  -0.333295956456
  67  C  6.115303528201  1.858636722974  9.701925874252  -0.305404830431  0.691867829369  -0.141911080911
  68  C  4.536604511659  4.576740403250  9.678744174738  -0.251800463355  0.015038168302  -0.378850647288
  69  C  1.527993037554  6.341096859160  1.929158740702  0.043585359354  -0.189566090967  3.253291524248
  70  C  -1.605846743052  6.297661489757  1.892072108545  0.069168445792  0.467674369299  2.681246644275
  71  C  -0.041684382144  3.617137634117  1.915531720063  0.546492031220  0.346404897136  3.051415919119


MDSTEP:  9
LATTICE_CONSTANT: 1.889726125458
LATTICE_VECTORS
  9.219244923520  0.000000000000  0.000000000000
  -4.666632848024  7.968030731022  0.000000000000
  -0.295323939247  0.105479510926  10.072551569173
VIRIAL (KBAR)
  64.697807450318  43.103987980204  38.326809928102
  43.103987980204  95.538835319432  -13.919061396166
  38.326809928102  -13.919061396166  102.423347150918
INDEX    LABEL    POSITIONS    FORCE (eV/Angstrom)
  0  Si  -0.036920727207  1.842194187982  2.559624760355  2.550608065411  1.696140144735  2.290085438318
  1  Si  3.069636740889  7.239245250302  2.586036178658  -0.228787236778  -2.162708806472  1.660738079614
  2  Si  -3.190002127737  7.222223241956  2.477802414258  3.054176305709  -0.897855609028  3.592492623841
  3  Si  4.579842280320  6.360092812953  5.167737278861  -0.986994592442  -0.935343370410  -0.333403546298
  4  Si  1.479743808293  0.940686060500  5.144851639098  0.444261148075  1.967102412174  -0.097949603424
  5  Si  7.740734642877  0.976343885632  5.258454400368  -1.578502374137  0.060257891514  -1.464215556956
  6  Si  -0.127632120915  1.853773205559  7.713898522232  2.876119053260  2.066065034520  0.967078643507
  7  Si  2.981893818837  7.288161997318  7.712129677199  -0.024213599732  -3.120013161550  0.933420482028
  8  Si  -3.249559820562  7.267326887682  7.632755300241  2.017610580666  -0.844967128073  1.761990510704
  9  Si  4.806721860989  6.296012095592  0.237854886573  -1.712120573439  -1.586778685688  -4.379974892754
  10  Si  1.699589046674  0.853674923347  0.205305581242  0.283018837581  2.227903799967  -3.229509594650
  11  Si  7.975080179485  0.879764055555  0.299634413182  -2.560599113002  0.488429255521  -3.443468836330
  12  Si  -1.621251082009  4.538831463837  2.536743371359  2.938060444922  0.795652748436  2.019132253053
  13  Si  1.524882140509  4.548174115302  2.566740139689  -0.190635856952  -0.282563414233  0.525901537759
  14  Si  -0.076330648830  7.224706130412  2.509289076275  0.481325475190  -2.224450136048  2.457667480841
  15  Si  6.167375840324  3.658105039908  5.207639676674  -1.632951205720  -0.873953508391  -0.355370934654
  16  Si  3.033393828821  3.653487783157  5.163381115349  0.238044883061  0.199207118715  -0.201545731685
  17  Si  4.604133375490  0.950880729503  5.212047895298  0.151083890058  1.553278059771  -0.721420214927
  18  Si  -1.694510938328  4.553238746937  7.659005436963  2.844353217220  1.748948851469  1.293517500484
  19  Si  1.443330950616  4.574329873098  7.695173663264  -0.004518299054  -0.251449825876  0.104636127136
  20  Si  -0.141550842557  7.274757055272  7.668717130304  0.192020676092  -2.574471329232  1.003911066364
  21  Si  6.384987436211  3.580360716325  0.255153207924  -1.862396272021  -0.845469044547  -3.367357172297
  22  Si  3.268489114921  3.579437788789  0.226371814184  -0.464466911583  0.058281852311  -4.141182491692
  23  Si  4.844950636700  0.886822794136  0.245648994869  -0.725315551832  1.131418708867  -2.945476092658
  24  Si  3.081025275459  1.853774715848  2.616927877057  0.294914794957  -0.030806540138  0.889040611730
  25  Si  6.201873756869  1.844603543807  2.656235540120  -0.051283447833  0.289104619365  1.165699674711
  26  Si  4.634484389736  4.553529886774  2.619781206015  0.099721145277  -0.578421535532  0.846467088131
  27  Si  1.482411163269  6.365166853170  5.114523397572  -0.526878292555  -0.589679654752  0.284331443685
  28  Si  -1.654248784193  6.340885627477  5.087235323379  0.220946503070  -0.040627019956  0.103482039439
  29  Si  -0.078001882464  3.649769912336  5.103578578380  0.071841081501  0.235071465663  0.271368035832
  30  Si  3.002884725305  1.852192972980  7.745076142205  0.029365794101  0.776503955460  -0.051701268763
  31  Si  6.141018082214  1.897667638255  7.782480478674  -0.719779225511  -0.280359881909  0.176225722934
  32  Si  4.573750397391  4.573263904860  7.753512638362  -1.011850504601  -0.094062174416  0.036130365557
  33  Si  1.686765724452  6.263712757451  0.185804218082  -0.121013775007  -0.156750079174  -3.389331493350
  34  Si  -1.449004233413  6.265833062348  0.122387085713  0.368953743751  -0.488267402891  -2.469587959151
  35  Si  0.132036991925  3.552663052715  0.164741751080  0.168007332729  0.676423741970  -3.373054982006
  36  C  -0.081304775492  1.847083891908  4.483246208535  1.776440742091  0.971990212880  0.227520839643
  37  C  3.023227230595  7.233623781589  4.483677962235  0.246687751894  -0.758466742173  0.728040954977
  38  C  -3.214216017506  7.242251609242  4.421266152887  1.349402919098  -0.883692425074  0.027711201449
  39  C  4.574868298718  6.361845908232  7.079537612101  -2.594078126615  -1.116423036994  -0.791779285493
  40  C  1.464124688520  0.986131890156  7.071673040875  -0.238620155232  1.650745557959  -0.672914151285
  41  C  7.710261682382  0.977231782650  7.138372488631  -2.680397390170  1.104645223539  -1.865244493255
  42  C  -0.163445163926  1.856097166879  9.625800140458  1.989537117183  1.203222118623  -0.375314363695
  43  C  2.965632599865  7.281248502970  9.617125466960  -0.327041304497  -1.452599817605  0.324459928248
  44  C  -3.289994729309  7.261508100846  9.563342584156  1.393420994142  -0.640560133871  -0.366238563838
  45  C  4.642900582795  6.324670635433  1.969639524109  -2.610268706622  -1.253927994021  1.973361497336
  46  C  1.536957653652  0.933857134552  1.963387674990  0.312751885306  2.276962548619  1.655126451178
  47  C  7.774912937376  0.963024330807  2.064710182243  -2.090751559319  0.205495164213  -0.128456949230
  48  C  -1.666372538892  4.535336006923  4.448470315250  2.129426244484  0.874361526873  0.292087785010
  49  C  1.471599632130  4.558256915590  4.469876322190  0.340203925763  -0.135666654092  0.353142098237
  50  C  -0.092577142852  7.253117910871  4.481007228870  0.111000055491  -1.752574880589  -0.476066601623
  51  C  6.120850423591  3.684541526331  7.139209373907  -2.271467030527  -1.768318749912  -1.657890396802
  52  C  3.007729824824  3.645003443252  7.077916029915  0.243481508809  0.396610805522  0.240610173751
  53  C  4.576501385168  0.977697816167  7.099762342511  0.281847769073  2.268457578932  -0.333383834708
  54  C  -1.732771274323  4.553556568978  9.580480558946  1.776416623558  0.945338751123  -0.353620329236
  55  C  1.403719453304  4.584194662750  9.611302755641  0.139473552815  -0.383253715708  -0.033174368000
  56  C  -0.166441083138  7.254311842585  9.610403708674  0.041375266951  -0.833868473620  -0.512876603402
  57  C  6.219280822540  3.637834057014  2.012159776951  -2.692517153455  -1.563645158662  1.378786007590
  58  C  3.101464210904  3.636470276579  1.957980750664  -0.044054357973  0.082280218413  3.494556175094
  59  C  4.675164166238  0.948211776410  2.028303196344  -0.239791746095  2.121379670227  0.818301653910
  60  C  3.070886130082  1.851152053474  4.541861725506  -0.445055108275  0.324558463336  -0.209676366665
  61  C  6.193246965867  1.837624937690  4.571113483601  -0.672653599795  0.493378656611  0.490170130929
  62  C  4.637995625719  4.574758402155  4.533078893788  -0.990988199887  -0.609450531912  0.165418948991
  63  C  1.446447282484  6.360793580450  7.063701231017  -0.020843072012  0.182297678965  -0.311398408724
  64  C  -1.702014054697  6.369947084712  7.017195659935  0.615613485647  -0.373742690688  0.142770218113
  65  C  -0.108801825059  3.663123226468  7.052292697703  -0.013737744358  -0.073163177988  -0.139680545247
  66  C  2.972470504673  1.875165236043  9.662062927781  0.085554642518  0.179865982060  -0.181547424602
  67  C  6.109774484276  1.864205855815  9.705218947305  -0.199987074616  0.509311023817  -0.277174118300
  68  C  4.536749938679  4.578059611825  9.674960106312  -0.322908678588  0.081062470665  -0.281373059432
  69  C  1.530331116159  6.342294076849  1.939657458667  0.071390974953  -0.248244069591  2.686234933749
  70  C  -1.607758483836  6.289289478169  1.901614333147  0.194593910864  0.649643575949  2.190383960339
  71  C  -0.036857546677  3.624577060989  1.908620837289  0.434415496967  0.215199672030  3.360360550923


MDSTEP:  10
LATTICE_CONSTANT: 1.889726125458
LATTICE_VECTORS
  9.219244923520  0.000000000000  0.000000000000
  -4.666632848024  7.968030731022  0.000000000000
  -0.295323939247  0.105479510926  10.072551569173
VIRIAL (KBAR)
  62.028570974277  41.251669974079  38.800655935549
  41.251669974079  95.863527294532  -14.721894679906
  38.800655935549  -14.721894679906  101.725158041209
INDEX    LABEL    POSITIONS    FORCE (eV/Angstrom)
  0  Si  -0.033180728181  1.847673520433  2.559815563341  2.242972402610  1.611567627719  2.310540778844
  1  Si  3.074490002721  7.238257346822  2.579961327827  -0.384588423549  -2.058000099226  1.752602547361
  2  Si  -3.188093369991  7.224580155562  2.482621711365  2.973282209449  -0.821374299237  3.505806796227
  3  Si  4.578458595578  6.353706843188  5.163668487178  -0.944435163098  -0.760154823929  -0.286401012076
  4  Si  1.475304927129  0.944592484823  5.151056394177  0.516600839568  1.963152573700  -0.243317435345
  5  Si  7.737710893590  0.982876793417  5.260721104926  -1.397377933745  -0.216694469876  -1.579367549829
  6  Si  -0.119829580092  1.854297726686  7.710966974827  2.510326034801  1.856465953001  0.843914320893
  7  Si  2.979353755279  7.281560564893  7.717058566507  0.168596801018  -3.057642617792  0.876339661721
  8  Si  -3.252879581850  7.267083691300  7.638853209317  2.093155981613  -0.907018325870  1.581861615406
  9  Si  4.800295681391  6.291612498117  0.239860428579  -1.475157748151  -1.354805148038  -4.243788339376
  10  Si  1.694307464205  0.860387691832  0.205664892968  0.371934932019  2.136870399654  -3.046202759608
  11  Si  7.975163827862  0.883872995748  0.292737211383  -2.546924461916  0.427055486663  -3.243030014233
  12  Si  -1.618985679409  4.536967356017  2.541326298298  2.814988155434  0.839351582875  1.807275856316
  13  Si  1.522719696506  4.551833081443  2.571683533821  -0.141756293448  -0.407568511659  0.377244517767
  14  Si  -0.075278396537  7.230044558436  2.511188657353  0.612433745919  -2.433223676625  2.460209808428
  15  Si  6.167002046412  3.654487870614  5.208146954823  -1.672782157851  -0.728802531259  -0.437041766336
  16  Si  3.029494444679  3.650115655619  5.156817872230  0.207773043925  0.405968713117  -0.036696273700
  17  Si  4.603878429131  0.952380141921  5.206714587910  0.208445796930  1.422522611675  -0.673629968416
  18  Si  -1.696170501750  4.557730573258  7.661349543307  2.898034200293  1.627262713419  1.144493256584
  19  Si  1.439247149597  4.579234580290  7.700192966291  0.062055505839  -0.497570763088  0.062152149590
  20  Si  -0.135118755113  7.280422979584  7.673054657374  0.065765754460  -2.692636024386  0.926898904724
  21  Si  6.385244437616  3.580645872216  0.254992041777  -1.859528137063  -0.909497630012  -3.393443176506
  22  Si  3.270450261271  3.574351368166  0.230745447941  -0.558080581983  0.168468673195  -4.204385133204
  23  Si  4.843773331157  0.886946192794  0.247251352696  -0.674872403345  1.082856187764  -3.046063304300
  24  Si  3.078023091729  1.847447631811  2.619012106770  0.444435236688  0.151144039481  0.867133534945
  25  Si  6.206745991444  1.845511664007  2.662035987973  -0.170628666246  0.315344938993  0.934820602483
  26  Si  4.633099768757  4.557096904548  2.615093320156  0.045936517416  -0.751186558732  0.971657555594
  27  Si  1.481255370756  6.361485054809  5.117546277161  -0.380582235445  -0.458011109798  0.198940321545
  28  Si  -1.653295031364  6.341693819077  5.087148954744  0.144235037585  -0.110900512603  0.063556287556
  29  Si  -0.082137730081  3.653528668257  5.101602880983  0.169976971758  0.237057692090  0.290967820687
  30  Si  2.996779543367  1.855565758188  7.742601734500  0.080439339960  0.643952384404  0.001909929633
  31  Si  6.145586267344  1.894636065704  7.787598086757  -0.749713547373  -0.175106960893  0.004939293811
  32  Si  4.572275824804  4.579355144688  7.760413771497  -1.005796256327  -0.351356011692  -0.143803987855
  33  Si  1.684455424445  6.261916238029  0.184325148385  -0.118245273978  -0.053596751402  -2.952930218102
  34  Si  -1.455470035963  6.267757247777  0.121845588482  0.560603629920  -0.526130901536  -2.266822426756
  35  Si  0.134219054650  3.552939119835  0.157760571692  0.118139002429  0.767956523667  -3.108508473277
  36  C  -0.078981331918  1.856371161208  4.490893412319  1.701707273601  0.829112036630  0.082931414291
  37  C  3.027318027625  7.229421046193  4.475797693280  0.142402636344  -0.576808136569  0.933118846091
  38  C  -3.215375691518  7.249899963596  4.424689817671  1.359460771635  -1.019740885358  0.011379928237
  39  C  4.580963696895  6.352335940418  7.077317820634  -2.724888246038  -0.954027079866  -0.710706557476
  40  C  1.458339232565  0.980103028311  7.063688945389  -0.100819577453  1.732481816752  -0.462557705101
  41  C  7.709367501908  0.967518426488  7.135551496498  -2.475409264399  1.329412827942  -1.678959323045
  42  C  -0.163464314440  1.855349058072  9.622930468820  2.053057586642  1.280051220934  -0.428057513374
  43  C  2.963677020428  7.285507081911  9.622762474861  -0.275862847722  -1.584635532225  0.232298057467
  44  C  -3.280440097979  7.266947379854  9.561014271082  0.966117795115  -0.741697626678  -0.160209443413
  45  C  4.639099017297  6.322256282223  1.979866759346  -2.340458049437  -1.077070107700  1.602533760056
  46  C  1.537210268893  0.945784919325  1.971256400129  0.242918813103  1.909384216187  1.422688887009
  47  C  7.770089903237  0.966571389543  2.056943356274  -1.770642072696  0.214243526150  0.033308557056
  48  C  -1.665661250754  4.526567379674  4.438790215049  2.007424561343  1.046524192283  0.555655080327
  49  C  1.463665697020  4.567465497456  4.462241462346  0.426324218096  -0.360598228980  0.587689758611
  50  C  -0.091669616521  7.244824515876  4.475960673543  0.099525281899  -1.454063361877  -0.287468810560
  51  C  6.123009889877  3.688103818629  7.133222056901  -2.342314101408  -1.878176801806  -1.482734099773
  52  C  2.999977608440  3.638078147142  7.082348458339  0.323201051189  0.602104397453  0.121531436087
  53  C  4.576821141769  0.981192655569  7.098549808474  0.278982547832  2.247659388873  -0.339125022435
  54  C  -1.736483884607  4.553814491294  9.574596282542  1.806860903870  0.962823844922  -0.228769595535
  55  C  1.407267095558  4.592289931477  9.614878164180  0.087397225269  -0.587521799416  -0.098154880057
  56  C  -0.164939556514  7.251437176559  9.613083120882  -0.032517893236  -0.746615526106  -0.529326646236
  57  C  6.214516011111  3.641838969945  2.009131426718  -2.533328275288  -1.546267854242  1.464552864681
  58  C  3.101772625569  3.630188745900  1.957790337830  -0.096098468160  0.166095646112  3.628391368872
  59  C  4.676009939063  0.945970377862  2.024671160465  -0.200449290758  2.289619648899  0.990678024575
  60  C  3.074257803759  1.858894946287  4.541127700562  -0.528440485902  0.104348467090  -0.207340926114
  61  C  6.202381012409  1.838878265596  4.565315114384  -0.890319420411  0.460863004959  0.609707406015
  62  C  4.631609098381  4.577787344278  4.530385084976  -0.846426198114  -0.783226090271  0.158609000266
  63  C  1.455688556317  6.353942554031  7.072906293919  -0.237966576408  0.331822108195  -0.480726034133
  64  C  -1.703815566888  6.368119100012  7.015654752633  0.747734845296  -0.261356591342  0.209321727601
  65  C  -0.106099778389  3.654362969696  7.048318702950  -0.100548606204  0.180399791160  -0.034154405332
  66  C  2.968245039470  1.878685860963  9.666459819653  0.149735919439  0.097280537478  -0.313418503795
  67  C  6.119020382997  1.854779901911  9.704190690244  -0.459649483532  0.736659717147  -0.273787066190
  68  C  4.531151822425  4.579242778476  9.678190181159  -0.207120568751  0.031907057297  -0.293318497226
  69  C  1.532661460046  6.333641776498  1.951935248347  0.063618395091  -0.035538435767  2.196349375961
  70  C  -1.599009221836  6.295696979246  1.910366642750  -0.006985138748  0.527391836620  1.935196255009
  71  C  -0.039090556530  3.629700632282  1.908560658978  0.484112882786  0.141438401358  3.155039560385


