MDSTEP:  0
LATTICE_CONSTANT: 1.889726125458
LATTICE_VECTORS
  9.115710066505  0.000000000000  0.000000000000
  -4.359330076995  8.109866204003  0.000000000000
  0.056351879632  0.112202364609  10.288361838810
VIRIAL (KBAR)
  96.262333338273  -21.959077883412  -10.428489494911
  -21.959077883412  -10.685099854101  -17.714384518097
  -10.428489494911  -17.714384518097  -53.054128870385
INDEX    LABEL    POSITIONS    FORCE (eV/Angstrom)
  0  Si  0.026444855708  1.806501477389  2.532095911684  1.474322141306  0.164241264762  -0.338342892383
  1  Si  3.200302358124  7.129227460341  2.490971726638  0.191787969661  -0.056500492299  -0.178476327629
  2  Si  -3.003000197271  7.207606459035  2.506568784040  1.901893830608  0.233450163289  -0.078859900007
  3  Si  4.743131729116  6.237518360929  5.035115689413  -1.794951479879  -0.623213056802  0.341570137416
  4  Si  1.574478715445  0.907186735359  5.075527149203  -0.264858879429  -0.020425732787  -0.376282353599
  5  Si  7.772908019130  0.826860432176  5.046787351911  -2.071332948678  -0.545428224851  0.391867738220
  6  Si  0.045734032712  1.815868010776  7.622128193328  1.263425654056  0.735505117882  -0.031436473140
  7  Si  3.218030430301  7.162301441116  7.584032370619  -0.102974740996  -0.185568880834  0.019919198103
  8  Si  -2.981034079573  7.230602588843  7.594427508769  1.560579067898  0.393050936358  0.070373332721
  9  Si  4.755258041131  6.254553996863  10.117513495817  -1.544837150316  -0.064460247074  1.682027490488
  10  Si  1.589283016182  0.933778009260  10.162377862658  -0.076919076984  0.133195872826  1.058079065042
  11  Si  7.790623575836  0.851656455715  10.147035804142  -2.054363629317  -0.132924585510  1.417379371630
  12  Si  -1.488235114585  4.510977566780  2.524418638977  1.519563973484  0.087741930377  -0.375044227912
  13  Si  1.613439657547  4.466533555701  2.514684393611  -0.032327225016  -0.074589446215  -0.414584226270
  14  Si  0.100111055139  7.169706680683  2.500903040043  0.378434139340  -0.022862089707  -0.240822049640
  15  Si  6.260167826848  3.533441519054  5.044619587110  -1.690514608679  -0.371563968112  0.296699764048
  16  Si  3.154337032335  3.561113183832  5.051707486776  -0.097134161884  0.204339829698  0.024148210772
  17  Si  4.670528546830  0.861623713151  5.073854811255  -0.449958270737  0.109170937623  -0.423810821281
  18  Si  -1.480952256548  4.536269503870  7.603333240004  1.578370006811  0.079899090770  0.096926422538
  19  Si  1.621428091254  4.495243678524  7.604945734680  0.152691069495  0.027184812277  -0.292305846120
  20  Si  0.104517408429  7.203207182740  7.586891930954  0.717147262340  -0.256716432364  -0.000699513579
  21  Si  6.269064189677  3.563998048621  10.129590541666  -1.438642681664  -0.432956820810  1.721639018536
  22  Si  3.165792424390  3.590800847672  10.137605339270  0.163297876190  0.355403445336  1.258601774060
  23  Si  4.689532790914  0.887226009167  10.151863021269  -0.310526126414  0.299200548691  0.955727244506
  24  Si  3.127752863334  1.759542800882  2.519411270469  0.001472381820  0.002959696393  -0.388889593251
  25  Si  6.224797648524  1.723901790287  2.511439128551  -0.150424207450  -0.019827317052  -0.385349661041
  26  Si  4.710982751931  4.429608767049  2.503499410659  -0.256544010571  -0.241236538723  -0.325862383329
  27  Si  1.640456630967  6.272038350434  5.044981620806  -0.025285222640  -0.005752942741  -0.077010658871
  28  Si  -1.455597814734  6.315482643664  5.053167367798  0.185553382342  0.038588759644  -0.123794321373
  29  Si  0.056247006054  3.603382096472  5.070723683222  0.315697502464  0.220248962499  -0.140859545737
  30  Si  3.136912023287  1.792597660446  7.616650657794  0.129612451093  -0.099162521663  -0.462592759033
  31  Si  6.248657882891  1.754453188973  7.584732292834  -0.417904455087  -0.139524646253  0.288228762373
  32  Si  4.723689549924  4.460126534719  7.583717485942  -0.381404019247  -0.222177508292  0.024765729070
  33  Si  1.650961278274  6.292927166950  10.142115979300  0.095746377884  0.433792989361  0.995118256371
  34  Si  -1.447370248154  6.337195152110  10.132611845241  0.512488951390  0.195261472998  1.358899331323
  35  Si  0.078720322841  3.632501164194  10.158035701507  0.098314640337  0.345737307094  1.185120658985
  36  C  0.030128788199  1.812505874364  4.441235367307  1.533529545107  0.541656071540  -0.424206743500
  37  C  3.196100540560  7.143580880513  4.409570581069  0.237736900577  0.020985328780  0.164632892657
  38  C  -3.008606800769  7.219138197631  4.420342132740  2.177382281428  0.716418942282  -0.256258788357
  39  C  4.743271691158  6.244990028699  6.943340564369  -1.077622238654  -0.310091620088  0.044644901430
  40  C  1.568198690360  0.917873836650  6.975160623822  0.201591537318  -0.151849002760  0.319266919665
  41  C  7.785202580785  0.833319009745  6.972654767394  -1.788480836108  -0.337017034339  -0.454697944670
  42  C  0.047511781295  1.847599262843  9.531944059434  1.530983856791  0.275924771632  -0.311464782022
  43  C  3.206989326223  7.178922847830  9.497319155373  0.338086404515  -0.220496592263  0.424266531593
  44  C  -2.984307460831  7.244587425243  9.505301274211  1.844451709586  0.678218764067  -0.137334051459
  45  C  4.740254635271  6.214754712812  1.859347451044  -1.518604182240  -0.551105889979  -1.213718681686
  46  C  1.567712483039  0.878706881436  1.903318475465  -0.274737775005  0.051754253063  -1.097160435590
  47  C  7.774000247979  0.807943615308  1.878534134594  -1.995894448446  -0.553317948572  -1.234343173830
  48  C  -1.480267275369  4.521895322261  4.432985069598  1.516455795777  0.382276264082  -0.345025759392
  49  C  1.619030820688  4.476108389200  4.429223678150  -0.088956531895  -0.067480365223  0.019024525627
  50  C  0.097012477660  7.187985370896  4.417051235090  0.483805048608  -0.064822642681  0.215223948946
  51  C  6.256119520120  3.542079631018  6.957472649302  -1.236731645613  -0.338367359760  -0.179580733139
  52  C  3.156569996355  3.572214026021  6.966533870391  0.018904029759  0.159684187151  0.212196312664
  53  C  4.684036219240  0.865797121053  6.982342086274  -0.592550581106  0.309396748411  -0.085415243831
  54  C  -1.468899877608  4.539169545754  9.519854050087  1.668363094249  0.601819707591  -0.370345616162
  55  C  1.627561456198  4.507074044636  9.518241647486  0.108782716733  -0.117577105664  0.138510192090
  56  C  0.113074588476  7.215926755952  9.497146917703  0.394590013065  -0.175444074060  0.491171005455
  57  C  6.256987733204  3.515837134852  1.872753845520  -1.663139868897  -0.571423875077  -1.175393316339
  58  C  3.138642410198  3.547654265257  1.883767668903  0.108064375754  -0.080173134214  -1.045516781575
  59  C  4.667427480013  0.847511115166  1.895195512792  -0.570111164684  -0.141515410495  -1.197081390148
  60  C  3.133388688284  1.779172615832  4.432864047871  -0.098052710198  -0.251255867173  0.122684092955
  61  C  6.237967549292  1.738900623658  4.424205748831  -0.491589690028  -0.059914492446  0.238249837063
  62  C  4.708999316903  4.432807907731  4.426825750465  -0.050527369736  0.105245600529  -0.051567220377
  63  C  1.645788153908  6.284388874152  6.955281512659  0.096108319674  0.025918944878  0.254482774012
  64  C  -1.460727164128  6.318019208063  6.962481708377  0.530917967358  0.106948411069  0.188647445054
  65  C  0.064364025712  3.620479084979  6.977365297748  0.074880907308  -0.139535254986  0.280127995587
  66  C  3.156699529166  1.803803278257  9.512095268646  -0.303408697976  -0.121527645265  0.476284890818
  67  C  6.251682600590  1.768983568718  9.509419785547  -0.352699188258  -0.080719397865  0.271674558457
  68  C  4.736526995390  4.466965187318  9.509190147192  -0.445488518613  -0.054009216593  0.044487016704
  69  C  1.631869935584  6.258756392221  1.872856816008  0.052964314063  -0.247124946835  -0.976458017580
  70  C  -1.469597321874  6.288041592964  1.886192038549  0.398646690018  0.035864929156  -1.038484996891
  71  C  0.049579095988  3.584255865708  1.889151521055  0.152854156236  0.078574266321  -0.843590116237


MDSTEP:  1
LATTICE_CONSTANT: 1.889726125458
LATTICE_VECTORS
  9.115710066505  0.000000000000  0.000000000000
  -4.359330076995  8.109866204003  0.000000000000
  0.056351879632  0.112202364609  10.288361838810
VIRIAL (KBAR)
  96.100209936758  -22.233700676860  -10.493509564745
  -22.233700676860  -10.871207614913  -17.719560736038
  -10.493509564745  -17.719560736038  -52.993191295900
INDEX    LABEL    POSITIONS    FORCE (eV/Angstrom)
  0  Si  0.027571413794  1.805809569092  2.532621314150  1.436820169683  0.172791961212  -0.375118470689
  1  Si  3.200207020937  7.128641398567  2.491157327078  0.192653563107  -0.036133476612  -0.191094356103
  2  Si  -3.002624157207  7.208359149365  2.506774254694  1.884273158132  0.194569163323  -0.089786540195
  3  Si  4.743642442350  6.236310569462  5.035462354714  -1.801645332592  -0.577646624850  0.336068085470
  4  Si  1.574437559831  0.907973480999  5.075742581741  -0.265343160363  -0.036203336115  -0.382423765272
  5  Si  7.773110505047  0.827186998341  5.046520920090  -2.085748125870  -0.555059176183  0.395534459748
  6  Si  0.045949302402  1.816006560215  7.621843444677  1.250954962535  0.733448985100  -0.027034538394
  7  Si  3.218816975125  7.163088981346  7.584085103910  -0.119053541655  -0.194902413430  0.022989689716
  8  Si  -2.980230604553  7.230919007550  7.593965924410  1.543813901523  0.387463587499  0.086218851315
  9  Si  4.754740758269  6.254857495057  10.118043406421  -1.508552919507  -0.070540835429  1.657811303262
  10  Si  1.589181921341  0.934737897194  10.162468250198  -0.075891934248  0.109389258683  1.050445726001
  11  Si  7.790159274605  0.850874994048  10.147250040516  -2.034558190732  -0.105832490717  1.409932752147
  12  Si  -1.487738174898  4.510308703525  2.524173001414  1.494536021243  0.080164808215  -0.386433657085
  13  Si  1.613498628716  4.467228688108  2.514804654545  -0.035122915814  -0.079519470650  -0.433040500687
  14  Si  0.099645316236  7.169169638700  2.500361749721  0.373714767711  -0.003031465582  -0.219843560949
  15  Si  6.259371229138  3.532754569884  5.044834999000  -1.647413522855  -0.339337759716  0.268351803413
  16  Si  3.154047781998  3.562342359911  5.052244400031  -0.085959267864  0.189545282264  -0.003324689464
  17  Si  4.670374623759  0.862099763192  5.074387378778  -0.450737149359  0.098439736077  -0.428885299438
  18  Si  -1.480679794952  4.536146762845  7.602938087124  1.561795962775  0.066749794953  0.095775401873
  19  Si  1.621858389426  4.495798647763  7.604168741077  0.135232031669  0.018776894925  -0.273375651489
  20  Si  0.104234322491  7.202380445785  7.586302301680  0.730976548214  -0.229655766995  0.021476245181
  21  Si  6.269212831457  3.564051362464  10.129441661447  -1.458322439315  -0.436541073602  1.728402395922
  22  Si  3.165445681959  3.590452916309  10.137402704989  0.162126154809  0.349129314128  1.264399651290
  23  Si  4.690349751693  0.887574127026  10.151720837498  -0.338691321408  0.285788970772  0.960057560310
  24  Si  3.127992943587  1.760182478217  2.519274314171  0.007424108792  -0.006155217899  -0.381792147615
  25  Si  6.224449904395  1.724336579831  2.511859282964  -0.154813090274  -0.040695594036  -0.398888629187
  26  Si  4.710953598202  4.429380344569  2.503471993233  -0.258827335170  -0.239497397185  -0.327697707683
  27  Si  1.639853643097  6.273056221110  5.044544133539  -0.004608278071  -0.015460031599  -0.072204905989
  28  Si  -1.455766185352  6.314887001094  5.053711501028  0.192819719160  0.059508595903  -0.132367246960
  29  Si  0.056213625758  3.604023023931  5.070043119721  0.326654031491  0.215540155401  -0.144484265534
  30  Si  3.137149034889  1.791966810766  7.616825246365  0.109991873744  -0.079028884419  -0.473428220539
  31  Si  6.247259579462  1.754836708293  7.585575428229  -0.379664915509  -0.149140710527  0.279240840695
  32  Si  4.723695582571  4.459340933279  7.584559919071  -0.389914457351  -0.203380685647  -0.002463852415
  33  Si  1.650993451818  6.292225648819  10.141919640696  0.087439811657  0.436449595192  1.007869946587
  34  Si  -1.446578564932  6.337126828449  10.132241193528  0.501110280372  0.196478597988  1.368508292332
  35  Si  0.078751067505  3.632987286064  10.157752267411  0.083791248173  0.330293840813  1.188082526850
  36  C  0.029550251919  1.812738489510  4.440356188627  1.550394388321  0.549121110462  -0.408191990761
  37  C  3.196447376370  7.143970333937  4.408633521400  0.239775615385  0.012871254622  0.189755871866
  38  C  -3.008373071327  7.218831505415  4.420162947848  2.170376853830  0.724974435862  -0.243815492901
  39  C  4.743425324309  6.245588032899  6.943765258795  -1.071248373662  -0.333387318208  0.043074720371
  40  C  1.567437725433  0.917683064567  6.975358903452  0.224819144731  -0.146017081181  0.307514455217
  41  C  7.785024484688  0.833602083308  6.972819902790  -1.795545168483  -0.327531408325  -0.456141674599
  42  C  0.047798573496  1.848018589076  9.531271338495  1.503825131663  0.259804027330  -0.294061233981
  43  C  3.206216224714  7.178219504835  9.497846001455  0.355395181448  -0.208965721873  0.412264894096
  44  C  -2.982455376001  7.244525683028  9.504807813094  1.792003698910  0.672501976837  -0.118605670430
  45  C  4.739963188279  6.213777235564  1.858706623271  -1.499096507988  -0.519442484095  -1.199545518902
  46  C  1.568470155827  0.878518728288  1.903395565875  -0.281922482153  0.060105603103  -1.098149194306
  47  C  7.772857039749  0.808454869688  1.877616016601  -1.958450510599  -0.559089027878  -1.209293358140
  48  C  -1.479138312697  4.522842929834  4.432357850359  1.466589789492  0.337007491691  -0.324005527228
  49  C  1.619700546317  4.476761897793  4.427727974832  -0.104155659534  -0.068437265491  0.050422121770
  50  C  0.096892802198  7.188014580529  4.417864085304  0.473767047185  -0.054483115571  0.200540995893
  51  C  6.255776080833  3.541282624949  6.956326510185  -1.228223257102  -0.315227053363  -0.150635134681
  52  C  3.155604836216  3.572631022073  6.965292561310  0.040227548012  0.148660209500  0.241854080828
  53  C  4.684349835443  0.866539128765  6.982938897907  -0.609501385853  0.283796797480  -0.091564437681
  54  C  -1.469669495518  4.539404196329  9.519451434237  1.685278414307  0.596927573034  -0.371645745081
  55  C  1.627133800804  4.506194549597  9.519086476231  0.119272541896  -0.101179532648  0.107563024320
  56  C  0.113501296660  7.215159084303  9.497248296979  0.399255099840  -0.159241208186  0.482520236570
  57  C  6.255643966056  3.514680764852  1.872476827170  -1.624356331843  -0.535912326424  -1.163438490261
  58  C  3.138472640664  3.547931401704  1.883703932542  0.107576744358  -0.078906243981  -1.044492901888
  59  C  4.667336804651  0.847522556633  1.894725178797  -0.573524547894  -0.142606208255  -1.188019696419
  60  C  3.133892005073  1.779372454090  4.433343645832  -0.109771124449  -0.235004143959  0.115936810450
  61  C  6.237117744606  1.738895911508  4.423991759887  -0.475583930975  -0.060319220039  0.243691134947
  62  C  4.709566782173  4.434066092899  4.426802222934  -0.062730888590  0.071318679026  -0.052647562204
  63  C  1.645577563083  6.285055634732  6.955835858284  0.110105401084  0.020246245396  0.233629034017
  64  C  -1.460368271511  6.318167379321  6.963427356786  0.523377131186  0.094468087897  0.161078462015
  65  C  0.064330910018  3.619979902726  6.976602849439  0.082306917639  -0.121985539767  0.283945234759
  66  C  3.155944833640  1.803633253464  9.511656652793  -0.280538800589  -0.120622503836  0.486557501137
  67  C  6.251330588467  1.769244123519  9.509885889296  -0.340705047446  -0.082647262285  0.260267604622
  68  C  4.735367976565  4.465714009623  9.508436501330  -0.425016070691  -0.028887083476  0.065293107244
  69  C  1.631197433688  6.259657692643  1.873956193142  0.067016930222  -0.267818282534  -0.997775527288
  70  C  -1.469753602501  6.287243106475  1.886501571041  0.396483311002  0.043369934794  -1.047476449403
  71  C  0.050017331911  3.584396356704  1.887970162592  0.151262780511  0.065770473087  -0.823881210394


MDSTEP:  2
LATTICE_CONSTANT: 1.889726125458
LATTICE_VECTORS
  9.115710066505  0.000000000000  0.000000000000
  -4.359330076995  8.109866204003  0.000000000000
  0.056351879632  0.112202364609  10.288361838810
VIRIAL (KBAR)
  95.906848368311  -22.254053168448  -10.811112486696
  -22.254053168448  -11.132436114162  -17.880297773488
  -10.811112486696  -17.880297773488  -53.059535041870
INDEX    LABEL    POSITIONS    FORCE (eV/Angstrom)
  0  Si  0.030091754401  1.804217420812  2.530687614827  1.378048938694  0.220837097334  -0.316860957932
  1  Si  3.200291425258  7.130360624965  2.492016324739  0.190586070305  -0.045976538983  -0.208885484529
  2  Si  -2.999849258584  7.206799996571  2.506188166068  1.880085217048  0.221793207134  -0.098050621421
  3  Si  4.744108232743  6.238054146226  5.035827309544  -1.754818250235  -0.538940313887  0.263784976742
  4  Si  1.575604290416  0.910237653790  5.074206331869  -0.296556882556  -0.066340379844  -0.330742371820
  5  Si  7.774639458234  0.827267106228  5.048938339320  -2.104116478983  -0.543940405140  0.331066025210
  6  Si  0.046349622228  1.816535256111  7.624145744560  1.237415735254  0.743669017521  -0.064946631681
  7  Si  3.220353417469  7.164675657740  7.584590438086  -0.147641034325  -0.239964890801  0.004418380390
  8  Si  -2.978872721770  7.233659391607  7.596289879745  1.484925842601  0.326629482281  0.069204074729
  9  Si  4.753298880423  6.256803635420  10.119082266105  -1.451188485428  -0.125222045521  1.657956883498
  10  Si  1.589881078893  0.936140563807  10.164278953824  -0.134089844980  0.082103734800  1.028703035669
  11  Si  7.791012722532  0.849589927322  10.148283871670  -2.050961109109  -0.116093269746  1.416373418941
  12  Si  -1.487379681910  4.508583084183  2.525595712512  1.483022695311  0.086601662001  -0.409303244626
  13  Si  1.615408382064  4.469164963599  2.515521366461  -0.111832107584  -0.126273556030  -0.460982967777
  14  Si  0.099313011000  7.169758066727  2.500796302001  0.348832870922  -0.027524642279  -0.209331603694
  15  Si  6.259571714779  3.532840953845  5.043076053200  -1.696449792811  -0.392310233469  0.319339154406
  16  Si  3.154434222219  3.559948984656  5.053300855226  -0.072214734794  0.325665810407  -0.033247825489
  17  Si  4.670315319849  0.863884444948  5.074319255167  -0.496163256877  0.040848991068  -0.439469535219
  18  Si  -1.482182275694  4.536116054135  7.603025468051  1.563163564724  0.095124907023  0.098558881973
  19  Si  1.619528138420  4.497459852688  7.603467662432  0.204786241253  -0.013609564382  -0.279251932424
  20  Si  0.105210074237  7.202049519156  7.584435591620  0.733598380750  -0.279702304128  0.057820130579
  21  Si  6.268254268179  3.562569762575  10.129544666148  -1.349995297473  -0.357583126222  1.716543330949
  22  Si  3.162961258768  3.591718293766  10.138225156281  0.202995788678  0.319145048861  1.190774198439
  23  Si  4.691880756561  0.888107550600  10.151770313875  -0.368340523057  0.237545038302  0.934776868567
  24  Si  3.127876324050  1.762786924449  2.516820258019  -0.021022120429  -0.109035975102  -0.344977063224
  25  Si  6.222155614438  1.725063596656  2.512234329095  -0.104981292715  -0.029179059816  -0.432828929880
  26  Si  4.709404450315  4.427823021658  2.504045016999  -0.202922895169  -0.168901113779  -0.365007570270
  27  Si  1.642081442067  6.274303424436  5.044323781002  -0.040413846367  -0.029047592086  -0.022143395076
  28  Si  -1.456023354984  6.316752941423  5.056048852674  0.174582193791  0.020085129004  -0.144203483992
  29  Si  0.058688925296  3.606197872082  5.071399049561  0.265222544118  0.183681282081  -0.147139804045
  30  Si  3.136310726338  1.792133074070  7.615184126182  0.113416959407  -0.063191853896  -0.421973343289
  31  Si  6.247010975705  1.757153337489  7.585493271255  -0.421963715828  -0.180017795357  0.284124697217
  32  Si  4.725584687603  4.461730820501  7.582894405045  -0.459652893234  -0.183609051744  0.056163820843
  33  Si  1.650802607643  6.293850696119  10.143668478850  0.038954708289  0.404351997207  0.958083268912
  34  Si  -1.444275629313  6.335918251089  10.134088475629  0.397633451808  0.176375883172  1.304341432550
  35  Si  0.081219755019  3.632215589430  10.157646549207  0.012459082270  0.361210231638  1.162199776192
  36  C  0.031284976484  1.813617879796  4.441011657842  1.512633299612  0.562323481042  -0.422991555658
  37  C  3.194152935514  7.143803270925  4.407659878154  0.314953716425  0.042028006071  0.215999152143
  38  C  -3.005390944346  7.222766657211  4.417638318018  2.099364173962  0.651103782787  -0.193647182179
  39  C  4.743422387428  6.248261755607  6.940658789785  -1.019798537388  -0.318962143070  0.120248111482
  40  C  1.566600519575  0.915142908398  6.976785337570  0.234007141320  -0.048231076663  0.254919527469
  41  C  7.784328227905  0.834760135526  6.973228968003  -1.781599803085  -0.305084864859  -0.435759205954
  42  C  0.045455681146  1.848717275244  9.531547201712  1.575410084060  0.242264657076  -0.282152197517
  43  C  3.204429998307  7.174179141909  9.496920187376  0.383447223117  -0.109241745303  0.435668733547
  44  C  -2.984967530339  7.248476394463  9.505528964819  1.842417910765  0.595774562092  -0.084043078455
  45  C  4.740937822857  6.216476682887  1.861230620994  -1.556086573245  -0.592388781228  -1.225448026262
  46  C  1.565612038830  0.878148291958  1.902414573039  -0.172156110646  0.056175620060  -1.090786932048
  47  C  7.773660248484  0.809124695577  1.880393058467  -2.005861974552  -0.565647915160  -1.244399850045
  48  C  -1.480734539562  4.521446523691  4.435174104736  1.544733572648  0.395994627879  -0.378800781706
  49  C  1.618538477211  4.479922119943  4.429761824687  -0.037465376052  -0.118737257379  -0.005732601902
  50  C  0.097078631633  7.186143487196  4.421620387403  0.473822682974  0.002427645238  0.122574640222
  51  C  6.251749374161  3.543972912207  6.957197150307  -1.144764256395  -0.367350445271  -0.207455206435
  52  C  3.157397292842  3.576167747428  6.962943754373  -0.008778079015  0.075041433575  0.313078122670
  53  C  4.682107724579  0.864087972145  6.980474474408  -0.545994030697  0.358990639462  -0.033187235231
  54  C  -1.467300462127  4.537277616050  9.516147784774  1.611397456906  0.604061383169  -0.287276041768
  55  C  1.625036558438  4.509710764810  9.515259777797  0.176310370241  -0.163309562910  0.196908004275
  56  C  0.111091847625  7.211972291343  9.497328805055  0.475496849174  -0.062505775773  0.466299620930
  57  C  6.255534813754  3.517592555904  1.868329350464  -1.646356713676  -0.608385980494  -1.081802505266
  58  C  3.139478518916  3.544411239629  1.882009599171  0.057510725886  0.039763206705  -1.024618253913
  59  C  4.666847359398  0.846897544025  1.892106027389  -0.581942746358  -0.121506498118  -1.138169287462
  60  C  3.131743721541  1.782503186626  4.433969365883  -0.043889519574  -0.291702137894  0.056124117846
  61  C  6.234246086764  1.735102183651  4.423638897192  -0.404534022970  0.026955649571  0.258333355156
  62  C  4.712043138881  4.436162972497  4.425603894469  -0.134813653615  0.022840484428  -0.035541040520
  63  C  1.649674390571  6.281334273346  6.956213085454  0.043532076393  0.138169712636  0.211379232470
  64  C  -1.462355049120  6.319545597909  6.965164927160  0.562664688342  0.070112993295  0.142761857073
  65  C  0.063009433972  3.623015907852  6.978011892858  0.094264584464  -0.188418682194  0.251469520442
  66  C  3.154443496563  1.799915459705  9.514194303035  -0.243027059648  -0.011084404278  0.420471956165
  67  C  6.253498535623  1.770777260896  9.511559332355  -0.381950240675  -0.149085631818  0.221114127046
  68  C  4.738280038290  4.464185073790  9.510521264047  -0.512229027937  0.025583045259  0.018925522067
  69  C  1.629624744427  6.261932813077  1.870651808770  0.127536149351  -0.297358736795  -0.936819371866
  70  C  -1.468701715188  6.283683382906  1.882452054433  0.406929583645  0.096216801113  -0.971211941051
  71  C  0.047380098699  3.582389730109  1.884379708926  0.260409712972  0.103969100131  -0.751318895184


MDSTEP:  3
LATTICE_CONSTANT: 1.889726125458
LATTICE_VECTORS
  9.115710066505  0.000000000000  0.000000000000
  -4.359330076995  8.109866204003  0.000000000000
  0.056351879632  0.112202364609  10.288361838810
VIRIAL (KBAR)
  96.772269727917  -21.967273884463  -11.245634099186
  -21.967273884463  -11.697437320481  -17.638351535079
  -11.245634099186  -17.638351535079  -52.793758530109
INDEX    LABEL    POSITIONS    FORCE (eV/Angstrom)
  0  Si  0.031184632686  1.801221360259  2.533286498208  1.346707561392  0.396032302474  -0.343567386649
  1  Si  3.203453531968  7.127258790285  2.494900216172  0.107605445054  0.002600125877  -0.296137307143
  2  Si  -2.999418490353  7.205186912420  2.506759286077  1.858081917247  0.256608944435  -0.139586201537
  3  Si  4.741203494381  6.238456936683  5.035753576121  -1.656519942920  -0.529494086369  0.224428677509
  4  Si  1.577695754439  0.913176409973  5.074277061489  -0.354447094109  -0.184337437483  -0.341135034006
  5  Si  7.774488306201  0.828674754423  5.047142219651  -2.060823629640  -0.600648785501  0.344266269540
  6  Si  0.045135518455  1.817719274632  7.624388784341  1.296478400035  0.713853841816  -0.041536206424
  7  Si  3.216942988723  7.167592651639  7.583532265191  -0.064699668943  -0.280608751071  -0.056542914105
  8  Si  -2.980408126866  7.233928893533  7.595625415007  1.538234013267  0.332230086092  0.020755322730
  9  Si  4.751459977616  6.258011106356  10.120660662412  -1.404751174214  -0.140436797825  1.606189264937
  10  Si  1.589441167517  0.934563270907  10.166044686535  -0.209396937057  0.119282783421  0.994883348696
  11  Si  7.789146571990  0.847565732389  10.150572191292  -1.989091180706  -0.078788013917  1.385651811308
  12  Si  -1.488551531889  4.509888838014  2.522092101927  1.509474064777  0.071602787256  -0.315673770891
  13  Si  1.617768872490  4.471571152758  2.516063386755  -0.214560074224  -0.177287420655  -0.544604193667
  14  Si  0.098191962209  7.170916082755  2.500910880291  0.387030687650  0.015530841078  -0.187176161995
  15  Si  6.261407813359  3.530969916835  5.041491328938  -1.822079459181  -0.306804281624  0.358459364954
  16  Si  3.151443022435  3.560160835163  5.055998977115  -0.042403810244  0.318950205773  -0.129197221216
  17  Si  4.670919269109  0.864114183720  5.076401810498  -0.528744474253  0.060877418816  -0.521212877982
  18  Si  -1.478455097775  4.537794335317  7.601974707458  1.426229101614  0.049923914145  0.171051666182
  19  Si  1.618624966537  4.494284984089  7.600062153212  0.237442446985  0.127340519780  -0.138958206289
  20  Si  0.102021940690  7.201864833325  7.583015826548  0.771324411580  -0.243439353195  0.091041181676
  21  Si  6.269238089693  3.564672215917  10.130185882869  -1.405325824973  -0.472727833689  1.731445482567
  22  Si  3.162804891151  3.588896453474  10.136486305141  0.191433371750  0.415813866681  1.259361728139
  23  Si  4.691640555719  0.891132030265  10.148917642267  -0.346142349042  0.228964177901  0.999459891620
  24  Si  3.124980389850  1.760976004403  2.518170845869  -0.021252926551  -0.018671027492  -0.394259875198
  25  Si  6.222892773261  1.722223577123  2.515293919151  -0.173189003977  0.046574186940  -0.484233496087
  26  Si  4.711888972594  4.425444053768  2.503752432426  -0.274361796020  -0.185701753089  -0.364579377322
  27  Si  1.643855894593  6.276222351009  5.040889248311  -0.162351826860  -0.056584675809  0.023950054844
  28  Si  -1.455416950648  6.318403461376  5.057693431232  0.106990301164  -0.064375615906  -0.251174339959
  29  Si  0.061717292026  3.603455626030  5.073347869664  0.154373165257  0.263869176858  -0.202823320123
  30  Si  3.139452811069  1.789341299540  7.613474489724  0.002997078756  0.006903786547  -0.328485976575
  31  Si  6.245054059472  1.759244479812  7.582776069518  -0.332100181783  -0.219692858892  0.312924347687
  32  Si  4.727141769687  4.460119179411  7.580642849649  -0.420680079376  -0.090920764661  0.146156065079
  33  Si  1.653858490021  6.295802832358  10.141194203750  -0.029822198997  0.372332494751  1.036674316624
  34  Si  -1.440794892102  6.338378798026  10.133435138918  0.351883691535  0.122822304214  1.300503246765
  35  Si  0.082561827026  3.632037417180  10.157589828352  -0.025929919949  0.344690568439  1.216973826490
  36  C  0.034137239131  1.812198735967  4.441739985500  1.481444906103  0.578953062160  -0.408668092969
  37  C  3.190472996259  7.139386345158  4.406536637200  0.407409494194  0.178780244465  0.236705110975
  38  C  -3.007563262644  7.224989014944  4.413384887911  2.098218668138  0.595506643226  -0.077249695605
  39  C  4.746649414677  6.248881878853  6.937682182718  -1.155758185279  -0.331869219192  0.174361965355
  40  C  1.568577612708  0.915411177826  6.974995536069  0.203744241668  -0.023181448831  0.290919050055
  41  C  7.787608013705  0.837365786229  6.968862116369  -1.892043121567  -0.349208500419  -0.395426045554
  42  C  0.041813488205  1.849070640811  9.530250216626  1.640720077926  0.192023107948  -0.242607022942
  43  C  3.201672285842  7.173588107546  9.493658062036  0.467251381486  -0.078776619764  0.483413698347
  44  C  -2.985525625189  7.248250910212  9.500204775079  1.845328587693  0.576144413691  0.039652371629
  45  C  4.741279871531  6.212027966729  1.859841770431  -1.515057717927  -0.495543085925  -1.212284646871
  46  C  1.561054089582  0.881172169679  1.904577478451  -0.101068334825  -0.061848071605  -1.141913354544
  47  C  7.774011833832  0.813030558123  1.883296322474  -2.043246804680  -0.741910299794  -1.254983897748
  48  C  -1.484141933430  4.516951683593  4.435157587962  1.687755296697  0.530904878064  -0.397947216228
  49  C  1.615076663508  4.484374475021  4.425606900064  0.029232572342  -0.213072218777  0.130069005384
  50  C  0.096268780295  7.187167844242  4.423189990899  0.502590658575  0.015905659139  0.092092775212
  51  C  6.252959163909  3.544096737700  6.956037921857  -1.122639382862  -0.344489435911  -0.194372023898
  52  C  3.160817269781  3.577053662248  6.967675870924  -0.089265371762  0.027211112504  0.211825580456
  53  C  4.678711377673  0.867450691169  6.979110709618  -0.467747692746  0.280520121498  -0.003059429944
  54  C  -1.467261417613  4.533484635292  9.519190278377  1.681496182272  0.766834029743  -0.383353651890
  55  C  1.623980553743  4.512207857968  9.520032818297  0.214128712270  -0.210702061439  0.044079133889
  56  C  0.115186186676  7.215445150109  9.499982557099  0.404569374840  -0.101045356916  0.356668926181
  57  C  6.255649350624  3.517275369990  1.868785308173  -1.651996953039  -0.646970824057  -1.091892274817
  58  C  3.139550240510  3.545280871147  1.883012992066  0.057066674723  -0.007263139026  -1.028001033569
  59  C  4.661378735825  0.849520353070  1.892251497332  -0.470433648731  -0.156360247467  -1.128352868289
  60  C  3.127871444673  1.778484355500  4.430782183279  0.061911847467  -0.166127497526  0.157906996170
  61  C  6.236869684048  1.738783164160  4.426347515734  -0.477473303646  -0.083952182640  0.219507478105
  62  C  4.708576382216  4.437953231536  4.423587630861  -0.079052821605  -0.051389760971  0.026343720587
  63  C  1.645517074776  6.285573875497  6.952155069758  0.109482615873  0.040914176944  0.258667670815
  64  C  -1.462118002940  6.317160682474  6.962088007055  0.530537011151  0.148099655960  0.228856932008
  65  C  0.060829031298  3.624540120054  6.982965023512  0.179528846923  -0.245667964268  0.125116279821
  66  C  3.151292563707  1.799980050607  9.517491820555  -0.190286213450  -0.043695214882  0.300420695724
  67  C  6.257829619029  1.766853617603  9.509553795133  -0.499685044013  -0.029898765964  0.237733766317
  68  C  4.738517001270  4.465741710094  9.514505440828  -0.520649245648  -0.016213749762  -0.088770568888
  69  C  1.626887667638  6.263543327352  1.871274200574  0.224705819475  -0.272652881605  -0.948522845414
  70  C  -1.464840139274  6.287087483379  1.884576757943  0.306852606302  0.059437586341  -1.022956361092
  71  C  0.042577262436  3.583434176350  1.885025936824  0.394816160618  0.064318978941  -0.737272126949


MDSTEP:  4
LATTICE_CONSTANT: 1.889726125458
LATTICE_VECTORS
  9.115710066505  0.000000000000  0.000000000000
  -4.359330076995  8.109866204003  0.000000000000
  0.056351879632  0.112202364609  10.288361838810
VIRIAL (KBAR)
  96.430457338514  -21.689089300577  -10.889226694619
  -21.689089300577  -11.071218173594  -17.596759875863
  -10.889226694619  -17.596759875863  -53.307016347891
INDEX    LABEL    POSITIONS    FORCE (eV/Angstrom)
  0  Si  0.033837001717  1.803635695651  2.531377681976  1.317098675819  0.349809212334  -0.384068956678
  1  Si  3.199976795906  7.130414435175  2.492081487631  0.297929752992  -0.050400271894  -0.230860012375
  2  Si  -3.001445136137  7.204111041598  2.506238483671  1.905430301545  0.322972280547  -0.115150715803
  3  Si  4.739627481665  6.239499728817  5.032515655271  -1.573517263587  -0.499774172588  0.255207688134
  4  Si  1.576127078549  0.916180092024  5.075053140619  -0.360749230446  -0.232967228239  -0.326136255503
  5  Si  7.770494253957  0.831006998370  5.049333604758  -1.929528127768  -0.682041257595  0.218969342436
  6  Si  0.044740575607  1.816858688598  7.623496507247  1.293515728612  0.728288418696  0.047747459784
  7  Si  3.215029525260  7.168323476343  7.579928417118  0.052697290247  -0.397786025847  0.018470732300
  8  Si  -2.976546099410  7.233480161702  7.598797449983  1.401781310266  0.338033306827  0.005524988021
  9  Si  4.752428943134  6.257636198039  10.120977015679  -1.399491000595  -0.159584566739  1.629836024712
  10  Si  1.587646042193  0.932316406013  10.164278413044  -0.187220697724  0.175375400668  1.012802142688
  11  Si  7.789100146838  0.845888011056  10.147944023002  -2.059743715206  -0.130050179654  1.444045637177
  12  Si  -1.485962132038  4.509748692140  2.521866313617  1.362692244309  0.088030625537  -0.260760896943
  13  Si  1.615142243322  4.474489475371  2.512832754543  -0.188520670710  -0.186379532250  -0.390292313401
  14  Si  0.096607879050  7.168302847135  2.496719158320  0.389986472820  0.021385608226  -0.052348095768
  15  Si  6.264108965443  3.529110775803  5.044176547612  -1.885198125199  -0.242928362670  0.289586847448
  16  Si  3.152677796733  3.561827219774  5.053259940272  -0.065017696325  0.315845266387  -0.157177675411
  17  Si  4.666958061098  0.867951565918  5.078506218681  -0.414723082459  -0.016402159536  -0.591221461827
  18  Si  -1.481178209012  4.540810631975  7.599603178804  1.557267023785  0.000282196558  0.229767870843
  19  Si  1.622809249293  4.494628547094  7.601408353737  0.174384613187  0.072292975217  -0.160855076053
  20  Si  0.102003294613  7.204508722199  7.586304092421  0.811315732159  -0.299980679568  0.049012575710
  21  Si  6.270514492289  3.563723361186  10.128236157369  -1.441340324562  -0.466031470175  1.780966052156
  22  Si  3.165676544678  3.586172785118  10.138360545598  0.053242583114  0.551302970259  1.223615137720
  23  Si  4.690059293271  0.889942146425  10.149530929520  -0.397043826067  0.287672477575  0.997294094349
  24  Si  3.124618101201  1.762134893528  2.519837647169  0.054705117113  -0.040610792503  -0.529817530986
  25  Si  6.222501763133  1.722581109703  2.511025177140  -0.091210332361  0.029741990569  -0.497969037923
  26  Si  4.709874381912  4.422820236735  2.505232501256  -0.229263471125  -0.071014572430  -0.486051490376
  27  Si  1.643336026995  6.274014226358  5.042168369432  -0.171726029895  0.093057689939  0.017538774616
  28  Si  -1.457711710912  6.317130465680  5.057726285692  0.145412664783  0.072290131275  -0.191610001424
  29  Si  0.061159410890  3.602247214131  5.069546256642  0.153746529245  0.345395336777  -0.072668285816
  30  Si  3.136085970468  1.791911869269  7.616508121295  0.003467883032  -0.096863458530  -0.416583082402
  31  Si  6.248979979904  1.759345507467  7.581092711616  -0.444170578853  -0.238809917450  0.386450762420
  32  Si  4.724341806019  4.458919439623  7.580186572746  -0.458538446382  0.032441172669  0.181679238669
  33  Si  1.656785288544  6.297450789627  10.143926211956  -0.058939170723  0.328536948105  1.006583015147
  34  Si  -1.441617927880  6.335435155631  10.133272194480  0.369540664377  0.131858002767  1.313142047012
  35  Si  0.079260348757  3.632989379358  10.161890613612  0.118667395830  0.296438403335  1.122765835793
  36  C  0.030366666692  1.817349261488  4.437086956884  1.514486797281  0.459216407976  -0.329779190796
  37  C  3.194641706426  7.137158443118  4.405402536115  0.266494554393  0.247624821296  0.234954000371
  38  C  -3.006440241151  7.225877957448  4.416433116270  2.062054340276  0.628320373316  -0.184027517115
  39  C  4.751687985068  6.254438980568  6.932598777561  -1.270054831817  -0.485768477634  0.274595122892
  40  C  1.562654324020  0.909718997666  6.980280203157  0.349072762069  0.120971775119  0.186675430200
  41  C  7.791159882732  0.831242152930  6.967518031286  -1.990764485693  -0.173358388668  -0.381178600812
  42  C  0.039117467131  1.845668542907  9.533589387512  1.690368564459  0.296174769074  -0.327833753570
  43  C  3.203606419729  7.168112325999  9.493557508609  0.451586181925  0.041169037260  0.434001414312
  44  C  -2.985198746953  7.248205141062  9.501529280498  1.866932836555  0.535206867144  0.014023659132
  45  C  4.744322268577  6.212433801417  1.855087889816  -1.644382480773  -0.525528331656  -1.143258443337
  46  C  1.564822244180  0.883313070114  1.898218272452  -0.154305687281  -0.106224443118  -1.041852964973
  47  C  7.778242383018  0.812119291248  1.880822071953  -2.097515160402  -0.681934588784  -1.239464011922
  48  C  -1.484585794172  4.522847688904  4.440129672371  1.684709607002  0.391751110015  -0.482558732749
  49  C  1.610063479413  4.489292534095  4.430479535094  0.131552009883  -0.348151524042  -0.037502007067
  50  C  0.092759680245  7.192530188409  4.428705864429  0.559472241032  -0.085675847275  -0.026906462104
  51  C  6.246848170821  3.547894031644  6.961827867975  -0.984368243660  -0.449273824908  -0.318960926362
  52  C  3.160857260657  3.570788218948  6.963888463677  -0.081888372419  0.156268716794  0.245711174100
  53  C  4.675634086390  0.869294823685  6.976085487357  -0.402195914131  0.296479004093  0.108148280940
  54  C  -1.462753785236  4.528216636104  9.521698276165  1.576214212349  0.874698090931  -0.478942178232
  55  C  1.622254787967  4.516761354326  9.517340780688  0.262894556284  -0.330924399125  0.161142238911
  56  C  0.116180663290  7.217588774631  9.506079512041  0.377740278677  -0.148371484618  0.270458416978
  57  C  6.255897177164  3.518505049571  1.867056034939  -1.654140208402  -0.682859314651  -1.053081716244
  58  C  3.133357554376  3.551572089014  1.880457265231  0.166772712858  -0.175414498178  -0.964287846920
  59  C  4.666401366543  0.844307829878  1.888357075273  -0.610181247023  -0.041460000414  -1.083110073980
  60  C  3.131742558680  1.775698454776  4.426923286883  -0.074977664077  -0.024501640089  0.236398035304
  61  C  6.239402097290  1.737201410297  4.420264824896  -0.585005959926  -0.024599460850  0.346133971639
  62  C  4.711027632756  4.442856637125  4.417409771378  -0.108547926146  -0.184065766083  0.162091151093
  63  C  1.650509512334  6.281502579996  6.954129929859  -0.020481806239  0.140986460889  0.228453918547
  64  C  -1.466157397285  6.322679667358  6.964502220755  0.683094399569  0.033335271972  0.210296895948
  65  C  0.065670921520  3.621497708134  6.983671353046  0.039629347433  -0.175049138085  0.078847734961
  66  C  3.146762628643  1.804116671346  9.514216465006  -0.117348227259  -0.154700463634  0.395049579312
  67  C  6.252514278345  1.766228905603  9.514324782141  -0.388083490612  -0.064442438914  0.100504961575
  68  C  4.738679975194  4.465236766563  9.518963893478  -0.501924923445  -0.020852768073  -0.194656981203
  69  C  1.632266768181  6.261885614499  1.876302393431  0.075109004322  -0.210509552390  -1.046428213882
  70  C  -1.468730360896  6.283170617604  1.880545405113  0.388084057434  0.123626598701  -0.967827068520
  71  C  0.041119261749  3.588784506314  1.886057065209  0.432957972254  -0.021588719991  -0.753264674873


MDSTEP:  5
LATTICE_CONSTANT: 1.889726125458
LATTICE_VECTORS
  9.115710066505  0.000000000000  0.000000000000
  -4.359330076995  8.109866204003  0.000000000000
  0.056351879632  0.112202364609  10.288361838810
VIRIAL (KBAR)
  97.006480914784  -21.384217142040  -10.884398956117
  -21.384217142040  -12.257408867624  -17.783455917211
  -10.884398956117  -17.783455917211  -52.740620894249
INDEX    LABEL    POSITIONS    FORCE (eV/Angstrom)
  0  Si  0.033032196784  1.804848617560  2.531410282705  1.317783587649  0.338115915925  -0.464083474262
  1  Si  3.198932377973  7.130414485756  2.493838615560  0.252799871802  -0.082242452593  -0.264157482432
  2  Si  -3.005351111624  7.205641879465  2.507329315831  1.994775819600  0.263013421117  -0.125493856141
  3  Si  4.740919568202  6.239518386649  5.036344065447  -1.727584074471  -0.504951360734  0.136120739613
  4  Si  1.573556479146  0.917758890424  5.077060293304  -0.358157439967  -0.221703887101  -0.363143818548
  5  Si  7.769494464559  0.833499855170  5.046349438162  -1.950851985308  -0.673778793829  0.205390546197
  6  Si  0.043530830461  1.815538390457  7.624817743459  1.369326471848  0.830650711108  0.009028500157
  7  Si  3.212038822822  7.165760143593  7.575436419434  0.032691966399  -0.227071685030  0.051744137816
  8  Si  -2.979488595207  7.232817244899  7.596076908867  1.512873746051  0.402477218276  0.054077412999
  9  Si  4.750862716160  6.260210106949  10.118032912607  -1.405663572711  -0.272316710313  1.629772125058
  10  Si  1.582975383182  0.929017228706  10.166945945788  -0.095979777881  0.286187674328  0.949358000836
  11  Si  7.788681604443  0.846068004956  10.146046203513  -2.166141138689  -0.226816226463  1.508260346225
  12  Si  -1.488099336877  4.510173896457  2.525533564342  1.495742139937  0.037620859070  -0.363918267888
  13  Si  1.618333385611  4.471922200709  2.511914988772  -0.294913213645  -0.270246558004  -0.461015121593
  14  Si  0.099007629945  7.168091154837  2.492845455801  0.363337365946  -0.055054999379  -0.018593234014
  15  Si  6.263115408580  3.533202244089  5.047878356331  -1.869189101905  -0.343183307961  0.195803480953
  16  Si  3.153981035179  3.559725654064  5.050506894411  -0.203504146070  0.409742203104  -0.130922412457
  17  Si  4.664715121702  0.867457921275  5.077908254030  -0.474433615257  -0.063603136687  -0.618293748576
  18  Si  -1.482511149642  4.541629515475  7.603239085782  1.603798051667  0.015117496914  0.246322189485
  19  Si  1.623009654195  4.499117604242  7.602807926806  0.144660556281  0.020587037325  -0.221152775710
  20  Si  0.103649356887  7.208994416108  7.589147208113  0.751257610811  -0.313533773836  0.047716543224
  21  Si  6.268975377858  3.563710215517  10.127168083011  -1.310422637662  -0.498384504927  1.814247109636
  22  Si  3.166987842908  3.588634658091  10.142226826708  0.043091710425  0.468075887621  1.161265183010
  23  Si  4.690241861040  0.890838487703  10.146085343956  -0.384670935100  0.251596435550  1.056911091337
  24  Si  3.128903054385  1.760453355880  2.520379257527  -0.043854540913  -0.076015831051  -0.579141249343
  25  Si  6.218149998775  1.725308709574  2.511021784411  0.026728550557  0.029394735511  -0.510420057042
  26  Si  4.713808381935  4.422107926847  2.507753999491  -0.303841722059  -0.090981252097  -0.627219279621
  27  Si  1.639859875738  6.275988690843  5.039643994786  -0.141794192372  -0.035979710305  0.093685414132
  28  Si  -1.456742891961  6.312498989854  5.060679715317  0.165992240992  0.224590846456  -0.277593105252
  29  Si  0.060957193557  3.602580928607  5.072273899253  0.110942774790  0.361140233206  -0.158845812849
  30  Si  3.132556089494  1.788730113704  7.618975494154  0.136379849599  0.101062381017  -0.405951974553
  31  Si  6.252853461725  1.759801910891  7.579252052511  -0.530873165358  -0.219662545585  0.435284445163
  32  Si  4.721799561214  4.456031167294  7.575817169079  -0.537686571442  0.123802749865  0.326545059250
  33  Si  1.653095366238  6.299714081492  10.145368584121  0.011782452915  0.131382850442  0.948100071795
  34  Si  -1.444217980123  6.337166168158  10.137883168451  0.476889333457  0.052029000206  1.315448859386
  35  Si  0.082028607620  3.635187373948  10.164422696233  0.027161152219  0.149701938913  1.076840005428
  36  C  0.028776226409  1.819825381501  4.431818044371  1.501834569357  0.430853100652  -0.216339633394
  37  C  3.188925641285  7.141473445909  4.410791796237  0.398317830975  0.141743721351  0.145137053158
  38  C  -3.007349089955  7.224669677687  4.421599817171  2.091291670419  0.687403684589  -0.248635347010
  39  C  4.745485129412  6.259179927332  6.931228573443  -1.164724187476  -0.614178897614  0.321764233545
  40  C  1.569195420830  0.916782003857  6.981259073264  0.148376261818  -0.054907094239  0.187550128304
  41  C  7.792579008182  0.836990990658  6.961629930734  -2.012639118547  -0.309723842074  -0.331037437544
  42  C  0.033241861688  1.840913824282  9.530544689473  1.835166450470  0.430975249804  -0.292723511511
  43  C  3.197192982712  7.164775478514  9.487178931238  0.576528393501  0.102847269114  0.508426192556
  44  C  -2.981564256011  7.248329348004  9.504625194677  1.756505426157  0.514692965970  -0.092736547125
  45  C  4.744262919733  6.208642461965  1.853225297228  -1.670220056619  -0.429807943969  -1.092025801305
  46  C  1.562007802826  0.884285691101  1.891310198485  -0.083527683739  -0.144461111130  -0.903617281883
  47  C  7.776097117925  0.813933467071  1.885105508748  -2.097542622702  -0.736683671531  -1.298711486358
  48  C  -1.485726419581  4.530193221334  4.436073953378  1.628467450053  0.143450734999  -0.329250411284
  49  C  1.605755553368  4.483626916806  4.424678332385  0.234438883465  -0.201646145086  0.075279910916
  50  C  0.094438886503  7.186101934616  4.422644832639  0.460819835156  0.063576016866  0.065531403651
  51  C  6.240881941740  3.551426187399  6.968654493711  -0.832415940281  -0.482779192215  -0.468627790566
  52  C  3.157268272589  3.574807489738  6.958941887438  -0.050067220921  0.067267812550  0.318977721082
  53  C  4.676240615375  0.873884696134  6.974892656186  -0.416923295411  0.240760090795  0.137630413508
  54  C  -1.460051029473  4.528171596990  9.526962271439  1.515524131910  0.893435565289  -0.553905805159
  55  C  1.619753023995  4.509775256278  9.512515612599  0.357635753617  -0.150605961461  0.283761029054
  56  C  0.120061120324  7.215293005459  9.509634279540  0.222600058181  -0.073927435975  0.223338068640
  57  C  6.259308433045  3.522553775930  1.864675402561  -1.755123053708  -0.787497945253  -1.004098670794
  58  C  3.136276501203  3.546300315229  1.877944628259  0.181468730889  -0.081277147341  -0.910475586623
  59  C  4.672262273748  0.841964229215  1.887597212159  -0.731619886777  -0.018360260171  -1.097298514350
  60  C  3.125028152566  1.781832424203  4.428098133851  0.048493982533  -0.231562079183  0.183350871322
  61  C  6.233472733281  1.730925653103  4.418186715049  -0.514304527085  0.199815345791  0.414527380845
  62  C  4.705329691168  4.440163742167  4.411843388321  0.024248581408  -0.093798346552  0.319968979606
  63  C  1.646972526302  6.287234587061  6.960202734410  -0.003570690950  0.057437541598  0.044175397650
  64  C  -1.463174733611  6.322527599441  6.962578579858  0.598173800510  0.064002689556  0.303281743947
  65  C  0.066551248792  3.625699463604  6.982156023261  -0.017151384142  -0.242031405635  0.136835176779
  66  C  3.149796409068  1.804677619305  9.518012730465  -0.246388522013  -0.179841269870  0.348829861041
  67  C  6.251433912153  1.764368228183  9.515247540784  -0.350773202252  -0.026210022107  0.046430882596
  68  C  4.743207644507  4.458961912886  9.521752853568  -0.635924349764  0.172286251631  -0.302408062474
  69  C  1.628285786444  6.254575309194  1.868862654627  0.210092023270  -0.092152236177  -0.944255233720
  70  C  -1.465115551028  6.276708719570  1.886556628195  0.257516824433  0.334703585040  -1.034962291545
  71  C  0.038520896609  3.583980700571  1.878750482349  0.496961662130  0.085437521930  -0.615662626972


MDSTEP:  6
LATTICE_CONSTANT: 1.889726125458
LATTICE_VECTORS
  9.115710066505  0.000000000000  0.000000000000
  -4.359330076995  8.109866204003  0.000000000000
  0.056351879632  0.112202364609  10.288361838810
VIRIAL (KBAR)
  96.444023066277  -21.630183438721  -10.363225892287
  -21.630183438721  -12.098834132695  -17.646312037284
  -10.363225892287  -17.646312037284  -52.538241726763
INDEX    LABEL    POSITIONS    FORCE (eV/Angstrom)
  0  Si  0.034886133404  1.802670543975  2.529791243588  1.227696086648  0.308825524351  -0.421350415377
  1  Si  3.201535686268  7.130785594370  2.491116556865  0.240238002473  -0.072680436372  -0.324276094023
  2  Si  -3.003124830483  7.202649863073  2.509772300218  1.998214917363  0.198674754262  -0.161902990572
  3  Si  4.735102118118  6.242125098878  5.036779433796  -1.592982221438  -0.532357007551  0.180772909969
  4  Si  1.572311570549  0.917484636473  5.072574020789  -0.360040250257  -0.277064876910  -0.284851480031
  5  Si  7.764978611507  0.837759922856  5.045993562699  -1.900691469268  -0.689422075557  0.204816383268
  6  Si  0.046013483279  1.818644658615  7.625102374446  1.310034072424  0.858707536577  -0.074680838363
  7  Si  3.210951473669  7.170818891001  7.575803157184  0.035097180693  -0.322907236433  0.050808933796
  8  Si  -2.979606825650  7.235240937673  7.596932564009  1.496433913283  0.258496988890  0.006633642785
  9  Si  4.749418709644  6.255017921205  10.121205276839  -1.304778527118  -0.031987372705  1.518860577584
  10  Si  1.582367688190  0.930665258701  10.162343195807  -0.190039298056  0.285802180244  1.055477886029
  11  Si  7.791150234080  0.844809126036  10.147281953105  -2.203029793896  -0.226289504131  1.451037591932
  12  Si  -1.492251112777  4.505299718119  2.528290885569  1.616710385895  0.050159912010  -0.393175215215
  13  Si  1.621299659831  4.466965439480  2.512172012112  -0.342135654682  -0.115959500821  -0.541630732462
  14  Si  0.097341521375  7.167333584905  2.487809256372  0.470193024978  -0.002020123485  0.089586771728
  15  Si  6.261567933614  3.533747172694  5.052654482268  -1.681428075461  -0.349646427937  0.050051887805
  16  Si  3.157826492315  3.557294345206  5.052744547521  -0.245925785562  0.489691812108  -0.097322832779
  17  Si  4.663501903613  0.869012542943  5.079868101898  -0.500092241269  -0.075579926946  -0.677973396841
  18  Si  -1.477414308319  4.537326079901  7.602534265505  1.546849784526  0.104676781003  0.300240075844
  19  Si  1.623195162399  4.499102080487  7.602091002112  0.211133604793  0.056314053804  -0.216671940099
  20  Si  0.101408592912  7.213536512074  7.584825236323  0.908587858059  -0.370475591582  0.120528604139
  21  Si  6.266344557355  3.566154480609  10.127519168554  -1.342563252165  -0.667364076774  1.835257457455
  22  Si  3.170786736846  3.591992441399  10.142713606626  -0.022560149735  0.424390496114  1.114266577635
  23  Si  4.691529015227  0.891942363518  10.146919481961  -0.409669293949  0.236295603624  1.057212343748
  24  Si  3.125475571524  1.764900876681  2.525159805703  0.010832800393  -0.260805172208  -0.656593462230
  25  Si  6.214964080180  1.723639996309  2.511241642440  0.183734245293  0.034036187748  -0.540451388996
  26  Si  4.709970627596  4.419066101753  2.510608784206  -0.194737285398  -0.019793036830  -0.708210726241
  27  Si  1.643607550944  6.277162661077  5.039075789272  -0.263919622103  -0.053964797956  0.074538239223
  28  Si  -1.455964343986  6.313061211862  5.060922456348  0.295336421554  0.125510078285  -0.209951730967
  29  Si  0.066174513258  3.598078744836  5.067287711804  0.102083647991  0.520553898654  -0.102067238802
  30  Si  3.131894072354  1.786886851837  7.623801351108  0.119973495821  0.139001132297  -0.485932953959
  31  Si  6.252870974371  1.760914963877  7.581735270247  -0.553872127198  -0.248314403928  0.412176103588
  32  Si  4.726789666453  4.455799179329  7.576212879395  -0.672909865310  0.072660384368  0.322777924098
  33  Si  1.653114943081  6.295656877067  10.141748141093  0.060613622990  0.225926292141  0.962544709470
  34  Si  -1.448814705406  6.334916412594  10.133615435513  0.650563624402  0.139562226808  1.393723955029
  35  Si  0.077009762601  3.635023199952  10.163641305543  0.118317372820  0.222622123423  1.135540855587
  36  C  0.030921802778  1.822156548978  4.433303715821  1.399382373873  0.272686608565  -0.281041593434
  37  C  3.186856022943  7.141353984398  4.406358312835  0.490259368327  0.223267840382  0.190137956422
  38  C  -3.000953212971  7.218068258190  4.425615345041  1.901670436432  0.767338734943  -0.290009559546
  39  C  4.741758839330  6.251429074903  6.936651712988  -1.054016910682  -0.384596682379  0.206861537727
  40  C  1.567006414959  0.916420055536  6.975679098892  0.186061934026  -0.058405194321  0.287359968366
  41  C  7.788223120325  0.844753609771  6.965474381788  -1.904666874913  -0.405833890859  -0.451759558380
  42  C  0.027521866892  1.849160893342  9.525976538941  1.924242902527  0.268453576484  -0.229353592847
  43  C  3.198919066473  7.164759106532  9.485004890955  0.575420761656  0.080622118943  0.555689769266
  44  C  -2.976900925263  7.249387846112  9.506524308635  1.542280826548  0.491267811435  -0.120206075118
  45  C  4.746980121377  6.209277042934  1.845968386767  -1.695517578283  -0.529599327626  -0.943926679803
  46  C  1.556215451025  0.878065035391  1.894213297450  0.103879139034  -0.045687522812  -0.931663106249
  47  C  7.778369951195  0.812871084074  1.879434300863  -2.141406249582  -0.693474126407  -1.204537767945
  48  C  -1.476986928520  4.526530184280  4.432051504243  1.422889709838  0.127039856320  -0.149197318762
  49  C  1.609566870000  4.484919601807  4.421746966920  0.270568891392  -0.244922492077  0.114924162265
  50  C  0.095573121123  7.193323076383  4.427411394541  0.446793541157  -0.080155316687  -0.048175843167
  51  C  6.243270275203  3.547445718527  6.972979784681  -0.823972077872  -0.386181883267  -0.538199311408
  52  C  3.156371848955  3.572098279603  6.963777131720  0.026541802619  0.093426933114  0.257140726856
  53  C  4.678740089437  0.880601407335  6.971459633413  -0.485658147879  0.155819915346  0.237490154808
  54  C  -1.466605268387  4.530641324720  9.531642373436  1.650064024795  0.841593139323  -0.676463402242
  55  C  1.622265854173  4.507441600024  9.510824867941  0.262088994115  -0.146866933686  0.327152556182
  56  C  0.124109396719  7.215319291699  9.509813987109  0.102812253309  -0.078523035501  0.188354203205
  57  C  6.257373371793  3.517941050984  1.871422101033  -1.803080796734  -0.733452562887  -1.121416536197
  58  C  3.139292774529  3.541662634330  1.872964663295  0.110323039650  0.019882568634  -0.841351308105
  59  C  4.678810695861  0.849023679524  1.891945439259  -0.995990510766  -0.178012732611  -1.181222047311
  60  C  3.121187808066  1.781461063092  4.432621587269  0.108328122188  -0.196164201327  0.101326324632
  61  C  6.225870609156  1.725934240532  4.411279626018  -0.392163338356  0.346527266867  0.582877143068
  62  C  4.710885533327  4.442103862746  4.410120692426  -0.107540236990  -0.117031360496  0.410841410396
  63  C  1.649061428688  6.284106988706  6.956758198868  -0.026808847562  0.188501205223  0.103763868655
  64  C  -1.456122428262  6.319657203744  6.969117810164  0.395388080888  0.119397238508  0.171964886386
  65  C  0.070210718026  3.632832366659  6.978325272968  -0.034877179986  -0.413001731315  0.153459863952
  66  C  3.143329438960  1.807706340810  9.522461549225  -0.075966007801  -0.226753047375  0.298892707877
  67  C  6.252906986974  1.758971605394  9.507449718708  -0.398755968077  0.129850199895  0.234392453884
  68  C  4.743981354191  4.464618841237  9.517126015688  -0.628209846160  0.019158338693  -0.209196353016
  69  C  1.633514133584  6.259132350462  1.862770815955  0.117367343016  -0.262460317111  -0.857617507588
  70  C  -1.462643011569  6.269705757726  1.888230177754  0.193817058858  0.413638257295  -1.076792582587
  71  C  0.037538350713  3.577612121427  1.883632532173  0.517180817861  0.187374350192  -0.710309543996


MDSTEP:  7
LATTICE_CONSTANT: 1.889726125458
LATTICE_VECTORS
  9.115710066505  0.000000000000  0.000000000000
  -4.359330076995  8.109866204003  0.000000000000
  0.056351879632  0.112202364609  10.288361838810
VIRIAL (KBAR)
  95.724371368664  -20.333036928171  -9.593759516815
  -20.333036928171  -11.184320044859  -17.882615766054
  -9.593759516815  -17.882615766054  -51.784912952594
INDEX    LABEL    POSITIONS    FORCE (eV/Angstrom)
  0  Si  0.034881647715  1.807851723536  2.529196525263  1.197821710908  0.105508037297  -0.332886958248
  1  Si  3.205498324258  7.131609177844  2.494010798244  0.064813566100  -0.132946844261  -0.420191629641
  2  Si  -3.006754773961  7.202532228992  2.504923530836  2.028218191643  0.304661674075  -0.090356592253
  3  Si  4.729007200431  6.238656619355  5.031552284770  -1.205350338518  -0.238143978555  0.327570978921
  4  Si  1.569549383992  0.915354012760  5.075164813828  -0.172188321848  -0.222687208818  -0.341157417368
  5  Si  7.758940385336  0.842454952173  5.050639348041  -1.709135719949  -0.855323070265  0.115359171199
  6  Si  0.041212587725  1.819069855809  7.627867233543  1.481190687597  0.839515804774  -0.170011213340
  7  Si  3.208305917964  7.168726231481  7.576193890371  0.237289909569  -0.338646439571  0.064580419388
  8  Si  -2.979833466300  7.240679303849  7.597843768451  1.587304097212  0.206318652791  -0.060257042307
  9  Si  4.744297581323  6.253655011463  10.123766331457  -1.141183641470  -0.036191521090  1.459782175876
  10  Si  1.587177411342  0.934702221039  10.164103186300  -0.402619658687  0.158662220111  1.041818688922
  11  Si  7.789101481638  0.846833311886  10.144309436021  -2.175918165990  -0.390970892968  1.523665754537
  12  Si  -1.495698912052  4.508819406332  2.530215859633  1.818392919810  -0.033700355078  -0.366899415020
  13  Si  1.618102709968  4.470597358489  2.516477348626  -0.341578628755  -0.105241096620  -0.679372281336
  14  Si  0.094851345411  7.162649198090  2.484579053431  0.497050040870  0.040356312893  0.221065316522
  15  Si  6.255310273419  3.529275064666  5.048625621941  -1.553340865221  -0.192322340246  0.271671932983
  16  Si  3.162354369912  3.553576589028  5.054512201244  -0.392052899945  0.641263005146  -0.210226843003
  17  Si  4.665016024843  0.868159929626  5.085171502751  -0.504403390868  -0.015518715123  -0.817750188913
  18  Si  -1.480540641508  4.541511610519  7.607806335493  1.717942534587  0.227017500056  0.213175890251
  19  Si  1.626235826706  4.504315074663  7.600116614157  0.095793578800  -0.065538154551  -0.165355143177
  20  Si  0.101011166275  7.217760940796  7.581188514803  0.913310046978  -0.489572918089  0.208709036471
  21  Si  6.260854184188  3.563268052853  10.132290418100  -1.252161483403  -0.542880085216  1.717375013257
  22  Si  3.167995783720  3.591194820899  10.145022663968  0.047827116629  0.523452316789  1.103004671314
  23  Si  4.696382073813  0.893717667104  10.147163741384  -0.562158990825  0.149177909549  1.016165369768
  24  Si  3.129247551056  1.769570646828  2.525848552691  -0.012903952449  -0.322001966348  -0.580916663753
  25  Si  6.209817525627  1.728448001894  2.513335255431  0.359130335531  -0.067103909713  -0.538239392956
  26  Si  4.706364948338  4.422751025511  2.514475729142  -0.138924475482  -0.053314904097  -0.703643759944
  27  Si  1.647496146665  6.276804818101  5.036668043763  -0.399396844619  -0.009605554311  0.188620058361
  28  Si  -1.452064254286  6.314824231451  5.056849590612  0.208271677783  0.064403540860  -0.192578758715
  29  Si  0.069460181156  3.597228656913  5.062728603461  -0.045041707018  0.514653111757  0.068537744529
  30  Si  3.127568981686  1.790913066658  7.629179025013  0.249639219264  -0.002329579517  -0.709620092999
  31  Si  6.250353210755  1.765495931938  7.579047376744  -0.412980044567  -0.364860797527  0.336660991712
  32  Si  4.722654805946  4.451990261081  7.578267808364  -0.570136934330  0.191038229637  0.190404719493
  33  Si  1.656875290333  6.291177458583  10.140000031403  -0.039004506131  0.394787614020  0.991834997455
  34  Si  -1.450687579098  6.339892535590  10.131057871655  0.579741931934  -0.037295051440  1.422727016215
  35  Si  0.081585308708  3.640535135669  10.160074402461  -0.013139057859  0.060496320221  1.160321225640
  36  C  0.033723754301  1.816533856680  4.441414315142  1.328088160442  0.383193791449  -0.458043823825
  37  C  3.186470790397  7.133034421415  4.405586540909  0.491601910448  0.454167993456  0.182409354531
  38  C  -2.995183558925  7.224736420219  4.418345808494  1.636439169741  0.522254292136  -0.157763345259
  39  C  4.747778505179  6.253400471281  6.936949978502  -1.210978983109  -0.474785222905  0.140137295804
  40  C  1.575846373671  0.920718813244  6.973383628924  -0.057277738446  -0.082999232384  0.407859492251
  41  C  7.795120050723  0.836472195726  6.960978536678  -2.115677308942  -0.246284795400  -0.308029194139
  42  C  0.024425860044  1.844193884762  9.524538839180  2.039876155708  0.446780168378  -0.181646268386
  43  C  3.206454282228  7.156617441492  9.485971502156  0.359349535423  0.272503170923  0.527817627076
  44  C  -2.980509816553  7.247112435303  9.505741816352  1.574933329548  0.586978239152  -0.047444434130
  45  C  4.744869268054  6.204374032579  1.844093741614  -1.681681176041  -0.424791990323  -0.918949595782
  46  C  1.558241261295  0.883970602513  1.895248790464  0.106113069103  -0.116019972510  -0.967082005466
  47  C  7.778186439025  0.808735187700  1.880493706179  -2.126607038520  -0.515920004471  -1.172363158123
  48  C  -1.483973756796  4.518553410773  4.431268395271  1.574945232320  0.294422978439  -0.144420233631
  49  C  1.603359834389  4.492252423824  4.414714344196  0.440724586626  -0.408136159606  0.312062015651
  50  C  0.098381770399  7.200736720655  4.433335457631  0.476577464577  -0.239546594993  -0.218493818339
  51  C  6.251273830946  3.554298462546  6.979296833828  -1.121517105102  -0.568427613241  -0.729531577513
  52  C  3.152183655234  3.565952501329  6.956808393852  0.116733245729  0.245016516853  0.412302216427
  53  C  4.681629013599  0.872836695594  6.965010710924  -0.529812893052  0.453442737091  0.476593738287
  54  C  -1.470222511550  4.527321713022  9.530531245660  1.663270963813  0.922834914903  -0.539772781220
  55  C  1.625589740786  4.511321149737  9.514784403179  0.247987038508  -0.243852489293  0.182294420086
  56  C  0.117446923048  7.212454075740  9.510862262632  0.300349228162  0.025409031972  0.142325946117
  57  C  6.259705815249  3.524828450790  1.876581434776  -2.004384557573  -0.907483841656  -1.217737873023
  58  C  3.136447258589  3.549767377937  1.879012180160  0.190639988299  -0.113576640538  -0.910575681720
  59  C  4.683155242627  0.841803036564  1.896507475294  -1.100950068440  0.016993956799  -1.275268913393
  60  C  3.128036550209  1.785417605862  4.436949907296  -0.008527099872  -0.287728314896  0.012400192357
  61  C  6.229538035694  1.730250159740  4.414415715929  -0.558381572504  0.253888939009  0.532500504886
  62  C  4.712788958111  4.450579917152  4.415639786154  -0.205229287020  -0.336182204935  0.289507791887
  63  C  1.652596434892  6.287365506402  6.962882762131  -0.085285498824  0.131904239178  -0.063396835335
  64  C  -1.450145938020  6.326659488150  6.962559459909  0.260140157477  0.023215973550  0.292819450648
  65  C  0.066531823057  3.633778289412  6.984491616708  0.055586998833  -0.356248948730  0.035840782390
  66  C  3.134572237995  1.810798845212  9.517200552196  0.185675036840  -0.242383896937  0.472069660038
  67  C  6.253529485864  1.757389413167  9.500871465602  -0.458702757980  0.158420290747  0.339962576772
  68  C  4.741737676799  4.468755620380  9.509538165992  -0.654545173373  -0.158555027127  -0.000117512681
  69  C  1.629850734214  6.259445506335  1.856326470953  0.211470291408  -0.270449719737  -0.756915740937
  70  C  -1.469476108113  6.268581719717  1.894465920937  0.292525607638  0.464220446834  -1.206952822859
  71  C  0.043953968718  3.571546747974  1.885458194963  0.326413150877  0.432608122243  -0.747985229286


MDSTEP:  8
LATTICE_CONSTANT: 1.889726125458
LATTICE_VECTORS
  9.115710066505  0.000000000000  0.000000000000
  -4.359330076995  8.109866204003  0.000000000000
  0.056351879632  0.112202364609  10.288361838810
VIRIAL (KBAR)
  94.148983253376  -20.147864887213  -9.107372507056
  -20.147864887213  -11.086161891731  -18.910117174671
  -9.107372507056  -18.910117174671  -51.428029778394
INDEX    LABEL    POSITIONS    FORCE (eV/Angstrom)
  0  Si  0.035241083884  1.811065447454  2.530647204322  1.147951771303  0.098928047028  -0.452607598172
  1  Si  3.202968607233  7.131092409283  2.491466674577  0.058342507543  -0.108097489538  -0.414133305179
  2  Si  -3.010510299024  7.199996452470  2.501201129683  2.110599880362  0.402002915760  -0.056921742222
  3  Si  4.725580057807  6.239516559495  5.035023457296  -1.063623619884  -0.182549179922  0.097393188213
  4  Si  1.564578159268  0.916251525965  5.074559336800  -0.111820683810  -0.076600158845  -0.496530960467
  5  Si  7.755721504217  0.837647508646  5.055155060710  -1.631878449045  -0.636593296318  -0.153691091656
  6  Si  0.040479711596  1.819772063521  7.629033769299  1.328598936234  0.813241559890  -0.232969368611
  7  Si  3.208076039712  7.172530732572  7.571658708969  0.186107409610  -0.524399189197  0.170282911004
  8  Si  -2.977498132128  7.245904626264  7.598392015218  1.408955485560  0.084635401877  -0.063443488038
  9  Si  4.744540718464  6.256867809286  10.126614204333  -1.120056539796  -0.166216096808  1.345326418542
  10  Si  1.583209319608  0.931778890450  10.163833948210  -0.118510664271  0.228895171870  1.073653566665
  11  Si  7.792240217185  0.847320170467  10.149885637809  -2.313256683874  -0.401235479991  1.511982863589
  12  Si  -1.499738707510  4.511127688024  2.526351123041  1.929297843709  -0.262110268934  -0.245873753396
  13  Si  1.615780500468  4.476019012421  2.519598014365  -0.155438451006  -0.333870378570  -0.896823857565
  14  Si  0.090024883232  7.157057804041  2.482832081154  0.640317034600  0.152204851947  0.259819168678
  15  Si  6.255442129391  3.527123019958  5.048533433475  -1.625346968045  -0.287870832289  0.284344269383
  16  Si  3.161210266853  3.556620182823  5.048517254446  -0.301404884430  0.510141122857  -0.182881780350
  17  Si  4.658907269046  0.864515491627  5.089039682790  -0.244386379771  0.123301683068  -1.007893757909
  18  Si  -1.484292286589  4.545891513036  7.611032131902  1.867655526065  0.155993670189  0.157596459345
  19  Si  1.628646842368  4.503078660474  7.600286600908  0.133674047518  -0.108367575432  -0.234448139003
  20  Si  0.099898408506  7.218700075443  7.584660169390  0.905807305310  -0.573597113083  0.182058521822
  21  Si  6.264521330216  3.561924142575  10.130750548648  -1.324314377001  -0.583813020979  1.714247930639
  22  Si  3.171011290189  3.591703744500  10.139440590945  -0.051365124097  0.421279359466  1.070254250226
  23  Si  4.701600329592  0.898044146331  10.153160641851  -0.656413416324  -0.050316328825  0.910119517455
  24  Si  3.131857566453  1.774889028813  2.519540523964  0.010763295175  -0.473857509296  -0.450200031924
  25  Si  6.204581436052  1.728368457712  2.511106913148  0.513067597462  -0.010365744662  -0.386485341354
  26  Si  4.706923230452  4.427817801824  2.508862854606  -0.024530909054  -0.276734561266  -0.587047027323
  27  Si  1.648193217946  6.282102138922  5.033873595108  -0.476358053088  -0.154792923561  0.340514958166
  28  Si  -1.453160301943  6.309654140675  5.052075095743  0.144117988418  0.162232453622  -0.023611160724
  29  Si  0.065278671116  3.600742351857  5.062980913389  0.056421094418  0.470925826282  0.025173580949
  30  Si  3.129866500202  1.786671633003  7.624120329351  0.241597065396  0.087971134690  -0.720613795273
  31  Si  6.249672043731  1.771378272027  7.579341720451  -0.467710576547  -0.447886780590  0.241622247701
  32  Si  4.725940776832  4.454911656678  7.572690001440  -0.645569144338  0.088603517720  0.267551533877
  33  Si  1.660533720722  6.293429238016  10.145123780902  -0.051253882657  0.250440177503  0.790148295615
  34  Si  -1.447319778100  6.338459325042  10.135607660131  0.552264349464  0.014292096401  1.351152181490
  35  Si  0.084791968339  3.639927050932  10.158326553650  -0.095255169165  0.090374452606  1.159749239698
  36  C  0.027170514899  1.826212469531  4.436134183357  1.374884442575  0.160500943951  -0.298256698821
  37  C  3.180438108566  7.134640040100  4.399520543433  0.629737675905  0.404595627222  0.279312524300
  38  C  -2.995263034876  7.234017054344  4.413472659804  1.506917278888  0.259934203685  -0.076000732957
  39  C  4.747617712409  6.246103973340  6.928012963041  -1.149811484768  -0.158911705226  0.400806640116
  40  C  1.567556425222  0.926524871726  6.967582893770  0.080347254038  -0.185735111406  0.519571409210
  41  C  7.787219645251  0.831916691966  6.954383580604  -1.891076373091  -0.034706700042  -0.110205474544
  42  C  0.029542620422  1.836113605648  9.531818020528  1.938601094365  0.650897909020  -0.367655755687
  43  C  3.210997527091  7.163417656723  9.487650750566  0.313521386948  0.159556363533  0.482467936407
  44  C  -2.977081934904  7.249604812388  9.514192708140  1.531089376057  0.505886163386  -0.197721269332
  45  C  4.742485207547  6.201558240506  1.841477173841  -1.674837523756  -0.314842828295  -0.908521410897
  46  C  1.563416831818  0.883188491710  1.892558603166  -0.032314199929  -0.107484705241  -0.952357623411
  47  C  7.767250522358  0.810609989820  1.888285142045  -1.853474796734  -0.516356561444  -1.284758132329
  48  C  -1.488742972612  4.510279382931  4.439340943819  1.715123340158  0.561813585878  -0.449522016543
  49  C  1.602338819372  4.493631765473  4.406832743984  0.414908844389  -0.350757411436  0.464788621842
  50  C  0.097745712324  7.203413299572  4.440306135234  0.434629126591  -0.395407426315  -0.409631637419
  51  C  6.252631384856  3.559915727488  6.972093584806  -1.093741151591  -0.688933553040  -0.575038191774
  52  C  3.157594135697  3.566295579903  6.951488952278  0.045287313407  0.217033519505  0.447504092822
  53  C  4.684539473059  0.868196036363  6.956918481772  -0.572023881605  0.521339936292  0.694562619473
  54  C  -1.473700827879  4.534626590917  9.533049159759  1.766202105573  0.725775749033  -0.603896429136
  55  C  1.620057775829  4.507249920568  9.506002060803  0.440152915323  -0.142499386793  0.353982775444
  56  C  0.119484397091  7.204283730596  9.510764647030  0.322894112058  0.246361049489  0.264057630004
  57  C  6.267384301291  3.516086853226  1.868274769490  -2.156867006429  -0.712865518447  -1.145075345355
  58  C  3.145216483042  3.545034895787  1.871847465383  -0.020479947764  0.105040015952  -0.815578529822
  59  C  4.689669740795  0.845206135263  1.900162745035  -1.309622223195  -0.183569533221  -1.371839806913
  60  C  3.136702062726  1.778151277785  4.435102834747  -0.265997565248  -0.073803249104  -0.003655021761
  61  C  6.235502296500  1.735083138534  4.409654585994  -0.772795018581  0.094821232088  0.659234198485
  62  C  4.721825442688  4.450849850372  4.420235458223  -0.398538441569  -0.274413260267  0.070821186941
  63  C  1.646672879358  6.281941774131  6.971595775023  0.053499879507  0.266238759739  -0.272364948009
  64  C  -1.454861346150  6.325739756467  6.968716436915  0.334611155041  0.122754120482  0.132183113103
  65  C  0.074009358269  3.636228300826  6.977161075335  -0.167169749380  -0.381480213537  0.234922011849
  66  C  3.142631237905  1.805730781708  9.511435425140  0.016896527975  -0.201683041827  0.551971077574
  67  C  6.251453160404  1.752526196725  9.496393351710  -0.282801082471  0.279409674651  0.395462354333
  68  C  4.741581327063  4.462848112423  9.509551362903  -0.593700990666  0.049849767106  -0.067088868121
  69  C  1.633362563329  6.251441267177  1.849715428734  0.108082834106  -0.063633556658  -0.644704121792
  70  C  -1.470625208846  6.260434264072  1.889863911664  0.240784319657  0.656442005655  -1.138150569621
  71  C  0.050380801229  3.579192455615  1.876448160828  0.210035292273  0.302643620961  -0.606440511552


MDSTEP:  9
LATTICE_CONSTANT: 1.889726125458
LATTICE_VECTORS
  9.115710066505  0.000000000000  0.000000000000
  -4.359330076995  8.109866204003  0.000000000000
  0.056351879632  0.112202364609  10.288361838810
VIRIAL (KBAR)
  93.805826136519  -20.948655752029  -9.676150612754
  -20.948655752029  -11.161094776369  -18.667999577198
  -9.676150612754  -18.667999577198  -50.544408440920
INDEX    LABEL    POSITIONS    FORCE (eV/Angstrom)
  0  Si  0.029759232846  1.816044233761  2.531562789485  1.221997638618  -0.010504481516  -0.487748907768
  1  Si  3.206710142662  7.125362384140  2.495097319481  0.029058955778  -0.000620591039  -0.530120655290
  2  Si  -3.006511092742  7.197565451299  2.497744015631  2.024773659207  0.363224162748  0.093146018535
  3  Si  4.726060216412  6.235509532825  5.040083015729  -1.106845559256  -0.220094102036  -0.030450023500
  4  Si  1.566811779623  0.911238166172  5.069461463026  -0.155030441625  0.037868867149  -0.345990405225
  5  Si  7.759706305358  0.837807663103  5.053252676132  -1.797021510852  -0.835020848917  -0.160753622618
  6  Si  0.035613328839  1.814131464661  7.629631413841  1.436677925342  0.904351390334  -0.215148527820
  7  Si  3.209382791798  7.175316503292  7.573523262767  0.231949106296  -0.489081468265  0.006815078602
  8  Si  -2.973399360450  7.241378466230  7.600793434309  1.318398941208  0.298566988773  -0.060467974417
  9  Si  4.738682245417  6.263108952332  10.128030510225  -0.968281826426  -0.273539118776  1.267618788056
  10  Si  1.578389596063  0.925723176315  10.163545351637  0.134229605642  0.383638297885  1.082990874336
  11  Si  7.794293941752  0.851325838536  10.150611109363  -2.520873195586  -0.416525976753  1.573267218021
  12  Si  -1.499010915513  4.511898897795  2.530459949428  1.729220103634  -0.426259588633  -0.441802506251
  13  Si  1.618910898109  4.471054762953  2.512982526378  -0.134613961760  -0.164375760935  -0.775231407904
  14  Si  0.091898389916  7.161088950275  2.478183280545  0.544685881267  0.041746624594  0.353310584582
  15  Si  6.258166351329  3.528992038067  5.050828282582  -1.654510819468  -0.392811325334  0.202383845379
  16  Si  3.155983371203  3.559996906310  5.051287973395  -0.053949704745  0.515807446005  -0.195809396833
  17  Si  4.660934012321  0.862445763036  5.087936527909  -0.306648933113  0.176724607734  -0.987456908750
  18  Si  -1.486290273369  4.540891374713  7.612330511551  1.805210338583  0.221484938158  0.098590246445
  19  Si  1.635032735761  4.499070390725  7.601192170991  -0.011197135760  -0.053858911924  -0.238069022597
  20  Si  0.100947319008  7.216309337669  7.586130848594  0.849363845267  -0.518432047920  0.168063701464
  21  Si  6.257590271343  3.555821962882  10.130334748909  -1.235432399928  -0.372349781095  1.716903344546
  22  Si  3.171279953374  3.592568218385  10.146221175822  -0.004074912322  0.420780296745  0.861602204939
  23  Si  4.699298055887  0.895374033055  10.148480293818  -0.710953282017  0.028143162375  1.011352987603
  24  Si  3.130033482728  1.780283306481  2.524928068385  -0.001330241217  -0.536589334446  -0.590209717081
  25  Si  6.204748226665  1.730648202306  2.511927892082  0.299069250471  -0.063186472336  -0.302521655399
  26  Si  4.702546124130  4.431439057155  2.506260027172  0.109884185770  -0.390198138058  -0.537392298766
  27  Si  1.653050804969  6.281319618670  5.036033710352  -0.606920563187  -0.073002799605  0.280927266045
  28  Si  -1.455402817649  6.312897288736  5.055612756775  0.156865398967  0.163131323410  -0.062747392047
  29  Si  0.070806635039  3.603875150881  5.069120663761  -0.086043845209  0.408086095338  -0.099981296601
  30  Si  3.129887825077  1.783854222020  7.621253816607  0.240452692434  0.173592486187  -0.611262801547
  31  Si  6.244301451553  1.768457044075  7.577460538785  -0.510333991235  -0.279765240948  0.254588529169
  32  Si  4.726060726747  4.459017417875  7.578093842062  -0.729430734976  -0.058953338360  0.171709361134
  33  Si  1.660714378130  6.288957463243  10.141497961127  -0.046326819250  0.441876220881  0.877144365379
  34  Si  -1.445368430918  6.338635010657  10.131175271985  0.449945512862  -0.161062911848  1.440637839610
  35  Si  0.085506701524  3.633563032227  10.162668085106  -0.088326720180  0.336836343798  0.968659874293
  36  C  0.020850748278  1.819907729215  4.437581325690  1.646428414319  0.460554768976  -0.357714473809
  37  C  3.179873679988  7.126183950090  4.390290768845  0.733696164302  0.520269764349  0.560195375064
  38  C  -3.002024196791  7.231965539615  4.418857081484  1.642984115750  0.311732091899  -0.208147427936
  39  C  4.754169984315  6.242113778758  6.928297891353  -1.317446153053  -0.026284548309  0.455979881691
  40  C  1.574446598164  0.932444435892  6.973634409189  -0.165204622998  -0.393203327625  0.338885323021
  41  C  7.778495801425  0.840016503504  6.945671894373  -1.754115942920  -0.253952717850  0.079962172593
  42  C  0.030917276325  1.835261110948  9.539156881687  1.937579850824  0.647217840137  -0.531482048913
  43  C  3.209163810921  7.172499255954  9.478677366156  0.312003999097  0.078555479570  0.685183111715
  44  C  -2.973871434898  7.251632768041  9.514959678947  1.389833762504  0.392387940781  -0.173406363512
  45  C  4.745658427112  6.194044250994  1.841919809101  -1.732792969182  -0.063966920609  -0.978415423121
  46  C  1.563913447780  0.878442469257  1.896557968754  -0.123817232989  0.029205475141  -0.981599707816
  47  C  7.757945304512  0.814490832275  1.893261999376  -1.668043498590  -0.617810021154  -1.354807061394
  48  C  -1.494610041443  4.517080263934  4.432702814495  1.946523101942  0.427834620069  -0.233362848866
  49  C  1.610898368458  4.497149879218  4.407092163698  0.227102307358  -0.451080639809  0.399536012144
  50  C  0.096258444039  7.203695558832  4.435906277051  0.472741149590  -0.419616362950  -0.286944577404
  51  C  6.245524889117  3.562783083017  6.965662929814  -0.988192133555  -0.741421707252  -0.424043564041
  52  C  3.152805088771  3.559682452613  6.954529963446  0.199495424306  0.375916581236  0.365844006178
  53  C  4.676863121035  0.869767406640  6.959085767115  -0.458987333498  0.403981685794  0.620386116137
  54  C  -1.478834203982  4.528317134400  9.525769340728  1.832861365691  0.734459516540  -0.405572568370
  55  C  1.624810592575  4.514787217335  9.502256255455  0.320854910241  -0.388875170732  0.477786841674
  56  C  0.115289859992  7.202630359820  9.512312541152  0.454663820750  0.245142917163  0.229248499850
  57  C  6.255936539078  3.515872236997  1.862960715984  -1.839014078939  -0.629552771603  -1.005607253581
  58  C  3.151519425545  3.548258085230  1.863122054904  -0.184025759881  0.035301188868  -0.701104670549
  59  C  4.678634464623  0.846398116084  1.904815981719  -1.094670286356  -0.131135327673  -1.431923049757
  60  C  3.136416805727  1.787620641792  4.431429421143  -0.254617405380  -0.237832457414  0.105790668092
  61  C  6.240764743490  1.728434458243  4.419960073322  -0.866475557566  0.249979344279  0.436629770220
  62  C  4.731445426372  4.449104750918  4.413255180917  -0.633687591185  -0.278646399755  0.206757184319
  63  C  1.649311900399  6.283439759609  6.975518004010  0.054455438154  0.199803996075  -0.340875824255
  64  C  -1.460412784481  6.330595916572  6.976096781010  0.545900950358  -0.080157377091  0.005665497352
  65  C  0.071285747251  3.635053028229  6.982250101723  -0.093434079940  -0.355103928819  0.197622448880
  66  C  3.146050942561  1.810271637374  9.504902248758  -0.132726252125  -0.300956787806  0.714685818701
  67  C  6.245942274236  1.757763998886  9.500118100810  -0.172036681424  0.092124411745  0.264650862416
  68  C  4.741452102865  4.464195285412  9.506017735015  -0.656593976661  0.124458922598  0.051114787580
  69  C  1.635752453232  6.252739647400  1.857082858021  0.109239577999  -0.113391402649  -0.831976991239
  70  C  -1.472399089331  6.252213890919  1.896337986289  0.351344955862  0.852129627195  -1.287417892593
  71  C  0.054937358514  3.586596728730  1.866598894981  0.104535803958  0.122304683316  -0.418070238196


MDSTEP:  10
LATTICE_CONSTANT: 1.889726125458
LATTICE_VECTORS
  9.115710066505  0.000000000000  0.000000000000
  -4.359330076995  8.109866204003  0.000000000000
  0.056351879632  0.112202364609  10.288361838810
VIRIAL (KBAR)
  91.484451070952  -22.199766991302  -9.064995018358
  -22.199766991302  -10.035567493784  -19.059014340708
  -9.064995018358  -19.059014340708  -49.639727073193
INDEX    LABEL    POSITIONS    FORCE (eV/Angstrom)
  0  Si  0.033042791392  1.820937253117  2.530799275076  1.022515671751  -0.034297967646  -0.434051657691
  1  Si  3.211651986848  7.125117260155  2.488269805122  -0.140585396517  0.035050034652  -0.409611539703
  2  Si  -3.004955983461  7.200355605413  2.501361121779  2.018220111114  0.365694620323  0.082930839021
  3  Si  4.724635357198  6.229369284990  5.036118302900  -1.031357040841  -0.019662560517  0.021032356556
  4  Si  1.562167013472  0.914481807586  5.075581004366  -0.062572062116  0.040577564566  -0.515978656992
  5  Si  7.756607484419  0.844033000324  5.055967181474  -1.575360969795  -1.043828395914  -0.242645507721
  6  Si  0.042921353598  1.814256882242  7.626293715524  1.184369127447  0.767385791426  -0.265029752637
  7  Si  3.206930732237  7.169618920256  7.578133819322  0.446974869338  -0.471251494392  -0.025220633714
  8  Si  -2.976959333984  7.241528127867  7.606265242755  1.418718684111  0.222771748546  -0.227187427547
  9  Si  4.732511609587  6.259160514720  10.131976267600  -0.722283805643  -0.026619590845  1.201190762391
  10  Si  1.573056897459  0.931802352429  10.165386211109  0.256961110013  0.325431312354  1.108924878464
  11  Si  7.794391237859  0.855123883834  10.145437393519  -2.492833643392  -0.518001094715  1.701691412678
  12  Si  -1.497160806708  4.509615005333  2.534197428959  1.660678027106  -0.314516601690  -0.664805352719
  13  Si  1.616767700275  4.474754332139  2.517478919844  -0.087510512768  -0.302782009786  -0.952355974713
  14  Si  0.092972409503  7.167205924000  2.479359915565  0.682188979304  -0.145130020328  0.318479522073
  15  Si  6.257785150670  3.525540163855  5.051527175861  -1.708220445331  -0.254558902957  0.131579648286
  16  Si  3.151983673119  3.556733545949  5.044726700977  -0.082573607031  0.744146859156  -0.013926171346
  17  Si  4.660521813102  0.863472264280  5.082511824343  -0.247009203723  0.104071216504  -0.899017666810
  18  Si  -1.488306831486  4.544858444983  7.614264103904  1.894136395941  0.122639334784  -0.033865097806
  19  Si  1.630946640245  4.504042979735  7.606093738601  0.052691685183  -0.303490313812  -0.260599368508
  20  Si  0.107605234900  7.222681608654  7.590181222587  0.702839708414  -0.679701787642  0.107816957987
  21  Si  6.258062664473  3.556269657602  10.131920266561  -1.263106300329  -0.440594946471  1.667675949969
  22  Si  3.173399266137  3.587606333111  10.152313502583  -0.115891023774  0.544173557802  0.829970557249
  23  Si  4.698125684463  0.895118404416  10.151442009458  -0.673927226079  -0.002570649501  0.957664012711
  24  Si  3.126929524825  1.773782462149  2.526504105692  0.143560449003  -0.367886745297  -0.631243522782
  25  Si  6.209740823951  1.731435293865  2.517223936511  0.148726956919  -0.041956199475  -0.559667594967
  26  Si  4.701164994636  4.435070738563  2.501096720205  0.052965417572  -0.551640845734  -0.428638416566
  27  Si  1.651867514153  6.277815323230  5.039055420445  -0.446952887842  0.073584450525  0.199737286126
  28  Si  -1.454471079708  6.313775480958  5.055469280473  0.075888223555  0.092874179600  -0.106574591862
  29  Si  0.066616546487  3.607693345505  5.067017390317  0.011833481325  0.402604376208  -0.077240293881
  30  Si  3.123855161466  1.787019878641  7.618587173068  0.278473712684  0.029545933321  -0.509612983631
  31  Si  6.248941591021  1.765425675811  7.582605068195  -0.548232378622  -0.188205157604  0.102310978384
  32  Si  4.724683178701  4.465120719248  7.585041552990  -0.732163172076  -0.327703906417  0.011895340036
  33  Si  1.658429736622  6.287366600250  10.141484627546  0.000239571890  0.539669001947  1.040940232290
  34  Si  -1.451806408967  6.340671606295  10.131977122137  0.673811104063  -0.199220624632  1.463197611383
  35  Si  0.087600701387  3.633722435026  10.157178489987  -0.132737096699  0.420560118148  1.032526134645
  36  C  0.023069751990  1.828784158648  4.444758405627  1.558517482770  0.317916889447  -0.501026216371
  37  C  3.184355694470  7.123008433169  4.382275668296  0.601449175669  0.609943217256  0.728815005479
  38  C  -3.002948034861  7.240574187309  4.422091279290  1.623818177299  0.138505814302  -0.221745212111
  39  C  4.761290910380  6.233479527239  6.927080434036  -1.491213640262  0.141860363087  0.506981279215
  40  C  1.568720117448  0.924773654819  6.966463099690  -0.011176221428  -0.288400101541  0.556086058889
  41  C  7.778345709675  0.829211775587  6.944413501114  -1.671880123295  -0.055510238857  0.187256014440
  42  C  0.030856388155  1.834066359800  9.536161759395  1.992112951100  0.747718226381  -0.573533830901
  43  C  3.207721581293  7.177987823248  9.484604145653  0.347334784382  -0.037166728981  0.613273154539
  44  C  -2.964319685218  7.257901821862  9.512786269402  0.957611095988  0.236213822306  0.008972867857
  45  C  4.742561744352  6.192585802298  1.849775860149  -1.547139216144  0.057519450386  -1.159499196065
  46  C  1.563815363825  0.888564614180  1.902308592306  -0.199896870967  -0.199611696638  -1.070982219113
  47  C  7.753461834878  0.817376523878  1.884510037309  -1.443045171783  -0.587052037354  -1.232872150890
  48  C  -1.494045680749  4.507952938325  4.422600615921  1.835091932733  0.629911691696  0.016117451063
  49  C  1.602873577983  4.506105086701  4.399494572428  0.326236533188  -0.680310002008  0.623698302744
  50  C  0.097456559661  7.196472939254  4.431011644843  0.463188215306  -0.202185432680  -0.139336940465
  51  C  6.248715219600  3.567170289290  6.960666771076  -1.102996156793  -0.878126429110  -0.259639550880
  52  C  3.145017538041  3.552740532681  6.959062993132  0.297721013119  0.599790680649  0.226567667944
  53  C  4.676587759329  0.871764498793  6.958639403520  -0.432292894063  0.433971222146  0.584201697158
  54  C  -1.482501471788  4.528405655870  9.519843330706  1.877779700377  0.760177802929  -0.283220771975
  55  C  1.628503939813  4.522877970306  9.506242122906  0.270427431438  -0.605415848850  0.416367401653
  56  C  0.117123384362  7.200622471610  9.515588107933  0.370631560844  0.296802453677  0.203429457300
  57  C  6.251857352969  3.520627513239  1.858016965043  -1.729548335898  -0.676944022726  -0.915590803017
  58  C  3.151715400150  3.541938815950  1.859561236741  -0.220399214598  0.120459613940  -0.580017135333
  59  C  4.678793507206  0.842347255610  1.899376323725  -1.024400431517  0.024747612654  -1.286666245159
  60  C  3.139941459417  1.794911761826  4.430948813197  -0.357871570152  -0.471086735482  0.091634857637
  61  C  6.249743091423  1.729492261685  4.414118694738  -1.106949482283  0.236985347878  0.554817191925
  62  C  4.725345921250  4.452399430443  4.410594579415  -0.500834166997  -0.460780708443  0.190444512770
  63  C  1.658613662081  6.276602796143  6.984699387486  -0.175932556581  0.360936819202  -0.522284905151
  64  C  -1.462270297267  6.329003771121  6.974445736474  0.690064800591  0.039125343680  0.070485384636
  65  C  0.073923773266  3.626066286370  6.978547064955  -0.175371442617  -0.102887671566  0.295978971781
  66  C  3.141650130704  1.813406013813  9.510019091410  -0.066108021963  -0.389704226193  0.568615584425
  67  C  6.255210625715  1.748002915897  9.499525095756  -0.441044589306  0.343899980971  0.295303008584
  68  C  4.735585934748  4.465413312754  9.509514899804  -0.523223000785  0.050845562941  0.052445500158
  69  C  1.638113201180  6.244195675192  1.866534442092  0.076417073647  0.128928008955  -1.020208050354
  70  C  -1.463523908060  6.258784050536  1.902296551991  0.118350819888  0.721742179768  -1.335254326271
  71  C  0.052439353868  3.591645676793  1.863503475327  0.152093844937  0.040019491692  -0.411906084791


