MDSTEP:  0
LATTICE_CONSTANT: 1.889726125458
LATTICE_VECTORS
  9.407670045498  0.000000000000  0.000000000000
  -4.556429028373  8.071183742419  0.000000000000
  0.112233870373  0.203797891062  10.345399614942
VIRIAL (KBAR)
  -58.055649706487  -39.104881671242  -15.288912642166
  -39.104881671242  -5.135023223171  -27.658573070125
  -15.288912642166  -27.658573070125  -74.336749263745
INDEX    LABEL    POSITIONS    FORCE (eV/Angstrom)
  0  Si  0.028489006997  1.819127958555  2.523747035964  -0.970716755549  -0.821763235894  -0.951159048950
  1  Si  3.187655703727  7.149315770449  2.438729205035  0.382807679779  -0.231633050349  0.036554702687
  2  Si  -3.016052809593  7.219673220488  2.473349592296  -1.055800730118  -1.578829022442  -0.152677073388
  3  Si  4.741778847608  6.274656936075  5.002541924387  0.744371343688  0.499701108268  -0.268973072825
  4  Si  1.580069524453  0.925954044363  5.063059089800  -0.370584885115  -0.071459301165  -0.413601724122
  5  Si  7.795609231576  0.885975732138  5.018863007191  0.748458318054  0.388861159084  -0.079191119899
  6  Si  0.054773641201  1.864907344473  7.608476574188  -1.022257743624  -0.611887891639  -0.189219284215
  7  Si  3.213006020159  7.214051190323  7.538539809282  0.096029716330  -0.458077307655  0.020223145726
  8  Si  -2.978276063607  7.245596382281  7.570309263560  -1.313979441003  -0.406954593571  -0.340672873980
  9  Si  4.770152396879  6.300815823009  10.068801348145  0.825824221704  1.247012213603  1.796958317121
  10  Si  1.621554981272  0.969458618939  10.144089814570  -0.293552383277  0.447342748408  1.259317862943
  11  Si  7.812015372922  0.923344895271  10.124661713661  0.972807485357  1.065966725874  1.369775992856
  12  Si  -1.511452537728  4.512696271618  2.499146484361  -0.827907136337  -0.666373164651  -0.615010866411
  13  Si  1.596265361565  4.481493723029  2.488378533318  0.131388277300  0.137500832519  -0.470012595858
  14  Si  0.084116278382  7.184881974990  2.477513377721  -0.110832525260  -0.466468950823  -0.432368669482
  15  Si  6.255767844070  3.564102625944  5.024711342538  0.961594776284  0.902245644295  -0.235301479585
  16  Si  3.149342933507  3.595509726615  5.019492203056  0.214296636810  0.213661965503  0.214636063917
  17  Si  4.686589022236  0.897581028597  5.075144310964  -0.065703611717  0.371250594971  -1.022401936199
  18  Si  -1.461349562076  4.567871809339  7.570765472379  -1.156321537577  -0.855815527479  0.005788126223
  19  Si  1.616434980447  4.516775334538  7.594739596891  0.488188766514  0.497261978819  -0.631020893004
  20  Si  0.103408368336  7.236495467120  7.554814776443  0.257297083078  -0.454428767507  0.138901033326
  21  Si  6.288278024776  3.632857392416  10.091708469098  1.056488383559  0.640386088722  1.777618271859
  22  Si  3.189086793944  3.643971444150  10.107906974299  0.259852405125  0.368934044090  1.805982404173
  23  Si  4.700008433773  0.933911979228  10.137797036956  0.601924324561  1.081951733814  1.375369500194
  24  Si  3.121731046384  1.781153062101  2.493201570899  0.109273715008  -0.032418264158  -0.179759890496
  25  Si  6.226996781105  1.758796536407  2.487451480562  0.408748972224  0.116457177928  -0.612812990337
  26  Si  4.691947842542  4.447569869694  2.480026775509  0.681963177208  0.295647370208  -0.666024031126
  27  Si  1.630272864820  6.285142746140  5.022467587312  0.143838355903  0.547265876721  -0.286896487602
  28  Si  -1.476082247612  6.320921521651  5.021073117954  -0.138395975145  0.001923432324  -0.133198100669
  29  Si  0.069095760493  3.621729552247  5.062932068210  -0.561489358291  -0.023339679544  -0.773483825697
  30  Si  3.158203168826  1.835283444105  7.599440150752  0.086311621647  0.274764245958  -0.529350425264
  31  Si  6.258029182871  1.813947959564  7.558146646039  0.571842765256  0.081472673325  0.338783817093
  32  Si  4.737032319956  4.513852522158  7.548120910300  0.109362659969  0.076246282331  -0.202743561524
  33  Si  1.655624160691  6.335804301088  10.106697186070  0.243257092117  0.732826547357  1.536399455339
  34  Si  -1.439180211624  6.372325876321  10.095813682981  -0.203719083280  0.092839256993  1.759902342660
  35  Si  0.096581130477  3.677934344038  10.134175934650  -0.415865442553  0.193043603380  1.593644838327
  36  C  0.030483402711  1.816146668180  4.425854879439  -0.686512286998  -0.081815975163  0.334050610723
  37  C  3.194509506870  7.174215134241  4.373969814672  0.107182727474  -0.087975774323  0.039302570393
  38  C  -3.020454700376  7.221385721185  4.392283853663  -0.693732949294  -0.563976929228  0.439956811439
  39  C  4.747309372676  6.296862467487  6.901356449964  1.022169137031  0.460249466903  0.813332637111
  40  C  1.586252684438  0.965386320282  6.975611482285  0.067138478027  -0.217159517181  -0.197077215602
  41  C  7.802683621714  0.895619005179  6.937018476391  0.800279207424  1.123094023278  0.226573329750
  42  C  0.075524155034  1.889786906179  9.534256094516  -0.888255477392  -0.678687335864  0.038929132664
  43  C  3.207604917383  7.219739901834  9.452837657004  0.474327390838  -0.070702260767  0.407574847693
  44  C  -2.976965819869  7.277434878612  9.460715313865  -0.901625315586  -0.810294571239  0.831470819944
  45  C  4.730614166004  6.237337137706  1.832451173720  0.659670454801  0.170035609479  -1.061175986515
  46  C  1.566559319217  0.882340747056  1.893102781501  -0.408517822306  0.614882131581  -1.882529479430
  47  C  7.771660067175  0.836658052103  1.855552985338  0.614788193401  0.904726757778  -1.128154604172
  48  C  -1.491170651844  4.542577708863  4.420280028195  -0.689032043783  -1.040955365267  0.166765509129
  49  C  1.621911152804  4.523324040712  4.414856802473  -0.243893446945  -0.624139790220  -0.252094531861
  50  C  0.091642283573  7.207058225139  4.377506155282  -0.016178746603  -0.302309719558  0.648449581876
  51  C  6.268388113973  3.582673863862  6.928444731217  0.954933465304  0.857402837816  0.472454591990
  52  C  3.171254425989  3.623843191230  6.937866727900  -0.205011959016  -0.166077153719  0.321239454179
  53  C  4.710318137665  0.926349457869  6.959319607805  -0.531361631941  0.237612415206  0.043988256452
  54  C  -1.466614728078  4.581986339216  9.498463685159  -0.551859260567  -0.647081628952  0.152978074545
  55  C  1.658889492392  4.559696802667  9.496539564906  -0.360402342576  -0.262944996250  0.216815240700
  56  C  0.109138769951  7.263124616470  9.466444920452  0.245976865204  -0.639231095026  0.431051334360
  57  C  6.246873157558  3.536637929815  1.850284866218  0.560790786174  0.441407050415  -0.972776947236
  58  C  3.140849802832  3.558739791126  1.862982068703  -0.410016666700  -0.170616182090  -1.373735425277
  59  C  4.662102274831  0.873866069385  1.876073737170  -0.243178310805  0.005263574004  -1.600003932863
  60  C  3.127238263644  1.810483267979  4.423359711963  0.253328270069  -0.206004646287  -0.041294844815
  61  C  6.252308300521  1.787334856879  4.408310832109  -0.140410759119  -0.109013909860  -0.043824207420
  62  C  4.714857870200  4.477930928586  4.397783447875  0.124308865471  -0.061486304771  -0.089407672342
  63  C  1.633518846578  6.318330131089  6.913409461493  0.087657799806  -0.219219390443  0.713219021322
  64  C  -1.459782765489  6.338709859101  6.952140467047  0.066632882734  0.090091335471  -0.377393815808
  65  C  0.064481600249  3.643032997179  6.955113095945  -0.106798165446  -0.144210660493  0.319819715248
  66  C  3.182954530348  1.864980671511  9.491647470354  -0.285400638425  -0.263050275975  0.603346002115
  67  C  6.273022986922  1.840446989533  9.490641609558  0.010846475808  -0.154479909938  0.083116931120
  68  C  4.734009814935  4.519671757999  9.468880993146  0.416396843271  0.129242960520  0.033959784868
  69  C  1.622089119152  6.274420394875  1.834861553983  -0.355430832955  -0.581416701250  -1.221678245705
  70  C  -1.492587655769  6.292012996801  1.862627173292  -0.019024632613  -0.282442664994  -1.527718222491
  71  C  0.036627311939  3.593285779634  1.880002978296  -0.318585722394  -0.243829951215  -1.413505049897


MDSTEP:  1
LATTICE_CONSTANT: 1.889726125458
LATTICE_VECTORS
  9.407670045498  0.000000000000  0.000000000000
  -4.556429028373  8.071183742419  0.000000000000
  0.112233870373  0.203797891062  10.345399614942
VIRIAL (KBAR)
  -58.010661598467  -39.033802089812  -15.377087659266
  -39.033802089812  -5.421555982301  -27.689745799686
  -15.377087659266  -27.689745799686  -74.376704589907
INDEX    LABEL    POSITIONS    FORCE (eV/Angstrom)
  0  Si  0.029195571868  1.818266680683  2.524167172773  -0.984806623513  -0.794990996904  -0.979303123865
  1  Si  3.187593178689  7.148699625520  2.438951742135  0.388047052300  -0.198826337810  0.018645516570
  2  Si  -3.016184823469  7.220114609039  2.473542383106  -1.045971524538  -1.598434406516  -0.157358735755
  3  Si  4.742725749548  6.273642031653  5.002783714462  0.721622840937  0.537213861012  -0.265831864047
  4  Si  1.580010207898  0.926732023782  5.063268111854  -0.378148460966  -0.090204518372  -0.423374232234
  5  Si  7.796296083284  0.886462784585  5.018515659879  0.727377969305  0.379772735395  -0.073568317367
  6  Si  0.054596290750  1.864814447319  7.608164722611  -1.025122050996  -0.607693562349  -0.183992287750
  7  Si  3.213826748701  7.214791920790  7.538592594783  0.086783927368  -0.461721765375  0.023750300989
  8  Si  -2.977966361946  7.245775381132  7.569777072302  -1.323333912041  -0.410269909932  -0.320386811191
  9  Si  4.770042331133  6.301344597592  10.069351000835  0.833814201616  1.218014831929  1.782995299641
  10  Si  1.621416674541  0.970472469023  10.144214769629  -0.298497605725  0.415285749918  1.249358207406
  11  Si  7.812071059871  0.922769371520  10.124867773029  0.967491468230  1.079165832335  1.370150159585
  12  Si  -1.511358831682  4.511897871273  2.498859626857  -0.828901247485  -0.661702231875  -0.617724168340
  13  Si  1.596352454740  4.482225286954  2.488489273119  0.121778454494  0.126857851706  -0.489233132343
  14  Si  0.083566496366  7.184268733044  2.476939184741  -0.118015950050  -0.445963260454  -0.410851452995
  15  Si  6.255426808825  3.563634483678  5.024835370643  0.968017452424  0.910448976822  -0.248171289438
  16  Si  3.149107178770  3.596740503991  5.020061837102  0.225190439144  0.198239795220  0.186721939083
  17  Si  4.686501103984  0.898102097013  5.075574056318  -0.065020944353  0.360279531130  -1.024898002287
  18  Si  -1.461546848381  4.567588337215  7.570354664343  -1.152923447286  -0.859018850204  0.009858496800
  19  Si  1.616922908277  4.517411050639  7.593904420975  0.465512375499  0.484633539056  -0.608874714334
  20  Si  0.103046292262  7.235634768400  7.554249126862  0.268008508014  -0.427081334069  0.158999742842
  21  Si  6.288855264284  3.633095078271  10.091569204639  1.034352191865  0.635788454967  1.782538494201
  22  Si  3.188756637035  3.643625836987  10.107798365577  0.260009379529  0.365058551746  1.809519020440
  23  Si  4.700982129480  0.934394553102  10.137726936659  0.575622825819  1.062515763663  1.375114436304
  24  Si  3.121989644063  1.781786662436  2.493100537570  0.112739510409  -0.042088057442  -0.176520909949
  25  Si  6.226745088185  1.759254736035  2.487832562774  0.410707625043  0.097949476880  -0.626990830803
  26  Si  4.692079899602  4.447433669714  2.479940927281  0.681063087391  0.294757636553  -0.668579914044
  27  Si  1.629698927921  6.286255610868  5.021994047194  0.162302612217  0.530426625172  -0.278876514452
  28  Si  -1.476306264188  6.320319580945  5.021615635862  -0.140900508490  0.018315312270  -0.142772137265
  29  Si  0.068911702622  3.622328637599  5.062142836538  -0.555103054514  -0.029538813267  -0.773156373125
  30  Si  3.158432742488  1.834716825185  7.599603272116  0.064154658004  0.289354668456  -0.539261482512
  31  Si  6.256800891917  1.814369440396  7.558998465459  0.613820230332  0.075224252723  0.329426020598
  32  Si  4.737122653379  4.513118182058  7.548924263332  0.105734150133  0.095297941214  -0.229977505093
  33  Si  1.655681672687  6.335154149038  10.106593825303  0.235335398203  0.733509931177  1.543768834347
  34  Si  -1.438511554058  6.372239959224  10.095511913011  -0.220052908179  0.088565970337  1.766991694884
  35  Si  0.096523552561  3.678394237155  10.133962674237  -0.436162725016  0.175307234952  1.596762753834
  36  C  0.029013178435  1.816128863478  4.425280257624  -0.652936779645  -0.074351570232  0.344108556040
  37  C  3.194803905115  7.174560823036  4.372982415616  0.112424981827  -0.095000118250  0.066612623871
  38  C  -3.021374164963  7.220564753240  4.392384306337  -0.674052204330  -0.540416805545  0.444738025632
  39  C  4.748306394783  6.297769882028  6.902089890656  1.013873466743  0.432649801745  0.803456631634
  40  C  1.585437715944  0.965169315990  6.975602370387  0.089491961655  -0.210283947515  -0.200912575172
  41  C  7.803545310644  0.896488537738  6.937457246909  0.777719109228  1.118908347526  0.219132459436
  42  C  0.074839250827  1.889822808936  9.533724110587  -0.880525392220  -0.676975238907  0.046746875882
  43  C  3.206886537569  7.219096724285  9.453357798810  0.489260058652  -0.061303347598  0.400147622225
  44  C  -2.976216707012  7.276775269522  9.460610976801  -0.914038045302  -0.782456209905  0.834859240526
  45  C  4.731197631060  6.236649309603  1.831871615284  0.643496473951  0.185366924670  -1.056453139326
  46  C  1.567263258756  0.882378776299  1.892864425535  -0.414216433021  0.617510697334  -1.875541123284
  47  C  7.771565449265  0.837754935521  1.854677518376  0.619730994860  0.865227160223  -1.109019040683
  48  C  -1.490927531503  4.542953670199  4.419858371808  -0.694781687983  -1.054100082881  0.169457045655
  49  C  1.622518647448  4.523753964992  4.413252203185  -0.260034498053  -0.617198728236  -0.219719092050
  50  C  0.091321787774  7.206992047210  4.378493012171  -0.025435764386  -0.290817242700  0.625690859236
  51  C  6.268924965067  3.582357143307  6.927560484495  0.937822104986  0.864337656530  0.491256188502
  52  C  3.170199329167  3.624129344037  6.936669216400  -0.178570883318  -0.170530200299  0.348550082200
  53  C  4.710656330635  0.927062633138  6.959968394831  -0.544954448699  0.211862176463  0.035513011895
  54  C  -1.468276106491  4.581719363960  9.498271264201  -0.521998218105  -0.645461812254  0.150921472636
  55  C  1.658273387087  4.558758920078  9.497415845163  -0.349012850116  -0.247270088063  0.185443440286
  56  C  0.109505787116  7.262170663052  9.466522152440  0.247511667898  -0.616058444135  0.426135628639
  57  C  6.246422640366  3.535888367094  1.850089229480  0.566006496941  0.457832703473  -0.970538055547
  58  C  3.140471944135  3.558980600789  1.862786502112  -0.401963343901  -0.165785971002  -1.370616473493
  59  C  4.662142913257  0.873936465172  1.875441567848  -0.245887660177  0.001004225823  -1.588472291441
  60  C  3.127882713900  1.810701281558  4.423773447178  0.237174704729  -0.193353225727  -0.047171951048
  61  C  6.251599548148  1.787310423767  4.407983547083  -0.125403656032  -0.110325136632  -0.034467651540
  62  C  4.715495559090  4.479122145269  4.397744721587  0.113650633117  -0.094577906283  -0.089610001496
  63  C  1.633304861571  6.318898430952  6.914148060225  0.103841383390  -0.221871344944  0.684195698888
  64  C  -1.459610354689  6.338851259652  6.952858762894  0.060696932185  0.078323652272  -0.396904772360
  65  C  0.064375512485  3.642531937033  6.954366589962  -0.099170415920  -0.125346970597  0.323977207395
  66  C  3.182207067825  1.864753803631  9.491259889066  -0.264641298802  -0.261468391121  0.612508440294
  67  C  6.272816994256  1.840677918152  9.491031978440  0.021162816331  -0.156484093299  0.077865506296
  68  C  4.733196975546  4.518494184219  9.468123118983  0.430534364794  0.155139788517  0.059314228144
  69  C  1.621252583837  6.275187425780  1.835862437507  -0.336987697315  -0.596581523945  -1.238219334156
  70  C  -1.492911695625  6.291086660892  1.862740203454  -0.020060652759  -0.271071904987  -1.528457543722
  71  C  0.036876192294  3.593296775785  1.878592711397  -0.316251616329  -0.253523309580  -1.389424918327


MDSTEP:  2
LATTICE_CONSTANT: 1.889726125458
LATTICE_VECTORS
  9.407670045498  0.000000000000  0.000000000000
  -4.556429028373  8.071183742419  0.000000000000
  0.112233870373  0.203797891062  10.345399614942
VIRIAL (KBAR)
  -58.387471375346  -38.778706915035  -15.800700866688
  -38.778706915035  -6.117944670124  -27.937928865543
  -15.800700866688  -27.937928865543  -74.835670617646
INDEX    LABEL    POSITIONS    FORCE (eV/Angstrom)
  0  Si  0.030883969212  1.816342053213  2.522025907465  -1.040778580086  -0.748048047737  -0.920428843750
  1  Si  3.187744709909  7.150362959230  2.439882795357  0.391794973883  -0.206302513286  -0.006336909475
  2  Si  -3.014416602396  7.217939474770  2.472933080237  -1.052423824497  -1.548729790042  -0.179989242957
  3  Si  4.744058401823  6.275768615689  5.002941888210  0.701030368664  0.530595659463  -0.312091559643
  4  Si  1.581138184531  0.928977644614  5.061717793561  -0.421109340841  -0.123637103180  -0.376596206990
  5  Si  7.798791478249  0.886864051419  5.020771920132  0.673861472792  0.373996374353  -0.126174991846
  6  Si  0.054214670541  1.864882397360  7.610413100088  -1.010235067523  -0.574102595016  -0.219102219006
  7  Si  3.215433905945  7.216286932126  7.539098190266  0.071718411261  -0.493300075578  0.005528352849
  8  Si  -2.977593479956  7.248241706027  7.571961339372  -1.335783817864  -0.453256904137  -0.316697009099
  9  Si  4.769405167107  6.303733417732  10.070432867139  0.863828158216  1.149567099569  1.779052201458
  10  Si  1.622039356524  0.971980225540  10.146093809094  -0.370825139349  0.385951188911  1.232108185544
  11  Si  7.813955853750  0.921891407729  10.125887936983  0.939577029145  1.069561207228  1.365750498614
  12  Si  -1.511798549215  4.509917385538  2.500202878732  -0.825299206289  -0.652885496857  -0.644268218411
  13  Si  1.598316111125  4.484232462809  2.489186680211  0.030528887558  0.069801032595  -0.521787394654
  14  Si  0.083065258386  7.184704993065  2.477308116782  -0.143381481777  -0.469326779000  -0.395687384386
  15  Si  6.256525818626  3.564150228456  5.022898974746  0.940516494833  0.869675624674  -0.204801314084
  16  Si  3.149600513622  3.594350115712  5.021183582297  0.235338937600  0.335774401544  0.157561392762
  17  Si  4.686574311821  0.899976733114  5.075301174171  -0.099801003708  0.301885634858  -1.033040800629
  18  Si  -1.463981963554  4.567239583218  7.570412528752  -1.139205689998  -0.818305427355  0.016153869423
  19  Si  1.614706124180  4.519232299340  7.593088082544  0.523825962095  0.449947076321  -0.613314299327
  20  Si  0.103862992604  7.235236016756  7.552429662624  0.268742223444  -0.480878790331  0.192421077910
  21  Si  6.288753052560  3.631981874259  10.091690807648  1.088549133079  0.679472716049  1.791339737348
  22  Si  3.186305841358  3.644896686891  10.108808091138  0.306187119881  0.340470048198  1.733438769969
  23  Si  4.702827244474  0.935194819042  10.137919004692  0.549440760818  0.997756030078  1.343839416836
  24  Si  3.121909205345  1.784378764039  2.490717001790  0.079502162904  -0.150758980031  -0.146958956471
  25  Si  6.224645081323  1.760029383994  2.488129245016  0.469695360113  0.120227328680  -0.665792887550
  26  Si  4.690853648501  4.446059888659  2.480396841897  0.736742146251  0.360046959752  -0.707252423452
  27  Si  1.631984068671  6.287690352063  5.021702693190  0.130249985591  0.515957372813  -0.224750305230
  28  Si  -1.476678082491  6.322171369433  5.023949412936  -0.173578253653  -0.034673801460  -0.157882072860
  29  Si  0.071084076925  3.624419289541  5.063282787795  -0.618620570244  -0.063134714884  -0.765690320326
  30  Si  3.157578686686  1.835009645650  7.597939535096  0.066231665650  0.295939026809  -0.485587141988
  31  Si  6.256893597266  1.816763149562  7.558933549466  0.572798983117  0.047253040090  0.330327062837
  32  Si  4.739182037135  4.515610679505  7.547180587613  0.048210507527  0.115857570895  -0.166138020449
  33  Si  1.655541637635  6.336881250604  10.108526770055  0.189256158781  0.699043709937  1.499699991986
  34  Si  -1.436456372081  6.370994308776  10.097496092996  -0.334591953725  0.059223105666  1.709433120089
  35  Si  0.098813611309  3.677569295296  10.133997357007  -0.517062746739  0.203137521017  1.575572128889
  36  C  0.028977950808  1.816507413556  4.426540055422  -0.635523814984  -0.048772195567  0.303869975022
  37  C  3.192407162555  7.174307106153  4.371909850490  0.183551059372  -0.067429018355  0.102726557839
  38  C  -3.020676988842  7.223483406911  4.390412796631  -0.651523712986  -0.564749181517  0.463311190421
  39  C  4.749978451669  6.301058968008  6.899594242049  1.006625266332  0.417157816880  0.858994795984
  40  C  1.584491800761  0.962577533774  6.976620381319  0.096903198951  -0.105783001819  -0.238756510096
  41  C  7.804916176050  0.898808525689  6.938408764819  0.746711951896  1.102986213257  0.228849450839
  42  C  0.070580992100  1.889768973404  9.534273747473  -0.779970405474  -0.695736248554  0.057802671600
  43  C  3.205207845806  7.215174979634  9.452422250837  0.515556556878  0.035836206225  0.429652894071
  44  C  -2.980902644659  7.279557202305  9.462098053927  -0.815459980062  -0.842505204090  0.853708107591
  45  C  4.733893426396  6.239914935527  1.834510560172  0.574917776892  0.117706177306  -1.069607819533
  46  C  1.564298869052  0.882456107596  1.891258948025  -0.308431099370  0.584063375021  -1.854107239432
  47  C  7.774439730235  0.839568925118  1.857535111342  0.559070755306  0.848571686191  -1.132840850488
  48  C  -1.494260004031  4.540439777072  4.423071028313  -0.634889454293  -0.990500559056  0.124594625321
  49  C  1.621231359721  4.526473363009  4.415069046608  -0.195398008430  -0.665316293214  -0.271943936407
  50  C  0.091106603906  7.204931104929  4.382590840294  -0.027944436119  -0.232686822417  0.532873402387
  51  C  6.266638258624  3.585994983603  6.928946760656  0.990447335128  0.792090786897  0.421726891253
  52  C  3.171816023398  3.627409661380  6.934406119148  -0.215848679555  -0.232025442172  0.414520364732
  53  C  4.708466070802  0.924553690906  6.957606053586  -0.473002766115  0.295300621941  0.093368520167
  54  C  -1.467680194712  4.578594763116  9.495387396841  -0.530821411696  -0.586048502624  0.212955343574
  55  C  1.655799967609  4.562157779670  9.493651708641  -0.285016178983  -0.309490193427  0.273403612207
  56  C  0.106974441462  7.258616905434  9.466557366344  0.316415143369  -0.501213533533  0.418695822714
  57  C  6.248073022694  3.539598440865  1.846096711118  0.514900106426  0.365615147262  -0.896971134078
  58  C  3.141068505073  3.555390647587  1.860830191268  -0.430492347406  -0.036912912293  -1.357168617771
  59  C  4.661916661134  0.873426815886  1.872500729914  -0.255697640677  0.018580732152  -1.540227598490
  60  C  3.126013134514  1.813865472583  4.424268140757  0.291419524113  -0.251725499145  -0.104203171100
  61  C  6.249009192706  1.783476525788  4.407407237382  -0.063982773135  -0.021105952001  -0.006151161719
  62  C  4.718113604376  4.481085758915  4.396516700921  0.050606346705  -0.136808723639  -0.067245784625
  63  C  1.637396657128  6.314982574719  6.914887230924  0.042054867681  -0.102764015136  0.653108557666
  64  C  -1.461968806718  6.340216509295  6.954148101217  0.099360003178  0.053405522538  -0.398482922200
  65  C  0.062908254357  3.645565241897  6.955807791361  -0.083741302839  -0.192018016137  0.296499285135
  66  C  3.180718501329  1.860922867330  9.493898716626  -0.231031915793  -0.146813624728  0.545286603778
  67  C  6.275275632539  1.842151741858  9.492558896547  -0.016531027840  -0.221722678820  0.046685280344
  68  C  4.736796307252  4.517113078530  9.470203078822  0.329825865212  0.202184926101  0.019971409568
  69  C  1.619355354677  6.277198448276  1.832364902850  -0.265809728172  -0.614298112060  -1.185334306346
  70  C  -1.492194421152  6.287274343872  1.858304311181  -0.009824286875  -0.214603202883  -1.455486568536
  71  C  0.033863401316  3.591033658137  1.874547952295  -0.202355013545  -0.206268989191  -1.315935025322


MDSTEP:  3
LATTICE_CONSTANT: 1.889726125458
LATTICE_VECTORS
  9.407670045498  0.000000000000  0.000000000000
  -4.556429028373  8.071183742419  0.000000000000
  0.112233870373  0.203797891062  10.345399614942
VIRIAL (KBAR)
  -57.935980035133  -38.438854152739  -16.317320088770
  -38.438854152739  -7.402358848960  -27.695970401334
  -16.317320088770  -27.695970401334  -74.869797152767
INDEX    LABEL    POSITIONS    FORCE (eV/Angstrom)
  0  Si  0.031145865916  1.813013134818  2.524417436748  -1.093438737058  -0.582102951678  -0.956931333723
  1  Si  3.190975941387  7.147206044999  2.442836271799  0.314044726124  -0.120169076954  -0.108681783220
  2  Si  -3.014993289628  7.215718132285  2.473476050456  -1.035504776460  -1.454598475339  -0.222872744596
  3  Si  4.741997363540  6.276538842306  5.002670313977  0.741624242250  0.506611312480  -0.331755893611
  4  Si  1.583186858897  0.931896716665  5.061772770221  -0.490847157921  -0.249739817277  -0.391302018112
  5  Si  7.799594692947  0.888587054286  5.018818716563  0.697344020486  0.305378402743  -0.109197907436
  6  Si  0.052228392479  1.865613699046  7.610603180139  -0.958400992358  -0.611476977528  -0.212884711032
  7  Si  3.212098837537  7.219116893415  7.538040398698  0.161143675274  -0.522158749693  -0.054782404863
  8  Si  -2.980097932143  7.248243280117  7.571164299372  -1.289629136062  -0.467724233730  -0.380012575570
  9  Si  4.768361581939  6.305378838992  10.072052865410  0.863370962832  1.109109599037  1.739326373277
  10  Si  1.621518115384  0.970507318601  10.147929421088  -0.457900337426  0.410093263306  1.192717379069
  11  Si  7.813117094409  0.920274541149  10.128158865239  0.965319871542  1.089500389304  1.338592802350
  12  Si  -1.513763416872  4.510969090577  2.496618546573  -0.800465105662  -0.675660773497  -0.562698407213
  13  Si  1.600725509282  4.486706012858  2.489707811310  -0.086198668974  0.006566189653  -0.606668462646
  14  Si  0.081775110700  7.185711229177  2.477358673053  -0.115485708282  -0.420167893172  -0.378088108673
  15  Si  6.259267839765  3.562712743236  5.021134183460  0.860180409198  0.994385301273  -0.180687722277
  16  Si  3.146714973062  3.594565438998  5.023947256171  0.263119590336  0.327906217726  0.061257410999
  17  Si  4.687314430250  0.900296150311  5.077179809718  -0.126171374144  0.318877032118  -1.113038094497
  18  Si  -1.461183177204  4.568604057906  7.569333458142  -1.231940111093  -0.838248518133  0.103991223795
  19  Si  1.613912557520  4.516216684358  7.589567807111  0.546564199813  0.573290629536  -0.460142674851
  20  Si  0.100515158995  7.234982217293  7.551056139340  0.302597322105  -0.439591075596  0.223668299699
  21  Si  6.290574629346  3.634440605300  10.092357720470  1.069786175548  0.578202303386  1.785191480150
  22  Si  3.186184924840  3.642082172744  10.107255670928  0.297301834922  0.444149471601  1.788022148373
  23  Si  4.702902344882  0.938480467115  10.135206865403  0.571755031934  0.985639585332  1.398524618060
  24  Si  3.119047805988  1.782553510169  2.492135618220  0.073978918471  -0.058741619193  -0.198859692278
  25  Si  6.225579668740  1.757240692617  2.491108800942  0.415408634388  0.206963441598  -0.717489681533
  26  Si  4.693660990135  4.443862639433  2.479986680041  0.671599638611  0.340674974902  -0.709588629456
  27  Si  1.633817152290  6.289796513601  5.018198555450  0.018638423923  0.488215049919  -0.175035318821
  28  Si  -1.476191287725  6.323803077106  5.025589292252  -0.256785948920  -0.134321732364  -0.266467994714
  29  Si  0.073808801769  3.621592250528  5.065019106559  -0.729001264286  0.008378344388  -0.807006969608
  30  Si  3.160704561039  1.832341249552  7.596208044292  -0.047108790058  0.357051054339  -0.388128509313
  31  Si  6.255278429039  1.818932370158  7.556232220426  0.667361244154  0.009555495891  0.358478693167
  32  Si  4.740913594301  4.514101919355  7.544852661026  0.095353731148  0.207861459167  -0.072028852073
  33  Si  1.658649155666  6.338934627375  10.106238565900  0.120257703225  0.666718705396  1.565427885573
  34  Si  -1.433227188906  6.373414608196  10.096981924426  -0.385563346518  -0.007982773942  1.694412780401
  35  Si  0.099973767539  3.677336817599  10.134082649094  -0.567419120564  0.185274680704  1.624290060860
  36  C  0.030104582988  1.814597372059  4.427852276313  -0.631820045533  -0.024373673043  0.300918855092
  37  C  3.188621666576  7.169802252751  4.370695616825  0.268090804168  0.071696063019  0.131219933400
  38  C  -3.025059115686  7.224729060983  4.386687106034  -0.574128316181  -0.576898398707  0.557874974623
  39  C  4.754833320118  6.302270421853  6.897211075647  0.871564096442  0.415584907803  0.916761650643
  40  C  1.586358757285  0.962799571315  6.974434006212  0.068582358793  -0.074521979554  -0.191069142170
  41  C  7.810226973347  0.902545290283  6.934575798224  0.632573122462  1.055109605948  0.276212000445
  42  C  0.065046704625  1.889368835919  9.533249850643  -0.666931586358  -0.728347758135  0.086939177058
  43  C  3.202556257744  7.214700487461  9.449155292929  0.595543188213  0.064563348532  0.482656442519
  44  C  -2.983595832439  7.278176337301  9.457527166637  -0.748436894582  -0.813346638499  0.960382631589
  45  C  4.735947326595  6.236036643891  1.833246897197  0.552831253237  0.184647517589  -1.070988629513
  46  C  1.559631449098  0.885904041447  1.892808672599  -0.240210820940  0.424774127062  -1.876516571560
  47  C  7.776851744978  0.844610840709  1.860527991517  0.538017470262  0.642243511113  -1.111737749373
  48  C  -1.499418305166  4.534831155156  4.423458892784  -0.531108646128  -0.868521573220  0.125782233984
  49  C  1.617642677569  4.530486647112  4.410700272456  -0.131108821166  -0.754844706546  -0.137273051313
  50  C  0.089893679337  7.205766592787  4.384490039814  0.000358895191  -0.216640436606  0.489160711470
  51  C  6.269563279605  3.587050196796  6.928292958829  0.957783483702  0.782028496389  0.409695089969
  52  C  3.175069658995  3.628048907112  6.939219725002  -0.289748972666  -0.270589212726  0.309969820027
  53  C  4.705128358318  0.927865247270  6.956343951968  -0.389307891845  0.213376624107  0.126500239278
  54  C  -1.469362010429  4.573845758302  9.498831730009  -0.479971026160  -0.432317025383  0.136612679071
  55  C  1.654373375892  4.564537444848  9.498486198628  -0.244328399568  -0.363037871053  0.116070850503
  56  C  0.110940989005  7.261737347020  9.469172877906  0.244871393699  -0.535710259060  0.312150130954
  57  C  6.249923713121  3.540063677246  1.846701145232  0.497195546042  0.319487332399  -0.899768260272
  58  C  3.140748210196  3.556198684613  1.861566444002  -0.414620710740  -0.078742475619  -1.349115179217
  59  C  4.656710112663  0.876162158038  1.872323223449  -0.143046115069  -0.026665691497  -1.521155134195
  60  C  3.122410213876  1.809878754986  4.420952166058  0.389310430090  -0.123115230820  -0.007472671401
  61  C  6.251906357323  1.787118898057  4.409903393559  -0.136373769664  -0.138905925684  -0.040753099712
  62  C  4.714795796966  4.482747770567  4.394474968659  0.105894074397  -0.208116221472  -0.000663440254
  63  C  1.633238154679  6.319028633027  6.911184059654  0.112540926974  -0.182875231410  0.685933028836
  64  C  -1.462103936611  6.337818172626  6.950636395185  0.064529602643  0.139335405783  -0.304759818466
  65  C  0.060584858240  3.647086562727  6.960797094758  0.002086769021  -0.250712468625  0.167045310853
  66  C  3.177577204261  1.860878425947  9.497296498674  -0.182943579969  -0.182910200462  0.421469133996
  67  C  6.279900259895  1.838169748689  9.490413239344  -0.125581305429  -0.092894611356  0.072445633785
  68  C  4.737709699143  4.518811580428  9.474188095773  0.308816539565  0.157678987621  -0.080759560983
  69  C  1.616302300241  6.278554362811  1.832787660773  -0.158280988466  -0.579459556040  -1.188771852058
  70  C  -1.488667626699  6.290428760341  1.860039993309  -0.103221759906  -0.244409092553  -1.485865688168
  71  C  0.028688822732  3.591828887831  1.874740619888  -0.064310085030  -0.240287924998  -1.288681345097


MDSTEP:  4
LATTICE_CONSTANT: 1.889726125458
LATTICE_VECTORS
  9.407670045498  0.000000000000  0.000000000000
  -4.556429028373  8.071183742419  0.000000000000
  0.112233870373  0.203797891062  10.345399614942
VIRIAL (KBAR)
  -58.758976014844  -38.073032641650  -16.204582361860
  -38.073032641650  -7.212011240273  -27.698328543155
  -16.204582361860  -27.698328543155  -75.741380519762
INDEX    LABEL    POSITIONS    FORCE (eV/Angstrom)
  0  Si  0.032959929358  1.815091434518  2.522297901009  -1.091255082914  -0.613418091230  -0.991980129807
  1  Si  3.187570126977  7.150319512866  2.440081943090  0.518001721997  -0.181360149435  -0.048649631940
  2  Si  -3.018014019209  7.214054380832  2.472926635187  -0.998799116725  -1.370241277555  -0.226418549292
  3  Si  4.741245226702  6.277937585617  4.999241317438  0.807536215935  0.520482249001  -0.288278142997
  4  Si  1.581571323138  0.934877929907  5.062531614621  -0.508551234989  -0.299700347527  -0.384971651351
  5  Si  7.796548201657  0.891230561396  5.020854315291  0.765523341213  0.181604282293  -0.216817242565
  6  Si  0.051058791981  1.864297799233  7.609652036734  -0.940757782251  -0.594254936225  -0.128701184526
  7  Si  3.210262961938  7.219764734277  7.534437155444  0.287805612087  -0.652877484187  0.027896611956
  8  Si  -2.977207409340  7.247519726167  7.574198651633  -1.416865009288  -0.457823381162  -0.393614906889
  9  Si  4.770109754616  6.305433208924  10.072414957568  0.858110999138  1.086490243751  1.767338325434
  10  Si  1.619637617397  0.968360360852  10.146231112938  -0.452890828692  0.463284289735  1.218301581403
  11  Si  7.814085649097  0.918998182103  10.125514529955  0.932465502049  1.062100409503  1.372879873006
  12  Si  -1.511967590308  4.510572224350  2.496307893625  -0.910281727004  -0.643546052202  -0.502027568102
  13  Si  1.598142978324  4.489687497876  2.486455857088  -0.066957610051  -0.011791662417  -0.463619691928
  14  Si  0.080018389407  7.182948310447  2.473101363805  -0.114037644470  -0.423579203352  -0.229116629192
  15  Si  6.262890474893  3.561300622328  5.023634179626  0.763769853739  1.042241326736  -0.233070695840
  16  Si  3.148054709089  3.596234900422  5.021273649496  0.237609795196  0.323683088561  0.031873217409
  17  Si  4.683491525126  0.904222167571  5.079080897966  -0.020596583479  0.249745420132  -1.183765816888
  18  Si  -1.464819495207  4.571315225353  7.566938891056  -1.088681872526  -0.893817739198  0.156205992063
  19  Si  1.618203038210  4.516713452303  7.590803665589  0.473262025783  0.514031152225  -0.482551402227
  20  Si  0.100335483007  7.237558718780  7.554389968897  0.340060140281  -0.494626889914  0.179958320301
  21  Si  6.292701349903  3.633852794745  10.090426459260  1.039222923305  0.580886018738  1.833130018677
  22  Si  3.189092949189  3.639368239007  10.109311531227  0.156841836773  0.589628519540  1.756391495493
  23  Si  4.701636423570  0.937550537042  10.135957250252  0.522025494299  1.050835089675  1.399574962929
  24  Si  3.118718233979  1.783698633152  2.493869548718  0.149322919040  -0.078540024726  -0.335363016245
  25  Si  6.225390869720  1.757653326487  2.486759924406  0.509890787897  0.192244714365  -0.733806746666
  26  Si  4.691971381918  4.441419657686  2.481348221885  0.716835864744  0.447766838260  -0.833888514244
  27  Si  1.633359463398  6.287775553407  5.019409315689  0.006809431690  0.642925819153  -0.168418436350
  28  Si  -1.478611022325  6.322506051613  5.025616892619  -0.235627272987  0.004860865265  -0.207338736118
  29  Si  0.072947439763  3.620296065452  5.061009927896  -0.739261561307  0.083334365835  -0.665285135319
  30  Si  3.157320506704  1.835032111418  7.599221185833  -0.051134179033  0.250562715375  -0.478848499443
  31  Si  6.259547711711  1.819112155460  7.554564512595  0.558504845260  -0.008342684642  0.424633161086
  32  Si  4.738290912638  4.513004825383  7.544321427292  0.064540525006  0.331859595803  -0.034296672700
  33  Si  1.661627513729  6.340683720222  10.109152225948  0.092746081585  0.621507230855  1.528326610978
  34  Si  -1.434303572597  6.370426028074  10.096954306532  -0.377984956841  -0.006255539559  1.709439458407
  35  Si  0.096486262135  3.678234012884  10.138523366733  -0.443477841874  0.127634404343  1.532419366463
  36  C  0.024636409213  1.819263240760  4.423769264130  -0.523139219589  -0.105831284815  0.347458083114
  37  C  3.192678461011  7.167488329197  4.369476778718  0.136230091017  0.159796178784  0.138024047665
  38  C  -3.026082810252  7.224676201863  4.390245534729  -0.583139112861  -0.524954464852  0.438525257382
  39  C  4.761500453463  6.308427958985  6.892724045638  0.746621432773  0.262164377157  1.010591289778
  40  C  1.580326892058  0.957066148928  6.979331488627  0.200367893458  0.069104435697  -0.280065721897
  41  C  7.815806885239  0.897549756085  6.933771244941  0.499362276562  1.232105193407  0.278609142785
  42  C  0.060496929935  1.885227397305  9.536853748425  -0.629105101245  -0.645838358649  0.024132233067
  43  C  3.204593449386  7.209339851969  9.449054131193  0.577835094660  0.182383642805  0.441448675046
  44  C  -2.985352545161  7.277014379731  9.459591301471  -0.693464964838  -0.839851032754  0.926121641889
  45  C  4.740650874117  6.236988880711  1.828606520717  0.416810295655  0.170361352919  -0.998897835917
  46  C  1.563287829511  0.888435849087  1.885859354413  -0.290403631910  0.345201684533  -1.762237400304
  47  C  7.783155842811  0.844811474808  1.858168811684  0.429132804542  0.695039783685  -1.105177542151
  48  C  -1.501644595692  4.539602990868  4.428851692927  -0.487867308115  -0.990186413503  0.022792745310
  49  C  1.612500690049  4.534969496348  4.415358149638  -0.036006601299  -0.901346617447  -0.301565546207
  50  C  0.085981132804  7.210942130959  4.390324880948  0.056730325169  -0.319360143487  0.346527918573
  51  C  6.265123505562  3.591752430912  6.934568156518  1.074091211525  0.659604015001  0.276576653640
  52  C  3.174948599914  3.621544238613  6.935511157746  -0.269066219757  -0.138955708694  0.343785712803
  53  C  4.702114078306  0.929655442918  6.953422805946  -0.315647305658  0.234405443759  0.242607376985
  54  C  -1.466590700616  4.567614472220  9.501757420589  -0.566813884830  -0.309697813181  0.042745442212
  55  C  1.652279328133  4.568968568726  9.495851992497  -0.184094161194  -0.484867386747  0.234704809362
  56  C  0.111807179051  7.263531802017  9.475234070571  0.215723283944  -0.589289641044  0.224246731544
  57  C  6.251898001861  3.542069719799  1.845126206637  0.448917229571  0.257924049278  -0.876153067001
  58  C  3.134176614104  3.562432482601  1.858752763804  -0.293107054802  -0.244118155597  -1.287514503473
  59  C  4.661995736204  0.871053819439  1.868113260430  -0.286377641569  0.099923548697  -1.483097177366
  60  C  3.126544329582  1.807127406334  4.416960418954  0.253371728418  0.006998742025  0.071155863935
  61  C  6.254712778338  1.785492999447  4.403611633477  -0.232602249793  -0.072891267565  0.094962490286
  62  C  4.717395616713  4.487525276633  4.388275414124  0.084412391032  -0.337226838736  0.143696676017
  63  C  1.638233049001  6.314777565843  6.913502145172  -0.010654439353  -0.079073626951  0.649167903965
  64  C  -1.466517678148  6.343330117123  6.952621950610  0.214412249067  0.021471735354  -0.308130133031
  65  C  0.065284207931  3.644040098520  6.961537106191  -0.127461036747  -0.170244719457  0.121190131087
  66  C  3.173053167588  1.864903214261  9.494118382229  -0.113606346940  -0.298900955975  0.514020019105
  67  C  6.274885439506  1.837494431661  9.495051449175  -0.021264476583  -0.125044289364  -0.051043693393
  68  C  4.738538989056  4.518446326217  9.478652983724  0.312124679355  0.150156234219  -0.180719542030
  69  C  1.621373744655  6.276650189891  1.837622859829  -0.296834234705  -0.511197377030  -1.278242281454
  70  C  -1.492887264087  6.286267812286  1.855636781999  -0.025112479998  -0.177618783790  -1.428920321963
  71  C  0.026862002543  3.596934524821  1.875328797178  -0.024101127550  -0.317678713494  -1.298866074337


MDSTEP:  5
LATTICE_CONSTANT: 1.889726125458
LATTICE_VECTORS
  9.407670045498  0.000000000000  0.000000000000
  -4.556429028373  8.071183742419  0.000000000000
  0.112233870373  0.203797891062  10.345399614942
VIRIAL (KBAR)
  -58.499288181780  -37.707583588847  -16.391878416562
  -37.707583588847  -9.181099327231  -27.982850300303
  -16.391878416562  -27.982850300303  -75.797425007469
INDEX    LABEL    POSITIONS    FORCE (eV/Angstrom)
  0  Si  0.031327741075  1.815973442319  2.522121655517  -1.082544870386  -0.625759367271  -1.066933055752
  1  Si  3.186601314167  7.150274572539  2.441901668897  0.480057942630  -0.203013286607  -0.095350939083
  2  Si  -3.022917734772  7.215003519810  2.473979241586  -0.873650254200  -1.402214511327  -0.240160370270
  3  Si  4.743355317652  6.278306749752  5.002883014543  0.658994317522  0.518924874119  -0.411089070117
  4  Si  1.578949946761  0.936433802327  5.064518554567  -0.516307532116  -0.290664330198  -0.427091138542
  5  Si  7.796474289823  0.894020121260  5.017720435405  0.719652711542  0.186680560085  -0.225061121982
  6  Si  0.049081468280  1.862523144938  7.610912654497  -0.884999725519  -0.487072183993  -0.191050191068
  7  Si  3.207353030320  7.217113765554  7.529948395994  0.269616492242  -0.447999911295  0.049893413283
  8  Si  -2.981118243374  7.246583394975  7.571340987097  -1.303310441547  -0.389347439430  -0.336198287502
  9  Si  4.769319120636  6.308435203428  10.069518093035  0.833759630855  0.952688083238  1.768248331735
  10  Si  1.614875688138  0.965160093858  10.148969244452  -0.381153899633  0.567826986407  1.174153128016
  11  Si  7.814695071997  0.919587736079  10.123592261662  0.875206334892  0.996245001609  1.393726681133
  12  Si  -1.514885669139  4.510746097499  2.499892257844  -0.800711194925  -0.719673244132  -0.619240858241
  13  Si  1.601375883270  4.487180202399  2.485512899897  -0.185091076933  -0.102524882890  -0.534203872176
  14  Si  0.082244984194  7.182583751705  2.469166932939  -0.143764663928  -0.508032909276  -0.198275954891
  15  Si  6.262806963736  3.565833607147  5.027156430775  0.712940138480  0.884980319001  -0.307426705982
  16  Si  3.149461914381  3.594136027375  5.018585551552  0.102577458161  0.424194867353  0.055446459863
  17  Si  4.681383986812  0.903819957202  5.078279366322  -0.064343626858  0.189084701867  -1.207774436270
  18  Si  -1.467061444346  4.571826943264  7.570549526052  -1.016836382418  -0.865227385654  0.178326217354
  19  Si  1.618506121630  4.521354267395  7.592092720766  0.433683511452  0.455145771557  -0.544216000886
  20  Si  0.101819646712  7.241977542516  7.557278070641  0.273644748561  -0.506083541754  0.178140176793
  21  Si  6.292014426193  3.634199314716  10.089376305691  1.135330947167  0.527676333584  1.874383958490
  22  Si  3.190439838660  3.641843278618  10.113360846198  0.150235677489  0.512030898663  1.705185056838
  23  Si  4.702134735092  0.938709060749  10.132649867181  0.538687743137  1.001703620642  1.444916985530
  24  Si  3.123035692850  1.782004065020  2.494477963393  0.050061189405  -0.119343655419  -0.388065307511
  25  Si  6.221245612009  1.760436753725  2.486675510277  0.635589296474  0.197393994484  -0.749889036255
  26  Si  4.696230411781  4.440885573733  2.483750221661  0.646173391255  0.419327194911  -0.981161137322
  27  Si  1.629944647511  6.289938923584  5.016821055952  0.035230694720  0.488451706788  -0.087030539530
  28  Si  -1.477773108604  6.317851410647  5.028564918681  -0.236469952033  0.156682256974  -0.284429381996
  29  Si  0.072438431942  3.620539749598  5.063533978608  -0.782332226663  0.095295857897  -0.746622972460
  30  Si  3.153771867340  1.831969713165  7.601667167579  0.083642434439  0.433373611103  -0.464154859620
  31  Si  6.263765659933  1.819647735271  7.552736970949  0.480085415796  0.017547861639  0.469554632262
  32  Si  4.735928370183  4.510219417434  7.539877825691  -0.007416730402  0.426595220682  0.116161443844
  33  Si  1.657989702477  6.343047661226  10.110773841699  0.161163359436  0.417179803039  1.481137426564
  34  Si  -1.437160435224  6.372109592072  10.101701427395  -0.278665561673  -0.091236388383  1.703896378449
  35  Si  0.099061397539  3.680374015322  10.141196184704  -0.539519251930  -0.024681424503  1.502385564062
  36  C  0.021409128909  1.821285453791  4.419044381318  -0.490402686935  -0.125451012569  0.447124153372
  37  C  3.186857753464  7.171732778591  4.374788174293  0.271503459713  0.040974648292  0.057027442482
  38  C  -3.029116562484  7.222541487910  4.395912336869  -0.537046682680  -0.465359587984  0.374710631315
  39  C  4.756917608738  6.313769725732  6.891945072674  0.827194136698  0.124580937869  1.047002300055
  40  C  1.586748533150  0.964087489702  6.979935422121  0.007244856012  -0.108886973520  -0.267002837075
  41  C  7.819226347899  0.904427613084  6.928413156755  0.476247319851  1.066162798570  0.353622497846
  42  C  0.052758074174  1.879715952580  9.534091787261  -0.514941921188  -0.542219659032  0.084137886922
  43  C  3.198281429053  7.206116443219  9.442681536261  0.684643501675  0.240729558642  0.522456493513
  44  C  -2.983774840673  7.276033992512  9.463419910692  -0.754819836477  -0.827838444943  0.785629532084
  45  C  4.742247296646  6.233756554580  1.826859894070  0.337553695518  0.254732004596  -0.948062608334
  46  C  1.560364059673  0.889771104014  1.878372590312  -0.218664863035  0.281607383203  -1.624166627369
  47  C  7.783040252680  0.847731784309  1.862560121791  0.405848573097  0.619249444423  -1.141709060712
  48  C  -1.504530468175  4.545838402685  4.425201926507  -0.461371585221  -1.186032758407  0.134679135469
  49  C  1.608058162934  4.528859493357  4.409344822739  0.064292380354  -0.725395738972  -0.178916459623
  50  C  0.087256482770  7.204326156845  4.384563831753  -0.039813814657  -0.166020764924  0.436650862139
  51  C  6.260810852157  3.596175356421  6.941873181988  1.185745662995  0.597433447643  0.113529685734
  52  C  3.171209250500  3.625326353442  6.930643365508  -0.227318288378  -0.212051794037  0.412078602125
  53  C  4.702790132427  0.934195451218  6.952337986759  -0.324775475901  0.177046592529  0.269618771189
  54  C  -1.465609455143  4.566617999133  9.507440491379  -0.588122113637  -0.259319376136  -0.044307435006
  55  C  1.649418494825  4.561858807139  9.491085917763  -0.088178909986  -0.295383042094  0.367723376152
  56  C  0.115557486638  7.260881840036  9.478751715882  0.059278823452  -0.504900622330  0.184520863238
  57  C  6.256998659306  3.546874184379  1.842887702348  0.354739181308  0.169213673123  -0.812190775170
  58  C  3.136726136118  3.557105518662  1.855980476472  -0.256589985592  -0.139812002744  -1.246572929764
  59  C  4.668116757235  0.868823793225  1.867032084723  -0.406854393423  0.134025198038  -1.490806410939
  60  C  3.120093688958  1.813286680251  4.418002525666  0.358752364018  -0.201019638558  0.015548614579
  61  C  6.249066502831  1.779178449088  4.401331755726  -0.174734225602  0.159058479715  0.177367306818
  62  C  4.711852681572  4.484709346254  4.382694254650  0.204810094994  -0.237698250981  0.311379665938
  63  C  1.634703957365  6.320332797014  6.919912912373  0.016587052343  -0.154005238815  0.442490108652
  64  C  -1.463911510305  6.343168519140  6.950281853454  0.141332227310  0.053740870679  -0.209462578376
  65  C  0.066030310264  3.648245713415  6.960055790366  -0.175948321264  -0.241154069943  0.186828599273
  66  C  3.176089953893  1.865348324900  9.498010217521  -0.243178316027  -0.321284472899  0.464990032053
  67  C  6.274099741736  1.835585072328  9.495852467666  0.015435427303  -0.083918429958  -0.094348825379
  68  C  4.743720590424  4.512308845334  9.481453139862  0.174111763511  0.338076650495  -0.278911927562
  69  C  1.617093978168  6.269098339838  1.829996903073  -0.147800474992  -0.380936125666  -1.190608852588
  70  C  -1.489604378047  6.279563921613  1.861277605467  -0.151928255598  0.036385190456  -1.478171682120
  71  C  0.023896478454  3.591892867800  1.867583928686  0.037953585945  -0.200483937273  -1.174008167693


MDSTEP:  6
LATTICE_CONSTANT: 1.889726125458
LATTICE_VECTORS
  9.407670045498  0.000000000000  0.000000000000
  -4.556429028373  8.071183742419  0.000000000000
  0.112233870373  0.203797891062  10.345399614942
VIRIAL (KBAR)
  -58.761721134974  -37.234619214650  -16.097518809231
  -37.234619214650  -9.123244090141  -28.036701025053
  -16.097518809231  -28.036701025053  -75.670001908289
INDEX    LABEL    POSITIONS    FORCE (eV/Angstrom)
  0  Si  0.032357051416  1.813464232016  2.520295509075  -1.143272456312  -0.646260738165  -1.015785566376
  1  Si  3.189282696351  7.150604190663  2.439237603229  0.481018109397  -0.187094509550  -0.157426810209
  2  Si  -3.021676893567  7.211439418916  2.476382832607  -0.837610646387  -1.445069062715  -0.275947488743
  3  Si  4.738357770049  6.281265211863  5.003130390458  0.749292836281  0.445558854925  -0.335314356573
  4  Si  1.577650706132  0.936135857204  5.060010313124  -0.523979507009  -0.359152380782  -0.352245301510
  5  Si  7.792875881358  0.898575797405  5.017216679449  0.718950216606  0.131424416720  -0.202723023083
  6  Si  0.050789653496  1.865176712999  7.611128548996  -0.920554360360  -0.424769923770  -0.262747900955
  7  Si  3.206347075941  7.222096613675  7.530314497934  0.279818060615  -0.525552511029  0.045748125242
  8  Si  -2.982203966195  7.248735058552  7.572062564089  -1.238453432753  -0.495258470686  -0.344089290542
  9  Si  4.768644461839  6.303663864732  10.072738030389  0.844003180670  1.130066294108  1.717504068184
  10  Si  1.614170022357  0.966904880268  10.144443722223  -0.488752659780  0.560928094297  1.262644438533
  11  Si  7.818208548244  0.918749036499  10.124788663527  0.797120331861  0.990650689482  1.347099170911
  12  Si  -1.519826385304  4.505611752843  2.502561863694  -0.692648972440  -0.727738535025  -0.656367697133
  13  Si  1.604379886585  4.482281061493  2.485744779441  -0.242131472038  0.040806631931  -0.615721743784
  14  Si  0.080404662109  7.181670562450  2.464069004003  -0.048842863219  -0.449325927587  -0.085881975561
  15  Si  6.262146572211  3.566800468009  5.031759673357  0.795534811012  0.787153266315  -0.412469665004
  16  Si  3.153412525016  3.591709683690  5.020887231179  0.058142431980  0.505664543070  0.088377778712
  17  Si  4.680311654017  0.905461389086  5.080036699711  -0.085866633472  0.184164769539  -1.265197545259
  18  Si  -1.462864914817  4.567221067614  7.569821345944  -1.065380912765  -0.766241902960  0.236129290393
  19  Si  1.618790922880  4.521488035105  7.591264808584  0.490953784786  0.483653734595  -0.535480129794
  20  Si  0.099414800144  7.246453488535  7.553000905534  0.424673683158  -0.565928339659  0.246193527333
  21  Si  6.290223837648  3.636996080205  10.089748051084  1.133192196232  0.375342848658  1.863675510776
  22  Si  3.194275541614  3.645216162549  10.114034488302  0.092034118509  0.474986983513  1.666053119845
  23  Si  4.703739106627  0.940070633836  10.133617303550  0.512947771191  0.973605762047  1.429854475537
  24  Si  3.119640474482  1.786436700665  2.499324155186  0.096934717164  -0.307476205946  -0.469317605171
  25  Si  6.218268865858  1.758825756146  2.486813099393  0.799570801330  0.198769460953  -0.779251273910
  26  Si  4.692719032537  4.438019063711  2.486483410619  0.757030654836  0.486974907988  -1.063969030098
  27  Si  1.633753139132  6.291293060798  5.016190765966  -0.082614984011  0.462494165168  -0.105650834769
  28  Si  -1.477132825414  6.318390302844  5.028805311127  -0.113685943994  0.036786491095  -0.220810524830
  29  Si  0.077348869459  3.615946235719  5.058345861924  -0.794011661144  0.241747344666  -0.677544294148
  30  Si  3.153091732405  1.830240615913  7.606473029090  0.063884707669  0.463610561680  -0.541172495146
  31  Si  6.264130484635  1.820842281243  7.555231962113  0.469195787749  -0.008398770185  0.449854916205
  32  Si  4.741100648176  4.510091452995  7.540201259291  -0.129974206483  0.370454275673  0.111248583559
  33  Si  1.658060598721  6.339088641563  10.107336522197  0.207814871316  0.510246508242  1.492924063036
  34  Si  -1.442016729326  6.369810618075  10.097567144541  -0.116247089739  -0.005370021568  1.763105974245
  35  Si  0.093847871016  3.680149932398  10.140560989027  -0.469069683059  0.046604262443  1.544396494212
  36  C  0.021954326384  1.823169738067  4.421063018126  -0.519479129898  -0.238862536694  0.349867659919
  37  C  3.184686264202  7.171532368541  4.370283911791  0.350973805041  0.129423332144  0.111876978192
  38  C  -3.024832049100  7.215014045167  4.400428603165  -0.668141806843  -0.321989681742  0.299461876282
  39  C  4.754791441350  6.306612324533  6.897950801311  0.837302330096  0.303334221414  0.882888060365
  40  C  1.584446155379  0.963682178945  6.973990301997  0.047128715303  -0.106541819449  -0.150293520364
  41  C  7.816869800890  0.913295492091  6.932807600189  0.544006904611  0.925341502000  0.216947486620
  42  C  0.045150219975  1.887181246986  9.529826372273  -0.366412864891  -0.694966568003  0.130951684565
  43  C  3.200094362478  7.206210833097  9.440518766622  0.683238932935  0.217251060296  0.579442757791
  44  C  -2.981128876047  7.276014025227  9.466024622605  -0.851433047455  -0.772113598592  0.706041869936
  45  C  4.746577357766  6.234941031543  1.819718630304  0.265173755219  0.136291083471  -0.827513537299
  46  C  1.554463151179  0.883892712271  1.880696866668  -0.045517571500  0.376549586817  -1.626910585992
  47  C  7.787324078576  0.847758632393  1.857015035114  0.327349058588  0.634414504518  -1.066545106558
  48  C  -1.497469760238  4.541107381726  4.421552155402  -0.552454896590  -1.099989337681  0.262300415827
  49  C  1.611732799624  4.529731446443  4.406209259453  0.097684118423  -0.759584356275  -0.138428407872
  50  C  0.087988554683  7.211362861823  4.389628516656  -0.050683718869  -0.314442744144  0.299740884877
  51  C  6.264820389734  3.593062630337  6.946666124356  1.160263520228  0.681748315344  0.032168310388
  52  C  3.170170439775  3.622392763806  6.935553398415  -0.141174609725  -0.176488588074  0.350387507337
  53  C  4.705363629513  0.940860980895  6.949010991208  -0.393262813748  0.098904783135  0.370862937544
  54  C  -1.473853568615  4.568161710309  9.512529957509  -0.471109992457  -0.329766215073  -0.156408966411
  55  C  1.651573198792  4.559408850388  9.489462620678  -0.172413504515  -0.292070987292  0.406939536528
  56  C  0.119474565880  7.260561922334  9.478900241304  -0.067737822756  -0.502644330161  0.155280882280
  57  C  6.256758465962  3.543029992938  1.849788561850  0.303953446478  0.234729651059  -0.898862641012
  58  C  3.139390513644  3.552420816281  1.850730522031  -0.311428481808  -0.034494790104  -1.194696958932
  59  C  4.674926065867  0.876005655898  1.871064204025  -0.662404258875  -0.034706059761  -1.554591322141
  60  C  3.116502577307  1.812939854107  4.422391182293  0.411802755709  -0.170680980347  -0.065100348588
  61  C  6.241737158036  1.774154296226  4.394234154257  -0.065855761319  0.317472505270  0.355941324091
  62  C  4.717553570127  4.486533870979  4.380964658895  0.078810831964  -0.256111370450  0.406529340648
  63  C  1.636809052615  6.317035345113  6.916788345978  -0.001782806503  -0.020273220862  0.498854946514
  64  C  -1.457226189164  6.340289880048  6.956409192461  -0.049437376641  0.114115052713  -0.312236888576
  65  C  0.069562216746  3.655379321239  6.956265200158  -0.187879328909  -0.419418674290  0.201863271438
  66  C  3.169625562567  1.868263424036  9.502552348603  -0.079311007030  -0.366454717336  0.415047810836
  67  C  6.275866994653  1.830142091949  9.487941556211  -0.024349136688  0.078395137029  0.099948534672
  68  C  4.745145008097  4.518098954336  9.476845176601  0.170764074853  0.180352500081  -0.182667419047
  69  C  1.622034827623  6.273423398875  1.823707166721  -0.231406465495  -0.543909379610  -1.107995140714
  70  C  -1.487460748843  6.272321318400  1.862595121650  -0.208618524655  0.128940437554  -1.498240724076
  71  C  0.022545207983  3.585294605837  1.872017455415  0.064827090323  -0.089811284388  -1.242547493193


MDSTEP:  7
LATTICE_CONSTANT: 1.889726125458
LATTICE_VECTORS
  9.407670045498  0.000000000000  0.000000000000
  -4.556429028373  8.071183742419  0.000000000000
  0.112233870373  0.203797891062  10.345399614942
VIRIAL (KBAR)
  -59.728774469698  -35.991839162106  -15.699774013203
  -35.991839162106  -8.577335748445  -28.626728533017
  -15.699774013203  -28.626728533017  -75.157341057384
INDEX    LABEL    POSITIONS    FORCE (eV/Angstrom)
  0  Si  0.031538025967  1.818317294304  2.519496574178  -1.109158809446  -0.816686523581  -0.896176717542
  1  Si  3.193328053688  7.151388467495  2.442189165223  0.320830624787  -0.255953037314  -0.253444840372
  2  Si  -3.026281077164  7.210757081140  2.471494883549  -0.797339916478  -1.308358574559  -0.206084800886
  3  Si  4.733067534554  6.278132692661  4.997725941063  0.961050120792  0.630940310005  -0.109212628513
  4  Si  1.574832198691  0.933977032553  5.062577953201  -0.344865470303  -0.300718349891  -0.407716512971
  5  Si  7.787737625926  0.903552826290  5.021722455742  0.899484938841  -0.065433624162  -0.289485614976
  6  Si  0.045222445385  1.865160975020  7.613828798169  -0.739630895243  -0.454489536562  -0.366823841906
  7  Si  3.203785593425  7.219934335925  7.530703492493  0.486805794130  -0.547914264599  0.062811598305
  8  Si  -2.983370169915  7.253914474101  7.572853278626  -1.148545339822  -0.566796313201  -0.420816233586
  9  Si  4.764261541598  6.302700175350  10.075367328435  0.969933509147  1.107933432323  1.676250625329
  10  Si  1.618877123351  0.971036361362  10.146274884218  -0.698610228979  0.417031341589  1.237895088873
  11  Si  7.817190489174  0.921191298826  10.121780438683  0.851787144190  0.838581560285  1.385715194581
  12  Si  -1.524067558672  4.508864196171  2.504396418700  -0.540633859215  -0.865057441585  -0.666200153451
  13  Si  1.601217292885  4.485966837078  2.490024662191  -0.248161121005  0.043635302464  -0.752520768545
  14  Si  0.077736172784  7.176832504950  2.460778519253  -0.020584177437  -0.425986995673  0.054383515289
  15  Si  6.256739865843  3.562718904407  5.027571915014  0.927211340238  0.966235074320  -0.193702172218
  16  Si  3.158044864417  3.587997414901  5.022718681839  -0.093222173118  0.663837991888  -0.025731535631
  17  Si  4.681968081322  0.904698010349  5.085138361313  -0.093552639683  0.250675910832  -1.412587523163
  18  Si  -1.466888672720  4.571107396499  7.575071390848  -0.973151706083  -0.707063897063  0.107729104690
  19  Si  1.621927718645  4.526847840660  7.589180894947  0.366243939019  0.361087599843  -0.476454690385
  20  Si  0.098851126115  7.250610770000  7.549407355854  0.435942644686  -0.707003856416  0.342944784677
  21  Si  6.285584003496  3.634467871562  10.094529063574  1.168255516747  0.461256672913  1.754435598614
  22  Si  3.191523957036  3.644435924335  10.116533110401  0.171185963547  0.580338450546  1.640173647305
  23  Si  4.708909127784  0.942099238312  10.133989583158  0.367831757594  0.880710863540  1.369986387485
  24  Si  3.123442034091  1.791090437106  2.500077240283  0.070148469486  -0.370046712391  -0.405175796290
  25  Si  6.213333880270  1.763690355396  2.488824673337  0.984718781904  0.100495014254  -0.782205637623
  26  Si  4.689440330552  4.441878086211  2.490228135762  0.817752741528  0.451159717568  -1.060015258438
  27  Si  1.637704021566  6.291112645887  5.013721116994  -0.205791423216  0.516198192627  0.022517906984
  28  Si  -1.473373254230  6.320122841688  5.024728714882  -0.208615733057  -0.040964286632  -0.207063274542
  29  Si  0.080326686264  3.615000364567  5.053589050012  -0.933015903774  0.230714567892  -0.485486934975
  30  Si  3.148747372588  1.834378349416  7.611831725602  0.197377074971  0.316854485643  -0.766578498800
  31  Si  6.261964193204  1.825505671664  7.552557013064  0.608261435052  -0.124170070837  0.373635949594
  32  Si  4.737152311730  4.506384841024  7.542183517933  -0.017665457912  0.486003420769  -0.022712790280
  33  Si  1.661871516560  6.334706900512  10.105770622884  0.114875000786  0.683317457857  1.528955255126
  34  Si  -1.444153038741  6.374736949994  10.095136480865  -0.197074663291  -0.200364019106  1.774704924578
  35  Si  0.098221621906  3.685601397661  10.137134547182  -0.599955627698  -0.126595876104  1.556245390485
  36  C  0.023214842296  1.817136114565  4.429680431507  -0.568769998215  -0.120841709444  0.151464671850
  37  C  3.184189142535  7.163137419571  4.369449272244  0.336489308518  0.374009073046  0.112989846295
  38  C  -3.021126744200  7.220807141638  4.393632593374  -0.740446119935  -0.444578368188  0.354271040517
  39  C  4.762330417905  6.309136340884  6.898792123921  0.674920300399  0.232573220385  0.813299861908
  40  C  1.593174508010  0.967942268147  6.971343261751  -0.191475005855  -0.128676633860  -0.027899061298
  41  C  7.825733769011  0.906083421066  6.928848932384  0.299736523264  1.097183485540  0.363591670613
  42  C  0.040214112440  1.881440315892  9.528678108400  -0.266293773863  -0.531101680331  0.189840455350
  43  C  3.207716189367  7.198178923094  9.441504458775  0.480183192487  0.415234852950  0.562079938672
  44  C  -2.986660655361  7.272723730806  9.465905861396  -0.785869683670  -0.635460231490  0.766090462530
  45  C  4.746041542265  6.230572935871  1.817937500688  0.243386826265  0.232724129124  -0.818112012336
  46  C  1.556368949968  0.890137465580  1.881173862250  -0.036000340277  0.278592153630  -1.637964921841
  47  C  7.789123735769  0.844689438759  1.858185290954  0.252462256185  0.771320618765  -1.050343120716
  48  C  -1.506043397418  4.532144926610  4.421099605598  -0.422235376616  -0.923719391678  0.271290532622
  49  C  1.605386884399  4.536650836785  4.398973116739  0.266138042379  -0.927318282129  0.052750523947
  50  C  0.090397576804  7.218588301274  4.395832063821  -0.014717375086  -0.477160203826  0.108396299417
  51  C  6.274417896580  3.600773250567  6.953441354025  0.950701188828  0.565747889885  -0.123528356830
  52  C  3.165847518222  3.616030160400  6.928659566374  -0.040943262860  -0.018403746212  0.505441220483
  53  C  4.708326775528  0.933050548809  6.942669208060  -0.434157513390  0.423915103320  0.614491843612
  54  C  -1.479174766524  4.563901136995  9.511836593300  -0.397326409421  -0.192672440702  -0.047482421714
  55  C  1.654548046341  4.563171756612  9.493486249386  -0.184958276576  -0.396813513398  0.255557333867
  56  C  0.112675088073  7.257356006608  9.479921948784  0.118117641458  -0.386301833495  0.113627544654
  57  C  6.260783505579  3.550695140664  1.855126674780  0.139982614282  0.104775226207  -0.946808326545
  58  C  3.136206201593  3.560481878154  1.856494193727  -0.222880015776  -0.164309360153  -1.243613471104
  59  C  4.679538584930  0.868900132246  1.875326309765  -0.772652269347  0.176489972853  -1.638635412994
  60  C  3.123595102863  1.816916867737  4.426585810545  0.285981486778  -0.277014064649  -0.149620362776
  61  C  6.245666709859  1.778446875529  4.397187944949  -0.224743068096  0.219461272716  0.308376506997
  62  C  4.719606692101  4.494898201385  4.386480288706  -0.007219782972  -0.487288734041  0.281599276112
  63  C  1.640364162423  6.320126152771  6.923230288821  -0.051899040278  -0.071268975776  0.315730168995
  64  C  -1.451607030496  6.347287921235  6.949461879345  -0.186527258034  0.006937057905  -0.178087549622
  65  C  0.065760414021  3.656320089215  6.962470426712  -0.108883136595  -0.361160914159  0.078089495912
  66  C  3.160865674539  1.871243705055  9.497384659827  0.176228111459  -0.380588677128  0.586440380353
  67  C  6.276790257313  1.828518565490  9.481255303312  -0.083851310607  0.109429480500  0.211433736753
  68  C  4.743543152354  4.522365221938  9.469278637793  0.123708190748  0.000067998531  0.036070169338
  69  C  1.618091255677  6.273510464638  1.817061691518  -0.129151140671  -0.539835962921  -1.015093247881
  70  C  -1.494617124862  6.270968580531  1.868492312431  -0.109577619129  0.184191734899  -1.601472693529
  71  C  0.028597446899  3.579006567118  1.873415567532  -0.117579557466  0.168457465840  -1.256450768427


MDSTEP:  8
LATTICE_CONSTANT: 1.889726125458
LATTICE_VECTORS
  9.407670045498  0.000000000000  0.000000000000
  -4.556429028373  8.071183742419  0.000000000000
  0.112233870373  0.203797891062  10.345399614942
VIRIAL (KBAR)
  -60.771791561678  -35.278114415802  -15.195904005357
  -35.278114415802  -8.803946493046  -29.412372818876
  -15.195904005357  -29.412372818876  -75.150565348338
INDEX    LABEL    POSITIONS    FORCE (eV/Angstrom)
  0  Si  0.031104905285  1.821214200801  2.520753736581  -1.084066219213  -0.760153816799  -0.986966079547
  1  Si  3.190886290624  7.150829440492  2.439702326959  0.322617118548  -0.220467132531  -0.257953108299
  2  Si  -3.031007314989  7.207667155921  2.467732724286  -0.711402324093  -1.202421920359  -0.185562533423
  3  Si  4.730384652885  6.279291204332  5.001047057775  0.992853835105  0.617807773996  -0.305541811813
  4  Si  1.569801651205  0.934847738374  5.061949609977  -0.299420869389  -0.151969980288  -0.557852728430
  5  Si  7.785414929302  0.899016747122  5.026099085091  0.872275321516  0.105635306925  -0.521869756540
  6  Si  0.043726612072  1.865418630735  7.614927719484  -0.767753680221  -0.389042691406  -0.386146635547
  7  Si  3.203641435673  7.223666943626  7.526167703418  0.449674588160  -0.737150025649  0.180742912118
  8  Si  -2.981974729337  7.258874194983  7.573277656269  -1.199249183640  -0.608683485482  -0.362176512492
  9  Si  4.765229947265  6.306306034172  10.078289568455  0.974402934213  0.959917038271  1.586905448859
  10  Si  1.614807344865  0.968201792777  10.146073007639  -0.440405167167  0.493746793719  1.278652024983
  11  Si  7.821369384603  0.922100566790  10.127309247932  0.740013404420  0.845935907864  1.359111357963
  12  Si  -1.528917791331  4.510886867409  2.500428858157  -0.406328781365  -1.103204736476  -0.562657166589
  13  Si  1.598927176715  4.491439637091  2.493120197967  -0.081560954968  -0.184532617307  -0.959846967621
  14  Si  0.072731878785  7.171080899932  2.458974283899  0.109079309160  -0.300001489986  0.094648782761
  15  Si  6.257723908744  3.560964878931  5.027319848548  0.938526106282  0.934476496299  -0.217027673080
  16  Si  3.157003423838  3.591048764271  5.016787117900  0.000372200539  0.525958010838  -0.000935852643
  17  Si  4.676000472177  0.901145022786  5.088802186613  0.141095895366  0.390556736387  -1.614069668506
  18  Si  -1.471564835870  4.575166397905  7.578260961302  -0.806516214922  -0.789385483551  0.039529752475
  19  Si  1.624431646788  4.525757992582  7.589244004299  0.394753425346  0.320770402857  -0.550221680085
  20  Si  0.097574370080  7.251475206843  7.552925126765  0.423703748558  -0.795926573152  0.315903356338
  21  Si  6.290082677167  3.633468929722  10.093001926186  1.093045975733  0.431423005797  1.757862258945
  22  Si  3.194581843099  3.644964391011  10.111135580311  0.068889051016  0.475062442735  1.606650253861
  23  Si  4.714446879342  0.946677033686  10.140108037869  0.283128066642  0.646193478359  1.248443730514
  24  Si  3.126080581920  1.796392313450  2.493829586851  0.088155149132  -0.530889167628  -0.283390167295
  25  Si  6.208312709896  1.763668389366  2.486512517117  1.143762564179  0.152894886916  -0.634633098850
  26  Si  4.690327276508  4.447118173401  2.484492830773  0.936909590918  0.230940811081  -0.937707068833
  27  Si  1.638467605460  6.296590605148  5.010869604399  -0.283217205989  0.357529123934  0.181562589387
  28  Si  -1.474612522416  6.314916552083  5.019949243898  -0.287267718314  0.053615709186  -0.049468464676
  29  Si  0.075840115116  3.618416513201  5.053651026276  -0.855911767852  0.188359602855  -0.532433137793
  30  Si  3.151026936587  1.830246570574  7.606753462035  0.185521562028  0.395764192985  -0.772797768011
  31  Si  6.261633870898  1.831470700395  7.552864059417  0.557422614510  -0.205858215853  0.274788695942
  32  Si  4.740628082682  4.509407571106  7.536532495072  -0.077462898779  0.383885830835  0.061009060788
  33  Si  1.665582811833  6.337057803584  10.111078898579  0.105778425284  0.526073224156  1.347724200142
  34  Si  -1.441052110961  6.373247717547  10.099807190389  -0.234462247115  -0.145729389053  1.721620770743
  35  Si  0.101226682309  3.684929037911  10.135522717036  -0.684918810983  -0.108073681223  1.567739737091
  36  C  0.015137842733  1.826409831977  4.424889922396  -0.417799599168  -0.290919527104  0.264971520251
  37  C  3.178031857606  7.164678646004  4.363327509564  0.475155885417  0.314544924081  0.216383867360
  38  C  -3.023115589649  7.229311111950  4.389170765686  -0.731538506449  -0.633816459742  0.385744240947
  39  C  4.763684581951  6.302408069202  6.890395864919  0.601772819378  0.466353402170  1.018391328918
  40  C  1.584776757906  0.973711633636  6.965192478534  -0.051716359100  -0.240237645716  0.092529180563
  41  C  7.819773683301  0.902607135293  6.922793494309  0.373069404138  1.215358558404  0.495054451768
  42  C  0.043478309489  1.872574497070  9.536255707776  -0.371702288820  -0.332387149380  0.028400549497
  43  C  3.212356500798  7.205093795739  9.443211230353  0.440857040476  0.300392224119  0.521673670549
  44  C  -2.985129224200  7.274234114044  9.475010271772  -0.798405371123  -0.696579556785  0.584722736354
  45  C  4.745203903094  6.228285331350  1.815401936490  0.226274962372  0.341649411059  -0.819316348145
  46  C  1.561430359740  0.889672349611  1.877944749752  -0.154434771000  0.275234847124  -1.608193871385
  47  C  7.780098943029  0.847598290774  1.866074746417  0.418046419126  0.686111561812  -1.182258200868
  48  C  -1.512416963159  4.522892356010  4.429506097673  -0.366172021215  -0.720063510946  0.014766397061
  49  C  1.604225622722  4.537613115602  4.390883209692  0.241037991574  -0.846972921603  0.206371784867
  50  C  0.089366857958  7.221074003426  4.403065334669  -0.043976206879  -0.628703466388  -0.104878709449
  51  C  6.277440078742  3.607301607063  6.946724911863  0.946289087205  0.437340766696  0.028502552568
  52  C  3.171131335982  3.616161631532  6.923414944050  -0.101290676833  -0.034598355632  0.535478280158
  53  C  4.711314075661  0.928386169811  6.934687753474  -0.461076128620  0.507266667668  0.845947669697
  54  C  -1.484308375935  4.570309919597  9.514749967878  -0.276141537562  -0.392682410279  -0.107977450317
  55  C  1.648668293217  4.558977652724  9.484762759651  0.012252310210  -0.285941314187  0.441311317514
  56  C  0.114566174138  7.248854931087  9.479801279543  0.130434689273  -0.125461207667  0.251261497073
  57  C  6.270184577600  3.542766698281  1.847037649198  -0.060927323825  0.306831593961  -0.894766829658
  58  C  3.144643242375  3.555708642036  1.849061947234  -0.404630938150  0.058836566466  -1.159896444901
  59  C  4.686316807145  0.872431355272  1.878689684515  -0.966809617010  -0.034750498003  -1.722899099660
  60  C  3.132497196301  1.809659146496  4.424608585688  0.036437663466  -0.073652922439  -0.154869381740
  61  C  6.251898984939  1.783252198326  4.392246774552  -0.416096514482  0.061729278340  0.433540750757
  62  C  4.728802239174  4.495046749615  4.391069607806  -0.185618808336  -0.429129211770  0.061407220295
  63  C  1.634467426477  6.314539209957  6.932247857235  0.090585741633  0.061170610042  0.085547754143
  64  C  -1.456681249857  6.346355112578  6.955240573282  -0.115086954512  0.109209880105  -0.319042355478
  65  C  0.073105829159  3.658766154810  6.955173824043  -0.333466153792  -0.382009484012  0.289778405932
  66  C  3.168917085665  1.866064620631  9.491711407614  0.012281957151  -0.331834440817  0.664575556979
  67  C  6.275015052788  1.823615994369  9.476673941254  0.077837585879  0.223689681137  0.278368909925
  68  C  4.744011979290  4.516585137029  9.469320904536  0.183590652607  0.214880499679  -0.027878476016
  69  C  1.621329461081  6.265289825523  1.810243253402  -0.218095174313  -0.332344505932  -0.923497137768
  70  C  -1.496089238085  6.262596175755  1.863573382434  -0.156099528122  0.389599657026  -1.541475209870
  71  C  0.034667616790  3.586440080586  1.863997079276  -0.236876573240  0.038828089260  -1.121417180763


MDSTEP:  9
LATTICE_CONSTANT: 1.889726125458
LATTICE_VECTORS
  9.407670045498  0.000000000000  0.000000000000
  -4.556429028373  8.071183742419  0.000000000000
  0.112233870373  0.203797891062  10.345399614942
VIRIAL (KBAR)
  -61.012864311982  -35.746291877172  -15.521452131135
  -35.746291877172  -9.229246736393  -28.766900532355
  -15.521452131135  -28.766900532355  -74.485432040510
INDEX    LABEL    POSITIONS    FORCE (eV/Angstrom)
  0  Si  0.024856250570  1.825897851883  2.521485744348  -0.982909483090  -0.841398756678  -1.010861544927
  1  Si  3.194718616872  7.145060811066  2.443386627144  0.301933101967  -0.069495903980  -0.386160367355
  2  Si  -3.027977599849  7.204684958985  2.464231416042  -0.757172121814  -1.226092415063  -0.030094353711
  3  Si  4.731571308696  6.275559138105  5.005968188990  0.966824715235  0.599617725275  -0.441102605063
  4  Si  1.571970822030  0.929808485484  5.056830669278  -0.351559080730  -0.021976864620  -0.409449264182
  5  Si  7.790260025624  0.899431892186  5.024070213740  0.792683299046  -0.027820271385  -0.573645283131
  6  Si  0.038140033106  1.859364990407  7.615472740395  -0.654445306381  -0.277273945905  -0.380851232802
  7  Si  3.205038735543  7.226379624377  7.528035850721  0.493434075155  -0.659367437814  0.009202459204
  8  Si  -2.978771999242  7.254109847141  7.575576446446  -1.293459530224  -0.382392379096  -0.360694231351
  9  Si  4.760091020044  6.312934057178  10.079788868163  1.066908955244  0.806547905126  1.530180207178
  10  Si  1.609877035343  0.962237067693  10.145854837726  -0.213877242165  0.650918425084  1.281655843470
  11  Si  7.824472051760  0.926534697180  10.127982200899  0.569523902011  0.858449921138  1.393678593468
  12  Si  -1.528992397475  4.511369121475  2.504428854470  -0.469673633407  -1.170167287440  -0.690783544977
  13  Si  1.602082954768  4.486526692202  2.486483058563  -0.067907350205  -0.028513548052  -0.845895722416
  14  Si  0.074422880201  7.174956691914  2.454268739456  0.014425531841  -0.414517868850  0.191185674400
  15  Si  6.261328942267  3.563253831123  5.029442452695  0.887790523856  0.823997799502  -0.309206289216
  16  Si  3.151880202881  3.594430921606  5.019620343874  0.240861455871  0.525874508246  -0.011010599384
  17  Si  4.678159646834  0.899167108938  5.087490781655  0.096710022382  0.443453925169  -1.577322612213
  18  Si  -1.474481527040  4.569841477159  7.579518779456  -0.833573685293  -0.680058781926  -0.010980058378
  19  Si  1.630907233287  4.521897152012  7.590041091246  0.242312123723  0.356567681460  -0.550705506780
  20  Si  0.098457655223  7.249008088390  7.554441787996  0.360866965313  -0.730530268234  0.295954354234
  21  Si  6.283982095834  3.627715531590  10.092601110029  1.126273314798  0.610485250486  1.781191119952
  22  Si  3.194891819277  3.645847341927  10.118100442569  0.119891150946  0.480564591486  1.430009518555
  23  Si  4.712467382545  0.944246204449  10.135543920194  0.226360977496  0.728949072594  1.328467764949
  24  Si  3.124283085955  1.801766998048  2.499274438344  0.071224753905  -0.588856535209  -0.419562443774
  25  Si  6.208696174040  1.766004221704  2.487248245567  0.947141137388  0.119467247076  -0.549540107133
  26  Si  4.686280470442  4.450913839218  2.481769535040  1.074022352501  0.114468973525  -0.891110435952
  27  Si  1.643391545494  6.295984091734  5.012975111991  -0.411786124746  0.436690711172  0.129703141388
  28  Si  -1.477003239503  6.318122385159  5.023478021723  -0.294648611609  0.047394325154  -0.094483184516
  29  Si  0.081054649578  3.621452237371  5.059599212384  -0.987854800568  0.126493215792  -0.640989709492
  30  Si  3.151028996876  1.827534901054  7.603869021631  0.180760383118  0.477534900572  -0.663858891419
  31  Si  6.256615460425  1.828632620694  7.550994271992  0.521336004651  -0.021705154791  0.284164497001
  32  Si  4.740943203945  4.513614775734  7.541865378592  -0.148788159784  0.232128744617  -0.036296345500
  33  Si  1.665817417261  6.332680721791  10.107644632481  0.110965059042  0.724284812727  1.406251342132
  34  Si  -1.439371041550  6.373368428219  10.095502075715  -0.347504475266  -0.330741264902  1.789730528560
  35  Si  0.101738838163  3.678496842892  10.140004412511  -0.684831395839  0.128269699709  1.412542823645
  36  C  0.007377999788  1.819742462264  4.426789510116  -0.231975249378  -0.084131868188  0.242807407129
  37  C  3.177343252334  7.156150217599  4.354047183921  0.582253210145  0.440872769471  0.499342718401
  38  C  -3.031674919621  7.226541640716  4.394926110512  -0.597809829887  -0.618346049588  0.260448539977
  39  C  4.771643914459  6.298920154696  6.891176903570  0.425700974001  0.600796042076  1.064680441088
  40  C  1.591560843173  0.979587415513  6.970900947779  -0.276281007556  -0.460517734896  -0.070627557205
  41  C  7.812868644491  0.911711133482  6.914568017845  0.486256636789  0.938551563877  0.684918074417
  42  C  0.042997081631  1.870932122225  9.543912723888  -0.383462756122  -0.362093679806  -0.110059554711
  43  C  3.210625074298  7.214288529457  9.434269340198  0.435256728920  0.214971986016  0.731153629652
  44  C  -2.983790024520  7.275296120107  9.476405785624  -0.856855542158  -0.757942901251  0.566680297874
  45  C  4.749904300353  6.221298706900  1.815916230836  0.121178788492  0.565214623892  -0.893623301418
  46  C  1.561828875346  0.885233768599  1.881417277241  -0.237687105757  0.420208628491  -1.617565554856
  47  C  7.772618454943  0.852445084748  1.871133942699  0.563593765882  0.511749500734  -1.238115194763
  48  C  -1.519955951918  4.528663495679  4.423240934658  -0.134287881253  -0.828589256311  0.221939868217
  49  C  1.612645500069  4.540732615765  4.390935041253  0.057279670537  -0.942407848966  0.146123898317
  50  C  0.087495122475  7.221168854255  4.398910286763  -0.001626787506  -0.657243470320  0.009341038526
  51  C  6.271972354353  3.611073707067  6.940779085606  0.996772926047  0.333240518225  0.171072922068
  52  C  3.166224541874  3.609346366500  6.926526625532  0.060598640179  0.132520633427  0.453201766304
  53  C  4.703726848786  0.929946234927  6.936976647546  -0.342715425468  0.380377308175  0.761848069724
  54  C  -1.491082381762  4.563101997384  9.507868524224  -0.155222168513  -0.332903655313  0.063221518304
  55  C  1.653077374248  4.566399721532  9.481087105965  -0.088352060477  -0.538736504497  0.556121145847
  56  C  0.110217032964  7.246902872747  9.481338894437  0.262506666153  -0.125606108440  0.211094153264
  57  C  6.260420499206  3.543371212270  1.841924670371  0.091007447827  0.273938513400  -0.825550850760
  58  C  3.150637593551  3.558894715907  1.840059943633  -0.557332663449  -0.014157862833  -1.075957623460
  59  C  4.675556914869  0.873742883522  1.883060912677  -0.756185708532  0.017344851987  -1.766127247328
  60  C  3.132454887753  1.819128631261  4.420813700472  0.024541937293  -0.239038235053  -0.057077717232
  61  C  6.257447970470  1.776576935024  4.402370960667  -0.501218117447  0.226445822627  0.220647060041
  62  C  4.738593262771  4.493177365695  4.384081768191  -0.406373674089  -0.419973556210  0.204517387567
  63  C  1.637136238865  6.315872462676  6.936457600137  0.094324453296  0.006345341099  0.004047653604
  64  C  -1.462593934000  6.351200392495  6.962258444628  0.092339594414  -0.110085177995  -0.429626374061
  65  C  0.070248631012  3.657590457047  6.960306916977  -0.253952357819  -0.360916497226  0.255600977350
  66  C  3.172333083402  1.870500924717  9.485268687242  -0.134873600211  -0.427432448092  0.821415351853
  67  C  6.269793870325  1.828809036247  9.480304628325  0.180821553542  0.032781055363  0.156298526315
  68  C  4.744507159208  4.518064880424  9.465818774646  0.112581384349  0.282727044621  0.100705969188
  69  C  1.623457329782  6.266372348257  1.817386726202  -0.209256928841  -0.373136950332  -1.081621145245
  70  C  -1.498181938296  6.254161446173  1.869723463398  -0.046789064148  0.587143812386  -1.659501257130
  71  C  0.038865166475  3.593632428738  1.853734128870  -0.327015253623  -0.133220962511  -0.961088571325


MDSTEP:  10
LATTICE_CONSTANT: 1.889726125458
LATTICE_VECTORS
  9.407670045498  0.000000000000  0.000000000000
  -4.556429028373  8.071183742419  0.000000000000
  0.112233870373  0.203797891062  10.345399614942
VIRIAL (KBAR)
  -62.452521544115  -35.943106627098  -15.025348680219
  -35.943106627098  -8.059387344835  -29.152937448747
  -15.025348680219  -29.152937448747  -73.733613469083
INDEX    LABEL    POSITIONS    FORCE (eV/Angstrom)
  0  Si  0.027382319302  1.830505419782  2.520542516023  -1.081790538230  -0.791484694070  -0.910842987491
  1  Si  3.199754206226  7.144792025156  2.436608569948  0.137497562834  -0.010054654634  -0.277044925938
  2  Si  -3.027378220435  7.206929107734  2.467806183297  -0.711784393413  -1.156655793087  -0.032100773537
  3  Si  4.730858853236  6.269700500027  5.001862397590  0.968057865748  0.760617668611  -0.352343176113
  4  Si  1.567258539002  0.933031567060  5.062928409500  -0.272566441753  -0.013785237857  -0.578838949337
  5  Si  7.788050890693  0.905934540959  5.026642871281  0.966364748633  -0.278541876309  -0.624617898904
  6  Si  0.044729658196  1.859084463835  7.612078115367  -0.794296457010  -0.353331118893  -0.373973850203
  7  Si  3.202676508428  7.220623540063  7.532647227453  0.710280905702  -0.638824675047  -0.020302566939
  8  Si  -2.983229269614  7.254025567049  7.580945112983  -1.171278804208  -0.473711967839  -0.525325001553
  9  Si  4.754619568443  6.309356680511  10.083824827795  1.134395319371  0.929013570432  1.521047996755
  10  Si  1.604424745584  0.968408067165  10.147763948005  -0.110707503569  0.572026990574  1.292853294966
  11  Si  7.825631045341  0.930770756961  10.122746787874  0.615287031378  0.772451134887  1.513761747480
  12  Si  -1.527897712601  4.508829661557  2.508080797246  -0.491328743018  -1.023813448807  -0.894041764946
  13  Si  1.599962673808  4.490272936480  2.490955175497  -0.038851219923  -0.171378295496  -1.017401001543
  14  Si  0.075314730295  7.180916917219  2.455389676906  0.142524232085  -0.617229567193  0.156567234585
  15  Si  6.261821142283  3.560219988359  5.029965590581  0.805939350514  0.938066450946  -0.376936918426
  16  Si  3.147981786364  3.591171019756  5.013122558579  0.209779370591  0.760288540661  0.163588829568
  17  Si  4.677886020481  0.900285244309  5.081863431339  0.157414865373  0.365124244844  -1.473404184949
  18  Si  -1.477404632194  4.573498824549  7.581414729231  -0.735482391636  -0.795989064767  -0.148438521964
  19  Si  1.626908230185  4.527010741957  7.594835253446  0.297591223285  0.114769037616  -0.568703481336
  20  Si  0.104947749347  7.255307493612  7.558536098473  0.213398432569  -0.898248115728  0.239450454265
  21  Si  6.285265846505  3.628500876598  10.094208713571  1.084187412940  0.531273360978  1.733775430902
  22  Si  3.197053720242  3.640905995385  10.124388044109  0.008667401691  0.615569693322  1.416555258643
  23  Si  4.711617022872  0.944231335764  10.138614579749  0.256490718516  0.684483774868  1.284290197637
  24  Si  3.121204054123  1.795248197461  2.500909101056  0.214518686813  -0.418913221745  -0.465251247362
  25  Si  6.213911414651  1.766854063449  2.492459427482  0.813589422767  0.157245264958  -0.806109137315
  26  Si  4.685230567979  4.454718897633  2.476484709174  1.012786060001  -0.048857280145  -0.786166947563
  27  Si  1.642275292580  6.292654900106  5.015944869449  -0.261956680605  0.583995470220  0.068617792393
  28  Si  -1.476226617966  6.318960816251  5.023323642677  -0.387498646190  -0.048617596731  -0.143250253267
  29  Si  0.076554746338  3.625173691531  5.057310076979  -0.907444046153  0.114242982586  -0.617290107021
  30  Si  3.144975826135  1.830804976261  7.601184308848  0.216407248045  0.333060806514  -0.560208072222
  31  Si  6.261610027300  1.825689908267  7.556148962146  0.484467403394  0.082124770864  0.128815892807
  32  Si  4.739765134067  4.519818077561  7.548741629728  -0.141442879115  -0.040330195776  -0.189300260328
  33  Si  1.663586812948  6.331186879497  10.107813072155  0.156498100759  0.825770371123  1.549394061476
  34  Si  -1.446082981362  6.375346731322  10.096423855705  -0.136993241641  -0.378597137321  1.798862611378
  35  Si  0.103627910475  3.678584593190  10.134667312165  -0.736456604382  0.204505131516  1.470293507835
  36  C  0.008088067971  1.828181340900  4.434448993712  -0.252280227470  -0.184044264490  0.057759536085
  37  C  3.181703611574  7.152910920486  4.345983199984  0.467947758960  0.549791197490  0.668624811789
  38  C  -3.034398804008  7.234403149772  4.398536734918  -0.528927662353  -0.749900501823  0.204985628916
  39  C  4.780165123479  6.290789641645  6.890448419905  0.229870250394  0.771590511331  1.102284460837
  40  C  1.585745133978  0.971862560280  6.963400673560  -0.132893891150  -0.349208340615  0.155225578181
  41  C  7.814518260572  0.901864353056  6.913795590127  0.443716726846  1.056265135964  0.726912855053
  42  C  0.041071682802  1.868926583682  9.541256133397  -0.333347606388  -0.273528291146  -0.142052439101
  43  C  3.209281854498  7.219886681138  9.440233048152  0.463125305539  0.097685775239  0.664777503850
  44  C  -2.976043056943  7.280641104672  9.474826893158  -1.074465870918  -0.753633258316  0.671757840249
  45  C  4.748296926792  6.220345684384  1.823840396021  0.228647991935  0.645158290295  -1.080287629380
  46  C  1.561639318882  0.895670009242  1.886657024734  -0.307434116793  0.151455501760  -1.675049765011
  47  C  7.769927675998  0.856238159854  1.862475720070  0.665201722604  0.434171419970  -1.167188829456
  48  C  -1.521063122047  4.518526875494  4.413504484118  -0.188675207770  -0.576503791615  0.460982434179
  49  C  1.604484289816  4.549293136474  4.383133882161  0.155174300721  -1.179444463480  0.358639374676
  50  C  0.088312174832  7.213755347067  4.394253662977  -0.014986115405  -0.429974059536  0.161406841111
  51  C  6.276757221921  3.616324197439  6.936260988335  0.876519100341  0.185500327884  0.345619829821
  52  C  3.158325414332  3.602208924806  6.931129830351  0.166868301996  0.357824964928  0.315763724411
  53  C  4.703544889162  0.931924365510  6.936643921382  -0.312916588865  0.417471197844  0.710938833958
  54  C  -1.496346691747  4.562333098139  9.502319099953  -0.081487104485  -0.286718044205  0.182587329971
  55  C  1.656442002506  4.574370089787  9.485135899940  -0.128840899111  -0.761290292058  0.490506228537
  56  C  0.111896196073  7.244597159107  9.484599877698  0.172808528460  -0.067084241355  0.190950315259
  57  C  6.257891713637  3.548852269730  1.837125560068  0.141684788616  0.175622097063  -0.758464599988
  58  C  3.150533687965  3.552535715806  1.836198003326  -0.569900569937  0.072562089834  -0.975850925612
  59  C  4.675987864613  0.869811298273  1.877352785984  -0.692867121692  0.191125162307  -1.642984917945
  60  C  3.136203792204  1.826418782686  4.420202259150  -0.086451328549  -0.481130746342  -0.072665367614
  61  C  6.266719732401  1.777615833814  4.396356081578  -0.729047350262  0.216916852656  0.346905580697
  62  C  4.732676360597  4.496358516072  4.381419367444  -0.280588618128  -0.605723672058  0.188594603367
  63  C  1.646470027621  6.308880092445  6.945916063189  -0.130167678545  0.160207499279  -0.184521621133
  64  C  -1.464815795971  6.349584205821  6.960257726918  0.227686310286  0.013603907862  -0.356418743382
  65  C  0.072757711510  3.648599045909  6.956650454789  -0.344150691246  -0.090389365435  0.358450456667
  66  C  3.167930546565  1.873533702325  9.490471266516  -0.071522781488  -0.518015665293  0.672227727857
  67  C  6.279345675428  1.819000282302  9.479624583040  -0.071875975720  0.289271599541  0.190191998965
  68  C  4.739258875335  4.519410045717  9.469355776397  0.229782095226  0.204800484712  0.102941241506
  69  C  1.625562227136  6.257619720533  1.826637769280  -0.225112976642  -0.125814585298  -1.246518177978
  70  C  -1.489626581021  6.260518740729  1.875383131786  -0.265301000264  0.456459269330  -1.682170234458
  71  C  0.036020493678  3.598476111163  1.850202498579  -0.272056570905  -0.201345026300  -0.940843767317


