MDSTEP:  0
LATTICE_CONSTANT: 1.889726125458
LATTICE_VECTORS
  9.044453962152  0.000000000000  0.000000000000
  -4.458270490500  8.159235022945  0.000000000000
  0.006142150596  -0.252737475258  10.112945065888
VIRIAL (KBAR)
  175.754554721634  36.364842979254  3.221301465012
  36.364842979254  -21.521487971781  36.975670815182
  3.221301465012  36.975670815182  48.765876754221
INDEX    LABEL    POSITIONS    FORCE (eV/Angstrom)
  0  Si  0.007853474856  1.762681580737  2.563961213403  3.301463011201  1.251836068854  0.922012520374
  1  Si  3.137133842758  7.097634328231  2.627346679870  -0.097495635122  0.837677449229  -0.056394220508
  2  Si  -3.066460740662  7.143214948646  2.624717699215  3.774138332769  2.314604102988  0.829617854466
  3  Si  4.675785606827  6.184173672442  5.159034004197  -3.749844587598  -1.658975374354  1.056026754958
  4  Si  1.547316039228  0.821948102006  5.092306653054  0.330883084452  -0.548195509324  0.565005606023
  5  Si  7.768637379369  0.812678902938  5.082880285462  -4.401898908923  -2.795329663612  1.704994880817
  6  Si  0.020220782862  1.680987173112  7.645587273281  3.125152678711  1.842173744436  1.164736615247
  7  Si  3.139432666802  7.059849718400  7.721168529921  -0.432386790080  0.364440658433  -0.523987010982
  8  Si  -3.057629713005  7.060858990755  7.719153279504  3.385150607806  2.535142685648  0.222561686661
  9  Si  4.668301774180  6.364069314302  0.124823991513  -2.972876542048  -1.352397474404  0.043276021756
  10  Si  1.558037717732  1.016244151219  0.067447337260  0.064549274596  -0.782381026401  -0.453664753536
  11  Si  7.748770733125  0.983499731049  0.069690315602  -3.541862650089  -2.259099902889  0.251426279840
  12  Si  -1.539466276400  4.444815672359  2.607461515817  3.536702641960  1.756702546650  1.208944355330
  13  Si  1.559711105481  4.430923929135  2.594793630620  0.133366867386  0.007390550022  0.307632994064
  14  Si  0.039412671545  7.124999724284  2.626780561076  0.128477121602  0.823387206732  -0.193472033841
  15  Si  6.210882369229  3.495444944496  5.132377217940  -3.270690882716  -1.609242389514  0.914325787887
  16  Si  3.106999855440  3.498331538069  5.127473173258  -0.080477682627  0.090633598292  0.178842893615
  17  Si  4.662502842148  0.815086289562  5.104071694066  -0.692210286517  -0.574635683345  0.157712571677
  18  Si  -1.536179483595  4.383462564516  7.678323900665  3.515844527064  1.395635973463  1.009045591521
  19  Si  1.562673369869  4.369294368376  7.699661530166  0.158021942947  -0.025188635212  -0.507528785428
  20  Si  0.030335808851  7.067628081640  7.706636600929  0.481289312942  0.596282028188  -0.383168181662
  21  Si  6.211542831051  3.694674543241  0.092212784863  -3.539356581298  -2.368703436057  0.345224848893
  22  Si  3.115917212357  3.693447287202  0.086991230047  -0.071148768313  -0.360827344963  -0.532038769476
  23  Si  4.646188658805  0.991778293365  0.064136569166  -0.212770859869  -0.700420642827  -0.579176100374
  24  Si  3.110258092038  1.735346444288  2.547284315999  -0.151069815729  -0.016302810961  0.559364468357
  25  Si  6.198079817727  1.731599834382  2.559581817502  -0.297500543258  -0.402293951375  0.118607588627
  26  Si  4.656282684190  4.419017775120  2.600516450024  -0.267992005723  -0.349810981435  0.328036994676
  27  Si  1.576627286945  6.193451493435  5.161254506597  -0.044474184788  0.375839872704  0.089855285623
  28  Si  -1.522318286150  6.201880449339  5.146796654002  0.631323330243  0.743668604122  0.566265549460
  29  Si  0.019764258932  3.503579096584  5.129664791315  0.570864998012  0.614134439932  0.257019805294
  30  Si  3.108638124403  1.676779644132  7.644089641718  0.023563141244  -0.166273883401  -0.259345969688
  31  Si  6.211370475044  1.668701566318  7.635789604215  -0.553735450626  -0.539556912620  0.433746124043
  32  Si  4.672840485060  4.369149998288  7.665019168929  -0.826640160073  -0.578970843362  0.279440599739
  33  Si  1.565072302419  6.373723289184  0.140516153813  0.027957681058  0.441212501626  -1.045772391769
  34  Si  -1.536203456303  6.388662149704  0.123742639742  0.868056405546  0.286148864122  -0.439235893693
  35  Si  0.017312197659  3.707576687758  0.097123861918  0.369529214855  -0.060503366735  -0.490752769024
  36  C  0.007631689397  1.729740351457  4.466522865173  3.587691097511  1.795702588425  -1.319016026052
  37  C  3.124321367988  7.090873570054  4.547237859042  0.086259360543  0.643916315149  -0.383222387429
  38  C  -3.080032807834  7.096037695071  4.536977809347  4.085117757552  2.977901835105  -1.565604080462
  39  C  4.678333445217  6.162366294952  7.061725843540  -3.082845618546  -1.418069623354  -1.011605139954
  40  C  1.540881097786  0.816571003175  7.004967584030  0.620589774255  -1.096299584140  0.585245188744
  41  C  7.765792834879  0.783438186513  7.007584290284  -3.938540962059  -2.678172036796  -0.852395019722
  42  C  0.010543713918  1.679586834519  9.561555007420  3.138211222801  1.061196831685  -1.176034159583
  43  C  3.125624029809  7.027656226616  9.632761929655  -0.009670100625  0.448884637635  -0.342042501849
  44  C  -3.057170338113  7.045413804055  9.609423195036  3.014669809090  2.276138604293  -1.015274184631
  45  C  4.694487627583  6.213681522707  1.986418928093  -3.553609932784  -1.278606271740  -0.642643530592
  46  C  1.559375073189  0.855032127489  1.926626319333  0.011715081000  -0.230902524294  1.282388478900
  47  C  7.766849877909  0.834478037489  1.917559366846  -3.855450877483  -2.189701786519  0.373599220765
  48  C  -1.532237346583  4.432551499693  4.521987428769  3.300668010653  1.329522019693  -1.323672481995
  49  C  1.575721766356  4.416103457402  4.514624343906  -0.309833779030  -0.196255904936  -0.261431501751
  50  C  0.034150802505  7.115118737168  4.545499672833  0.232702752793  0.455041208400  -0.423845603650
  51  C  6.214606110844  3.463430787200  7.041216577571  -3.338491525717  -1.522589467154  -1.279444107272
  52  C  3.109479634289  3.476051483414  7.033481242162  0.098962895864  0.256504655078  0.207990245725
  53  C  4.660051410824  0.783261457447  7.007074410570  -0.401861809937  -0.649113891498  0.544345724811
  54  C  -1.532832789571  4.358707288063  9.591850571671  3.652861601144  1.828977913434  -1.382091355851
  55  C  1.578859875772  4.356709870253  9.602062370702  -0.216981532941  -0.336360231880  -0.184477484150
  56  C  0.026080587540  7.047327439181  9.622970154731  0.348215922070  0.302844380229  -0.329685475387
  57  C  6.226540641590  3.534388165445  1.950533084628  -3.840336468916  -1.511230011493  -0.438359192599
  58  C  3.104769225539  3.540556426990  1.954035533232  0.123023579725  0.409773811796  0.516547129234
  59  C  4.644759029437  0.854176575944  1.922435947580  -0.047435422771  -0.573097851822  1.219581840081
  60  C  3.097037255648  1.724696240773  4.481739588194  0.113626139445  -0.492641182335  -0.353278153426
  61  C  6.210283961651  1.715689078107  4.473267150982  -0.472686915793  -0.358608817149  0.060776908586
  62  C  4.654362276072  4.389239172867  4.525978279221  -0.211461947779  0.034088172914  -0.244088787130
  63  C  1.572699837001  6.173336111143  7.069762170086  0.275154366719  0.121627813739  0.090750049489
  64  C  -1.528553873822  6.174835186106  7.085855369153  0.728594030375  0.392638142019  -0.431384025632
  65  C  0.012114407004  3.484522299607  7.037906620968  0.466784225129  0.277306920312  0.258881853247
  66  C  3.121457859905  1.657104384225  9.545917420673  -0.346745165910  -0.296972182853  0.067627833780
  67  C  6.212737697984  1.652469904549  9.563872024265  -0.591066778006  -0.515859865316  -0.159313117081
  68  C  4.664312635095  4.331500234629  9.588591107057  -0.284965899505  -0.001419646773  -0.149193662864
  69  C  1.578322834916  6.237770620685  1.990258157383  0.115672241432  0.240997464174  0.654272609298
  70  C  -1.529393065656  6.235133312030  1.993174645060  0.756592208382  0.764439238762  0.600719164365
  71  C  0.006603330727  3.553559542540  1.959694375869  0.522970822324  0.600597264560  0.756188933070


MDSTEP:  1
LATTICE_CONSTANT: 1.889726125458
LATTICE_VECTORS
  9.044453962152  0.000000000000  0.000000000000
  -4.458270490500  8.159235022945  0.000000000000
  0.006142150596  -0.252737475258  10.112945065888
VIRIAL (KBAR)
  174.711767463529  35.373173631537  3.076384793584
  35.373173631537  -22.025649123818  37.002048510219
  3.076384793584  37.002048510219  48.601017749827
INDEX    LABEL    POSITIONS    FORCE (eV/Angstrom)
  0  Si  0.009293887566  1.762176492551  2.564703111697  3.224550015698  1.230585565534  0.866290563225
  1  Si  3.136988814275  7.097201862651  2.627553250796  -0.100894802575  0.848881949613  -0.062766084945
  2  Si  -3.065763098358  7.144325126349  2.625079222394  3.711971046834  2.250243202476  0.795447095775
  3  Si  4.675960520969  6.182787964318  5.159503394306  -3.712435897459  -1.582589896589  1.023491737788
  4  Si  1.547377216375  0.822644190715  5.092683774044  0.334394508306  -0.556172460003  0.554697464123
  5  Si  7.768439535504  0.812618995359  5.082839414260  -4.378028348870  -2.777339145100  1.688800405716
  6  Si  0.020755848166  1.681315819040  7.645507995627  3.074063970419  1.812486694583  1.142080838571
  7  Si  3.140162627321  7.060731735766  7.721127834466  -0.452125465386  0.354604655494  -0.526926448965
  8  Si  -3.056512824703  7.061543364345  7.718717837091  3.336974926286  2.510413549391  0.213659884686
  9  Si  4.667539191804  6.364151578840  0.125072407824  -2.905888434488  -1.328160104724  0.006435579146
  10  Si  1.557960923424  1.017046767183  0.067278047072  0.069700926237  -0.799355711276  -0.441307435426
  11  Si  7.748050918783  0.982353048523  0.069704271978  -3.488235891194  -2.205968987177  0.233620802134
  12  Si  -1.538622845476  4.444433492532  2.607487965727  3.466601401873  1.717450636467  1.170896007529
  13  Si  1.559798538525  4.431633143544  2.595037949429  0.131615413672  0.007419876000  0.292465414603
  14  Si  0.038903996616  7.124608045617  2.626247404239  0.127757779956  0.841151474634  -0.165746198103
  15  Si  6.209814338900  3.494545394807  5.132698721697  -3.180709257576  -1.544580768934  0.857862293559
  16  Si  3.106713466247  3.499541182415  5.128036658981  -0.071303193766  0.074262262514  0.147689464904
  17  Si  4.662307306568  0.815444879655  5.104704151976  -0.693394946884  -0.584662489063  0.150921812071
  18  Si  -1.535574214962  4.383565832395  7.678085425808  3.455198083401  1.353554774893  0.978287808285
  19  Si  1.563104583744  4.369840341237  7.698847566937  0.143926939596  -0.029528893633  -0.490523930081
  20  Si  0.030012208736  7.066947867330  7.705981273622  0.498099895645  0.614624263402  -0.362273781569
  21  Si  6.211330625573  3.694395346856  0.091827472982  -3.527073436179  -2.351852000421  0.351974088697
  22  Si  3.115530198174  3.692976326274  0.086481010934  -0.074616807963  -0.366549753298  -0.508990004029
  23  Si  4.647022411361  0.991954702661  0.063730729470  -0.242165141672  -0.711016605029  -0.557623633589
  24  Si  3.110471969563  1.735982812833  2.547310244746  -0.139789813614  -0.023873378619  0.568594465091
  25  Si  6.197706809762  1.731968926244  2.560088538483  -0.303688353933  -0.424649526757  0.111428050171
  26  Si  4.656251563997  4.418770702413  2.600601355270  -0.274194572091  -0.347426736975  0.328257350772
  27  Si  1.576021002917  6.194534911695  5.160845682500  -0.025925897111  0.365847794286  0.090287056573
  28  Si  -1.522410085245  6.201405920896  5.147459321323  0.641414008228  0.768693534189  0.550011811079
  29  Si  0.019774709683  3.504287683181  5.129052572996  0.584474716037  0.611188784514  0.250050281705
  30  Si  3.108856919530  1.676137266490  7.644299142728  0.006452950930  -0.148206429318  -0.274794108877
  31  Si  6.209948839431  1.669016370642  7.636657735655  -0.519528234136  -0.553758753546  0.420759739815
  32  Si  4.672770037878  4.368303109161  7.665905348486  -0.837840892186  -0.560066966034  0.248000766256
  33  Si  1.565092831653  6.373023045530  0.139969244007  0.018897738000  0.442743995226  -1.005010223272
  34  Si  -1.535350695967  6.388609438100  0.123063115808  0.859894583685  0.292150832086  -0.408319002562
  35  Si  0.017389529836  3.707993028191  0.096552556956  0.359424457467  -0.072388424782  -0.478495431862
  36  C  0.007878214686  1.730476659016  4.465284283042  3.558971668711  1.773074031274  -1.271979220959
  37  C  3.124607362285  7.091513226008  4.546080751277  0.088834877949  0.628946936664  -0.352181221012
  38  C  -3.079032829397  7.096639335805  4.536272721086  4.024423613581  2.942086211965  -1.519573481908
  39  C  4.677681672997  6.162519275698  7.061726291238  -3.035456350846  -1.415008479969  -0.988402488759
  40  C  1.540288425048  0.816000889031  7.005272694813  0.639702271242  -1.090420598535  0.574619808685
  41  C  7.764751159198  0.782780926528  7.007589689181  -3.895877335056  -2.635247091181  -0.829743244278
  42  C  0.011476054923  1.680321568174  9.560535029000  3.068948297070  1.016606676593  -1.137399573555
  43  C  3.124711250616  7.027221743063  9.632980984885  0.013115686790  0.452388353622  -0.354062430223
  44  C  -3.054848230865  7.045993872241  9.608577106024  2.922272125749  2.234722341768  -0.976539395060
  45  C  4.693378813021  6.212411842246  1.986007474762  -3.478064045644  -1.215728191171  -0.611962791179
  46  C  1.560247800824  0.854730444203  1.927659164347  -0.001452244863  -0.225718572057  1.249678302824
  47  C  7.764959771977  0.834332032261  1.917287084850  -3.768270289666  -2.149517810230  0.405009731906
  48  C  -1.530391748489  4.433879572020  4.520967132462  3.194459970010  1.246332913720  -1.267799707623
  49  C  1.576302775823  4.416705242824  4.513015994390  -0.320577836766  -0.192868610078  -0.222277215370
  50  C  0.033930270879  7.115356752035  4.546055838403  0.226288548780  0.461111554915  -0.427842742249
  51  C  6.213418491943  3.462158133951  7.039628674270  -3.273767250424  -1.463622365342  -1.221082002232
  52  C  3.108546630089  3.476507367765  7.032238243699  0.116429108155  0.242144627014  0.239681974510
  53  C  4.660441617876  0.783618475822  7.007924168021  -0.422175159687  -0.662152880120  0.531833840485
  54  C  -1.532805326331  4.359434831260  9.591041584410  3.629519295597  1.797532701626  -1.365567037846
  55  C  1.578301375964  4.355742500163  9.602777470254  -0.202565506672  -0.317335152424  -0.215434549878
  56  C  0.026488669399  7.046751873855  9.622741833972  0.353498201457  0.312722801435  -0.334823513332
  57  C  6.224322395392  3.532854318841  1.950552098754  -3.743921133306  -1.438225146946  -0.415944975719
  58  C  3.104605464425  3.541030352436  1.954599205605  0.121019095117  0.404845708036  0.495917736290
  59  C  4.644878288716  0.854014670730  1.922936275291  -0.058271080417  -0.570086589022  1.199213687551
  60  C  3.097625594027  1.724799125729  4.482028014162  0.102722846923  -0.473433274467  -0.346320332324
  61  C  6.209441749333  1.715564394279  4.472981879381  -0.456220733297  -0.355519019829  0.072334923118
  62  C  4.654865101375  4.390468777391  4.525877424692  -0.220981371995  0.001975505327  -0.241360435306
  63  C  1.572561160682  6.174041313544  7.070250751858  0.284786004499  0.114334531986  0.072448365275
  64  C  -1.528115583884  6.175098105699  7.086551979634  0.717378961427  0.376511647722  -0.453914482399
  65  C  0.012238700724  3.484190543553  7.037135639068  0.467934754871  0.289684970804  0.261714758845
  66  C  3.120685758125  1.656863891486  9.545314666205  -0.321923211289  -0.295906191425  0.081451115213
  67  C  6.212289944638  1.652555683575  9.564165020223  -0.575256426155  -0.515446302924  -0.171499440771
  68  C  4.663218090773  4.330270179730  9.587759668636  -0.264032018029  0.022985629017  -0.133964828461
  69  C  1.577675519890  6.238867977275  1.992012523492  0.125417845543  0.219234216370  0.597866663658
  70  C  -1.529405576145  6.234627460102  1.994142569954  0.750194207462  0.767309562916  0.559735465199
  71  C  0.007190225375  3.553909706000  1.959155574566  0.515320637991  0.583528538926  0.758934237893


MDSTEP:  2
LATTICE_CONSTANT: 1.889726125458
LATTICE_VECTORS
  9.044453962152  0.000000000000  0.000000000000
  -4.458270490500  8.159235022945  0.000000000000
  0.006142150596  -0.252737475258  10.112945065888
VIRIAL (KBAR)
  173.088700359529  34.135600810967  2.761622827450
  34.135600810967  -23.010506306497  36.955473176013
  2.761622827450  36.955473176013  48.809631498451
INDEX    LABEL    POSITIONS    FORCE (eV/Angstrom)
  0  Si  0.012428397875  1.760947746371  2.563195895054  3.137271347580  1.254999411700  0.908702872213
  1  Si  3.136972370857  7.099225133679  2.628456335284  -0.108696063779  0.843795865607  -0.077411275843
  2  Si  -3.062360299123  7.143472194751  2.624797253363  3.672186706784  2.247984508200  0.765473473629
  3  Si  4.675769864488  6.184186295569  5.160104511652  -3.555730802646  -1.464849997008  0.885822797756
  4  Si  1.548749985197  0.824729729535  5.091469469608  0.310203909700  -0.576834980266  0.587926960570
  5  Si  7.769180982088  0.811935645038  5.085701131470  -4.301760020363  -2.694783407357  1.575524624293
  6  Si  0.021782492107  1.682215215392  7.648211941901  2.978231889754  1.763032897200  1.048093681594
  7  Si  3.141584643717  7.062507193811  7.721444246457  -0.489178346078  0.305299553784  -0.554459487348
  8  Si  -3.054538906353  7.065013082056  7.721085574445  3.187559013193  2.411485530159  0.130873077707
  9  Si  4.665617263162  6.365665667541  0.125543941894  -2.807902140821  -1.346340840535  0.023309475216
  10  Si  1.558710099006  1.018137236946  0.068576262978  0.022552329136  -0.819847292032  -0.448435530699
  11  Si  7.748404959710  0.980346485646  0.070333984378  -3.465130367234  -2.179705530552  0.275040074955
  12  Si  -1.537586854818  4.443270358260  2.609445693174  3.395827612802  1.676882337146  1.116588310988
  13  Si  1.561765574371  4.433599286810  2.596003906920  0.054047758192  -0.030121146825  0.268662220683
  14  Si  0.038487193529  7.125486490385  2.626700541520  0.113824729259  0.819908272720  -0.145914084333
  15  Si  6.209488064984  3.494217720828  5.131142300614  -3.205518798131  -1.581250614295  0.883862906878
  16  Si  3.107104941522  3.497108201994  5.129144994677  -0.062168863220  0.206615009026  0.107468948802
  17  Si  4.662164638235  0.816994883509  5.104835219512  -0.740113107103  -0.638678658414  0.137959215494
  18  Si  -1.536426222582  4.383977202017  7.678475991459  3.394190963981  1.335477809948  0.935545714023
  19  Si  1.560777319850  4.371484950840  7.698071887595  0.217772997494  -0.053876347017  -0.504358399475
  20  Si  0.030907956345  7.066906990797  7.703982727289  0.511322298588  0.574120445769  -0.339420178288
  21  Si  6.209661348545  3.692255747135  0.091457609501  -3.326275878320  -2.201185312559  0.286419892050
  22  Si  3.112964442586  3.693995834144  0.086694219059  -0.033686030125  -0.384712414157  -0.569193964692
  23  Si  4.648586577534  0.992145676405  0.063258810624  -0.274537707720  -0.748044881858  -0.565274399504
  24  Si  3.110304775086  1.738581172039  2.545182691316  -0.159094202162  -0.121877061556  0.602651773406
  25  Si  6.195361374115  1.732564036744  2.560638902513  -0.258622862678  -0.417474007766  0.090262486348
  26  Si  4.654697136738  4.417176300672  2.601399730603  -0.227750510213  -0.275966696548  0.295720048951
  27  Si  1.578241478278  6.195913112283  5.160681153632  -0.067254642505  0.351540202534  0.130466176404
  28  Si  -1.522513141535  6.203515499771  5.150031102429  0.630070860991  0.732389156474  0.521023794046
  29  Si  0.022338582813  3.506598455337  5.130544044101  0.531123495062  0.579272271444  0.237919340052
  30  Si  3.107983040465  1.676279764037  7.642726262750  0.016756139867  -0.135228358787  -0.230466793370
  31  Si  6.209652186014  1.671193994416  7.636624197112  -0.573371130938  -0.594440852371  0.417108153639
  32  Si  4.674505259009  4.370570457786  7.664325880895  -0.913393214246  -0.543423423791  0.297928284952
  33  Si  1.564878440035  6.374650255254  0.141026562682  -0.033138382312  0.412292783641  -1.067021618444
  34  Si  -1.532924500982  6.387433728675  0.124299973750  0.762529831211  0.283668029457  -0.492099486039
  35  Si  0.019952910386  3.707082991166  0.095874290451  0.295543811764  -0.031136320064  -0.494354906623
  36  C  0.011226444207  1.732339259718  4.465245865599  3.413556947202  1.716806749435  -1.219933674997
  37  C  3.122191669620  7.091841061139  4.544671765965  0.170040031456  0.643573202157  -0.320885052347
  38  C  -3.074561332967  7.102355509857  4.532723265446  3.821994775621  2.771406250588  -1.387655370217
  39  C  4.676100873349  6.164324124142  7.057791228972  -2.875374663022  -1.330839901426  -0.851639642729
  40  C  1.539784497868  0.812702086545  7.006913696634  0.634342324188  -1.011141802701  0.536751541702
  41  C  7.762367690081  0.782085173703  7.007698637496  -3.771489824129  -2.535485379412  -0.762479708053
  42  C  0.010390437564  1.681628199496  9.560133432303  3.084714674960  0.960788693706  -1.098665178501
  43  C  3.122650068564  7.023712650748  9.631439574410  0.046039867545  0.530207765668  -0.326900725563
  44  C  -3.056452432232  7.051199526827  9.608609073255  2.920967467907  2.115305073866  -0.911062307154
  45  C  4.692763728367  6.214551958121  1.989003482028  -3.483534880939  -1.251562052672  -0.659594143722
  46  C  1.557614987639  0.854130403203  1.928564198671  0.100703534907  -0.222033850341  1.221418366957
  47  C  7.764309139124  0.833724254969  1.921360908305  -3.767899041463  -2.128853373477  0.325211257354
  48  C  -1.530599964483  4.433213633701  4.523025230008  3.231400400188  1.287241477565  -1.287649832053
  49  C  1.574966853184  4.419765508357  4.514830782854  -0.244505405467  -0.238026119653  -0.262985164910
  50  C  0.033917299010  7.113899839708  4.549307355207  0.233724386088  0.504474346381  -0.488009766055
  51  C  6.207748584682  3.463925906778  7.039639416522  -3.105553015163  -1.457943622748  -1.228361349137
  52  C  3.110400299991  3.480119189843  7.029887691893  0.060075134322  0.159471135877  0.316067931532
  53  C  4.658349987551  0.780407430844  7.005960524960  -0.369007564984  -0.590103897162  0.590996657630
  54  C  -1.528874469888  4.358272705944  9.586939510636  3.444575784119  1.726539559332  -1.230088823430
  55  C  1.575945598718  4.359085075972  9.598691305484  -0.133208427740  -0.375954835236  -0.119572327735
  56  C  0.024042463510  7.043944213068  9.622165763780  0.430391969247  0.395173401098  -0.345059561027
  57  C  6.222510581039  3.535041275344  1.947005089106  -3.683338392023  -1.456861947257  -0.293771084357
  58  C  3.105622141016  3.537898791874  1.954142295471  0.068226864561  0.508019273153  0.494992570659
  59  C  4.644802750377  0.853046259977  1.922234806082  -0.083152794611  -0.549391930425  1.214508513207
  60  C  3.095648008471  1.727738326384  4.482282399638  0.168536233442  -0.518905668554  -0.380840117519
  61  C  6.206585646091  1.711533530244  4.472491364976  -0.382048566293  -0.260350364814  0.093452983302
  62  C  4.657214334302  4.392509953106  4.524527501783  -0.288419223195  -0.043284948773  -0.221173870162
  63  C  1.576798310388  6.170395533973  7.070498501407  0.208046881816  0.227908927637  0.057939470143
  64  C  -1.529946518391  6.176702891960  7.087795521636  0.752404374077  0.348435483194  -0.464587110558
  65  C  0.011227002366  3.487557246639  7.038526824582  0.471005259931  0.212200973125  0.229120532568
  66  C  3.119151176646  1.653005291046  9.547526891497  -0.280566521796  -0.186489864349  0.022867046148
  67  C  6.214269474940  1.653741150288  9.565491621627  -0.610588189604  -0.576686423100  -0.210252465467
  68  C  4.666259472176  4.328782913629  9.589684365982  -0.353670679386  0.071930610673  -0.184400028122
  69  C  1.576149744516  6.241534350577  1.989989930271  0.178375321910  0.178147319613  0.662514127543
  70  C  -1.528069550257  6.231649282580  1.991384138540  0.751398958173  0.805278299182  0.634715907480
  71  C  0.004845442527  3.552318998281  1.956836608233  0.614143373390  0.612021498796  0.813066217603


MDSTEP:  3
LATTICE_CONSTANT: 1.889726125458
LATTICE_VECTORS
  9.044453962152  0.000000000000  0.000000000000
  -4.458270490500  8.159235022945  0.000000000000
  0.006142150596  -0.252737475258  10.112945065888
VIRIAL (KBAR)
  172.845928537317  33.548689491718  2.249745048890
  33.548689491718  -23.606848695420  37.231931417367
  2.249745048890  37.231931417367  48.447738567356
INDEX    LABEL    POSITIONS    FORCE (eV/Angstrom)
  0  Si  0.014125652208  1.758306969454  2.566215817538  3.089024485794  1.409141652351  0.875722485531
  1  Si  3.140031660008  7.096428977875  2.631385394322  -0.204568099730  0.848166706056  -0.142763581186
  2  Si  -3.061313859325  7.142555203082  2.625665034714  3.570740904183  2.214476047968  0.695137430590
  3  Si  4.672246427543  6.184270992286  5.160244477622  -3.364112692591  -1.388331904532  0.788753614590
  4  Si  1.551049900231  0.827493106693  5.091855805566  0.257125002892  -0.680692501932  0.570491952306
  5  Si  7.768274835625  0.812604377001  5.084332542151  -4.189275045470  -2.680205230499  1.546918754224
  6  Si  0.021166440964  1.683749433586  7.648837363639  2.994207270785  1.695091336854  1.037879951626
  7  Si  3.138056880761  7.065611511820  7.720194072598  -0.416798256747  0.250827254373  -0.622694622392
  8  Si  -3.055489376479  7.065998830577  7.720442295924  3.205651550442  2.385205672833  0.053186991895
  9  Si  4.663312265088  6.366453626453  0.126560759552  -2.710321044508  -1.313094498650  -0.044195232638
  10  Si  1.558324001620  1.016250081236  0.069834528773  -0.041232848214  -0.775337520253  -0.441523695205
  11  Si  7.746052975186  0.977613342362  0.072230202050  -3.349342515561  -2.102299863907  0.258274422437
  12  Si  -1.538101565897  4.445122448669  2.606466298461  3.384598915924  1.638326849335  1.186430947491
  13  Si  1.564183052371  4.436038508866  2.596796594823  -0.046016397575  -0.070137689798  0.188000911821
  14  Si  0.037285408334  7.126935639674  2.626836906726  0.156416656471  0.857305132049  -0.110974195722
  15  Si  6.210805727033  3.491938226600  5.129751516944  -3.319484912877  -1.490422692978  0.909469731583
  16  Si  3.104117192970  3.497279152924  5.131891459428  -0.036808088513  0.198752201100  0.005485448929
  17  Si  4.662684779191  0.816991172415  5.107116148912  -0.768678906334  -0.619321107830  0.049771176391
  18  Si  -1.532070000206  4.386081603048  7.677712775404  3.171689595647  1.232018229307  0.952079335920
  19  Si  1.559878609531  4.368296248699  7.694589043663  0.254308891108  0.089463873389  -0.361802374447
  20  Si  0.027643460458  7.067015633437  7.702426491396  0.553972538655  0.587882973183  -0.310605408757
  21  Si  6.209966224270  3.693724835986  0.091607511225  -3.360701876149  -2.294591829800  0.316745561182
  22  Si  3.112726763577  3.690932185545  0.084350735668  -0.046312869060  -0.290492224479  -0.447071913258
  23  Si  4.648378602393  0.994831559347  0.059890800503  -0.254963833106  -0.758565541384  -0.436376832572
  24  Si  3.107361406600  1.736765840474  2.546858834463  -0.150329172139  -0.028523339794  0.568129814869
  25  Si  6.196045749797  1.729590619543  2.563878199196  -0.329512938068  -0.344914039126  0.049755991469
  26  Si  4.657173129558  4.414760550694  2.601334137197  -0.306844637036  -0.292116140876  0.297345200299
  27  Si  1.580006709721  6.197962788751  5.157299049543  -0.194845507122  0.323961569144  0.166529428894
  28  Si  -1.521750255313  6.205410729826  5.151904217999  0.566505574745  0.646753210706  0.402939052730
  29  Si  0.025458299087  3.503992113488  5.132625150220  0.427805088223  0.660980789458  0.174673574923
  30  Si  3.111091917636  1.673463241563  7.641082417845  -0.092120679587  -0.066982228958  -0.146193937156
  31  Si  6.207643254177  1.673142762830  7.633952681479  -0.492476759660  -0.642468829613  0.437929062571
  32  Si  4.675906459845  4.368835203452  7.662157383019  -0.880656798869  -0.454457856951  0.378795378013
  33  Si  1.567909555029  6.376605119527  0.137856568335  -0.102679489123  0.381090383794  -0.921497476106
  34  Si  -1.529318404617  6.389931135535  0.123029474673  0.720095236547  0.237611902318  -0.443523349096
  35  Si  0.021392235377  3.706770029331  0.095248464764  0.267527782463  -0.043037580543  -0.400396477073
  36  C  0.015605732853  1.731847520820  4.465334003769  3.298243476476  1.670790240159  -1.145295242552
  37  C  3.118395320133  7.087907361069  4.543117241966  0.267441378898  0.757064587361  -0.297905884698
  38  C  -3.075349849387  7.106281122214  4.527510679748  3.709015060575  2.624962489933  -1.204096471629
  39  C  4.677837302598  6.164131398516  7.054033897298  -2.954904349261  -1.317199946500  -0.770381567881
  40  C  1.542083183209  0.812196842678  7.005350292871  0.588219282494  -0.966788982314  0.571170584745
  41  C  7.764048982538  0.782899127208  7.003069328871  -3.810701480299  -2.515433686694  -0.705792238268
  42  C  0.007960680143  1.682558760726  9.558180536312  3.081489414514  0.867946365815  -1.027806952298
  43  C  3.119621314280  7.023635290897  9.627564871394  0.136103841710  0.548040571892  -0.269204746271
  44  C  -3.056144120261  7.052194692654  9.602620532864  2.862722019370  2.037146125242  -0.742545262709
  45  C  4.691557443587  6.209573723208  1.988069186065  -3.346981587278  -1.100325421936  -0.614896033488
  46  C  1.553276228558  0.856930793203  1.932584515668  0.163357190270  -0.318697934698  1.096973575937
  47  C  7.763245267088  0.836374383031  1.925525052502  -3.768856194562  -2.230873748336  0.258622744274
  48  C  -1.532652446438  4.429434738776  4.522278628082  3.345685188353  1.426516847743  -1.279162526446
  49  C  1.571338722697  4.424122037811  4.510469205348  -0.168972858072  -0.329915295637  -0.114431666313
  50  C  0.032914574938  7.115327494574  4.550386471742  0.270527458350  0.512251749153  -0.497397005668
  51  C  6.207383258346  3.463173650721  7.037660086631  -2.978758947378  -1.370074279726  -1.156422463774
  52  C  3.113875587224  3.481072927666  7.034622210180  -0.026429891169  0.103343097698  0.218886307826
  53  C  4.655095815180  0.783007735221  7.005098171699  -0.289056537707  -0.639544564600  0.607201366342
  54  C  -1.527362819692  4.355381420191  9.589224635771  3.477159063116  1.862047453578  -1.308367958019
  55  C  1.574640955288  4.361411349613  9.603210114998  -0.086926412747  -0.424611433305  -0.278355110752
  56  C  0.028100569478  7.047784728896  9.624167745004  0.360511106994  0.355243811321  -0.437728869369
  57  C  6.220988795490  3.534042502423  1.948094078273  -3.633788090759  -1.464248044811  -0.315563122083
  58  C  3.105702470963  3.539144576948  1.956366402959  0.062629964445  0.452446358094  0.432622537404
  59  C  4.639734808455  0.855325345496  1.924270199470  0.013933318750  -0.575909533781  1.140349844172
  60  C  3.091946374779  1.723536980985  4.478744200438  0.274931290242  -0.384217993125  -0.264134380215
  61  C  6.209227306108  1.714983715710  4.475067533898  -0.455875394317  -0.371995568520  0.063637231058
  62  C  4.653624185149  4.394247093096  4.522362117953  -0.227455432076  -0.115553354908  -0.152013684295
  63  C  1.572773150550  6.174707224297  7.066317226417  0.267364594262  0.128643373722  0.108598813495
  64  C  -1.529557052920  6.174541555036  7.084230713621  0.714353586770  0.424077690259  -0.377610440321
  65  C  0.009349238258  3.489403279567  7.043462002129  0.551215912294  0.148027086472  0.103384900930
  66  C  3.115970088064  1.652928977447  9.550505010057  -0.223088296533  -0.216722279499  -0.088820839586
  67  C  6.218416891794  1.649474012123  9.563139564437  -0.726235279117  -0.454501320888  -0.194050011362
  68  C  4.666623806247  4.330376781275  9.593505209848  -0.363133757242  0.026968035889  -0.304634395515
  69  C  1.573453507209  6.243526842377  1.991897078481  0.266264503027  0.201575025748  0.581005708901
  70  C  -1.523931259552  6.235622977388  1.994798895746  0.645650925125  0.763051075066  0.511405927610
  71  C  0.000326763124  3.553771566765  1.958739518240  0.742759806640  0.565408241818  0.771930206140


MDSTEP:  4
LATTICE_CONSTANT: 1.889726125458
LATTICE_VECTORS
  9.044453962152  0.000000000000  0.000000000000
  -4.458270490500  8.159235022945  0.000000000000
  0.006142150596  -0.252737475258  10.112945065888
VIRIAL (KBAR)
  171.379220056376  32.878732707731  2.673194394156
  32.878732707731  -23.480550664530  37.565725408079
  2.673194394156  37.565725408079  48.268170416187
INDEX    LABEL    POSITIONS    FORCE (eV/Angstrom)
  0  Si  0.017376589455  1.761069355794  2.564725885007  3.000227086566  1.332858710771  0.805501897780
  1  Si  3.136447677579  7.099875114852  2.628619356905  -0.014731585799  0.813469728012  -0.076419784674
  2  Si  -3.062752125796  7.142151952149  2.625430999330  3.585492869411  2.232028376652  0.724012863962
  3  Si  4.670083776006  6.185018733036  5.157200429061  -3.224889211385  -1.314083029325  0.772528864723
  4  Si  1.549691328263  0.830326267320  5.092945071654  0.254921470585  -0.717141339999  0.570393369601
  5  Si  7.763549559716  0.814222195017  5.086937095230  -3.947373236019  -2.674849834856  1.367906076020
  6  Si  0.021354748228  1.683225949011  7.648315917015  2.919332092989  1.671296368824  1.083945276884
  7  Si  3.136022454791  7.066524909910  7.716395724654  -0.301136807189  0.164613271852  -0.567172491384
  8  Si  -3.051054512286  7.066255392896  7.723625472712  3.011857605918  2.380998406081  -0.005051393282
  9  Si  4.663832705647  6.365675854790  0.126310127738  -2.676454721660  -1.303643714346  -0.052098449173
  10  Si  1.556586648609  1.013695871983  0.067574781569  -0.014573212403  -0.713100289307  -0.429476438346
  11  Si  7.745539239408  0.975240449066  0.069214726341  -3.409867344459  -2.138709022577  0.349295865212
  12  Si  -1.534867972031  4.445520546563  2.606756554120  3.166114536870  1.605925397553  1.199433366597
  13  Si  1.561614325923  4.438993642477  2.593817647092  -0.012416013660  -0.069053130211  0.340999915866
  14  Si  0.035622098355  7.124611593310  2.622671363732  0.170297753551  0.878887515497  0.025451386154
  15  Si  6.212992449568  3.489672456699  5.132626033722  -3.320368376839  -1.395812845924  0.798243635616
  16  Si  3.105353889663  3.498904243838  5.129198692449  -0.064327852220  0.195262537251  -0.029227132394
  17  Si  4.658641142361  0.820594874268  5.109416717106  -0.655088478022  -0.693359393668  -0.034595234622
  18  Si  -1.534193463263  4.389504004976  7.675609566670  3.259972641864  1.155297431929  0.972561835753
  19  Si  1.564068686708  4.368626799285  7.695858686683  0.195502942843  0.042677124452  -0.391597119802
  20  Si  0.027550143738  7.069945120824  7.705576772681  0.603693804746  0.517507143546  -0.363338180703
  21  Si  6.210570862769  3.692150084860  0.089171769435  -3.352877278464  -2.247545303374  0.371642345625
  22  Si  3.115516740033  3.687965867662  0.085638735513  -0.183403354579  -0.155914382411  -0.491646098011
  23  Si  4.646828664075  0.993302412372  0.060010809975  -0.313580856328  -0.702028089557  -0.439590959407
  24  Si  3.106954774160  1.737921344863  2.548856262109  -0.057640743867  -0.050791403674  0.436264995225
  25  Si  6.195601035008  1.729813657414  2.559792907813  -0.254677464630  -0.362192422800  0.044785518345
  26  Si  4.655147379485  4.412100175289  2.603041608406  -0.268839059739  -0.175929011897  0.180523229236
  27  Si  1.579475679009  6.195885399723  5.158627153417  -0.207728674590  0.474852608035  0.152188092190
  28  Si  -1.523887150361  6.204382040493  5.152161791327  0.609780047081  0.800348235857  0.445332556917
  29  Si  0.024994354741  3.502920128198  5.128953225224  0.436454877732  0.743958588482  0.294638728692
  30  Si  3.107692399589  1.676008427953  7.644178675347  -0.084751354679  -0.174205514643  -0.243515293822
  31  Si  6.211514077675  1.673098546957  7.632312268604  -0.616714177313  -0.668621897833  0.500648063221
  32  Si  4.672948472433  4.367510571490  7.661781028716  -0.923252075765  -0.332173948623  0.408046210970
  33  Si  1.570811323630  6.378256085545  0.139915851975  -0.137903509418  0.336338335888  -0.897657799319
  34  Si  -1.530014942325  6.387026928793  0.122267374666  0.744452542854  0.258276653566  -0.431702775723
  35  Si  0.018191573699  3.707588788563  0.098993606878  0.412308182151  -0.084563624258  -0.496677987233
  36  C  0.013294608116  1.737875127206  4.460089237126  3.215115104158  1.472877660490  -0.995493297847
  37  C  3.122451592880  7.086143999110  4.541553683922  0.123351215546  0.805978864943  -0.294777618724
  38  C  -3.072932863261  7.108800341581  4.529653703773  3.601380776952  2.591408905326  -1.255304509462
  39  C  4.681430605595  6.168896976783  7.048191572687  -3.002652490582  -1.424353774885  -0.636040544763
  40  C  1.536468746159  0.805746655621  7.010860088085  0.736297174275  -0.852751179191  0.485254618717
  41  C  7.766059579142  0.775035349226  7.001475924334  -3.825438920974  -2.323594005720  -0.640133838641
  42  C  0.006422039713  1.679699636964  9.560888950299  3.104646669764  0.961984019477  -1.091628053733
  43  C  3.121289434904  7.018663036227  9.626859734015  0.123280818553  0.650155746060  -0.316707582106
  44  C  -3.054999962371  7.053322556963  9.603316693149  2.839535586293  1.963269065312  -0.743525994971
  45  C  4.693128242666  6.209493731780  1.983795192134  -3.424335951874  -1.109679128001  -0.517293912571
  46  C  1.557256798133  0.858865364247  1.928023824068  0.113045711563  -0.328592187616  1.176511562619
  47  C  7.766089621513  0.834267020826  1.924266693369  -3.745850357633  -2.145194249531  0.259866179591
  48  C  -1.531764479859  4.436050195793  4.526542825728  3.262383382569  1.234505035600  -1.316100759592
  49  C  1.566166318717  4.428946235979  4.515145431184  -0.059352782659  -0.463786365739  -0.267348818655
  50  C  0.029219056805  7.121088557220  4.555428803779  0.335689527416  0.409106117438  -0.596598812650
  51  C  6.199781230709  3.466147084790  7.042677210529  -2.775842365973  -1.433241091334  -1.235197633914
  52  C  3.113966054306  3.474868641752  7.030840474866  -0.022372496179  0.227347099793  0.253506515199
  53  C  4.652162067822  0.784112772982  7.002563176441  -0.232489710725  -0.600416685621  0.717865341939
  54  C  -1.521412718067  4.350993214031  9.590989562739  3.311889822023  1.921191899466  -1.374989303532
  55  C  1.572673349707  4.365793010994  9.600259063580  -0.024226629112  -0.538974699526  -0.158016539115
  56  C  0.029059653760  7.050294893874  9.629626554332  0.335509847475  0.303872467508  -0.512446959336
  57  C  6.219644634580  3.534615657180  1.946988435978  -3.548180823908  -1.445078609731  -0.264895242892
  58  C  3.099514253861  3.545805082847  1.954984005821  0.162772806982  0.272133151229  0.499698155656
  59  C  4.645146534733  0.849775795264  1.922198243047  -0.147752457819  -0.461586858086  1.182270074135
  60  C  3.095988608877  1.720575886556  4.474546275089  0.141395855639  -0.243860076284  -0.168940073832
  61  C  6.211777069110  1.713170574470  4.468859631340  -0.562619613891  -0.307912144194  0.205146136294
  62  C  4.655956222776  4.399098955596  4.516040982650  -0.255823034324  -0.251843901065  -0.013815021790
  63  C  1.577892415867  6.170706402308  7.068171535098  0.128485452566  0.223889902410  0.084845982845
  64  C  -1.533448786054  6.180282235112  7.086157747604  0.866340063301  0.303574887224  -0.382873022855
  65  C  0.014489707443  3.486677125788  7.044150874685  0.396181122634  0.208360705104  0.058405336792
  66  C  3.111413802844  1.656926604268  9.546916973910  -0.146876703380  -0.323149353617  0.015138854575
  67  C  6.212919561634  1.648508213756  9.567563696349  -0.610257701612  -0.483201508577  -0.328315308750
  68  C  4.666913313526  4.329906525991  9.597790257492  -0.343833823811  0.019684034755  -0.424326136172
  69  C  1.578865992150  6.242250080302  1.998153952917  0.112626222555  0.253280443547  0.410544614730
  70  C  -1.527549321984  6.232271329523  1.992000107469  0.716337899643  0.814616404298  0.552599834535
  71  C  -0.000851731863  3.559524425433  1.960983000000  0.773827738418  0.469101173773  0.738538821580


MDSTEP:  5
LATTICE_CONSTANT: 1.889726125458
LATTICE_VECTORS
  9.044453962152  0.000000000000  0.000000000000
  -4.458270490500  8.159235022945  0.000000000000
  0.006142150596  -0.252737475258  10.112945065888
VIRIAL (KBAR)
  170.944401057505  32.439131799881  2.747660191061
  32.439131799881  -24.768952319905  37.210201487396
  2.747660191061  37.210201487396  49.145859908256
INDEX    LABEL    POSITIONS    FORCE (eV/Angstrom)
  0  Si  0.017150018685  1.762620001669  2.565167159552  2.963027824995  1.299466486161  0.706080873342
  1  Si  3.135295845698  7.100171945610  2.630429542352  -0.070440219766  0.772123908509  -0.105178549481
  2  Si  -3.066080920382  7.144338641019  2.626810123843  3.609346183988  2.128349846342  0.689912439891
  3  Si  4.670808538225  6.184757637286  5.161206563513  -3.339209858370  -1.289523781488  0.616193412304
  4  Si  1.547332240846  0.831738729027  5.095260224641  0.262991145890  -0.694285874226  0.524997788066
  5  Si  7.761856545148  0.816030427879  5.084347642708  -3.904762572956  -2.623611097119  1.310678685638
  6  Si  0.020703547849  1.682229618673  7.649993136154  2.959715023030  1.737515673843  1.021740449861
  7  Si  3.132910193616  7.064154787902  7.711702530841  -0.331810332779  0.274770981340  -0.520996546652
  8  Si  -3.053443870773  7.066294331168  7.720901298109  3.081058334842  2.360945495366  0.035758991821
  9  Si  4.661827781278  6.367856725307  0.122788200676  -2.653394357428  -1.375437155100  -0.030153462444
  10  Si  1.551975302169  1.010091461283  0.069746823451  0.088330764082  -0.599354312239  -0.540692776325
  11  Si  7.744656865731  0.974730373713  0.066940808560  -3.509564258173  -2.217416595197  0.502499798717
  12  Si  -1.536385616071  4.446467219478  2.610925450592  3.276940670359  1.545401243904  1.088144707646
  13  Si  1.564865968485  4.436466674979  2.593151114767  -0.117846012750  -0.144795442554  0.276938839413
  14  Si  0.037946375791  7.124694493448  2.618824389012  0.151294544623  0.817182876816  0.071752749843
  15  Si  6.211505843888  3.493367854672  5.136502590091  -3.221420250769  -1.442130757288  0.660618991379
  16  Si  3.106657365103  3.496761252262  5.126489603646  -0.208515516753  0.284444630563  -0.012662947781
  17  Si  4.656315626092  0.819868662819  5.109009979874  -0.709386926867  -0.733079605696  -0.058226703369
  18  Si  -1.534941444033  4.390719690802  7.679500658485  3.250316649972  1.128182517568  0.945192642595
  19  Si  1.564276346755  4.373105681988  7.697178988954  0.170133909789  -0.001903723728  -0.459543364274
  20  Si  0.029124878068  7.074711660440  7.708278226398  0.543328367788  0.490366777340  -0.370662014900
  21  Si  6.208375045044  3.691524904985  0.087619525771  -3.162920324725  -2.228354497349  0.385739389169
  22  Si  3.116746739198  3.690184778047  0.088915743315  -0.195454925577  -0.230438637409  -0.569816038873
  23  Si  4.647039905320  0.993858744726  0.056071586480  -0.305119650937  -0.735165217276  -0.317525342509
  24  Si  3.111201131231  1.736236309694  2.549729767478  -0.149771677329  -0.081372366829  0.379786989537
  25  Si  6.191193111963  1.732406609288  2.559975976928  -0.141781484072  -0.367376263216  0.043774057552
  26  Si  4.659067783422  4.411351822332  2.605792106563  -0.356561988393  -0.194929465966  0.044347953494
  27  Si  1.575987159141  6.197991028807  5.156149037176  -0.181406992994  0.341889421419  0.215521524827
  28  Si  -1.522758799266  6.200000687038  5.155334040826  0.632070479621  0.968638766755  0.356453204596
  29  Si  0.024889261088  3.503390767989  5.131807055155  0.401976883339  0.757686428614  0.202758382493
  30  Si  3.104132211137  1.672800101736  7.646705505172  0.063720518346  0.016516802149  -0.235005687991
  31  Si  6.215328282614  1.673407289650  7.630510841670  -0.710013288824  -0.659467499238  0.540432739506
  32  Si  4.670246576531  4.364497036633  7.657489392804  -1.005600223312  -0.241978400633  0.544010544786
  33  Si  1.567094273341  6.380522057556  0.140704027415  -0.069236451742  0.141906815152  -1.001367253768
  34  Si  -1.532486194618  6.388801372102  0.126278911969  0.851650849186  0.183717996955  -0.381623511921
  35  Si  0.021060712051  3.709655890949  0.100969334001  0.326823315194  -0.214480358425  -0.582250413119
  36  C  0.013070295106  1.741165528786  4.454285551557  3.123027588427  1.392060490404  -0.823864102124
  37  C  3.116620539637  7.090907531826  4.546517406723  0.264189409382  0.701413998763  -0.371398769251
  38  C  -3.072605159776  7.109169025329  4.533959839959  3.574040538838  2.596783054854  -1.281482399360
  39  C  4.673835941450  6.172883951049  7.046089848215  -2.838895970053  -1.507701083344  -0.543399308770
  40  C  1.543320903197  0.812027462975  7.012078809058  0.515658388553  -0.971746712965  0.466245894799
  41  C  7.766004897075  0.779056886811  6.995379803128  -3.779318304477  -2.351300255131  -0.593142745023
  42  C  0.001682534312  1.675479767825  9.557230690661  3.229707035441  1.078668884960  -1.054827581797
  43  C  3.114612267765  7.015815392261  9.619878106565  0.258707214945  0.686653787020  -0.229632658519
  44  C  -3.050584172460  7.054593936811  9.605804062099  2.683343960966  1.906186620244  -0.828727322618
  45  C  4.691639044060  6.205233139681  1.982435441473  -3.369408941034  -0.978021805040  -0.479892161825
  46  C  1.554657122130  0.859659355583  1.922897778701  0.181309256038  -0.353542310448  1.347079142593
  47  C  7.762620236589  0.834905749362  1.929754553175  -3.694608052799  -2.155660852796  0.113370830804
  48  C  -1.531637748279  4.444072718673  4.521817516271  3.101487368256  0.912991271365  -1.117958116589
  49  C  1.561705037443  4.423187728369  4.509159590834  0.052229372944  -0.305642662849  -0.139417523883
  50  C  0.030718496758  7.115057765431  4.548910133918  0.248141326453  0.540860354433  -0.495116100347
  51  C  6.192375897242  3.468888812376  7.048767816554  -2.546331637693  -1.414536835909  -1.339306381223
  52  C  3.110424875780  3.478945010332  7.025900160683  0.002001121356  0.135139956632  0.328667075890
  53  C  4.652904923052  0.787982162503  7.001860135485  -0.253642774787  -0.636154449087  0.736578005646
  54  C  -1.517315681274  4.351788831118  9.595533756743  3.176099291083  1.887671049124  -1.411676513009
  55  C  1.569940939168  4.358639784603  9.595177512888  0.079097369676  -0.347868471834  -0.026954774219
  56  C  0.032906186777  7.048362415608  9.632552408164  0.184533203244  0.369233441343  -0.547076633408
  57  C  6.221534393653  3.538052087152  1.945240959612  -3.609229415073  -1.532675852157  -0.228832426687
  58  C  3.102429987534  3.540892827393  1.953647399611  0.174995134791  0.352854284460  0.567801389451
  59  C  4.651378914398  0.847094703595  1.923258176529  -0.287283956833  -0.444515197008  1.096140497950
  60  C  3.089448017208  1.726533643732  4.475395510962  0.261297504634  -0.437181431508  -0.204800124488
  61  C  6.205865688218  1.706667230106  4.466668264924  -0.486771105969  -0.076303483952  0.282755053059
  62  C  4.650139974006  4.396351613962  4.510333292866  -0.117073289584  -0.155212888903  0.148395652744
  63  C  1.574475096334  6.176505006319  7.074128978334  0.143563385910  0.140097207603  -0.096667322619
  64  C  -1.530318919785  6.180347252673  7.083757608933  0.771978426268  0.329145869529  -0.287233467553
  65  C  0.015656455388  3.491186877215  7.042619123371  0.328125315548  0.128625979889  0.116679868862
  66  C  3.114423862826  1.657352235990  9.550408054280  -0.272634661264  -0.352268132892  -0.030863852423
  67  C  6.211660721258  1.646311144085  9.568141980504  -0.568057148801  -0.442033196840  -0.380841930273
  68  C  4.671567978587  4.323664235827  9.600394722655  -0.474912918889  0.204695497657  -0.540012499181
  69  C  1.574915148272  6.235312340925  1.991884611140  0.245992210254  0.352746454487  0.545114894749
  70  C  -1.523670823381  6.226364508701  1.999232700706  0.582527729430  1.016781821882  0.421586581726
  71  C  -0.003176273804  3.555114794503  1.954874793901  0.827607874290  0.555749980194  0.905079283847


MDSTEP:  6
LATTICE_CONSTANT: 1.889726125458
LATTICE_VECTORS
  9.044453962152  0.000000000000  0.000000000000
  -4.458270490500  8.159235022945  0.000000000000
  0.006142150596  -0.252737475258  10.112945065888
VIRIAL (KBAR)
  169.025575598603  31.059384608373  3.331003501236
  31.059384608373  -25.092204590882  37.574642285374
  3.331003501236  37.574642285374  48.707765573219
INDEX    LABEL    POSITIONS    FORCE (eV/Angstrom)
  0  Si  0.019569174465  1.760772197444  2.563950127197  2.821297757540  1.239177022585  0.732330642639
  1  Si  3.137788105743  7.100836569451  2.627762100435  -0.092873100171  0.786442446894  -0.162692572723
  2  Si  -3.063299958006  7.141987455857  2.629533238834  3.555915428053  2.041118011636  0.629052659189
  3  Si  4.664437418510  6.187094811806  5.161806859516  -3.132615674846  -1.254015000532  0.612676365225
  4  Si  1.546300726147  0.831302120827  5.091079070746  0.267871017380  -0.735550934188  0.591083063209
  5  Si  7.756669431456  0.819620636008  5.084371485964  -3.770978139959  -2.564105218292  1.261776263905
  6  Si  0.023732574305  1.685647437810  7.650625681562  2.833299691898  1.711686658674  0.881229803261
  7  Si  3.131697620695  7.069385941986  7.711872505095  -0.340449994741  0.167882435687  -0.523208911609
  8  Si  -3.053023355689  7.069390850363  7.721750660007  2.969460493405  2.161280060191  -0.080990109918
  9  Si  4.659955120262  6.362285565551  0.125390302010  -2.482962714975  -1.077628693423  -0.243819056025
  10  Si  1.551430926560  1.011435265749  0.064632170599  0.015041929363  -0.597888632738  -0.326980921489
  11  Si  7.746663966028  0.972787629478  0.067831031866  -3.496340229837  -2.183346073865  0.398885439361
  12  Si  -1.539925466086  4.442111034969  2.614181624084  3.377658638820  1.543484184633  1.045543138892
  13  Si  1.567893073658  4.431553012138  2.593661660172  -0.166376386042  0.011929411677  0.201224425379
  14  Si  0.036207420490  7.124236578453  2.613819227699  0.262695916309  0.845587493054  0.193583001180
  15  Si  6.209493813608  3.493535242887  5.141438402125  -2.936021913836  -1.371447537232  0.460414299639
  16  Si  3.110501100596  3.494286897765  5.128767884472  -0.255080002403  0.361246522609  0.015867242672
  17  Si  4.655021690435  0.821193287677  5.111162237243  -0.739147633283  -0.758350056277  -0.127698942961
  18  Si  -1.529278945747  4.386798645673  7.679035933240  3.144976638794  1.183380891013  0.956575834699
  19  Si  1.564470606260  4.373082431594  7.696380165825  0.237575921517  0.038691719211  -0.460580044738
  20  Si  0.026812680569  7.079529934241  7.703812521798  0.712073997585  0.419539135823  -0.303678835103
  21  Si  6.205107804026  3.693374843616  0.087479851392  -3.171061948692  -2.386591087244  0.483066838555
  22  Si  3.120463681091  3.693302588600  0.088807815013  -0.263557991774  -0.263247314784  -0.624580081164
  23  Si  4.648354389132  0.994623621273  0.056433540606  -0.343221403593  -0.752959954692  -0.255689135153
  24  Si  3.107737260827  1.740681990272  2.554839752828  -0.081906590771  -0.268227013377  0.291864201309
  25  Si  6.187949302207  1.730601586432  2.560386226830  0.007564496568  -0.362432608625  0.026630655623
  26  Si  4.655211917180  4.408274286113  2.608877606365  -0.257247994694  -0.125404155154  -0.028401477656
  27  Si  1.579721225478  6.199294814949  5.155622688125  -0.307367818263  0.319621967424  0.187679307455
  28  Si  -1.521820131386  6.200818524675  5.155794606733  0.766595905347  0.862519033875  0.396298440232
  29  Si  0.030206564762  3.499024816579  5.126945095839  0.395726994510  0.923283919162  0.250757125945
  30  Si  3.103445232082  1.670927794467  7.651590090255  0.054208601423  0.049825015191  -0.327085465404
  31  Si  6.215284252160  1.674369248847  7.633030182815  -0.740113047093  -0.699476874521  0.512710599716
  32  Si  4.675075931314  4.364139385554  7.657959812792  -1.143342322823  -0.293558266152  0.532040362241
  33  Si  1.567086016360  6.376468468610  0.136413850217  -0.023193015370  0.235170315252  -0.981610188040
  34  Si  -1.536954171607  6.386596857932  0.121428154458  1.027770782682  0.282155591600  -0.220717483473
  35  Si  0.016144815149  3.709366603120  0.099617967334  0.419489796016  -0.140120946455  -0.432338265169
  36  C  0.016518187795  1.744268841255  4.455283194117  2.923435370033  1.169060234662  -0.823384474318
  37  C  3.114443174944  7.091237657581  4.541668986282  0.358345664746  0.762972570803  -0.318986031524
  38  C  -3.065018179680  7.104101424375  4.537145674167  3.293093125782  2.586992879337  -1.268248415828
  39  C  4.668764776817  6.164415325653  7.050817995500  -2.609117781428  -1.222016869338  -0.591978456857
  40  C  1.541426937770  0.810929010620  7.006722713053  0.545852923613  -0.966220848610  0.568167936892
  41  C  7.760229822787  0.785179492520  6.999013703054  -3.585371050427  -2.358427310198  -0.671528068911
  42  C  -0.002917215738  1.684247133963  9.552050336303  3.250992256060  0.884609967622  -0.957161282949
  43  C  3.116083043426  7.016267996364  9.617111178159  0.261879717710  0.653543742939  -0.188602738304
  44  C  -3.045176305476  7.056770232043  9.607111949233  2.386629616039  1.816528215069  -0.812254994263
  45  C  4.692991274730  6.205427336409  1.975670262484  -3.317327535144  -1.037596381451  -0.241124834645
  46  C  1.549077515799  0.853270743403  1.927608878718  0.361863738113  -0.261522432640  1.196159185124
  47  C  7.763610135409  0.832703491520  1.925217681439  -3.668581579694  -2.070546097452  0.252730389789
  48  C  -1.521714969444  4.441027859213  4.517161492415  2.784125697471  0.818474809234  -0.865803229951
  49  C  1.565369983830  4.424396872199  4.506055757335  0.098577577492  -0.343672451205  -0.085463431761
  50  C  0.031681885162  7.122662313230  4.553226323543  0.246817844065  0.405007226859  -0.585843661251
  51  C  6.193387429574  3.464159855710  7.052393684985  -2.470971380832  -1.274720647024  -1.368457851205
  52  C  3.109570279030  3.476290322391  7.030743188495  0.073484285207  0.153358717641  0.269210740848
  53  C  4.655535561562  0.793994441781  6.998908251735  -0.334090574258  -0.690202334456  0.832897200656
  54  C  -1.522535967905  4.355057235552  9.599524805199  3.276137227028  1.803784708561  -1.521872659584
  55  C  1.572230017405  4.356147665919  9.593237167932  -0.005412010367  -0.341225476867  0.013556771073
  56  C  0.036923883787  7.048744696251  9.632113235916  0.068739544131  0.357114507193  -0.564850139090
  57  C  6.218109915074  3.532840755293  1.952610435182  -3.619508829163  -1.462321587878  -0.440765780658
  58  C  3.105441060573  3.536603887478  1.949854945455  0.106478899932  0.441757504291  0.640921689111
  59  C  4.658284274844  0.853811820498  1.929368409379  -0.565350466341  -0.556398077465  0.918683084552
  60  C  3.085778619349  1.725997107077  4.479607159820  0.325183460076  -0.396271122545  -0.266348592641
  61  C  6.198285681894  1.701454009240  4.459655322210  -0.360263453972  0.076013381550  0.460524948125
  62  C  4.655582291263  4.398242399786  4.508472770851  -0.247443555059  -0.180700613105  0.247326184792
  63  C  1.576682192609  6.173443809084  7.070571302794  0.108908584228  0.265165999560  -0.030692779753
  64  C  -1.523126995898  6.177689848450  7.089822474010  0.559365281398  0.377766150481  -0.398918120686
  65  C  0.019593287944  3.498617532083  7.038772182171  0.303756212615  -0.050977849607  0.139697554928
  66  C  3.107935809000  1.660242445723  9.554551862276  -0.105449178943  -0.400365704936  -0.079823128910
  67  C  6.212959250281  1.640580487470  9.560000927023  -0.611870582145  -0.277677756121  -0.189507998400
  68  C  4.672471029942  4.329347198764  9.595577015377  -0.473718233945  0.049465703554  -0.449733212476
  69  C  1.580172334297  6.240226772595  1.986989194487  0.154118811896  0.175914828072  0.622273758799
  70  C  -1.520937200263  6.219909465339  2.002076306726  0.515160193090  1.091319158901  0.289755860472
  71  C  -0.003893209157  3.549124020828  1.960978466928  0.846164096949  0.652341785930  0.708226359106


MDSTEP:  7
LATTICE_CONSTANT: 1.889726125458
LATTICE_VECTORS
  9.044453962152  0.000000000000  0.000000000000
  -4.458270490500  8.159235022945  0.000000000000
  0.006142150596  -0.252737475258  10.112945065888
VIRIAL (KBAR)
  167.356914222757  31.645989114582  4.538765978870
  31.645989114582  -24.672775785539  37.903436596819
  4.538765978870  37.903436596819  48.527290658279
INDEX    LABEL    POSITIONS    FORCE (eV/Angstrom)
  0  Si  0.020112166273  1.766272996720  2.563751752845  2.712262184034  0.993289711150  0.784993762283
  1  Si  3.141636304324  7.101955302244  2.630711853391  -0.278073943089  0.743621701553  -0.259925830921
  2  Si  -3.066394757733  7.142502788118  2.624956200103  3.543563498017  2.098073947497  0.677349094012
  3  Si  4.657813563959  6.183378408652  5.156728089742  -2.594237620218  -0.861761971626  0.675674587246
  4  Si  1.543754256789  0.829013985482  5.093970788703  0.463368673207  -0.683767736066  0.527118704960
  5  Si  7.749988673413  0.823671623057  5.089380386983  -3.532232343894  -2.644185872693  1.140039812272
  6  Si  0.019454992490  1.686365673649  7.653718941147  2.965820756828  1.664362210086  0.754813810514
  7  Si  3.128923046784  7.067461891916  7.712066036020  -0.138186432997  0.160164476114  -0.519246345643
  8  Si  -3.052743942085  7.075482912461  7.722631761548  3.032226690931  2.086225031580  -0.171260788053
  9  Si  4.654429229984  6.360563428592  0.127345792859  -2.283289451015  -1.047573331473  -0.330247817851
  10  Si  1.556311104808  1.015168638525  0.065917221148  -0.193350010580  -0.712542390579  -0.307985045707
  11  Si  7.744170900322  0.974139473895  0.064497050787  -3.452489966653  -2.323073548227  0.543472221660
  12  Si  -1.542768296403  4.446143750653  2.616600865905  3.595215165166  1.475315978023  1.072622075244
  13  Si  1.564756505411  4.435228867033  2.598222202545  -0.162642465887  0.030557953555  0.071712878704
  14  Si  0.033645959461  7.119843384918  2.610624752378  0.306276341547  0.913304554445  0.325128616696
  15  Si  6.202805141130  3.488712097881  5.137550520682  -2.788311989088  -1.204774743728  0.672079183873
  16  Si  3.115025833286  3.490525014560  5.130574424336  -0.406495618469  0.510118067946  -0.110219012425
  17  Si  4.656453684838  0.820106110548  5.116654683381  -0.741158776502  -0.707983409177  -0.282363731562
  18  Si  -1.531856246824  4.391354762139  7.684533485584  3.341315294615  1.334542729464  0.877079995344
  19  Si  1.567520354753  4.378289371665  7.694321983908  0.128991260518  -0.073431778198  -0.406340477991
  20  Si  0.026347742132  7.084025770363  7.700030064972  0.730486977821  0.351716920368  -0.246452968533
  21  Si  6.198989255131  3.689897780121  0.091786559548  -2.995436102624  -2.212008719173  0.358732040297
  22  Si  3.117589933816  3.692268732010  0.090519496339  -0.189367211020  -0.162095197938  -0.579085633817
  23  Si  4.653230275709  0.996059068817  0.056226756315  -0.504065491892  -0.828311431405  -0.221042738470
  24  Si  3.111477379994  1.745349210666  2.555854339853  -0.093706591853  -0.327575397361  0.364173603666
  25  Si  6.182742225018  1.735273386246  2.562674659307  0.176445811341  -0.462595007153  0.040446397549
  26  Si  4.651584762538  4.411922927461  2.612978097910  -0.211039787031  -0.155511695800  -0.020226984245
  27  Si  1.583594894690  6.199065316685  5.153253811921  -0.446646911810  0.362628683294  0.293490195285
  28  Si  -1.517758141779  6.202834741676  5.151930016586  0.683680844694  0.798400592439  0.397813050443
  29  Si  0.033593113029  3.498313085454  5.122507199342  0.253908812049  0.918926428081  0.410043165385
  30  Si  3.099097548065  1.674923373077  7.657022335780  0.204267980154  -0.093754844066  -0.559982185598
  31  Si  6.212702505986  1.678795221274  7.630376827663  -0.609459861741  -0.814876307612  0.430219308291
  32  Si  4.670779455023  4.360204653890  7.660086633300  -1.041931847364  -0.169229250638  0.392275096389
  33  Si  1.570817572071  6.371992225886  0.133997831428  -0.118024934272  0.407927761725  -0.953344399659
  34  Si  -1.538697456810  6.391621968489  0.118315953658  0.963257510054  0.109353869734  -0.105625797189
  35  Si  0.020823828219  3.714753919447  0.095512423666  0.291948982047  -0.292794769418  -0.328372012065
  36  C  0.020544422340  1.739366212508  4.462958125398  2.794921678877  1.220121277592  -0.964001531408
  37  C  3.113951975147  7.083351643392  4.540488231299  0.357369564623  0.952127072547  -0.332170195311
  38  C  -3.058130785517  7.112231328011  4.529090311126  2.852235379144  2.237333620746  -1.021791653711
  39  C  4.673535218656  6.165714016213  7.050474546949  -2.721751602319  -1.292811160095  -0.637915045930
  40  C  1.550555919240  0.814498513312  7.004652818199  0.276010360007  -0.967567641878  0.685986460281
  41  C  7.765776631113  0.775329545768  6.994341316277  -3.725005025228  -2.185380446010  -0.502853201583
  42  C  -0.004947435037  1.679775088361  9.550027983252  3.342730310700  1.045236320186  -0.894016610130
  43  C  3.123366389347  7.008586563494  9.617479893694  0.036815730111  0.821168273563  -0.219083868078
  44  C  -3.048106925150  7.055559412699  9.605773528945  2.377230907136  1.852702612236  -0.710542517368
  45  C  4.689577609497  6.200116248271  1.974360183241  -3.240118269737  -0.909650213846  -0.190444071861
  46  C  1.551310567001  0.859002928748  1.930353667086  0.362362947344  -0.308474524382  1.105901402535
  47  C  7.762199832023  0.827461383067  1.927447721024  -3.563623819669  -1.864721020183  0.249204121860
  48  C  -1.527608306803  4.433606520507  4.515802728625  2.911710440311  0.987363327252  -0.833582586248
  49  C  1.559024786327  4.431650367645  4.498862161778  0.278387743568  -0.504237408179  0.123890899655
  50  C  0.034329892485  7.130465692154  4.558718474105  0.284176006014  0.249398360449  -0.736845858820
  51  C  6.200067938618  3.470298829981  7.058043781318  -2.787341389904  -1.474801445293  -1.570330474385
  52  C  3.105419794552  3.470192687761  7.023784146558  0.160512864386  0.301410044159  0.430694845458
  53  C  4.658546241074  0.785550114122  6.992937624121  -0.406617532855  -0.438298402398  1.097462618878
  54  C  -1.524846974461  4.352510559444  9.597734553926  3.196049816078  1.821602488886  -1.335911836667
  55  C  1.575339018487  4.359871085979  9.596944789361  -0.012434019334  -0.444962393004  -0.142362497010
  56  C  0.030234039256  7.046229431146  9.632556456831  0.264825181518  0.445930705827  -0.605919533485
  57  C  6.218983208483  3.539142649231  1.958316540700  -3.815416605625  -1.643722994323  -0.589422936345
  58  C  3.102592456606  3.545047526334  1.957093183161  0.186724114881  0.301434765518  0.498088142780
  59  C  4.662974757936  0.846287217798  1.935617314707  -0.687608854878  -0.381143709051  0.733817079174
  60  C  3.092801562985  1.729792902480  4.483640123872  0.207943261379  -0.482691556552  -0.331022386320
  61  C  6.201978733845  1.705552622647  4.462693125699  -0.528583953327  -0.014894913041  0.425574231692
  62  C  4.657373330679  4.406667308211  4.513860511591  -0.343543013724  -0.401368437761  0.128170747230
  63  C  1.580326221629  6.176763912175  7.076587856039  0.046368389621  0.211079641105  -0.189716839363
  64  C  -1.517018781560  6.184899682510  7.082805529221  0.418770997352  0.280929087553  -0.272363205669
  65  C  0.016186419679  3.499854271293  7.044927470546  0.388873807751  -0.006143335311  0.022892095144
  66  C  3.099154923986  1.663195485796  9.548986640021  0.160159400590  -0.406986534708  0.117627189229
  67  C  6.213410552628  1.638670925028  9.553082151555  -0.667564915020  -0.237161305440  -0.067240076919
  68  C  4.670351456802  4.333508324037  9.587795940646  -0.514006192678  -0.135826527552  -0.242260080121
  69  C  1.576538457653  6.240892078458  1.981733657064  0.240203315941  0.167761367721  0.736935059637
  70  C  -1.527512159495  6.219329813401  2.009409808361  0.608180899897  1.135175571853  0.046034231067
  71  C  0.002786683545  3.543432159149  1.963943650080  0.648162652047  0.889386217089  0.579962051730


MDSTEP:  8
LATTICE_CONSTANT: 1.889726125458
LATTICE_VECTORS
  9.044453962152  0.000000000000  0.000000000000
  -4.458270490500  8.159235022945  0.000000000000
  0.006142150596  -0.252737475258  10.112945065888
VIRIAL (KBAR)
  164.162869366432  30.668808327386  4.772745768995
  30.668808327386  -25.016295262455  36.704266443393
  4.772745768995  36.704266443393  49.781520316236
INDEX    LABEL    POSITIONS    FORCE (eV/Angstrom)
  0  Si  0.020991884326  1.769791715604  2.565586476770  2.578320202280  0.922888258559  0.620694038180
  1  Si  3.138988789234  7.101739676409  2.628222788601  -0.289633324374  0.777731265969  -0.246259545516
  2  Si  -3.069629690058  7.140583133480  2.621497542139  3.594387638666  2.166153484592  0.699646867104
  3  Si  4.653909272907  6.184024106535  5.160318852310  -2.346558012682  -0.737149232325  0.379701862002
  4  Si  1.539001375934  0.829753095733  5.093663605563  0.525627252669  -0.536558877516  0.357827842845
  5  Si  7.746143472433  0.818249620605  5.094248125884  -3.333388493274  -2.357724078518  0.806949727441
  6  Si  0.019232156962  1.687351255088  7.655203198011  2.669315831692  1.546710991667  0.612270953694
  7  Si  3.128564174661  7.071437758133  7.707330282530  -0.187400105114  0.019071397611  -0.445875443790
  8  Si  -3.049912208706  7.081354071573  7.723141873282  2.713584432927  1.871353973355  -0.233742780770
  9  Si  4.654279999798  6.363428768959  0.129578705825  -2.237114426531  -1.139191552155  -0.481383638931
  10  Si  1.552414907088  1.011946007973  0.065184261676  0.085172731658  -0.648251751012  -0.266015609255
  11  Si  7.746871073117  0.973962563891  0.069736509766  -3.572173140344  -2.328894490541  0.564528113426
  12  Si  -1.546197669438  4.448970450781  2.613230672985  3.653624247900  1.234528160575  1.170182673472
  13  Si  1.562495768941  4.440697174358  2.601600901537  0.021060185144  -0.182484900151  -0.142011682317
  14  Si  0.028753957499  7.114551889850  2.608913530763  0.455818929444  0.983179017509  0.387838766896
  15  Si  6.202512726149  3.486212227917  5.137595891033  -2.884840185293  -1.320508082626  0.680763374822
  16  Si  3.113876768471  3.493523553870  5.124613834955  -0.316135390510  0.379068540357  -0.088453444352
  17  Si  4.650263592375  0.816223778197  5.120706793974  -0.474013298439  -0.565131872496  -0.494544441092
  18  Si  -1.535050186632  4.396115151919  7.687987364433  3.437479153707  1.228333908481  0.793892652145
  19  Si  1.569942775387  4.377050245643  7.694409180806  0.166765675094  -0.108218736254  -0.489040162128
  20  Si  0.025172175999  7.085253927834  7.703345349896  0.727536929562  0.270560980726  -0.281298002110
  21  Si  6.202057503929  3.687980445265  0.089779932018  -3.029201500491  -2.233742808358  0.312001151723
  22  Si  3.120523952822  3.692542137637  0.084359545790  -0.302740395724  -0.257798170121  -0.585331977692
  23  Si  4.658468489351  1.000049734254  0.061798617319  -0.600058747430  -1.012713608618  -0.313666049965
  24  Si  3.114059635865  1.750665677914  2.549870994304  -0.065867682560  -0.476482858550  0.493094442426
  25  Si  6.177443374675  1.735057972178  2.560645122945  0.332721780091  -0.413522463423  0.211334838745
  26  Si  4.652118269634  4.416954594346  2.607600009339  -0.113507236234  -0.373043523000  0.098232471895
  27  Si  1.584275733339  6.204490517561  5.150495391115  -0.528134788603  0.213755791862  0.437880442762
  28  Si  -1.518690863916  6.197916813581  5.147358349209  0.621833301356  0.899401267510  0.533663487247
  29  Si  0.029514306622  3.501965667391  5.122876832524  0.354331000796  0.874505776129  0.360676896953
  30  Si  3.101379479416  1.670650530522  7.652015047812  0.200040679218  -0.010977454379  -0.578604874505
  31  Si  6.211953838857  1.684522959766  7.630703313074  -0.677828238835  -0.904062565189  0.329195035780
  32  Si  4.673903342056  4.363002280579  7.654578178392  -1.121135778088  -0.276405970446  0.461427016222
  33  Si  1.574448855208  6.374248519580  0.138453319863  -0.137664819013  0.269650689300  -1.224321268304
  34  Si  -1.535197900084  6.390239138777  0.122340680704  0.935322720975  0.181543252708  -0.212499340468
  35  Si  0.024135300012  3.714024462522  0.093253138364  0.215990766346  -0.253937443104  -0.363180501039
  36  C  0.015169501131  1.749717135386  4.457271554051  2.717090162358  0.923769390547  -0.724317479261
  37  C  3.107811463481  7.085357276281  4.534008868271  0.501242183434  0.900221481309  -0.230678542128
  38  C  -3.057233603398  7.122889698021  4.523523082117  2.609921050111  1.907222527388  -0.865901038424
  39  C  4.672160811089  6.157760391998  7.040912516299  -2.512179907441  -0.893427848412  -0.293569202890
  40  C  1.542533703581  0.819593991461  6.999075504491  0.418744769502  -1.045505535414  0.789123940437
  41  C  7.756583440808  0.769216352157  6.987589856640  -3.342450160815  -1.902222093051  -0.203010784179
  42  C  0.001215917701  1.672175553491  9.556734912246  3.213616009044  1.218650399640  -1.064603531162
  43  C  3.127650540423  7.015827525452  9.618559150620  -0.000094882146  0.709159961215  -0.250618400037
  44  C  -3.044034551934  7.059068555516  9.613691749148  2.297554620365  1.748194246088  -0.851374400412
  45  C  4.685941644968  6.196910966007  1.972328829333  -3.188539538305  -0.788898737216  -0.149165429770
  46  C  1.556691984943  0.858066217783  1.929328722662  0.217249911328  -0.282084313252  1.099944948881
  47  C  7.750109549168  0.828252683375  1.936381112379  -3.200432072598  -1.785367580369  0.130468549249
  48  C  -1.531303689259  4.425889136763  4.523321667968  3.073782227913  1.269737515461  -1.134252633547
  49  C  1.557873364925  4.432952510451  4.490829402319  0.263761217119  -0.437512854109  0.286877960021
  50  C  0.033539276897  7.133535044164  4.565272755688  0.247628801431  0.097002272773  -0.906475498339
  51  C  6.200087323583  3.475187998133  7.050165112335  -2.686890764990  -1.559233883955  -1.386595129048
  52  C  3.110865443506  3.470581067672  7.018479479919  0.083030941412  0.267518582031  0.466407682800
  53  C  4.661555664277  0.780193112650  6.985344143524  -0.457932499340  -0.361163659730  1.317001909081
  54  C  -1.527093998224  4.360537423966  9.599612923644  3.244594922209  1.592956559615  -1.386973203095
  55  C  1.569597855372  4.355638303740  9.587901647687  0.186615554973  -0.331676836920  0.040183239756
  56  C  0.032242976571  7.038396894167  9.631857770111  0.288391845320  0.640292016420  -0.480676631956
  57  C  6.225206879113  3.529809625321  1.950514605441  -3.878043287541  -1.439980160731  -0.475291606533
  58  C  3.111358535410  3.540648425911  1.951060058432  -0.022473479711  0.497940556198  0.566318095942
  59  C  4.669821296153  0.849370489570  1.940886498057  -0.901866916524  -0.528035383696  0.581436533769
  60  C  3.101640967741  1.722369958992  4.481517177430  -0.044960757718  -0.277135007072  -0.320650841795
  61  C  6.207966931298  1.710169685390  4.457846101099  -0.760847147537  -0.179294349051  0.569882991113
  62  C  4.666298706819  4.406884876849  4.518326580421  -0.536579513580  -0.338295558096  -0.086350080275
  63  C  1.574508424635  6.171403782089  7.085199395140  0.174958597544  0.341737409441  -0.398434468806
  64  C  -1.521606760365  6.184186973673  7.088508490828  0.497453499531  0.379889926429  -0.407802134400
  65  C  0.023931686645  3.502585525131  7.037586527397  0.156638978530  -0.039697042064  0.224365905105
  66  C  3.107193426998  1.657995195778  9.542936786711  -0.002267643610  -0.373307347129  0.201693086105
  67  C  6.211166446655  1.633489934969  9.548276928765  -0.483687444944  -0.111569159273  -0.012787924161
  68  C  4.670308003067  4.327619074052  9.587614622645  -0.448441867435  0.073893216756  -0.316139068885
  69  C  1.580073368218  6.233239857502  1.976322636220  0.133337720253  0.346587757036  0.904362344530
  70  C  -1.528407692001  6.211721340961  2.005814332838  0.549965352753  1.303185186880  0.152080099786
  71  C  0.009471979805  3.551444800005  1.956000365799  0.520571623121  0.754812026183  0.749946848981


MDSTEP:  9
LATTICE_CONSTANT: 1.889726125458
LATTICE_VECTORS
  9.044453962152  0.000000000000  0.000000000000
  -4.458270490500  8.159235022945  0.000000000000
  0.006142150596  -0.252737475258  10.112945065888
VIRIAL (KBAR)
  162.946170417761  28.995833411774  3.724176907758
  28.995833411774  -25.263741233411  36.685328087178
  3.724176907758  36.685328087178  50.292839102830
INDEX    LABEL    POSITIONS    FORCE (eV/Angstrom)
  0  Si  0.016001432452  1.775053571189  2.566870791774  2.604321165580  0.778172750250  0.567106346298
  1  Si  3.142610778516  7.096313975313  2.631911106076  -0.330001810215  0.837324387645  -0.331680180681
  2  Si  -3.065120732550  7.138758201414  2.618300345164  3.457168742864  2.114429306463  0.814826249230
  3  Si  4.653948682908  6.179826548533  5.165475397116  -2.376308168881  -0.770964256663  0.230446624425
  4  Si  1.541453989785  0.824581718379  5.088859244420  0.484547296780  -0.420887745992  0.480247735144
  5  Si  7.749543724450  0.817818485288  5.092675766834  -3.536147588955  -2.550100461888  0.818373672427
  6  Si  0.014826373829  1.681962637646  7.656091222555  2.741379947673  1.591829243300  0.597866481840
  7  Si  3.129742609262  7.074410236686  7.708983156810  -0.153559387724  0.009799579193  -0.608315986282
  8  Si  -3.045365235320  7.077441733819  7.725484786517  2.579542131373  2.009426813692  -0.235520510073
  9  Si  4.648037764568  6.369335648948  0.130367450472  -2.043894823802  -1.199545285444  -0.547284107441
  10  Si  1.547665158417  1.005588952411  0.064435425420  0.343333112456  -0.499820521932  -0.189386655527
  11  Si  7.748492300377  0.977305989977  0.070136485831  -3.771062514198  -2.335437877621  0.677568016631
  12  Si  -1.544877489819  4.450255826592  2.617825981687  3.294063428850  0.961237234086  0.882364838421
  13  Si  1.565686802206  4.435784932956  2.595244727209  0.050212651060  -0.001523892578  -0.013584413666
  14  Si  0.030564080364  7.118868514987  2.604308710937  0.371982506611  0.913556600013  0.477164827975
  15  Si  6.204804252636  3.487726486323  5.140026928840  -2.873554757212  -1.403898441259  0.571672340722
  16  Si  3.108644812197  3.496855247730  5.127416994500  -0.063867283522  0.378058950043  -0.104335455049
  17  Si  4.652211447951  0.813917540140  5.119779998847  -0.531427297217  -0.509795695601  -0.471558182306
  18  Si  -1.536508864797  4.391483413154  7.689504341899  3.306792346720  1.243280053493  0.692321192579
  19  Si  1.576340037318  4.373042027027  7.695227286496  0.031145122474  -0.051183931227  -0.501684853102
  20  Si  0.026159842200  7.083153198265  7.704656844233  0.671849889351  0.306159551018  -0.295810514104
  21  Si  6.194540735747  3.681311436704  0.088882394231  -2.859083668799  -1.970460159201  0.270858980494
  22  Si  3.120706256720  3.693173316293  0.090571358545  -0.252864423284  -0.247423239120  -0.898828410930
  23  Si  4.656185576139  0.997048992023  0.056697841101  -0.654563725000  -0.934690360137  -0.111776392827
  24  Si  3.112209225778  1.756059053650  2.555582604962  -0.077563946825  -0.537025291110  0.364895529052
  25  Si  6.177548207975  1.737199213384  2.561671481367  0.121806061872  -0.471156370749  0.304377042057
  26  Si  4.647710595739  4.420542762996  2.605232607803  0.018468902066  -0.484758041963  0.160850558560
  27  Si  1.589115532607  6.203834611212  5.152688956005  -0.662379732251  0.296664286807  0.370351392610
  28  Si  -1.520769261833  6.201413213972  5.151087460422  0.630863214602  0.910236907061  0.476919540548
  29  Si  0.035144616678  3.505237115203  5.129131844143  0.220782281458  0.801175709900  0.232694021920
  30  Si  3.101386527707  1.667799126022  7.649197321845  0.205475287296  0.078378143572  -0.468883954785
  31  Si  6.206511061331  1.681445013869  7.628852216799  -0.724861070448  -0.742931089946  0.334103121029
  32  Si  4.673859912355  4.366982643764  7.660048624406  -1.207413867217  -0.427532034477  0.355826687600
  33  Si  1.574599826375  6.369783344526  0.134135434577  -0.137107993706  0.447393157428  -0.999218000556
  34  Si  -1.533114954246  6.390472283070  0.117371104353  0.838250075980  0.002281289720  -0.025525674752
  35  Si  0.024956960888  3.707542156407  0.097071471471  0.218704470141  0.003042988331  -0.641927117874
  36  C  0.009927938273  1.744025534247  4.458376438615  3.019462716953  1.247786469535  -0.791156958866
  37  C  3.107143813526  7.077299326178  4.524369414095  0.602603658538  0.987011607624  0.049745161634
  38  C  -3.063108714241  7.122161462162  4.528272971051  2.730075710244  1.951968672609  -0.977717943088
  39  C  4.677618682384  6.153180155176  7.040639647371  -2.636305776465  -0.741141574968  -0.209262262566
  40  C  1.549695713745  0.824822895698  7.005343553449  0.155378546478  -1.192195864013  0.597884063064
  41  C  7.746693697704  0.775815974795  6.978803619218  -3.138116122865  -2.018927557439  0.000551879836
  42  C  0.003614802497  1.671779138558  9.563513910112  3.191710993886  1.200123500596  -1.218733291502
  43  C  3.125564893988  7.025350625310  9.608996872544  0.010674449581  0.614603232251  -0.027477209769
  44  C  -3.040208344740  7.062094466423  9.613933635570  2.103929368026  1.599600550285  -0.782606414298
  45  C  4.687898896531  6.189016163885  1.973381460858  -3.178504347585  -0.506676804009  -0.231313186137
  46  C  1.557389077598  0.853179938176  1.934976718056  0.116979307266  -0.159002839160  0.988892277970
  47  C  7.739722310599  0.831114119910  1.942494831750  -2.955347746852  -1.794806823771  -0.009703805128
  48  C  -1.536079337376  4.433258698284  4.516133489484  3.247291333078  1.109946053162  -0.894379711193
  49  C  1.566311496007  4.436400932909  4.490945905085  0.081086785993  -0.534019371099  0.227843430912
  50  C  0.031901789871  7.134212859770  4.560473779163  0.296672695585  0.067692097687  -0.775112797304
  51  C  6.191701038999  3.477356234982  7.043082527665  -2.494115448771  -1.551913892024  -1.193763346845
  52  C  3.106106716315  3.464008495406  7.021535676481  0.227450223376  0.420052419611  0.387947089043
  53  C  4.653970962702  0.781055561274  6.988011438943  -0.342213282701  -0.454344706609  1.222314098074
  54  C  -1.531039770464  4.354924580195  9.591704053260  3.225902092261  1.549340755072  -1.141469566504
  55  C  1.574147003685  4.363023632865  9.583903764855  0.082407242928  -0.575068517698  0.167145377754
  56  C  0.028020723547  7.037059971045  9.632807413703  0.421057296960  0.632060495772  -0.496096681965
  57  C  6.212376483287  3.529010912532  1.945738594157  -3.382525884794  -1.231501336841  -0.230268147355
  58  C  3.117659876494  3.544187235258  1.943444735713  -0.193636293240  0.406301360989  0.774450831327
  59  C  4.659113572828  0.850285758431  1.947108816044  -0.705352252317  -0.509023874880  0.413789879190
  60  C  3.101533271241  1.731675985097  4.477589118744  -0.045266097599  -0.427848871662  -0.198319634707
  61  C  6.213238976101  1.703300806029  4.468079811943  -0.845986246174  -0.017868410045  0.353973035772
  62  C  4.675807801090  4.405088460274  4.511220046276  -0.785894064238  -0.342482611332  0.062409709459
  63  C  1.577245014361  6.172962416189  7.089020351550  0.170016717974  0.274193136111  -0.462538436314
  64  C  -1.527027386239  6.189249692870  7.095455060788  0.712194576887  0.170849690015  -0.522118633180
  65  C  0.021468193568  3.501684809479  7.042667073987  0.222093934728  -0.026617523560  0.186190526648
  66  C  3.110597736933  1.662398184372  9.536122229433  -0.150113331253  -0.472076526869  0.372714282247
  67  C  6.205494186990  1.638413660946  9.551673727402  -0.363791233463  -0.300824848296  -0.148721543722
  68  C  4.670295466595  4.328985561322  9.583880930893  -0.520902689545  0.146986577029  -0.202292470069
  69  C  1.582483545558  6.234867771534  1.984934442035  0.134154114401  0.301772385866  0.569024028207
  70  C  -1.529933205081  6.204020501379  2.013324859284  0.649583122417  1.492873315648  -0.125714683720
  71  C  0.014277993218  3.559212303339  1.947240695932  0.402319354348  0.559867379306  1.028376263487


MDSTEP:  10
LATTICE_CONSTANT: 1.889726125458
LATTICE_VECTORS
  9.044453962152  0.000000000000  0.000000000000
  -4.458270490500  8.159235022945  0.000000000000
  0.006142150596  -0.252737475258  10.112945065888
VIRIAL (KBAR)
  159.004038927776  26.459182229333  4.066683578650
  26.459182229333  -24.795108838777  36.631815266589
  4.066683578650  36.631815266589  50.850897231399
INDEX    LABEL    POSITIONS    FORCE (eV/Angstrom)
  0  Si  0.019759884466  1.780217538452  2.566469670004  2.300465581935  0.681730568711  0.584421067724
  1  Si  3.147429268358  7.096356725035  2.625151765400  -0.511053308884  0.859000893456  -0.196307612070
  2  Si  -3.063073527854  7.142149977267  2.622165382582  3.378725724709  2.040940123571  0.773126271672
  3  Si  4.652087703286  6.173497050763  5.161600314618  -2.233082830044  -0.533856536184  0.235879369489
  4  Si  1.537028948817  0.827667755213  5.095262637614  0.581271958074  -0.413877401672  0.311311321689
  5  Si  7.745847431503  0.823454611597  5.095726648681  -3.246452283282  -2.682075880071  0.688482013724
  6  Si  0.022582625401  1.682324236364  7.653032833322  2.372094860554  1.377192727546  0.474893282388
  7  Si  3.127158109312  7.068884042871  7.713382386769  0.052689294873  0.034853222500  -0.654496350210
  8  Si  -3.048491946560  7.078179156672  7.730896456143  2.644706564326  1.935387524358  -0.449550258620
  9  Si  4.641497604833  6.365069084449  0.133689702918  -1.692620843354  -0.886452644332  -0.604851013829
  10  Si  1.542404296751  1.011364618663  0.065839163070  0.472703738665  -0.549481445738  -0.110304589008
  11  Si  7.748160097362  0.980444798338  0.064655054976  -3.727641218545  -2.418580642444  0.794698228785
  12  Si  -1.542489783368  4.448448604870  2.622018375289  3.153678684583  1.010811140318  0.625073886225
  13  Si  1.563607101049  4.439540449457  2.600002782418  0.094572841391  -0.125700541052  -0.188443231756
  14  Si  0.031578768179  7.125284996646  2.605527895744  0.517820669161  0.768872968256  0.430365927008
  15  Si  6.204004252765  3.483927255896  5.140852690172  -2.882209181847  -1.227806230945  0.476179082786
  16  Si  3.104641706955  3.493544564249  5.120887147706  -0.097207887067  0.600177569060  0.079032816251
  17  Si  4.651722026739  0.814708189211  5.114532530877  -0.462648612935  -0.562426886960  -0.378636104055
  18  Si  -1.538009558521  4.395801518342  7.691641908896  3.356590024623  1.123904975383  0.534072487168
  19  Si  1.572268488370  4.378015535020  7.700038289608  0.099828464962  -0.288190905588  -0.535577289133
  20  Si  0.032756773658  7.089808755440  7.708547855508  0.531823793830  0.154115798903  -0.373450142358
  21  Si  6.194455327922  3.681210104973  0.089971127296  -2.832966554688  -2.009370169948  0.177028036488
  22  Si  3.122740098526  3.687981871522  0.096058894182  -0.372739136499  -0.127111072067  -0.976218729605
  23  Si  4.655032577192  0.996462584560  0.059273708713  -0.619671848872  -0.953153142717  -0.192176665227
  24  Si  3.109079077994  1.749558059546  2.557486766066  0.085863297413  -0.364725649049  0.329030756091
  25  Si  6.182479906977  1.737846148000  2.567176024184  -0.027281605226  -0.451642269773  0.054866762611
  26  Si  4.646298060774  4.424141958608  2.600309180260  -0.041581185949  -0.646003871863  0.272479764878
  27  Si  1.587913188944  6.200457313889  5.155741387512  -0.504750360239  0.444610999959  0.284223679588
  28  Si  -1.519674683238  6.202548072275  5.151129385220  0.551631287977  0.826114528015  0.415991740081
  29  Si  0.031059937403  3.509190354689  5.127142860395  0.323666121120  0.802327066849  0.252229963719
  30  Si  3.095341847705  1.670932072016  7.646579592169  0.246256553587  -0.066504990530  -0.381055202346
  31  Si  6.211077500608  1.678254526245  7.634024063230  -0.768183987608  -0.653959234275  0.176660348973
  32  Si  4.672318154510  4.372959320934  7.667059588338  -1.211611770543  -0.699896367643  0.184900618450
  33  Si  1.572283997243  6.368194376861  0.133477481835  -0.098844000948  0.542544803759  -0.715489771160
  34  Si  -1.539419531324  6.392564995161  0.117669258037  1.067072620876  -0.041513822348  0.048617563480
  35  Si  0.027156440476  3.707586885411  0.091028563594  0.182353443081  0.089698008764  -0.524393841816
  36  C  0.013249910575  1.753534352717  4.465205331003  2.852400208622  1.047826138969  -0.890321948223
  37  C  3.111520520431  7.074498746425  4.515944265122  0.465568034784  1.042031320946  0.220963983010
  38  C  -3.063159283608  7.132087724009  4.530888967182  2.638247400841  1.726725116965  -0.930589662105
  39  C  4.683680158778  6.143971653731  7.038887796128  -2.758782626150  -0.555847332401  -0.135439778022
  40  C  1.544226759856  0.816510278023  6.998380299549  0.312497773785  -1.095925355031  0.814669886952
  41  C  7.745431828393  0.763593429560  6.977481435085  -2.932171704376  -1.746174209906  0.186527635819
  42  C  0.004561367133  1.671028540608  9.559966713824  3.221675031626  1.278640425254  -1.239827776820
  43  C  3.123880604109  7.031269803721  9.614351166745  0.054728369987  0.492207616544  -0.095352680022
  44  C  -3.030082956789  7.069333283045  9.611270851127  1.552976266197  1.359066898858  -0.521729490116
  45  C  4.683640863148  6.187202083072  1.981837664648  -2.907102919334  -0.328971151556  -0.446797650534
  46  C  1.557484427281  0.863150893971  1.942310252366  0.035291894726  -0.356635250182  0.806787340626
  47  C  7.734204739961  0.833054321293  1.934823401058  -2.613677474615  -1.664651856294  0.168603379892
  48  C  -1.534470059960  4.424679317824  4.505500291185  3.074751736614  1.284891282799  -0.601653137254
  49  C  1.558169410186  4.445289515097  4.483210391897  0.190699002414  -0.760107031939  0.463847670134
  50  C  0.032958468404  7.127381698675  4.555186997821  0.289367555060  0.260735768991  -0.619845624741
  51  C  6.193681650167  3.481092366900  7.037468047344  -2.559476248514  -1.665196870937  -1.005297533035
  52  C  3.098341621881  3.457102030118  7.026086461736  0.322225708736  0.635230994593  0.248756656674
  53  C  4.653789406454  0.782363153500  6.988048608539  -0.325992703375  -0.427122002412  1.188689782359
  54  C  -1.533587998371  4.355667701780  9.585186891747  3.208789326229  1.541182518581  -0.984969309984
  55  C  1.577648804152  4.370964815345  9.587640091725  0.037901671260  -0.794007035679  0.103301718606
  56  C  0.029827251548  7.035362896582  9.635500305345  0.342532301321  0.665354576764  -0.516613682640
  57  C  6.207057382751  3.533282639048  1.941417678843  -3.189838861854  -1.214404848852  -0.082527820477
  58  C  3.117848130886  3.538165993155  1.941069242178  -0.234655267118  0.477730002278  0.936341378379
  59  C  4.659585357462  0.845931337298  1.943151832870  -0.659288940199  -0.393325357840  0.603246601222
  60  C  3.105226098382  1.738814463543  4.476864216746  -0.151318894067  -0.653483362440  -0.194581415269
  61  C  6.222233783248  1.704143445392  4.462172034594  -1.089234708488  -0.032644081233  0.490551201743
  62  C  4.669586027385  4.408331859699  4.508443489382  -0.639513409932  -0.518004665948  0.049105976198
  63  C  1.586639607272  6.166185210069  7.098104002552  -0.062822127282  0.427916459243  -0.640235013641
  64  C  -1.528751314127  6.187859183249  7.093380043363  0.854615518160  0.294059255086  -0.451324762151
  65  C  0.024359685567  3.492961943174  7.038954853871  0.126317778547  0.215403395128  0.283317615768
  66  C  3.106182957907  1.665395099062  9.540964363825  -0.082641089717  -0.553110370797  0.226121908696
  67  C  6.214608500621  1.628336918916  9.550748657243  -0.627038661850  -0.045075668529  -0.118964770477
  68  C  4.664538300290  4.330221685295  9.587174531761  -0.386741419963  0.082658346661  -0.205259188619
  69  C  1.584864307537  6.226657303462  1.995511460566  0.096384473405  0.548609429175  0.249752645945
  70  C  -1.520818446889  6.211105375131  2.020216629749  0.415453772824  1.358828796409  -0.250035852946
  71  C  0.012019200295  3.564612748745  1.945307217429  0.444604322486  0.475634894522  0.968167526982


