ATOMIC_SPECIES
Si 28.085 Si_ONCV_PBE-1.0.upf
C 12.011 C_ONCV_PBE-1.0.upf

LATTICE_CONSTANT
1.8897261254578281

LATTICE_VECTORS
8.511014148543815 0.0 0.0 
0.1630282275744949 8.602690749384852 0.0 
0.017615284557713495 -0.12401860111825205 8.551800590844392 

ATOMIC_POSITIONS
Cartesian    # Cartesian(Unit is LATTICE_CONSTANT)
Si
0.0
32
3.275329244420 1.034025055051 3.263118578623 1 1 1
3.283391908578 1.008340256191 7.614028598648 1 1 1
3.314719566146 5.381491828277 3.297905627963 1 1 1
3.316637800723 5.343892476038 7.642523078367 1 1 1
7.622078354263 0.987440019318 3.256734778355 1 1 1
7.625965793079 0.962846658472 7.612858315035 1 1 1
7.659902335700 5.335177674021 3.294664354046 1 1 1
7.671210482980 5.310401851692 7.641492227312 1 1 1
3.291235359334 3.222744631887 1.107599943079 1 1 1
3.292886144006 3.194884456905 5.456641743785 1 1 1
3.335421495910 7.566271821632 1.139799110180 1 1 1
3.341100317738 7.543660993168 5.482037249561 1 1 1
7.640114364095 3.177643303617 1.103688184827 1 1 1
7.646819169380 3.149954123771 5.450323259803 1 1 1
7.688821960133 7.526757249734 1.131573013901 1 1 1
7.683166754179 7.497303582293 5.483112826778 1 1 1
1.094671470327 1.075759462295 1.088863821178 1 1 1
1.105087796059 1.030155380890 5.444255710935 1 1 1
1.141396770263 5.413906482921 1.126631222433 1 1 1
1.147961517144 5.386146928715 5.470364561988 1 1 1
5.444885938054 1.036242675470 1.090774259716 1 1 1
5.451529659158 0.998509571080 5.438100469953 1 1 1
5.487784173510 5.373570708553 1.123637043343 1 1 1
5.491736724948 5.343631710248 5.467753766209 1 1 1
1.121193946852 3.231404259687 3.277425180618 1 1 1
1.122902105801 3.196184339275 7.632661455554 1 1 1
1.164197610997 7.582642272952 3.311696497527 1 1 1
1.167594316088 7.541188324845 7.662271835331 1 1 1
5.468144009394 3.176727863612 3.282907667092 1 1 1
5.478207580311 3.157773261480 7.623609632323 1 1 1
5.519085971449 7.533220161784 3.305395168305 1 1 1
5.515804364579 7.497992362829 7.661637207471 1 1 1
C
0.0
32
8.695539102756 -0.087061488954 -0.005080436762 1 1 1
8.702490130078 -0.116721129080 4.335619809532 1 1 1
8.740382022780 4.256051177835 0.023760897022 1 1 1
8.742470441012 4.232640828642 4.368101204057 1 1 1
4.352748506797 -0.043497465123 -0.006908614303 1 1 1
4.353442979416 -0.073962328999 4.342993315868 1 1 1
4.388927218903 4.306065782226 0.026495671975 1 1 1
4.393415181756 4.275798536162 4.373063845303 1 1 1
8.711638766819 2.075744552738 2.185621261926 1 1 1
8.723536407623 2.042930328497 6.528432426062 1 1 1
8.760547447782 6.427174302971 2.207093456772 1 1 1
8.770106811149 6.389370884667 6.561471747652 1 1 1
4.372525092837 2.114551743842 2.191369239467 1 1 1
4.374539488611 2.084389863073 6.532618829136 1 1 1
4.415563174655 6.460712792279 2.210893781869 1 1 1
4.415814709817 6.431767963600 6.563578790663 1 1 1
2.173131768701 -0.035546698438 2.169506824800 1 1 1
2.183455280852 -0.069274658770 6.519029091557 1 1 1
2.214388394710 4.308514964869 2.202767458029 1 1 1
2.218470279349 4.274227832185 6.543782656438 1 1 1
6.524935500963 -0.077507893880 2.165314219141 1 1 1
6.529759860597 -0.116289513158 6.520265982963 1 1 1
6.562589893995 4.272174599998 2.203409432549 1 1 1
6.571348915758 4.240445058565 6.544080803221 1 1 1
2.198513285597 2.151342832548 0.014775330611 1 1 1
2.204825091108 2.119408891095 4.367943896582 1 1 1
2.235421554364 6.500919276929 0.044165690156 1 1 1
2.240410098071 6.468346696047 4.393993727517 1 1 1
6.540716094764 2.108934088060 0.002883936274 1 1 1
6.548588936623 2.080142445701 4.347927429456 1 1 1
6.584758647470 6.458896523231 0.044885574257 1 1 1
6.590763403624 6.424799519060 4.384399303035 1 1 1

NUMERICAL_ORBITAL
Si_gga_9au_100Ry_3s3p2d.orb
C_gga_9au_100Ry_3s3p2d.orb
