ATOMIC_SPECIES
Si 28.085 Si_ONCV_PBE-1.0.upf
C 12.011 C_ONCV_PBE-1.0.upf

LATTICE_CONSTANT
1.8897261254578281

LATTICE_VECTORS
8.626621831038017 0.0 0.0 
0.2387678488331086 8.926639794167512 0.0 
-0.040389097980655056 0.20145027194727283 8.944398715753056 

ATOMIC_POSITIONS
Cartesian    # Cartesian(Unit is LATTICE_CONSTANT)
Si
0.0
32
3.300669329586 1.085909599200 3.282060455910 1 1 1
3.291267566301 1.150354215390 7.676097582991 1 1 1
3.352932855873 5.472709004732 3.242962770116 1 1 1
3.351115366755 5.524817374375 7.643892160221 1 1 1
7.693365841381 1.026879756692 3.302657475325 1 1 1
7.686044694736 1.087300958892 7.697032241731 1 1 1
7.741837026912 5.420065636745 3.257993991341 1 1 1
7.745643692320 5.458223535581 7.625562591776 1 1 1
3.339469962791 3.263037161236 1.074658306053 1 1 1
3.316641287937 3.316117407303 5.469562326408 1 1 1
3.404463625291 7.654996936288 1.018260653868 1 1 1
3.396163252116 7.703094955705 5.399152594698 1 1 1
7.727427875600 3.207799961266 1.061269956624 1 1 1
7.716306347847 3.242138988619 5.475670180490 1 1 1
7.777672455201 7.609974328227 1.041864363088 1 1 1
7.789543352753 7.650226555812 5.432884131703 1 1 1
1.118437851633 1.097431267463 1.083622664989 1 1 1
1.105917319410 1.146844129381 5.486380255033 1 1 1
1.183629914294 5.491201064892 1.035480089546 1 1 1
1.166939493795 5.523242935592 5.432181679469 1 1 1
5.493893752503 1.031252093073 1.096173065535 1 1 1
5.493826588865 1.089118761536 5.492483139292 1 1 1
5.553996278989 5.431218847856 1.041599415910 1 1 1
5.573818121983 5.494394229002 5.443294394342 1 1 1
1.129488451360 3.318111526100 3.260792322078 1 1 1
1.125543622182 3.378816554908 7.649540285151 1 1 1
1.199352229118 7.713889361258 3.198527050173 1 1 1
1.197292174096 7.757967916680 7.615314479240 1 1 1
5.528970451732 3.251870449791 3.272012394697 1 1 1
5.515779439023 3.299267246578 7.662162002271 1 1 1
5.584312242975 7.649838474715 3.211130125373 1 1 1
5.577129068911 7.692380718647 7.603677012338 1 1 1
C
0.0
32
8.791307318380 -0.106173949952 0.020559213802 1 1 1
8.769081745670 -0.067792540993 4.416996939692 1 1 1
8.852283478087 4.266314426040 -0.021595095882 1 1 1
8.831122350452 4.324250384081 4.365934873348 1 1 1
4.403112326349 -0.061915667058 0.003134508436 1 1 1
4.395498906281 -0.004623799432 4.402940682219 1 1 1
4.459482778125 4.332915161632 -0.046854208496 1 1 1
4.443756219959 4.362161878521 4.362574567042 1 1 1
8.805407507882 2.100167263572 2.194333592425 1 1 1
8.799530195268 2.158047714885 6.573969134948 1 1 1
8.857599348783 6.490358655975 2.145684028435 1 1 1
8.863823668985 6.541062107873 6.527038114025 1 1 1
4.405923950004 2.147670037316 2.178578191880 1 1 1
4.411479098231 2.214093031944 6.565413935238 1 1 1
4.490135964375 6.546486379276 2.149911766201 1 1 1
4.454632008452 6.604865034885 6.533835912333 1 1 1
2.191805723013 -0.002390969400 2.214860363283 1 1 1
2.173020231136 0.050774768977 6.599998423358 1 1 1
2.243350331089 4.383400006464 2.158679479755 1 1 1
2.246072420850 4.440034947662 6.542890678837 1 1 1
6.584101693118 -0.054102675141 2.207735663059 1 1 1
6.568069748347 -0.018694608930 6.603635390501 1 1 1
6.640224566587 4.320402025397 2.156455690531 1 1 1
6.630928409488 4.366252199084 6.549713436193 1 1 1
2.213920573853 2.160677757278 -0.020309169334 1 1 1
2.215164149419 2.227127846416 4.368177301875 1 1 1
2.291064408919 6.551954988227 -0.062607901222 1 1 1
2.278424438683 6.592465013681 4.315949280616 1 1 1
6.621416273373 2.096915693390 -0.010118470441 1 1 1
6.604713967440 2.140701645049 4.383571959179 1 1 1
6.680011988900 6.489709896124 -0.053901697590 1 1 1
6.658565979405 6.555648220231 4.339714631043 1 1 1

NUMERICAL_ORBITAL
Si_gga_9au_100Ry_3s3p2d.orb
C_gga_9au_100Ry_3s3p2d.orb
