iter.00
Training:
  Convergence:
    100 / 100 = 	 1.00000
--
Testing:
  Convergence:
    10 / 10 = 	 1.00000
  3900      1.12e-03  1.00e-03  5.12e-05      0.30      0.01        5.0819e-07        7.5260e-07        1.4789e-07        8.5646e-07        5.0400e-08        3.3239e-08        6.2753e-07        6.0053e-07        5.3314e-07        1.0465e-06        1.4789e-07        8.5646e-07
  4000      1.02e-03  1.01e-03  4.10e-05      0.27      0.01        3.6074e-07        6.7551e-07        1.5708e-07        8.5468e-07        4.4447e-09        7.1283e-08        2.4530e-07        5.9978e-07        5.9660e-07        1.0155e-06        1.5708e-07        8.5468e-07
  4100      1.10e-03  1.01e-03  4.10e-05      0.31      0.01        3.3839e-07        8.7797e-07        1.6385e-07        8.5325e-07        1.3472e-09        4.0031e-08        0.0000e+00        0.0000e+00        4.1627e-07        1.0744e-06        1.6385e-07        8.5325e-07
  4200      1.08e-03  1.01e-03  4.10e-05      0.34      0.02        3.6129e-07        8.0437e-07        1.6003e-07        8.5508e-07        2.0295e-09        4.2599e-08        1.1424e-07        5.1170e-07        4.9398e-07        1.0227e-06        1.6003e-07        8.5508e-07
  4300      9.61e-04  1.02e-03  4.10e-05      0.27      0.01        2.8686e-07        6.3710e-07        1.8270e-07        8.4811e-07        6.0024e-08        5.9577e-08        3.3819e-07        7.8260e-07        3.9647e-07        8.9540e-07        1.8270e-07        8.4811e-07
  4400      1.14e-03  1.02e-03  4.10e-05      0.30      0.01        5.6940e-07        7.2762e-07        1.9755e-07        8.4645e-07        1.7526e-08        6.2417e-08        5.1679e-07        5.1426e-07        7.7674e-07        1.0442e-06        1.9755e-07        8.4645e-07
  4500      1.13e-03  1.00e-03  4.10e-05      0.31      0.01        4.2648e-07        8.4686e-07        1.5987e-07        8.4921e-07        6.0628e-09        4.8278e-08        3.1777e-07        5.9581e-07        5.3257e-07        1.0605e-06        1.5987e-07        8.4921e-07
  4600      1.05e-03  1.02e-03  4.10e-05      0.29      0.01        3.2731e-07        7.7073e-07        1.9087e-07        8.4239e-07        2.7017e-08        5.7273e-08        2.8827e-07        7.8415e-07        4.4476e-07        1.0026e-06        1.9087e-07        8.4239e-07
  4700      1.09e-03  1.01e-03  4.10e-05      0.28      0.01        3.8769e-07        7.9189e-07        1.7775e-07        8.3565e-07        1.3744e-08        6.3203e-08        0.0000e+00        0.0000e+00        5.1348e-07        1.0401e-06        1.7775e-07        8.3565e-07
  4800      1.12e-03  1.10e-03  4.10e-05      0.29      0.01        4.8347e-07        7.7812e-07        3.7766e-07        8.3013e-07        8.2015e-08        5.8483e-08        6.0462e-07        6.4024e-07        5.6757e-07        1.0354e-06        3.7766e-07        8.3013e-07
  4900      1.10e-03  1.01e-03  4.10e-05      0.31      0.02        4.3515e-07        7.8276e-07        1.8542e-07        8.3715e-07        9.6209e-09        4.4908e-08        3.1720e-07        7.1305e-07        6.3000e-07        1.0195e-06        1.8542e-07        8.3715e-07
  5000      1.10e-03  1.00e-03  3.28e-05      0.30      0.02        3.8764e-07        8.2905e-07        1.7881e-07        8.2561e-07        5.4326e-10        3.7577e-08        1.3308e-07        3.3973e-07        4.9458e-07        1.0425e-06        1.7881e-07        8.2561e-07

iter.01
Training:
  Convergence:
    100 / 100 = 	 1.00000
--
Testing:
  Convergence:
    10 / 10 = 	 1.00000
  3900      9.62e-04  8.60e-04  5.12e-05      0.32      0.01        2.7145e-07        6.5318e-07        1.3827e-07        6.0054e-07        0.0000e+00        0.0000e+00        1.2133e-07        1.9936e-07        3.1543e-07        7.7324e-07        1.3827e-07        6.0054e-07
  4000      8.30e-04  8.73e-04  4.10e-05      0.27      0.02        2.0508e-07        4.8316e-07        1.6122e-07        6.0027e-07        2.1927e-08        5.9950e-08        1.7993e-07        3.9000e-07        3.0924e-07        7.4135e-07        1.6122e-07        6.0027e-07
  4100      9.64e-04  8.69e-04  4.10e-05      0.30      0.01        3.2654e-07        6.0226e-07        1.5314e-07        6.0232e-07        4.9351e-11        5.2226e-08        3.5352e-07        3.8775e-07        3.7855e-07        7.6077e-07        1.5314e-07        6.0232e-07
  4200      9.88e-04  8.81e-04  4.10e-05      0.32      0.01        3.0929e-07        6.6712e-07        1.7580e-07        6.0113e-07        0.0000e+00        0.0000e+00        2.8144e-07        2.6861e-07        3.3736e-07        7.7975e-07        1.7580e-07        6.0113e-07
  4300      9.56e-04  9.75e-04  4.10e-05      0.30      0.01        3.5212e-07        5.6183e-07        3.5226e-07        5.9841e-07        1.7817e-08        4.1128e-08        4.6126e-07        3.9836e-07        3.7532e-07        7.3135e-07        3.5226e-07        5.9841e-07
  4400      9.78e-04  8.71e-04  4.10e-05      0.33      0.01        3.7240e-07        5.8384e-07        1.5859e-07        5.9989e-07        0.0000e+00        0.0000e+00        2.7984e-07        3.7683e-07        4.5592e-07        7.4574e-07        1.5859e-07        5.9989e-07
  4500      9.55e-04  8.88e-04  4.10e-05      0.30      0.02        3.4637e-07        5.6500e-07        1.9731e-07        5.9192e-07        9.1015e-09        3.1806e-08        2.1992e-07        3.1466e-07        4.4217e-07        7.3021e-07        1.9731e-07        5.9192e-07
  4600      8.43e-04  9.08e-04  4.10e-05      0.35      0.02        2.1087e-07        4.9917e-07        2.3143e-07        5.9378e-07        6.1777e-09        4.7023e-08        2.2249e-07        4.4061e-07        2.8037e-07        7.0532e-07        2.3143e-07        5.9378e-07
  4700      9.22e-04  8.76e-04  4.10e-05      0.35      0.02        2.9580e-07        5.5471e-07        1.7593e-07        5.9118e-07        2.3435e-08        5.1363e-08        2.8347e-07        3.1776e-07        3.4868e-07        7.1086e-07        1.7593e-07        5.9118e-07
  4800      8.91e-04  8.54e-04  4.10e-05      0.35      0.01        2.3861e-07        5.5520e-07        1.3750e-07        5.9098e-07        1.5398e-09        5.4360e-08        7.8377e-08        1.9221e-07        3.3239e-07        7.5779e-07        1.3750e-07        5.9098e-07
  4900      8.54e-04  9.34e-04  4.10e-05      0.34      0.02        2.3527e-07        4.9375e-07        2.8162e-07        5.9140e-07        1.0392e-09        5.5839e-08        2.6989e-07        4.1014e-07        3.0148e-07        7.1022e-07        2.8162e-07        5.9140e-07
  5000      9.77e-04  9.38e-04  3.28e-05      0.37      0.02        3.4524e-07        6.0956e-07        2.8897e-07        5.9002e-07        0.0000e+00        0.0000e+00        3.3815e-07        3.7189e-07        3.7921e-07        7.5141e-07        2.8897e-07        5.9002e-07

iter.02
Training:
  Convergence:
    100 / 100 = 	 1.00000
--
Testing:
  Convergence:
    10 / 10 = 	 1.00000
  3900      7.81e-04  8.78e-04  5.12e-05      0.26      0.01        2.0333e-07        4.0663e-07        1.9709e-07        5.7305e-07        2.2970e-09        2.1366e-08        1.7300e-07        3.7293e-07        3.6425e-07        7.0109e-07        1.9709e-07        5.7305e-07
  4000      9.65e-04  8.39e-04  4.10e-05      0.31      0.01        3.0716e-07        6.2492e-07        1.3195e-07        5.7148e-07        0.0000e+00        0.0000e+00        1.5598e-07        2.4761e-07        3.5405e-07        7.3104e-07        1.3195e-07        5.7148e-07
  4100      9.47e-04  1.02e-03  4.10e-05      0.29      0.01        3.1945e-07        5.7827e-07        4.6245e-07        5.6943e-07        1.9669e-08        8.8731e-09        2.5537e-07        1.9555e-07        3.8010e-07        7.3696e-07        4.6245e-07        5.6943e-07
  4200      8.11e-04  8.44e-04  4.10e-05      0.26      0.01        1.6881e-07        4.8932e-07        1.4237e-07        5.6934e-07        2.4544e-09        2.3995e-08        1.0619e-07        2.4128e-07        2.4788e-07        7.2506e-07        1.4237e-07        5.6934e-07
  4300      9.44e-04  8.66e-04  4.10e-05      0.30      0.01        2.7841e-07        6.1248e-07        1.8090e-07        5.6865e-07        0.0000e+00        0.0000e+00        1.6035e-07        3.0346e-07        3.3112e-07        7.4078e-07        1.8090e-07        5.6865e-07
  4400      8.94e-04  8.58e-04  4.10e-05      0.30      0.01        2.5196e-07        5.4773e-07        1.6784e-07        5.6812e-07        1.0464e-09        1.1412e-08        1.5967e-07        2.7503e-07        3.2275e-07        7.1962e-07        1.6784e-07        5.6812e-07
  4500      9.33e-04  8.84e-04  4.10e-05      0.30      0.01        3.4519e-07        5.2622e-07        2.1528e-07        5.6688e-07        4.3627e-09        1.1199e-08        4.0524e-07        4.1799e-07        3.8758e-07        7.0080e-07        2.1528e-07        5.6688e-07
  4600      9.18e-04  8.41e-04  4.10e-05      0.31      0.01        3.3656e-07        5.0673e-07        1.4317e-07        5.6372e-07        0.0000e+00        0.0000e+00        2.5432e-07        4.1443e-07        4.7862e-07        6.8459e-07        1.4317e-07        5.6372e-07
  4700      8.59e-04  8.40e-04  4.10e-05      0.29      0.01        2.0847e-07        5.2936e-07        1.4146e-07        5.6413e-07        1.5927e-10        5.4577e-09        2.1466e-07        4.2866e-07        2.5132e-07        7.0173e-07        1.4146e-07        5.6413e-07
  4800      8.05e-04  8.47e-04  4.10e-05      0.27      0.01        1.9146e-07        4.5619e-07        1.5502e-07        5.6247e-07        4.3054e-10        1.3503e-08        1.2734e-07        2.9027e-07        2.9774e-07        7.0825e-07        1.5502e-07        5.6247e-07
  4900      9.10e-04  8.39e-04  4.10e-05      0.29      0.01        2.7655e-07        5.5215e-07        1.4192e-07        5.6253e-07        5.5083e-10        1.1370e-08        1.9370e-07        3.1313e-07        3.4932e-07        7.1567e-07        1.4192e-07        5.6253e-07
  5000      9.63e-04  8.55e-04  3.28e-05      0.30      0.01        3.5189e-07        5.7555e-07        1.7102e-07        5.5977e-07        5.2615e-08        9.0590e-09        1.7185e-07        3.5599e-07        4.5540e-07        7.3843e-07        1.7102e-07        5.5977e-07

iter.03
Training:
  Convergence:
    100 / 100 = 	 1.00000
--
Testing:
  Convergence:
    10 / 10 = 	 1.00000
  3900      8.40e-04  8.34e-04  5.12e-05      0.27      0.01        2.2056e-07        4.8482e-07        1.3896e-07        5.5638e-07        1.8324e-09        6.9446e-09        1.2829e-07        3.2677e-07        3.4852e-07        7.4990e-07        1.3896e-07        5.5638e-07
  4000      8.92e-04  8.42e-04  4.10e-05      0.30      0.02        2.1317e-07        5.8190e-07        1.5415e-07        5.5470e-07        2.3081e-10        8.1992e-09        1.3534e-07        2.3392e-07        2.6163e-07        7.3551e-07        1.5415e-07        5.5470e-07
  4100      8.50e-04  8.80e-04  4.10e-05      0.30      0.02        1.6734e-07        5.5528e-07        2.1941e-07        5.5506e-07        1.6797e-09        5.1532e-09        1.0630e-07        3.2965e-07        2.1410e-07        7.1683e-07        2.1941e-07        5.5506e-07
  4200      9.62e-04  8.62e-04  4.10e-05      0.29      0.01        3.8277e-07        5.4293e-07        1.8988e-07        5.5296e-07        8.9515e-10        9.0134e-09        8.0001e-08        2.4140e-07        5.4197e-07        7.4337e-07        1.8988e-07        5.5296e-07
  4300      9.27e-04  9.18e-04  4.10e-05      0.33      0.02        2.7378e-07        5.8600e-07        2.9138e-07        5.5087e-07        0.0000e+00        0.0000e+00        1.8005e-07        3.3939e-07        3.3275e-07        7.2894e-07        2.9138e-07        5.5087e-07
  4400      8.44e-04  8.29e-04  4.10e-05      0.30      0.02        1.7860e-07        5.3353e-07        1.3616e-07        5.5180e-07        1.0496e-09        5.2690e-09        4.5362e-08        2.2126e-07        2.5125e-07        7.3438e-07        1.3616e-07        5.5180e-07
  4500      9.39e-04  8.38e-04  4.10e-05      0.31      0.01        2.7731e-07        6.0377e-07        1.5020e-07        5.5172e-07        5.7551e-09        4.3574e-09        4.4511e-07        2.2682e-07        2.9461e-07        7.6650e-07        1.5020e-07        5.5172e-07
  4600      9.18e-04  8.38e-04  4.10e-05      0.34      0.02        2.3119e-07        6.1139e-07        1.5111e-07        5.5030e-07        0.0000e+00        0.0000e+00        1.1908e-07        3.2354e-07        2.7848e-07        7.3430e-07        1.5111e-07        5.5030e-07
  4700      8.86e-04  8.60e-04  4.10e-05      0.32      0.02        2.4304e-07        5.4134e-07        1.9079e-07        5.4966e-07        1.4847e-10        5.7808e-09        2.6163e-07        4.0118e-07        2.8668e-07        7.3822e-07        1.9079e-07        5.4966e-07
  4800      8.64e-04  8.36e-04  4.10e-05      0.32      0.02        1.9112e-07        5.5452e-07        1.5086e-07        5.4811e-07        2.5298e-10        7.4493e-09        1.5212e-07        3.6111e-07        2.3645e-07        7.0673e-07        1.5086e-07        5.4811e-07
  4900      8.87e-04  8.37e-04  4.10e-05      0.33      0.02        2.3790e-07        5.4874e-07        1.5361e-07        5.4704e-07        2.5388e-09        2.2058e-08        1.7826e-07        3.7992e-07        3.0883e-07        7.2161e-07        1.5361e-07        5.4704e-07
  5000      8.77e-04  8.68e-04  3.28e-05      0.31      0.02        2.4464e-07        5.2452e-07        2.0571e-07        5.4732e-07        1.2561e-09        5.7477e-09        3.0957e-07        2.2555e-07        2.9921e-07        7.2037e-07        2.0571e-07        5.4732e-07

iter.04
Training:
  Convergence:
    100 / 100 = 	 1.00000
--
Testing:
  Convergence:
    10 / 10 = 	 1.00000
  3900      1.02e-03  9.31e-04  5.12e-05      0.29      0.01        4.8968e-07        5.5929e-07        3.1721e-07        5.4973e-07        2.2136e-08        5.2614e-09        5.6732e-07        3.0898e-07        5.5351e-07        7.2828e-07        3.1721e-07        5.4973e-07
  4000      9.36e-04  8.95e-04  4.10e-05      0.29      0.01        2.6629e-07        6.0956e-07        2.4993e-07        5.5169e-07        4.7523e-10        1.8086e-08        1.9690e-07        2.1445e-07        3.2216e-07        7.7400e-07        2.4993e-07        5.5169e-07
  4100      9.80e-04  8.37e-04  4.10e-05      0.30      0.01        3.3718e-07        6.2415e-07        1.5162e-07        5.4957e-07        0.0000e+00        0.0000e+00        1.7747e-07        2.6133e-07        4.0520e-07        7.6687e-07        1.5162e-07        5.4957e-07
  4200      9.11e-04  8.26e-04  4.10e-05      0.31      0.02        1.8894e-07        6.4048e-07        1.3172e-07        5.5098e-07        0.0000e+00        0.0000e+00        1.4334e-07        3.5757e-07        2.1609e-07        7.6459e-07        1.3172e-07        5.5098e-07
  4300      8.54e-04  9.04e-04  4.10e-05      0.27      0.02        2.2829e-07        5.0156e-07        2.6736e-07        5.4943e-07        4.4273e-10        1.0174e-08        1.8596e-07        4.2213e-07        3.4020e-07        7.3548e-07        2.6736e-07        5.4943e-07
  4400      8.63e-04  8.34e-04  4.10e-05      0.27      0.01        2.0466e-07        5.3935e-07        1.4581e-07        5.4908e-07        9.3917e-09        6.8474e-09        8.7962e-08        3.2955e-07        2.9825e-07        7.6203e-07        1.4581e-07        5.4908e-07
  4500      8.35e-04  8.29e-04  4.10e-05      0.27      0.01        1.6729e-07        5.3053e-07        1.3944e-07        5.4729e-07        3.8766e-09        4.9703e-09        1.1624e-07        3.7561e-07        2.3164e-07        7.3468e-07        1.3944e-07        5.4729e-07
  4600      7.98e-04  8.33e-04  4.10e-05      0.26      0.01        1.6716e-07        4.6905e-07        1.4569e-07        5.4762e-07        1.6486e-08        1.3077e-08        1.0780e-07        3.1212e-07        2.5392e-07        7.2402e-07        1.4569e-07        5.4762e-07
  4700      8.67e-04  8.48e-04  4.10e-05      0.27      0.01        2.6423e-07        4.8829e-07        1.7091e-07        5.4747e-07        4.7817e-08        2.5752e-08        1.2811e-07        3.5094e-07        3.9686e-07        7.0351e-07        1.7091e-07        5.4747e-07
  4800      8.53e-04  9.36e-04  4.10e-05      0.25      0.01        2.1555e-07        5.1228e-07        3.2919e-07        5.4705e-07        1.2375e-10        7.8716e-09        0.0000e+00        0.0000e+00        3.1348e-07        7.4228e-07        3.2919e-07        5.4705e-07
  4900      9.00e-04  8.23e-04  4.10e-05      0.28      0.02        2.1842e-07        5.9071e-07        1.3138e-07        5.4520e-07        3.4306e-09        9.9488e-09        2.2295e-07        2.1427e-07        2.5349e-07        7.5024e-07        1.3138e-07        5.4520e-07
  5000      9.18e-04  8.24e-04  3.28e-05      0.30      0.01        2.5427e-07        5.8772e-07        1.3406e-07        5.4551e-07        0.0000e+00        0.0000e+00        1.9727e-07        3.7296e-07        3.0819e-07        7.5386e-07        1.3406e-07        5.4551e-07

iter.05
Training:
  Convergence:
    11 / 100 = 	 0.11000
--
Testing:
  Convergence:
    0 / 10 = 	 0.00000
# using seed: 1751339591
# load 2 systems with fields {'lb_f', 'lb_e', 'eig', 'gvx'}
# using seed: 808527806
# load 2 systems with fields {'lb_f', 'lb_e', 'eig', 'gvx'}
# using seed: 3361695285
# load 2 systems with fields {'lb_f', 'lb_e', 'gvx', 'eig'}
# using seed: 1466946847
# load 2 systems with fields {'eig', 'lb_e', 'lb_f', 'gvx'}

