ATOMIC_SPECIES
Si 28.085 Si_ONCV_PBE-1.0.upf
C 12.011 C_ONCV_PBE-1.0.upf

LATTICE_CONSTANT
1.8897261254578281

LATTICE_VECTORS
8.61061272298482 0.0 0.0 
0.1559712075448175 8.501594209464933 0.0 
0.11036360850897255 0.20439619617732704 8.509718024153347 

ATOMIC_POSITIONS
Cartesian    # Cartesian(Unit is LATTICE_CONSTANT)
Si
0.0
32
3.292159094617 1.097798370890 3.225109781752 1 1 1
3.323019765272 1.152239974956 7.577970969628 1 1 1
3.332388951440 5.439940478070 3.169783973344 1 1 1
3.356860219067 5.488002542429 7.522032780839 1 1 1
7.637344642422 1.057887097557 3.197283187636 1 1 1
7.665974183619 1.110776344870 7.555047829085 1 1 1
7.677224653488 5.407340017969 3.152932838200 1 1 1
7.714093425329 5.459618479106 7.499370406628 1 1 1
3.303152785468 3.242124042189 1.028680504792 1 1 1
3.319865054981 3.301312202515 5.375117424122 1 1 1
3.341922044811 7.591904265954 0.978499741165 1 1 1
3.364409653792 7.651075200653 5.320202892597 1 1 1
7.644418070102 3.201244323918 1.002557197637 1 1 1
7.674896987928 3.256368445863 5.347471357933 1 1 1
7.693114542613 7.548873247561 0.944020983548 1 1 1
7.705360377158 7.598661164583 5.293624266023 1 1 1
1.100368513714 1.096603335175 1.062008774914 1 1 1
1.134675718127 1.136653040127 5.420949108775 1 1 1
1.139729325503 5.437509622099 1.021447065402 1 1 1
1.174123687284 5.490051598602 5.360622063990 1 1 1
5.454024969076 1.050759944438 1.038986538461 1 1 1
5.477831857489 1.107286357831 5.389064351526 1 1 1
5.490757874834 5.390490006527 0.992801093902 1 1 1
5.516534137417 5.448626110940 5.337604311199 1 1 1
1.138207018991 3.291451230078 3.208906050794 1 1 1
1.161749389616 3.342817634274 7.564543908754 1 1 1
1.184988051263 7.638341614719 3.158919427466 1 1 1
1.203535167806 7.683406118328 7.517727933999 1 1 1
5.490261739867 3.237737714592 3.185743874595 1 1 1
5.516199822449 3.303837886206 7.530255073124 1 1 1
5.533685203054 7.596704870599 3.129361086306 1 1 1
5.554875322817 7.650177973582 7.492274410777 1 1 1
C
0.0
32
8.696057081569 -0.079128793105 -0.046633830725 1 1 1
8.725602018564 -0.029741765574 4.290944664885 1 1 1
8.740701012574 4.256551340746 -0.106498933909 1 1 1
8.764461363557 4.320642228040 4.239615679200 1 1 1
4.355855554576 -0.041355883495 -0.026530130883 1 1 1
4.383064846471 0.005413168784 4.320377859145 1 1 1
4.384808149709 4.309392813756 -0.082176830634 1 1 1
4.410648793212 4.356103175593 4.265087758080 1 1 1
8.721999805495 2.129072027181 2.096857392878 1 1 1
8.758008782117 2.166837831604 6.446675352268 1 1 1
8.767750032421 6.470822450160 2.035198084811 1 1 1
8.799917707518 6.516832678706 6.388909974481 1 1 1
4.382998158980 2.157958107348 2.126942579948 1 1 1
4.415582963091 2.212284779322 6.462923600008 1 1 1
4.427985882638 6.503357838810 2.063853617279 1 1 1
4.446124065354 6.557861573348 6.413970358578 1 1 1
2.187407869383 0.007793960849 2.159388481245 1 1 1
2.212973417410 0.062185340880 6.508900921153 1 1 1
2.228036683441 4.351105941474 2.103208627792 1 1 1
2.251984844398 4.400733790778 6.449428424898 1 1 1
6.535817893163 -0.033167691017 2.132667315989 1 1 1
6.566726595377 0.005373452309 6.480719482692 1 1 1
6.570593410799 4.319019947237 2.081340956333 1 1 1
6.599348893915 4.362427015774 6.428296838052 1 1 1
2.191865144125 2.154334847816 -0.036884723482 1 1 1
2.223798012445 2.204495620782 4.307708813832 1 1 1
2.233555768535 6.500811935236 -0.092856285101 1 1 1
2.259365135649 6.550970551791 4.257133250278 1 1 1
6.547177381870 2.112092708737 -0.072400051870 1 1 1
6.571481883613 2.165948245657 4.280122012041 1 1 1
6.583119149657 6.455519129624 -0.110610720763 1 1 1
6.606545126817 6.506305180834 4.227741246635 1 1 1

NUMERICAL_ORBITAL
Si_gga_9au_100Ry_3s3p2d.orb
C_gga_9au_100Ry_3s3p2d.orb
