MDSTEP:  0
LATTICE_CONSTANT: 1.889726125458
LATTICE_VECTORS
  9.032279624460  0.000000000000  0.000000000000
  -4.342489167581  8.290808115387  0.000000000000
  0.075149363540  -0.131814347156  10.077271130958
VIRIAL (KBAR)
  161.552619833344  9.817562223200  -7.089719498016
  9.817562223200  -86.329707112932  14.760844599383
  -7.089719498016  14.760844599383  69.248314693781
INDEX    LABEL    POSITIONS    FORCE (eV/Angstrom)
  0  Si  0.027064776515  1.776119879208  2.556409598206  2.684248966114  0.556367015993  0.634414765290
  1  Si  3.189882748319  7.102621875232  2.573107226828  0.133889120372  1.112400157513  0.249983328876
  2  Si  -3.011863720181  7.178729337773  2.596130553239  3.275822094029  2.290927072209  0.723620017410
  3  Si  4.738551615222  6.185131481429  5.104375005785  -3.476530599688  -1.133200764456  1.065477516521
  4  Si  1.572793808449  0.843365587230  5.087413491848  0.034729637422  -1.056381009046  0.320625515848
  5  Si  7.782378274883  0.783343178264  5.045656538460  -3.921318089050  -2.931053457531  1.757536989173
  6  Si  0.050907301218  1.725188516689  7.643132255542  2.738635443120  1.026591064482  0.467076199400
  7  Si  3.220655179897  7.078324347641  7.666041922534  -0.408825882876  0.992818529265  -0.212434349622
  8  Si  -2.981445918197  7.136036853756  7.686747313025  2.763648383733  2.227460045656  0.156992321758
  9  Si  4.678548527124  6.271408263514  0.107558017311  -2.892017314529  -0.608187553837  -0.555802210206
  10  Si  1.523130053701  0.948086103833  0.093305908789  0.036460019886  -1.242942991371  -1.232800431155
  11  Si  7.721552596580  0.872713923588  0.071132421772  -3.539362841012  -2.603683993152  -0.515225976998
  12  Si  -1.496656353787  4.478693365876  2.581912315574  2.797092467692  0.937379133414  0.862944458412
  13  Si  1.604056622061  4.433377676554  2.560084174847  0.049822559617  0.026319202763  0.542269340802
  14  Si  0.095282557206  7.138613136056  2.587780015040  0.360241216663  1.252087075657  0.103620987512
  15  Si  6.259322763674  3.484663309159  5.079139610050  -3.133402287383  -1.289113095526  1.118977042705
  16  Si  3.148525211066  3.501717965292  5.092522511776  -0.043442192975  0.323960724283  0.248966834679
  17  Si  4.680796245993  0.815814155391  5.077834268081  -0.745708156348  -1.300555110935  0.219783173658
  18  Si  -1.478932067557  4.441173099736  7.656878313295  2.834587425379  0.795432771202  0.720484008213
  19  Si  1.622531483153  4.406958078159  7.655668174878  0.121666715892  -0.087616995852  -0.149458445266
  20  Si  0.104435975702  7.113929817870  7.668033841311  0.728423799275  1.103544785759  -0.217020512018
  21  Si  6.195199188418  3.587697966836  0.087376122440  -2.883710230673  -1.697652950466  -0.355593313153
  22  Si  3.100759446131  3.607729450894  0.091018678774  0.108042119341  0.093167122101  -1.159654527014
  23  Si  4.620912026204  0.900429953614  0.079847225868  -0.410343372204  -1.281519903106  -1.393205249139
  24  Si  3.130642180813  1.729417631671  2.529179791468  -0.082846212382  -0.297957318983  0.502614341919
  25  Si  6.217396243568  1.697589137260  2.524585309675  -0.225773236352  -0.429420864803  0.256647132102
  26  Si  4.703189824710  4.403288032566  2.556164528823  -0.486225294499  -0.275334641081  0.447249902470
  27  Si  1.637173572773  6.212960995167  5.119023133145  -0.118816470943  0.537301158181  0.004743119687
  28  Si  -1.459428846411  6.248518711487  5.122143073335  0.442267717216  0.778762076578  0.351857907225
  29  Si  0.052914254353  3.538913194341  5.112779523051  0.711674299009  0.458279729306  0.250687219170
  30  Si  3.146602773982  1.709089053914  7.626709865858  0.051925868601  -0.655008285041  -0.313352579827
  31  Si  6.247492152399  1.671924910707  7.604763496134  -0.486166107276  -0.739432309958  0.265825005977
  32  Si  4.731872217804  4.378227147610  7.624608494648  -0.792206854192  -0.402699136496  0.351844985614
  33  Si  1.580328998703  6.307312743026  0.132155613015  -0.036184604838  0.723843583054  -1.804790715662
  34  Si  -1.521914590641  6.344560526911  0.130102923208  0.716927031110  0.551084071586  -1.256799511351
  35  Si  0.006637698131  3.647729785890  0.115243412167  0.405655889660  0.068622255024  -1.314998141155
  36  C  0.029585126910  1.761228980323  4.461482730988  3.210767467207  1.188346194240  -1.405437483604
  37  C  3.188933171778  7.095683245971  4.491606252363  0.160895058771  1.216788833281  -0.231024324204
  38  C  -3.015782101600  7.157250737502  4.511199917247  3.883102765025  3.023025723238  -1.423395374856
  39  C  4.740544704233  6.169529291271  7.012149107227  -2.165300549742  -0.677004925097  -0.714800555338
  40  C  1.574273566998  0.838082381759  6.985155935813  0.412665987523  -1.206017817340  0.733684961743
  41  C  7.797484570152  0.769697099348  6.977568146696  -3.493543923404  -2.585843725901  -0.689958480809
  42  C  0.049110550475  1.731618280133  9.546392440669  3.029372538623  0.900340428707  -1.278751468766
  43  C  3.206463512053  7.072285800555  9.577254481864  0.173612149696  0.971282647961  -0.165759794151
  44  C  -2.985439309355  7.128943803790  9.591516821234  3.268563726295  2.679439701436  -1.258197836642
  45  C  4.739960825068  6.200192565241  1.931197236822  -2.889281510008  -0.823152601359  0.492591671670
  46  C  1.570375819586  0.862692717129  1.913567087867  -0.133948622244  -0.951898327387  1.865234030163
  47  C  7.776951907271  0.796662230458  1.881246074310  -3.298593201788  -2.237976086637  1.375777422853
  48  C  -1.479302458472  4.466989394993  4.491752457366  2.873284659674  1.200632871534  -1.224615282418
  49  C  1.615525924852  4.424532182441  4.480320224196  -0.157345425798  -0.163876961104  -0.231843162657
  50  C  0.090726423720  7.135101663771  4.502002814299  0.576295050202  1.190852588234  -0.203967775942
  51  C  6.259188956017  3.468181075350  6.993973979750  -2.506302054178  -1.011485150600  -0.878908194635
  52  C  3.159807333426  3.496835403184  7.004468405242  0.067462320806  0.303925527465  0.032844400579
  53  C  4.688140727903  0.789068817664  6.987713142204  -0.572712221772  -1.013757528037  0.324857324395
  54  C  -1.467292176337  4.422885931971  9.575151152981  3.161301028054  1.499187970792  -1.496122132962
  55  C  1.634342516118  4.399764150277  9.567020723721  -0.006034908874  -0.289663707717  -0.318580318047
  56  C  0.107528457286  7.105609836136  9.580298348361  0.551703456737  1.011434723929  -0.119880661094
  57  C  6.255013879070  3.505671601386  1.910031053148  -3.009347603294  -1.097548479777  0.688937379357
  58  C  3.133928739148  3.530259559511  1.924104282348  0.175566054709  0.293222911700  1.092459937258
  59  C  4.663778684057  0.828797886198  1.904552631093  -0.456711480137  -1.125084434574  1.628584278089
  60  C  3.129650239426  1.730339674319  4.454577560402  -0.031163209903  -0.686072327968  -0.351917710986
  61  C  6.239701136872  1.696457227786  4.438107564323  -0.584561934371  -0.435896872828  -0.079975833398
  62  C  4.705934663811  4.385661899815  4.476560060597  -0.271736640226  -0.018918677084  -0.215854630767
  63  C  1.641172679104  6.202762827791  7.026774121724  0.220653528416  0.380861940692  -0.034176564504
  64  C  -1.461006473713  6.231703061681  7.047625322050  0.701726614579  0.445626216793  -0.333996027901
  65  C  0.062957298648  3.529573975043  7.018735093218  0.373663430047  0.205715759977  0.156502607002
  66  C  3.164247915058  1.695912900991  9.529647813214  -0.339159959196  -0.531091846116  -0.162513417339
  67  C  6.256099210032  1.663806791637  9.525320195836  -0.603474200364  -0.499032844536  -0.190758616234
  68  C  4.739550150500  4.366005194847  9.552349910542  -0.637400112862  -0.283899979131  -0.390879818395
  69  C  1.629713177770  6.240798220296  1.950078003088  -0.004817817777  0.237639911867  1.187907151841
  70  C  -1.477669133597  6.262953414357  1.960209049362  0.615962221332  0.697271255062  1.194375678792
  71  C  0.041023876725  3.568142264469  1.934832565551  0.391956291335  0.368039893899  1.484452470056


MDSTEP:  1
LATTICE_CONSTANT: 1.889726125458
LATTICE_VECTORS
  9.032279624460  0.000000000000  0.000000000000
  -4.342489167581  8.290808115387  0.000000000000
  0.075149363540  -0.131814347156  10.077271130958
VIRIAL (KBAR)
  160.844017949120  9.027070464515  -7.179433089007
  9.027070464515  -86.834943612045  14.866216004690
  -7.179433089007  14.866216004690  68.921168346690
INDEX    LABEL    POSITIONS    FORCE (eV/Angstrom)
  0  Si  0.028399168127  1.775495327775  2.557102094789  2.628169016155  0.546736615179  0.589059522184
  1  Si  3.189777465635  7.102236599769  2.573366425340  0.130655294949  1.123074205617  0.245086735541
  2  Si  -3.011251675468  7.179835448386  2.596473868784  3.235865332925  2.245021277293  0.698811815196
  3  Si  4.738773477501  6.183836087520  5.104846019286  -3.446544581682  -1.060585322092  1.036680664508
  4  Si  1.572804114242  0.843974383068  5.087748634783  0.038846314155  -1.062314862049  0.310650321492
  5  Si  7.782262982131  0.783259956917  5.045624692607  -3.908849156094  -2.918658651462  1.743066696367
  6  Si  0.051375973053  1.725377067018  7.642933138224  2.701958337546  1.006498529675  0.451360934760
  7  Si  3.221389187559  7.079314303757  7.666054743612  -0.426840335120  0.986634944157  -0.218089884144
  8  Si  -2.980435787590  7.136668375581  7.686300607525  2.735138081100  2.217787145994  0.153940618707
  9  Si  4.677799834231  6.271618363693  0.107703527778  -2.825601860518  -0.584968404722  -0.584472866068
  10  Si  1.523048434399  0.948809607395  0.093002783635  0.042062210573  -1.257315847218  -1.207814472390
  11  Si  7.720833211640  0.871508050601  0.071014687504  -3.488093200862  -2.553217772104  -0.523300357284
  12  Si  -1.495939968390  4.478170447890  2.581879331825  2.753358792154  0.916917989350  0.840983855825
  13  Si  1.604129704396  4.434090142405  2.560368797994  0.047957887898  0.025434783947  0.527923665774
  14  Si  0.094813693238  7.138295096722  2.587297890951  0.357807757976  1.269581796889  0.131835019127
  15  Si  6.258278315906  3.483818749241  5.079496267496  -3.052407618635  -1.230462825427  1.067484033016
  16  Si  3.148245183594  3.502967689087  5.093098042944  -0.035068036575  0.304217831162  0.216752246597
  17  Si  4.680591520890  0.816048051667  5.078477388083  -0.746732467157  -1.307523170231  0.211402739330
  18  Si  -1.478443820931  4.441173268531  7.656590271167  2.796237673270  0.769051712155  0.697859429367
  19  Si  1.622956452160  4.407493327475  7.654915718692  0.106831533589  -0.091478591701  -0.136845704255
  20  Si  0.104154826776  7.113336737927  7.667407053793  0.743097118691  1.119133029982  -0.196687950133
  21  Si  6.195099605695  3.587534039231  0.086870428478  -2.882064485867  -1.689354542962  -0.333756436975
  22  Si  3.100403212218  3.607336474246  0.090400651822  0.104152253764  0.083036725823  -1.126292877771
  23  Si  4.621711841012  0.900506545379  0.079301557429  -0.438749325166  -1.286754835798  -1.359809633959
  24  Si  3.130867777355  1.730005619397  2.529195972040  -0.074343683077  -0.307404604185  0.513887112615
  25  Si  6.217035556462  1.697953569433  2.525115742210  -0.233394080244  -0.451981771547  0.249993077120
  26  Si  4.703121217793  4.403053752931  2.556269911703  -0.491069658105  -0.271854769433  0.449685631635
  27  Si  1.636554518701  6.214072148219  5.118599689022  -0.098677851256  0.529491069617  0.004596352107
  28  Si  -1.459553120276  6.248050211176  5.122768911076  0.454348988143  0.804020665552  0.335400813659
  29  Si  0.052948892430  3.539595009209  5.112166216961  0.724405318302  0.453497651509  0.241721533843
  30  Si  3.146826441078  1.708362724589  7.626910089957  0.033552504250  -0.635515483133  -0.330476681892
  31  Si  6.246082123419  1.672205381708  7.605602783154  -0.452570846574  -0.752061498861  0.251710649015
  32  Si  4.731807685356  4.377410537315  7.625507111370  -0.802778139760  -0.383231812590  0.318063363980
  33  Si  1.580338509983  6.306661047939  0.131478323874  -0.043730773578  0.725911785003  -1.748023152612
  34  Si  -1.521087790347  6.344553324190  0.129282963402  0.710821286815  0.556977364509  -1.212074887200
  35  Si  0.006721235918  3.648168306700  0.114530523582  0.394942251924  0.054600549842  -1.293031219052
  36  C  0.029680259432  1.761721340944  4.460209437360  3.193239509163  1.175785221447  -1.361929999024
  37  C  3.189249143779  7.096552998287  4.490510275512  0.162472501667  1.199078108656  -0.198631518372
  38  C  -3.014863263230  7.157870502412  4.510551947638  3.830953766801  2.988588580323  -1.382618747386
  39  C  4.740261467376  6.169979923388  7.012268767583  -2.140308452642  -0.689021582819  -0.699549668301
  40  C  1.573597380903  0.837468198881  6.985520667979  0.432895941647  -1.202490617773  0.723458717959
  41  C  7.796621629173  0.769076923370  6.977638788829  -3.467935589217  -2.555519447851  -0.671801940435
  42  C  0.049999176020  1.732288405220  9.545331205462  2.964181996756  0.857989565792  -1.239368294682
  43  C  3.205624348852  7.072061140091  9.577544341695  0.195010184111  0.974695683028  -0.176246750672
  44  C  -2.983015224678  7.129685859351  9.590573161041  3.177159409705  2.633642282834  -1.220087485080
  45  C  4.739118840468  6.199105819427  1.931241754900  -2.839245382244  -0.777031253371  0.501759232155
  46  C  1.571190040857  0.862101443218  1.914834034947  -0.145989327907  -0.947159584693  1.820139805545
  47  C  7.775285465279  0.796496835680  1.881376320888  -3.234651555848  -2.210092986375  1.385493300392
  48  C  -1.477628520478  4.468265698519  4.490771947749  2.780137326257  1.124115287622  -1.174637989233
  49  C  1.616168181829  4.425146972985  4.478723758946  -0.169917264094  -0.160106545250  -0.192771008339
  50  C  0.090643897208  7.135635219994  4.502647294610  0.566767151378  1.191545897307  -0.209695698562
  51  C  6.258335589089  3.467113709036  6.992546953177  -2.468771402407  -0.970464992159  -0.831196994636
  52  C  3.158861676903  3.497310334303  7.003155058805  0.086599478099  0.288574745404  0.066668038012
  53  C  4.688462312256  0.789279375576  6.988474741329  -0.590778677815  -1.022596697761  0.315171610540
  54  C  -1.467462150216  4.423481013821  9.574296364837  3.150794830068  1.478020595480  -1.482213698550
  55  C  1.633868743800  4.398815536019  9.567681960376  0.007406922124  -0.269152867921  -0.348147500519
  56  C  0.108018270665  7.105318878737  9.580154296479  0.555916605393  1.013412315635  -0.127889128448
  57  C  6.253129402618  3.504303911496  1.910502850102  -2.944345730353  -1.045447261172  0.681892821485
  58  C  3.133786081912  3.530686671858  1.924899272227  0.173062507628  0.289481964428  1.058317327651
  59  C  4.663733556097  0.828414273535  1.905217236143  -0.463396333557  -1.119342774704  1.598324232556
  60  C  3.130180422629  1.730364866941  4.454866532797  -0.041535945837  -0.664854231513  -0.344609510132
  61  C  6.238813989540  1.696301500925  4.437765758864  -0.568393198395  -0.433297694593  -0.064754552283
  62  C  4.706413279562  4.386870213942  4.476470546421  -0.281348940842  -0.049242175903  -0.211654042889
  63  C  1.641012112322  6.203572152535  7.027212526261  0.232088930685  0.371948714526  -0.049297425237
  64  C  -1.460578975172  6.231987264130  7.048361048779  0.692421117913  0.429702418142  -0.354634310989
  65  C  0.063044190057  3.529213464135  7.017922990315  0.377328495604  0.218417252607  0.162236430405
  66  C  3.163478859905  1.695578373225  9.528952621663  -0.315019399595  -0.527682854271  -0.146173024282
  67  C  6.255646473199  1.663899329298  9.525600561594  -0.588425912144  -0.498638117827  -0.201525702154
  68  C  4.738314049675  4.364661680680  9.551421397984  -0.614695661273  -0.254825579312  -0.371195127811
  69  C  1.629017467467  6.241894228312  1.952046705480  0.006363301599  0.216241549520  1.114388053150
  70  C  -1.477738128640  6.262420584160  1.961415418586  0.610597367233  0.699815511397  1.139936332247
  71  C  0.041558148903  3.568399020403  1.934586273985  0.386669576433  0.352970663376  1.475563507888


MDSTEP:  2
LATTICE_CONSTANT: 1.889726125458
LATTICE_VECTORS
  9.032279624460  0.000000000000  0.000000000000
  -4.342489167581  8.290808115387  0.000000000000
  0.075149363540  -0.131814347156  10.077271130958
VIRIAL (KBAR)
  159.763873033137  8.132885489120  -7.429835501780
  8.132885489120  -87.849341225431  14.988225784499
  -7.429835501780  14.988225784499  68.974084282046
INDEX    LABEL    POSITIONS    FORCE (eV/Angstrom)
  0  Si  0.031328793374  1.774031647158  2.555499636180  2.557903457056  0.581859021917  0.649344651780
  1  Si  3.189840570621  7.104354068796  2.574375271823  0.124260082616  1.127981346667  0.232284657581
  2  Si  -3.008012441049  7.178980722810  2.596158700967  3.218831171409  2.260884735862  0.684509627555
  3  Si  4.738674167255  6.185413752016  5.105451667652  -3.310758423440  -0.949457065171  0.911517142048
  4  Si  1.574075348290  0.845886038050  5.086450488618  0.012974945200  -1.091813591469  0.345522211464
  5  Si  7.783165613944  0.782528056666  5.048505052853  -3.858681286548  -2.842445686768  1.639556827758
  6  Si  0.052274781121  1.725999568339  7.645399789564  2.633783458085  0.977062995350  0.369272945460
  7  Si  3.222819890592  7.081306894080  7.666477255560  -0.458601604107  0.943661083249  -0.253367337319
  8  Si  -2.978668628642  7.140037562292  7.688647828488  2.637914223023  2.161180848343  0.084066539529
  9  Si  4.675905487822  6.273387773872  0.107972056866  -2.721763993506  -0.604160431421  -0.540364932868
  10  Si  1.523788114776  0.949742746206  0.094037668144  -0.006043412673  -1.287132293555  -1.207479668902
  11  Si  7.721187301588  0.869382191354  0.071384361709  -3.461085960740  -2.515831418092  -0.445214130307
  12  Si  -1.495149010280  4.476732292815  2.583723718854  2.718564969574  0.907037701594  0.809372545687
  13  Si  1.606067999927  4.436062474643  2.561415646522  -0.030169181880  -0.013931078208  0.506897253658
  14  Si  0.094475923192  7.139320727557  2.587853261445  0.338624818123  1.251679146218  0.153824690034
  15  Si  6.257996119667  3.483598989623  5.078011861389  -3.080599619476  -1.275020384494  1.094789787854
  16  Si  3.148649107358  3.500613709273  5.094230104969  -0.027230941744  0.430800130755  0.177403997914
  17  Si  4.680430528598  0.817349718710  5.078629233677  -0.793643740099  -1.346107690054  0.197266141091
  18  Si  -1.479522212597  4.441383833724  7.656884496415  2.770188142381  0.776580129160  0.668681306012
  19  Si  1.620616444240  4.409116654428  7.654261544537  0.180053228717  -0.117207190985  -0.156564387507
  20  Si  0.105134742511  7.113469184001  7.665465394020  0.752010521976  1.085557839322  -0.179760407688
  21  Si  6.193651919730  3.585622038700  0.086264984149  -2.712106168262  -1.565658307097  -0.374379335381
  22  Si  3.097898872252  3.608510436322  0.090401787232  0.139890983966  0.051586817097  -1.175726222366
  23  Si  4.623208471226  0.900499725828  0.078554049775  -0.468703319607  -1.304968108372  -1.349273227466
  24  Si  3.130723066717  1.732506572226  2.527049624049  -0.099762583762  -0.408116291582  0.553905522969
  25  Si  6.214714270221  1.698539290015  2.525713709876  -0.188603940788  -0.448092530751  0.230663630114
  26  Si  4.701492283691  4.401485313733  2.557110003391  -0.438792536063  -0.201441511232  0.421154540089
  27  Si  1.638750000326  6.215506568007  5.118405721347  -0.136122116745  0.517440433877  0.044175900622
  28  Si  -1.459720442242  6.250171926591  5.125266963161  0.444842134879  0.771966138023  0.307169144362
  29  Si  0.055560838335  3.541851607007  5.113654826747  0.665562220072  0.419460517346  0.226918608986
  30  Si  3.145961871990  1.708337808442  7.625318080383  0.040339888481  -0.619809396083  -0.291524780169
  31  Si  6.245808473028  1.674314879116  7.605511168258  -0.505458889945  -0.788655083877  0.246438913081
  32  Si  4.733554952199  4.379738637174  7.623951713593  -0.877792223937  -0.362137963306  0.362154909804
  33  Si  1.580102602511  6.308385539183  0.132280382489  -0.094948644819  0.697319799342  -1.803040764353
  34  Si  -1.518712809085  6.343468595195  0.130243693207  0.616685814794  0.546080728691  -1.291506456044
  35  Si  0.009296818508  3.647301896390  0.113572425534  0.330052980959  0.089854035995  -1.300973029004
  36  C  0.032734693610  1.763104135135  4.460098761793  3.074371787788  1.139649102024  -1.318110008407
  37  C  3.186892604761  7.097338823997  4.489224637809  0.241288481035  1.203192986663  -0.164393565706
  38  C  -3.010547182557  7.163624032160  4.507112508747  3.651405851088  2.835768150768  -1.261448185608
  39  C  4.739399746642  6.172367962465  7.008565742920  -2.036797500346  -0.640930711804  -0.584918454698
  40  C  1.572927324673  0.834079369721  6.987281233194  0.430910566160  -1.138624787989  0.683357971176
  41  C  7.794581928819  0.768445216349  6.977874612559  -3.378788477531  -2.479892161443  -0.615048085898
  42  C  0.048829399120  1.733467618246  9.544847696539  2.982915755816  0.808914643907  -1.197166719886
  43  C  3.203709283994  7.068971621109  9.576145771867  0.226301550484  1.034903507955  -0.153866131429
  44  C  -2.984414673208  7.135211969271  9.590409484293  3.167376341775  2.523370303583  -1.148084663254
  45  C  4.739016923563  6.201598343790  1.935132423289  -2.871354934267  -0.830412237887  0.402782760917
  46  C  1.568441119967  0.860921863327  1.916197325208  -0.042941777817  -0.939627443827  1.777965857177
  47  C  7.775063492294  0.795840397901  1.886237774031  -3.263190465392  -2.211391473229  1.259335171838
  48  C  -1.478169564910  4.467501581878  4.492904882790  2.828861014119  1.169775215674  -1.196182547943
  49  C  1.614953285941  4.428233556527  4.480562249963  -0.096031148380  -0.202186284083  -0.233252607027
  50  C  0.090904434314  7.134765070966  4.506074050544  0.569728975573  1.216074398777  -0.272913681975
  51  C  6.253312340935  3.469277638821  6.992870892934  -2.341155679065  -0.997188332778  -0.858078417962
  52  C  3.160691384443  3.500959454038  7.000665523626  0.032789168661  0.207003339403  0.146525700801
  53  C  4.686235241481  0.785778783418  6.986337051899  -0.533925470515  -0.953868266134  0.380720588648
  54  C  -1.463915856669  4.422062222070  9.570100587939  3.001676688084  1.430467743513  -1.362863793830
  55  C  1.631681638957  4.402196817012  9.563489186313  0.071843224177  -0.325368115026  -0.251126441465
  56  C  0.105734668974  7.103074087009  9.579744458206  0.630623684630  1.070588774463  -0.148739323062
  57  C  6.251959893088  3.506806389374  1.907837741661  -2.927789005250  -1.090694397014  0.769006914230
  58  C  3.134844565361  3.527462438749  1.924894141836  0.120589849552  0.394719461999  1.041514283174
  59  C  4.663332577651  0.827004641233  1.904836375381  -0.478425747854  -1.096315322648  1.601595759381
  60  C  3.128086952920  1.733150297728  4.455122292589  0.024783487607  -0.710705913459  -0.378136752091
  61  C  6.235867777329  1.692208156707  4.437165119471  -0.492971607449  -0.339811490370  -0.034056441782
  62  C  4.708714018775  4.388870246116  4.475144486877  -0.346923825760  -0.090747128107  -0.186680369770
  63  C  1.645206930080  6.200133316339  7.027362476518  0.160675558443  0.481864858621  -0.058786495760
  64  C  -1.462429958499  6.233634778929  7.049684343275  0.728452602307  0.402805751424  -0.362641970658
  65  C  0.061959707023  3.532522917337  7.019234264153  0.381923220671  0.141098885747  0.132522272592
  66  C  3.161949824309  1.691533584882  9.530981994803  -0.275544700962  -0.413477097572  -0.200749001201
  67  C  6.257615424356  1.665098298151  9.526903042681  -0.625541224800  -0.558080172533  -0.238597246604
  68  C  4.741073740385  4.362951246784  9.553155526480  -0.697923278386  -0.190984993471  -0.417422256005
  69  C  1.627396054699  6.244558197584  1.950439037704  0.064313646753  0.178089433460  1.171784055131
  70  C  -1.476514241924  6.259388188168  1.959123066812  0.617895772510  0.731727247646  1.211996967744
  71  C  0.039110019708  3.566623103840  1.932842981236  0.488963163372  0.384285097459  1.516438043132


MDSTEP:  3
LATTICE_CONSTANT: 1.889726125458
LATTICE_VECTORS
  9.032279624460  0.000000000000  0.000000000000
  -4.342489167581  8.290808115387  0.000000000000
  0.075149363540  -0.131814347156  10.077271130958
VIRIAL (KBAR)
  159.887949318433  7.805581244143  -7.972150534168
  7.805581244143  -88.364363368447  15.316365036251
  -7.972150534168  15.316365036251  68.167826073200
INDEX    LABEL    POSITIONS    FORCE (eV/Angstrom)
  0  Si  0.032827007453  1.771159614701  2.558430456856  2.522392949862  0.742669296991  0.626856205545
  1  Si  3.192979891219  7.101655544138  2.577410726052  0.027744003591  1.124429318968  0.173793145233
  2  Si  -3.007121750305  7.178068162979  2.596998667409  3.152384457256  2.241789335871  0.632675879783
  3  Si  4.735234889900  6.185675510566  5.105600460843  -3.135349882968  -0.880615835581  0.823738534743
  4  Si  1.576273151127  0.848472495715  5.086753547087  -0.038841790514  -1.186438452102  0.326365965524
  5  Si  7.782411685969  0.783146059656  5.047158461622  -3.761762925972  -2.819904801994  1.623191985394
  6  Si  0.051540395661  1.727263768723  7.645792004294  2.658690242672  0.923847740788  0.365826102571
  7  Si  3.219302632192  7.084630519446  7.665330521086  -0.378114245200  0.885149909700  -0.326939404663
  8  Si  -2.979807927733  7.140937319324  7.687988469709  2.675837010474  2.147255912470  0.012229740822
  9  Si  4.673630082274  6.274430706834  0.108795225723  -2.624590706024  -0.572072617648  -0.593351870725
  10  Si  1.523392193401  0.947695056011  0.095035166400  -0.069458623782  -1.245412531526  -1.176147103581
  11  Si  7.718836706508  0.866533572941  0.073033138018  -3.347718387655  -2.441703662573  -0.431064016226
  12  Si  -1.495896393089  4.478319905205  2.580638781005  2.732352273820  0.887690230296  0.897575336475
  13  Si  1.608456545428  4.438507258754  2.562290179420  -0.130949308914  -0.056508728122  0.427032105131
  14  Si  0.093351367452  7.140918210549  2.588092601087  0.379015382787  1.290009071580  0.189752421685
  15  Si  6.259356697358  3.481424699953  5.076693541072  -3.196686988252  -1.191639259503  1.117280181129
  16  Si  3.145673361634  3.500861678388  5.097000595715  -0.001023752185  0.414677504309  0.071152999502
  17  Si  4.680932279252  0.817102972307  5.080930537809  -0.825260606725  -1.323496793633  0.104815481056
  18  Si  -1.475380364685  4.443296226985  7.656029599822  2.588492495231  0.703186184022  0.700047461074
  19  Si  1.619704775398  4.405906195148  7.650898184288  0.216167297258  0.030368240199  -0.026438334524
  20  Si  0.101952934405  7.113753529559  7.663964008804  0.788428652511  1.091847634786  -0.150364207304
  21  Si  6.194167791778  3.587309461116  0.086187870105  -2.757332274406  -1.671356257695  -0.315338875416
  22  Si  3.097720825151  3.605596677130  0.087849931343  0.126187633898  0.138767770005  -1.024400343905
  23  Si  4.622933791020  0.902994279319  0.074916699000  -0.447637269623  -1.325341813112  -1.195193223565
  24  Si  3.127800081446  1.730592903956  2.528709020555  -0.096269349072  -0.320098383028  0.517837951015
  25  Si  6.215422700712  1.695555353905  2.529001240988  -0.264535107881  -0.379002228414  0.191466258696
  26  Si  4.703895773600  4.399095166677  2.557087502661  -0.515317750753  -0.215893385758  0.426918683984
  27  Si  1.640491572537  6.217613239046  5.114993972469  -0.260259801550  0.492331178667  0.078576783737
  28  Si  -1.459021190843  6.252080753209  5.127066609551  0.383671037576  0.692134705301  0.187473758710
  29  Si  0.058726740666  3.539190362267  5.115732153596  0.555596567716  0.498779257817  0.158772875996
  30  Si  3.149078851293  1.705354809478  7.623653259173  -0.069482274134  -0.550910393696  -0.210915825271
  31  Si  6.243822872257  1.676196925762  7.602781019673  -0.425237751364  -0.832810380777  0.265446938231
  32  Si  4.734968383659  4.378065662964  7.621805280598  -0.842198205583  -0.270281413450  0.437639933349
  33  Si  1.583112482759  6.310438323709  0.128857530777  -0.159923803339  0.666347861634  -1.626385627835
  34  Si  -1.515156817034  6.346056153221  0.128698560051  0.578045994180  0.499857901602  -1.207999977970
  35  Si  0.010747999031  3.647030500461  0.112669488397  0.303123009969  0.072349448987  -1.180052697756
  36  C  0.036841512313  1.762148761239  4.460108034190  2.983083958690  1.114395837177  -1.251978234033
  37  C  3.183153489679  7.093854670631  4.487795824577  0.335932621491  1.288207700261  -0.145281254100
  38  C  -3.011472734319  7.167601346907  4.502001306212  3.554812240314  2.694762012028  -1.093066305918
  39  C  4.741809811117  6.172729445984  7.005022670345  -2.145373697717  -0.642388773924  -0.507864201773
  40  C  1.575062591780  0.833471717831  6.985835599457  0.392363399069  -1.097908821906  0.717125217893
  41  C  7.796578681167  0.769303828296  6.973363736844  -3.436585358157  -2.470078892795  -0.562413500132
  42  C  0.046317865875  1.734276177931  9.542815673532  2.985222431460  0.720277711354  -1.122973601226
  43  C  3.200825335250  7.069299687074  9.572410068818  0.316761309978  1.049652538335  -0.095261403403
  44  C  -2.983908419170  7.136534936909  9.584230542094  3.106658673050  2.439161349666  -0.981473012200
  45  C  4.738302407453  6.196958421633  1.935051542536  -2.774279977049  -0.706065013205  0.410834399812
  46  C  1.563986969545  0.863145805096  1.920664720912  0.023095253543  -1.017006692225  1.625946666503
  47  C  7.774405056384  0.798424222499  1.891152306864  -3.283053187018  -2.309426588476  1.149599349069
  48  C  -1.480545409726  4.463628325438  4.492231757209  2.952987964229  1.307091582237  -1.189824801482
  49  C  1.611444425920  4.432618876385  4.476224556841  -0.023128179400  -0.289253639597  -0.086515198476
  50  C  0.090171625209  7.136764359407  4.507325955352  0.600611980173  1.217866178726  -0.285751193995
  51  C  6.253561060621  3.468895510890  6.991189014055  -2.263814790832  -0.942203739589  -0.806469790123
  52  C  3.164144752659  3.501951374831  7.005263847387  -0.051845714542  0.151159396620  0.055146061039
  53  C  4.682848589339  0.788086873193  6.985305782319  -0.448439251112  -0.990223465961  0.400283141028
  54  C  -1.462759990586  4.418933099642  9.572279053961  3.048211997458  1.580487419703  -1.441419141938
  55  C  1.630541715032  4.404563727339  9.567902317436  0.115277394360  -0.368462582807  -0.402680510619
  56  C  0.109953622557  7.107457168992  9.581904144927  0.559822721082  1.036624850759  -0.243881661941
  57  C  6.251045045939  3.506101761549  1.909780468239  -2.912445933144  -1.120377376007  0.701460888672
  58  C  3.134966958881  3.528617209248  1.927557274250  0.114893933002  0.341137452642  0.946188141991
  59  C  4.657947110048  0.828844379154  1.907182718811  -0.374060756797  -1.115262650846  1.499004806283
  60  C  3.124269841585  1.728794877776  4.451586265022  0.130229595662  -0.576837118262  -0.255584044228
  61  C  6.238420332048  1.695594510464  4.439638859131  -0.565804798399  -0.444984012717  -0.057299162134
  62  C  4.705076872442  4.390569259387  4.473006811930  -0.286483008560  -0.160945477787  -0.114124685108
  63  C  1.641143716508  6.204649011337  7.023087434697  0.221225393580  0.376957583341  -0.000855844784
  64  C  -1.462059733663  6.231517118044  7.046201428544  0.692575856432  0.474863102856  -0.268977282399
  65  C  0.060010382655  3.534311833433  7.024091843606  0.461889942941  0.074508443552  0.010418654547
  66  C  3.158772769792  1.691274930762  9.533780480942  -0.218649519898  -0.439509619027  -0.306621749957
  67  C  6.261750829326  1.660846106524  9.524528215919  -0.739876915086  -0.443275635482  -0.217499992906
  68  C  4.741161533803  4.364333912385  9.556789181870  -0.701359713329  -0.227484458804  -0.530232009709
  69  C  1.624608190807  6.246550642883  1.952755286207  0.156172582153  0.199447244952  1.057118273465
  70  C  -1.472483195313  6.263302798874  1.963001558155  0.516142757699  0.694368847188  1.056323089777
  71  C  0.034490782119  3.567892729992  1.935310915022  0.617050591769  0.340723742643  1.446724671860


MDSTEP:  4
LATTICE_CONSTANT: 1.889726125458
LATTICE_VECTORS
  9.032279624460  0.000000000000  0.000000000000
  -4.342489167581  8.290808115387  0.000000000000
  0.075149363540  -0.131814347156  10.077271130958
VIRIAL (KBAR)
  158.920627321817  7.377519594636  -7.455063368847
  7.377519594636  -88.534581841539  15.690176064847
  -7.455063368847  15.690176064847  67.744405578515
INDEX    LABEL    POSITIONS    FORCE (eV/Angstrom)
  0  Si  0.035883279984  1.773693036285  2.556855026995  2.459642894176  0.676276811115  0.574287082300
  1  Si  3.189475718978  7.105196590380  2.574753440833  0.217749484097  1.102550268569  0.240321674338
  2  Si  -3.008703741990  7.177674295452  2.596743173530  3.181278954282  2.256839865359  0.673104516289
  3  Si  4.733150829202  6.186597675782  5.102568431256  -3.002765215438  -0.809472004632  0.812999766199
  4  Si  1.574812900575  0.851131908702  5.087758944360  -0.041079650739  -1.224060114725  0.332105248722
  5  Si  7.777833280679  0.784715884266  5.049789218161  -3.544517653874  -2.812145204009  1.463208724227
  6  Si  0.051613436967  1.726475325519  7.645039675407  2.604607188224  0.913423472612  0.422572062415
  7  Si  3.217281496008  7.085761837350  7.661633779039  -0.257837355882  0.821404998436  -0.285877460898
  8  Si  -2.975555079877  7.141112134653  7.691157575745  2.518698327967  2.179418817578  -0.042732744654
  9  Si  4.674179975256  6.273907511212  0.108355932647  -2.586066249355  -0.562592276494  -0.596289639890
  10  Si  1.521645143502  0.944979353773  0.092523041333  -0.046980875167  -1.202923017031  -1.161990291614
  11  Si  7.718323528695  0.864044078397  0.069780841973  -3.406635060629  -2.467627233306  -0.313463174755
  12  Si  -1.492886876773  4.478460123941  2.580829801109  2.552960654145  0.886290366286  0.939710668918
  13  Si  1.605858640510  4.441467074557  2.559393350202  -0.101121288531  -0.053786180834  0.581925381165
  14  Si  0.091764530657  7.138742818440  2.584030371901  0.387526402290  1.317030311781  0.325102008582
  15  Si  6.261585606784  3.479261576284  5.079639450562  -3.204682937870  -1.101022022559  1.011601338937
  16  Si  3.146922351937  3.502560949850  5.094330388643  -0.030570901459  0.404624819778  0.035739977260
  17  Si  4.676869203934  0.820464756529  5.083250016324  -0.710137445029  -1.407312844041  0.018011360624
  18  Si  -1.477704183512  4.446536950110  7.653839806227  2.702270675416  0.644702716536  0.729568679624
  19  Si  1.623881749134  4.406216443591  7.652283040706  0.155759450603  -0.016477513683  -0.061915933318
  20  Si  0.101940164442  7.116856152627  7.667169340516  0.833234786872  1.021715558760  -0.205746728939
  21  Si  6.194979716255  3.585948820867  0.083534977435  -2.765705289658  -1.641431725259  -0.232394761664
  22  Si  3.100570063683  3.602777830345  0.088939591584  -0.008258130177  0.264513493004  -1.065292538498
  23  Si  4.621317660270  0.901270417904  0.074776019176  -0.508624400185  -1.290285744173  -1.198663948034
  24  Si  3.127412021110  1.731648238537  2.530689170569  -0.011966251150  -0.344910393880  0.387989489638
  25  Si  6.215000308879  1.695766680871  2.524964633780  -0.188215984951  -0.398266291581  0.188518251798
  26  Si  4.701798403158  4.396460977392  2.558839488486  -0.472449047431  -0.101102944758  0.312545578527
  27  Si  1.639938068922  6.215593692936  5.116291860453  -0.268307562480  0.638954590708  0.062734073771
  28  Si  -1.461220898195  6.251067654565  5.127250160366  0.429197512649  0.837791419609  0.230002339683
  29  Si  0.058306698733  3.538062653084  5.112054765958  0.560622037038  0.579179651902  0.278648864803
  30  Si  3.145687110609  1.707733743670  7.626727281648  -0.063002326794  -0.656800671671  -0.309618104714
  31  Si  6.247716795531  1.676087318569  7.601081351037  -0.548765756156  -0.857084590028  0.329098894483
  32  Si  4.732023608592  4.376804304316  7.621449142181  -0.884829519622  -0.145433595938  0.463298302070
  33  Si  1.585994585231  6.312187289153  0.130674652020  -0.193704318500  0.624496248589  -1.576058953925
  34  Si  -1.515902155371  6.343242040375  0.127673826189  0.604386918458  0.519658988774  -1.189184540886
  35  Si  0.007559565996  3.647888900592  0.116146781748  0.448509582665  0.027307747666  -1.264328032634
  36  C  0.034277217609  1.767729411894  4.454777568312  2.924884472883  0.938467651201  -1.111118532313
  37  C  3.187264781947  7.092517979855  4.486354871025  0.186161257508  1.316383133369  -0.141189493090
  38  C  -3.009179620457  7.170176636745  4.504233521589  3.459276546615  2.662304019187  -1.146597235658
  39  C  4.746053416062  6.178037105048  6.999391227872  -2.227791260256  -0.768606149320  -0.384320326455
  40  C  1.569290822253  0.826916201240  6.991462641106  0.534592663724  -1.006108285442  0.629620552775
  41  C  7.798889808014  0.761476484155  6.971885509506  -3.475879773023  -2.312306756984  -0.499678169697
  42  C  0.044701893467  1.731298430849  9.545447639448  3.010451921670  0.816057537120  -1.194020214516
  43  C  3.202638579351  7.064730380999  9.571844661410  0.301366827073  1.136746667472  -0.148055545473
  44  C  -2.982568305165  7.137985743015  9.584734769954  3.078993754182  2.377043370967  -0.978301363679
  45  C  4.740333261963  6.197195142502  1.931601525434  -2.868992224667  -0.727892661888  0.491297543491
  46  C  1.567854865671  0.864519419560  1.916528957300  -0.022665630202  -1.006780809087  1.690742061438
  47  C  7.777639659951  0.796253758218  1.890609675815  -3.293048639445  -2.253260154091  1.114817564280
  48  C  -1.479972899725  4.470147847258  4.496567720509  2.883302196572  1.127047870777  -1.228382094487
  49  C  1.606389180047  4.437475738361  4.480923208182  0.086400849806  -0.413887619063  -0.237902332801
  50  C  0.086741266409  7.143092247333  4.512538304031  0.661762673338  1.124087779129  -0.382958111272
  51  C  6.246533352903  3.472212656522  6.996487257519  -2.091678761799  -1.029272445416  -0.904912517908
  52  C  3.164214803022  3.495785500102  7.001350578325  -0.048177966826  0.274241957801  0.093779826957
  53  C  4.679786808670  0.788910208003  6.982604568124  -0.388666915463  -0.947019271624  0.512086349600
  54  C  -1.457154465306  4.414318714229  9.573937099931  2.901657614568  1.659105438503  -1.515999279526
  55  C  1.628736541262  4.408990493506  9.564851394506  0.170071157343  -0.479403158610  -0.282738362033
  56  C  0.111072815330  7.110514692389  9.587518673148  0.536696840350  1.001525108409  -0.314251414273
  57  C  6.250280344509  3.506951150152  1.909491808839  -2.874577131331  -1.127820035825  0.702682935370
  58  C  3.128820725811  3.535188299881  1.926587428153  0.214018313329  0.165812033080  1.007096162387
  59  C  4.663047157821  0.822861562582  1.905398872566  -0.524437984524  -1.010687005614  1.532437092452
  60  C  3.128195835744  1.725679050982  4.447395208221  -0.002485254906  -0.431789326455  -0.154883056328
  61  C  6.240881787948  1.693722737068  4.433333807476  -0.675510430266  -0.380131912437  0.089718392511
  62  C  4.707361492782  4.395384658060  4.466716113140  -0.311909220246  -0.290075904031  0.032860550365
  63  C  1.646225917864  6.200847661986  7.024853817643  0.089315889615  0.468700283631  -0.019432390963
  64  C  -1.465968961008  6.237298594416  7.048215728345  0.844161503415  0.357804188313  -0.274465940958
  65  C  0.065079095629  3.531526621585  7.024706035690  0.310965624063  0.136163967276  -0.032577098637
  66  C  3.154220050274  1.695093590869  9.530017483716  -0.140677780915  -0.541039004853  -0.200217042062
  67  C  6.256242540739  1.659889325833  9.528933510288  -0.623374597518  -0.469256157444  -0.355863631323
  68  C  4.741179341674  4.363659253534  9.560893005285  -0.678227434661  -0.227368780964  -0.644260812502
  69  C  1.629932238095  6.245272171547  1.959394625380  0.005499080075  0.247142250372  0.860894247581
  70  C  -1.476205292612  6.259895978068  1.960640505857  0.586486349131  0.740334425149  1.088685130970
  71  C  0.033211303991  3.573465097943  1.938096464157  0.651813822985  0.250291978930  1.395869125828


MDSTEP:  5
LATTICE_CONSTANT: 1.889726125458
LATTICE_VECTORS
  9.032279624460  0.000000000000  0.000000000000
  -4.342489167581  8.290808115387  0.000000000000
  0.075149363540  -0.131814347156  10.077271130958
VIRIAL (KBAR)
  158.771957413815  7.146165433708  -7.377732214699
  7.146165433708  -89.575960664311  15.419507134941
  -7.377732214699  15.419507134941  68.596541881230
INDEX    LABEL    POSITIONS    FORCE (eV/Angstrom)
  0  Si  0.035470992993  1.775018115244  2.557216868322  2.442924010163  0.653258680849  0.489724168907
  1  Si  3.188403755333  7.105592733968  2.576672441941  0.162345959281  1.065047917484  0.215631468205
  2  Si  -3.012171403161  7.179869508240  2.598104808620  3.230084198454  2.167094018828  0.655129985976
  3  Si  4.733951901512  6.186509937771  5.106588469376  -3.120176269902  -0.787177849511  0.662013588688
  4  Si  1.572352122783  0.852370219851  5.089992234114  -0.033357556800  -1.199572926538  0.288897784107
  5  Si  7.776278666045  0.786476949679  5.047232506603  -3.521790540354  -2.783370047403  1.408792020286
  6  Si  0.050854113708  1.725218630019  7.646489681586  2.654806970767  0.992457873966  0.359849458210
  7  Si  3.214184110241  7.083617354344  7.657037223365  -0.292320546770  0.911311694670  -0.237021180005
  8  Si  -2.978113861886  7.141081820808  7.688420455817  2.611286693882  2.170684332168  0.002682988896
  9  Si  4.672206103599  6.276342967924  0.104647050190  -2.557762731705  -0.637894314629  -0.551951396260
  10  Si  1.517022663498  0.941206665814  0.094443430083  0.049852644558  -1.115150649106  -1.291939883357
  11  Si  7.717442265460  0.863421004092  0.067279235137  -3.501015622166  -2.528315139209  -0.113384909075
  12  Si  -1.494615168153  4.479159568209  2.584909470558  2.678733614743  0.841587600054  0.837882670981
  13  Si  1.609079808618  4.438945351978  2.558809587161  -0.208268112894  -0.129980096295  0.520764432667
  14  Si  0.094163436402  7.138976241338  2.580286341333  0.365388307177  1.265550305597  0.366184457526
  15  Si  6.260138744521  3.483058248839  5.083589305386  -3.121631977592  -1.155157950292  0.882113727655
  16  Si  3.148237424485  3.500489884114  5.091643619114  -0.170946107206  0.492080131632  0.051208163787
  17  Si  4.674524775742  0.819493268324  5.082861351943  -0.763826533356  -1.410803020584  -0.002623538980
  18  Si  -1.478643761268  4.447577222517  7.657647418407  2.722424478690  0.641495827586  0.713841199454
  19  Si  1.624075755413  4.410675003880  7.653716604048  0.129645159331  -0.060721521054  -0.135305568820
  20  Si  0.103593756949  7.121795911666  7.669924934345  0.769839815487  0.993243029113  -0.214850928583
  21  Si  6.192985619861  3.585531869654  0.081775218475  -2.592171059081  -1.640601330856  -0.188260837140
  22  Si  3.101860233512  3.605141177577  0.092019524720  -0.021015007307  0.180290723087  -1.147508252375
  23  Si  4.621461894838  0.901624655950  0.070576018231  -0.499462178361  -1.318251868523  -1.048312460703
  24  Si  3.131674069528  1.729862159593  2.531546091019  -0.110469223535  -0.378532023738  0.336372812685
  25  Si  6.210615218494  1.698347239667  2.525197081882  -0.072746838747  -0.404199958359  0.189241443583
  26  Si  4.705648857442  4.395738330726  2.561635342560  -0.554095606300  -0.116315521601  0.177438590011
  27  Si  1.636428737344  6.217755698809  5.113783012529  -0.240669289285  0.514117243882  0.129649894684
  28  Si  -1.460154585737  6.246699164614  5.130348433758  0.456674827377  0.999347771715  0.134227025257
  29  Si  0.058244262368  3.538476683522  5.114903102615  0.519320655957  0.592339394465  0.182948583951
  30  Si  3.142134393976  1.704359623207  7.629231402033  0.077335941740  -0.463519286697  -0.308390918491
  31  Si  6.251554343965  1.676331315419  7.599220988855  -0.642202850658  -0.846592720080  0.368200535397
  32  Si  4.729334912653  4.373854923596  7.617176487974  -0.968320577762  -0.051561039398  0.595299768113
  33  Si  1.582258364727  6.314552257027  0.131229764598  -0.125967116943  0.439827449575  -1.684761048070
  34  Si  -1.518421526826  6.345106280871  0.131425132702  0.713797098340  0.449601276888  -1.115434394765
  35  Si  0.010441141240  3.649994436081  0.117858784797  0.360754051473  -0.099571439687  -1.363577281736
  36  C  0.033819760190  1.770590517969  4.448881000139  2.849698688577  0.876134199456  -0.946573660395
  37  C  3.181484184475  7.097691524087  4.491441972302  0.327000826805  1.225268247131  -0.210385141820
  38  C  -3.008966070349  7.170602271061  4.508626983129  3.439074460404  2.669138231658  -1.175021403320
  39  C  4.739081203663  6.182550846222  6.997491712110  -2.097988510866  -0.883183256656  -0.310640517094
  40  C  1.575980948570  0.833073815698  6.992797332299  0.327898085404  -1.109101391606  0.603938270649
  41  C  7.799115929391  0.765507088870  6.965902217376  -3.442123939110  -2.331891310449  -0.464546298501
  42  C  0.039886720729  1.726961337889  9.541707127431  3.136521042989  0.936256655611  -1.149972557266
  43  C  3.196104470018  7.062273619112  9.564998513387  0.435008065658  1.151740498563  -0.071553980164
  44  C  -2.977960156741  7.139589510817  9.587033542117  2.921338589181  2.334527460146  -1.042119920281
  45  C  4.739290175073  6.193241242289  1.931051983735  -2.846782650709  -0.618176120862  0.485951653607
  46  C  1.565146171746  0.864768616971  1.911815997089  0.050206077081  -1.016750853684  1.868292515199
  47  C  7.774534013989  0.796805676615  1.896784324379  -3.266031750925  -2.270676744640  0.916192163848
  48  C  -1.480150686860  4.478084049004  4.491912876103  2.749583198194  0.821001744509  -1.032231342251
  49  C  1.602044983742  4.431757314782  4.474961022411  0.189628178087  -0.264735836906  -0.114861267138
  50  C  0.088502643327  7.137635805591  4.506191253323  0.563640935468  1.212003751609  -0.290906500932
  51  C  6.239677613109  3.475278895103  7.002843184015  -1.895964569885  -1.041680612458  -1.029671762538
  52  C  3.160652894771  3.499899539668  6.996281954514  -0.019956889370  0.177232783808  0.172426347408
  53  C  4.680404205599  0.792501169109  6.981736223385  -0.404220010002  -0.974959370731  0.536339258328
  54  C  -1.453386971073  4.414903795327  9.578368019580  2.787972923918  1.642165059036  -1.564223068359
  55  C  1.626160211569  4.401885121374  9.559669653853  0.269937902353  -0.291779533305  -0.155692373056
  56  C  0.115080963343  7.109142643639  9.590603738924  0.380678698157  1.055036938329  -0.350749566792
  57  C  6.252711214400  3.510642436279  1.908521595167  -2.956771860945  -1.228753087225  0.709426093041
  58  C  3.131777625377  3.530190635889  1.925658418508  0.223867379968  0.247026798233  1.071188436949
  59  C  4.668976943221  0.819739374711  1.906740097799  -0.661135168880  -1.001199647628  1.420512780831
  60  C  3.121539663317  1.731485843204  4.448255736200  0.119569095066  -0.623339442177  -0.187176430457
  61  C  6.234879721030  1.687161378031  4.431049717101  -0.599623742262  -0.154070617539  0.174789842546
  62  C  4.701500189565  4.392606604375  4.461045918188  -0.176196706191  -0.196551477959  0.202833801074
  63  C  1.642777133132  6.206842923983  7.030727493292  0.106914255578  0.382903312604  -0.198343911724
  64  C  -1.462856910941  6.237407174775  7.045902673882  0.753827861095  0.382791762181  -0.173929356234
  65  C  0.066177389335  3.535978376840  7.023101197514  0.245595230558  0.058213338582  0.028159933196
  66  C  3.157235089896  1.695344190226  9.533335567104  -0.266830240809  -0.561459559807  -0.242506914027
  67  C  6.254973163464  1.657703458565  9.529489664672  -0.580391128339  -0.429889093432  -0.407732545737
  68  C  4.745565385879  4.357218504019  9.563320795299  -0.808864970281  -0.026683588498  -0.754205047003
  69  C  1.625895338192  6.238329501313  1.953487052788  0.143986181542  0.345710968151  1.004922046478
  70  C  -1.472431104718  6.253929485983  1.968303740370  0.460297068164  0.928578540544  0.936151052785
  71  C  0.030788747371  3.568879695972  1.932516296344  0.713638713629  0.337104687411  1.577147198481


MDSTEP:  6
LATTICE_CONSTANT: 1.889726125458
LATTICE_VECTORS
  9.032279624460  0.000000000000  0.000000000000
  -4.342489167581  8.290808115387  0.000000000000
  0.075149363540  -0.131814347156  10.077271130958
VIRIAL (KBAR)
  157.396754821129  6.021271625031  -6.721036006930
  6.021271625031  -89.993189061479  15.805875359696
  -6.721036006930  15.805875359696  67.836142155391
INDEX    LABEL    POSITIONS    FORCE (eV/Angstrom)
  0  Si  0.037711468529  1.772948308094  2.555925507213  2.322324075581  0.608635446713  0.527906050963
  1  Si  3.190975988433  7.106357991051  2.574115213429  0.140916600388  1.084857428275  0.159496059970
  2  Si  -3.009520735204  7.177531633532  2.600815974194  3.206223679860  2.114115747237  0.601040285985
  3  Si  4.727656030187  6.189019691861  5.107204506775  -2.931501512978  -0.761121798729  0.668092885077
  4  Si  1.571218798298  0.851760021665  5.085729968709  -0.029563775013  -1.235587210484  0.355479661004
  5  Si  7.771223121348  0.790012273058  5.047290056427  -3.407624992020  -2.716373634303  1.373950250718
  6  Si  0.053778389837  1.728380486586  7.646894836154  2.555417395149  0.986046825997  0.232446375436
  7  Si  3.212985103928  7.089067190250  7.657304756580  -0.292564762724  0.804678894583  -0.245240340323
  8  Si  -2.977854735564  7.144112976301  7.689258454545  2.548420845106  2.001234718041  -0.092453578440
  9  Si  4.670366296567  6.271025188994  0.107069889270  -2.390887563539  -0.338206783778  -0.772327879701
  10  Si  1.516465068837  0.942373269858  0.089070688342  -0.021020087228  -1.119867717379  -1.041563166393
  11  Si  7.719452302618  0.861371451512  0.067957872935  -3.487821728180  -2.491814326976  -0.219620858611
  12  Si  -1.498360530567  4.474561590447  2.588079667211  2.794221271102  0.856089702871  0.807691478723
  13  Si  1.612075849525  4.434036778908  2.559403898183  -0.258038939302  0.024102661286  0.447049303690
  14  Si  0.092498032427  7.138672361747  2.575382331228  0.472582510401  1.280476097633  0.490473858679
  15  Si  6.258160996230  3.483324225776  5.088601211332  -2.858013504097  -1.096988675466  0.695345569366
  16  Si  3.152094066847  3.498086862225  5.093943842685  -0.218473907017  0.563348879475  0.077411222766
  17  Si  4.673212137507  0.820585063155  5.085032711628  -0.797344114681  -1.459840504502  -0.080414714516
  18  Si  -1.473162618893  4.443488977506  7.657103213007  2.641604930410  0.716750340928  0.733456486658
  19  Si  1.624256105118  4.410631546793  7.653029171927  0.197777263647  -0.019003628997  -0.142382437316
  20  Si  0.101359376839  7.126786947229  7.665512758218  0.931715336288  0.918020677988  -0.148699868577
  21  Si  6.189914458193  3.587583729279  0.081438347887  -2.607901753544  -1.801931604935  -0.051575358499
  22  Si  3.105637103762  3.608400093079  0.091713131837  -0.092294957271  0.138409202233  -1.201994270111
  23  Si  4.622709612806  0.902189214672  0.070686912441  -0.534458609594  -1.328994087247  -0.952608534057
  24  Si  3.128223701375  1.734205751782  2.536641161548  -0.047968458587  -0.565586387445  0.253273346182
  25  Si  6.207395125402  1.696529566131  2.525657306707  0.082390015152  -0.397317696214  0.170628556058
  26  Si  4.701725129065  4.392687802113  2.564766565287  -0.450075127706  -0.047680600004  0.108441962247
  27  Si  1.640142444281  6.219118653348  5.113227162514  -0.360553618400  0.495781695982  0.100617904744
  28  Si  -1.459276174553  6.247527552245  5.130732654469  0.588476496356  0.901026912031  0.180506777047
  29  Si  0.063601879175  3.534053927591  5.110034337697  0.508980835157  0.751675280489  0.226744580686
  30  Si  3.141452092463  1.702322400851  7.634090775821  0.065884180626  -0.429556358597  -0.402661076024
  31  Si  6.251533609602  1.677228988258  7.601681160096  -0.670155785985  -0.884205296760  0.331788774526
  32  Si  4.734177074757  4.373562689881  7.617664528235  -1.105924964550  -0.097863370124  0.579587406490
  33  Si  1.582230618082  6.310601017900  0.126704809330  -0.078301787283  0.529788654105  -1.647725541695
  34  Si  -1.522936863094  6.342993110175  0.126322276469  0.890174526704  0.544525982349  -0.917551490915
  35  Si  0.005536901150  3.649744624897  0.116238995420  0.455148107417  -0.031029027938  -1.173204212251
  36  C  0.037048085756  1.773279383040  4.449780069204  2.673754080244  0.671838898017  -0.954498510723
  37  C  3.179357276657  7.098442465827  4.486722895296  0.416109465228  1.262360921946  -0.164107090076
  38  C  -3.001487509500  7.165592793555  4.511898338242  3.183339887137  2.659031499339  -1.172082770972
  39  C  4.734605215461  6.174583900606  7.002406836250  -1.927520893387  -0.627984841454  -0.378011032390
  40  C  1.573936153905  0.831865025315  6.987551845597  0.361515631379  -1.106262957893  0.704900389911
  41  C  7.793611725825  0.771645285928  6.969639419777  -3.284873371604  -2.356131949881  -0.552253277874
  42  C  0.035212113684  1.735614303232  9.536450342412  3.155497315511  0.751377242256  -1.045107143184
  43  C  3.197716869454  7.063099830803  9.562358570749  0.432946721404  1.117925348222  -0.029018353945
  44  C  -2.972361106915  7.142109895407  9.588170009402  2.628866639891  2.242326352430  -1.019463534847
  45  C  4.741062235299  6.193724505712  1.925062674212  -2.822359418157  -0.690829720122  0.719329265864
  46  C  1.559461249263  0.857847244472  1.916945791656  0.224881902668  -0.945133258435  1.674233288566
  47  C  7.775868191316  0.794511025658  1.892892364947  -3.270051013505  -2.207113620696  1.038341556154
  48  C  -1.470510595243  4.474965293678  4.487325717198  2.462310735150  0.737252130347  -0.797367700752
  49  C  1.605820303603  4.432999319368  4.471876915135  0.233426828832  -0.300583274734  -0.058794629709
  50  C  0.089719474896  7.145779487835  4.510671486026  0.560144337088  1.104675040824  -0.377300200518
  51  C  6.241211590108  3.470849456595  7.006717784221  -1.853591099079  -0.927545209581  -1.071537831426
  52  C  3.159780658989  3.497278665206  7.000999472995  0.054238503542  0.193786251290  0.118103780182
  53  C  4.682913884304  0.798241283892  6.978623486370  -0.478682509141  -1.019274934072  0.632389281667
  54  C  -1.458919042480  4.417974982987  9.582236526262  2.898242567059  1.574682953848  -1.668534490530
  55  C  1.628602593415  4.399438059348  9.557625893033  0.179051862159  -0.281222701736  -0.108402959302
  56  C  0.119256225477  7.110075835295  9.590322277658  0.262938214473  1.032942722831  -0.374253353338
  57  C  6.249810859791  3.505675247820  1.916644780731  -2.993453764720  -1.179073838968  0.444912595568
  58  C  3.134827957851  3.525816683972  1.922270338883  0.156877026442  0.336478043304  1.138490645325
  59  C  4.675581986229  0.826009302886  1.913110901298  -0.932560778015  -1.093784196719  1.208028613231
  60  C  3.117756413980  1.730799764445  4.452481542301  0.182638411837  -0.580959570526  -0.246487657593
  61  C  6.227209059350  1.681885686253  4.423950045136  -0.472943054342  -0.007618734534  0.359750413294
  62  C  4.706895012545  4.394464182606  4.459229126739  -0.302401252251  -0.214628134127  0.304426387243
  63  C  1.644954788891  6.203976774685  7.027088140198  0.075708632026  0.503111693860  -0.126771964431
  64  C  -1.455679567536  6.234792864693  7.052058556989  0.544087348124  0.427912307378  -0.289436883937
  65  C  0.070047924864  3.543352468714  7.019183147596  0.224248488781  -0.122396595346  0.052118060495
  66  C  3.150751698805  1.698066354942  9.537309360667  -0.096677741039  -0.605034435266  -0.286469434870
  67  C  6.256261784510  1.651982557398  9.521327009761  -0.624085093100  -0.272491249222  -0.208791623703
  68  C  4.746200171086  4.362715598428  9.558331025566  -0.799613377560  -0.176799546491  -0.659133720973
  69  C  1.631070582022  6.243238281326  1.948961002614  0.058305254848  0.177145814141  1.065285530283
  70  C  -1.469795670392  6.247403588275  1.971560699828  0.394752553280  0.994402814179  0.765253110289
  71  C  0.029980259750  3.562713282919  1.939159846488  0.733162839150  0.431022297251  1.330855777433


MDSTEP:  7
LATTICE_CONSTANT: 1.889726125458
LATTICE_VECTORS
  9.032279624460  0.000000000000  0.000000000000
  -4.342489167581  8.290808115387  0.000000000000
  0.075149363540  -0.131814347156  10.077271130958
VIRIAL (KBAR)
  156.002709180463  6.734599876233  -5.702290011993
  6.734599876233  -89.652981239510  16.184992411881
  -5.702290011993  16.184992411881  67.095658358658
INDEX    LABEL    POSITIONS    FORCE (eV/Angstrom)
  0  Si  0.038083039293  1.778232486535  2.555656903351  2.247026591508  0.380942331386  0.597462322321
  1  Si  3.194904504827  7.107579243494  2.577175653408  -0.041437339129  1.058587837591  0.060466705077
  2  Si  -3.012735670575  7.178072043967  2.596229311889  3.213421614321  2.172527717110  0.660412806579
  3  Si  4.721101267857  6.185472620820  5.102144775195  -2.421350563140  -0.379145982194  0.747686952457
  4  Si  1.568570146030  0.849300100225  5.088540745761  0.155854744341  -1.211839701721  0.279583451383
  5  Si  7.764667192285  0.794010948709  5.052337494512  -3.179597578513  -2.765042185543  1.274135014771
  6  Si  0.049405342319  1.728849430844  7.649765207966  2.684540643368  0.947992654905  0.105720596202
  7  Si  3.210226980858  7.087361909862  7.657593782847  -0.084907548006  0.805246989206  -0.250939264522
  8  Si  -2.977719968980  7.150150055259  7.690135617842  2.622376307128  1.934893482284  -0.179194267038
  9  Si  4.664872038456  6.269557078411  0.108843812358  -2.194540194115  -0.310509787968  -0.849774947950
  10  Si  1.521332858077  0.945927318147  0.090110246114  -0.224128686522  -1.202692020985  -0.994697155413
  11  Si  7.716962163419  0.862617322504  0.064411405708  -3.439727519223  -2.602972256078  -0.035932929680
  12  Si  -1.501403799196  4.478358153636  2.590417195745  3.007028953263  0.793596730799  0.837448017175
  13  Si  1.608907790859  4.437716815890  2.564048893021  -0.254842639634  0.042092367427  0.322418901576
  14  Si  0.090008677364  7.134428573003  2.572289851949  0.513569064796  1.356924700628  0.616761222657
  15  Si  6.251499123327  3.478595370362  5.084794039884  -2.713554300772  -0.938944729701  0.900363840889
  16  Si  3.156631375461  3.494394410732  5.095771525815  -0.369202625862  0.708134335090  -0.046328899115
  17  Si  4.674624138668  0.819256890901  5.090541402133  -0.804487358051  -1.441392200170  -0.244197460989
  18  Si  -1.475912851945  4.447884784322  7.662524113309  2.825975677440  0.860878004310  0.646480769865
  19  Si  1.627292180891  4.415818665785  7.651080305928  0.087676553435  -0.132591265255  -0.099516240963
  20  Si  0.100969895583  7.131454035322  7.661783543992  0.950588445709  0.877020987737  -0.102742363421
  21  Si  6.183989381443  3.584307523950  0.085561381178  -2.463069748421  -1.645701754340  -0.143168905427
  22  Si  3.102822193434  3.607504224487  0.093226444097  -0.024840971224  0.228518740344  -1.124273888772
  23  Si  4.627519800364  0.903426767264  0.070240703395  -0.689808302978  -1.376673545042  -0.882075022252
  24  Si  3.131975479895  1.738770815177  2.537642490790  -0.064680266265  -0.624968012998  0.330556820923
  25  Si  6.202213754315  1.701189381268  2.527995209269  0.253520903411  -0.495502959408  0.185434331515
  26  Si  4.698031729189  4.396363145175  2.568914069020  -0.399733180524  -0.075255823279  0.120655858584
  27  Si  1.643997841656  6.218949674277  5.110828376603  -0.493817666645  0.537635426757  0.205477351209
  28  Si  -1.455275377382  6.249556998522  5.126793929686  0.506712970617  0.843765526370  0.183129047002
  29  Si  0.067027335489  3.533283240787  5.105588191755  0.361410845132  0.746907526783  0.383690130826
  30  Si  3.137108419559  1.706153289301  7.639497057552  0.206977129624  -0.572064127182  -0.639139081235
  31  Si  6.248975897053  1.681591497741  7.598965649747  -0.542201388450  -0.994956859042  0.248114831691
  32  Si  4.729893453097  4.369695188664  7.619807683400  -1.004402238095  0.022287977075  0.436194431754
  33  Si  1.585943241325  6.306225990501  0.124059948432  -0.168207122620  0.695379225261  -1.617146841241
  34  Si  -1.524727419115  6.348108357362  0.122970680250  0.827471262710  0.377743659236  -0.755190193168
  35  Si  0.010228164535  3.655169419455  0.111878929282  0.325524262818  -0.178478107528  -1.027263571774
  36  C  0.040873749478  1.767977332722  4.457349675612  2.566144453576  0.742689342000  -1.094169022722
  37  C  3.178912478947  7.090957613987  4.485666555710  0.411110182719  1.400074835259  -0.182217563885
  38  C  -2.994688280924  7.173780566346  4.503920225773  2.775467337081  2.340368885326  -0.938914604751
  39  C  4.739923189112  6.176359781479  7.002235269311  -2.058814242672  -0.708264510283  -0.426214431352
  40  C  1.582917055867  0.835322031147  6.985591788932  0.111322657899  -1.109887260426  0.820776643195
  41  C  7.799399926156  0.761797183056  6.965062847320  -3.431348396283  -2.199972175596  -0.384449872587
  42  C  0.033105182595  1.731035230798  9.534357341802  3.251241831709  0.910909105896  -0.978212921265
  43  C  3.205137634761  7.055791439105  9.562855481599  0.205457299926  1.249470142735  -0.069356455683
  44  C  -2.975097135799  7.141241122851  9.586665136964  2.614811244825  2.245232415352  -0.928300880431
  45  C  4.738046181609  6.188691977793  1.924524134838  -2.772046894798  -0.587270270651  0.748795699608
  46  C  1.561584261946  0.863030280194  1.920074620480  0.227059536018  -0.970072915053  1.563954715991
  47  C  7.774778030476  0.789159211506  1.895753491780  -3.206025346817  -2.035635622978  0.988290642382
  48  C  -1.476662448936  4.467478708195  4.486021928173  2.598791051930  0.903299570744  -0.764510049444
  49  C  1.599583431500  4.440287428667  4.464704742823  0.405121469550  -0.454701014384  0.154507660804
  50  C  0.092619179703  7.154144915079  4.516331161090  0.597633933964  0.984218707814  -0.517015884805
  51  C  6.248388045290  3.477267319457  7.012606398598  -2.161520640784  -1.124731920262  -1.264636624065
  52  C  3.155614714232  3.491213506313  6.993919045722  0.139350221716  0.338009992224  0.278986132609
  53  C  4.685808412048  0.789532609784  6.972491789265  -0.547938749182  -0.799296639664  0.902258382555
  54  C  -1.461533614606  4.415244267748  9.580328460457  2.847761456825  1.607767201495  -1.497221127500
  55  C  1.631859775687  4.403209680080  9.561235543311  0.168310489176  -0.376931264119  -0.256588058728
  56  C  0.112722382172  7.108103467984  9.590918606377  0.458895204919  1.087563495382  -0.426386551890
  57  C  6.251187067855  3.512204676766  1.923062358227  -3.194101133226  -1.360687447621  0.268813865775
  58  C  3.132019839072  3.534175751061  1.929908277404  0.236537914575  0.201246599952  0.960962520036
  59  C  4.679977486567  0.818053013949  1.919592240026  -1.049862605886  -0.934418773407  1.003017335535
  60  C  3.124664850127  1.734447198255  4.456530460789  0.070522137490  -0.665568735295  -0.313177000328
  61  C  6.230811594946  1.685917117364  4.426906895698  -0.643219406448  -0.090827069094  0.328406421843
  62  C  4.708641904037  4.402861836802  4.464662736493  -0.397571992465  -0.427208501306  0.189153722809
  63  C  1.648572148144  6.207488021309  7.033027512324  0.017255642603  0.450220556895  -0.284870128989
  64  C  -1.449583626075  6.242042981532  7.045129559286  0.406677314674  0.335226048422  -0.162163501382
  65  C  0.066577187457  3.544531836718  7.025268082717  0.310536711255  -0.074620540317  -0.063269953952
  66  C  3.141977859951  1.700854983112  9.531578137908  0.167026701624  -0.610968854364  -0.088385782820
  67  C  6.256703274850  1.650077161315  9.514392743614  -0.680035973233  -0.230028063582  -0.081916519418
  68  C  4.743818803971  4.366694963155  9.550381737861  -0.822758015297  -0.351805843709  -0.448194778051
  69  C  1.627359737640  6.243904576048  1.944061339817  0.148604113294  0.175669298153  1.175750078129
  70  C  -1.476467353971  6.246746082722  1.979276171914  0.481973709373  1.039140024411  0.480736143581
  71  C  0.036569377707  3.556843633661  1.942625192448  0.536492048937  0.659446298186  1.155149377700


MDSTEP:  8
LATTICE_CONSTANT: 1.889726125458
LATTICE_VECTORS
  9.032279624460  0.000000000000  0.000000000000
  -4.342489167581  8.290808115387  0.000000000000
  0.075149363540  -0.131814347156  10.077271130958
VIRIAL (KBAR)
  153.450613407742  6.136738374418  -5.207459220842
  6.136738374418  -90.396262792597  14.955368562383
  -5.207459220842  14.955368562383  68.305835502653
INDEX    LABEL    POSITIONS    FORCE (eV/Angstrom)
  0  Si  0.038802926930  1.781540835151  2.557427201363  2.155457550477  0.331707123777  0.454805076999
  1  Si  3.192338285595  7.107471823415  2.574796658598  -0.051464951723  1.099560263639  0.069173799803
  2  Si  -3.016084022242  7.176177967717  2.592764835510  3.278372297479  2.245507758528  0.687757467709
  3  Si  4.717256371681  6.186284120107  5.105760277414  -2.194163816408  -0.256950478650  0.468757129631
  4  Si  1.563711619605  0.849857792796  5.088148522561  0.213416726880  -1.099039355041  0.097257540881
  5  Si  7.760943138015  0.788547426401  5.057251301454  -3.008881808695  -2.499304396462  0.951290754298
  6  Si  0.049085873776  1.729588905481  7.651026470631  2.443466492504  0.853104021606  -0.012071932058
  7  Si  3.209886412551  7.091559392413  7.652950205521  -0.122115915150  0.688783321117  -0.192463444971
  8  Si  -2.975029038580  7.155969224831  7.690643004051  2.368483304166  1.754988833785  -0.224294447867
  9  Si  4.664753297834  6.272675634943  0.110898243198  -2.143464910942  -0.405611671582  -1.001385348106
  10  Si  1.517426086428  0.942536298030  0.089141368574  0.050156782480  -1.179709706505  -0.950440234249
  11  Si  7.719666720719  0.862344254064  0.069451811631  -3.560208973866  -2.631384522610  0.003550302596
  12  Si  -1.505035241995  4.480950650980  2.586966209420  3.085805406965  0.558438637181  0.949692810054
  13  Si  1.606615379271  4.443189085831  2.567513721381  -0.066410800316  -0.176587371896  0.108843483570
  14  Si  0.085187890251  7.129289482423  2.570678819919  0.655715800245  1.405913563848  0.682699113407
  15  Si  6.251232391146  3.476186825573  5.084917836805  -2.804197054787  -1.059557115865  0.907017157310
  16  Si  3.155495122551  3.497460977990  5.089832885708  -0.282973837672  0.570744507667  -0.027420537341
  17  Si  4.668412289844  0.815122597965  5.094606624643  -0.536765738592  -1.336556436770  -0.463897847743
  18  Si  -1.479283835270  4.452482447882  7.665898770424  2.945492192169  0.772556930334  0.566423343612
  19  Si  1.629700407971  4.414559215683  7.651272911454  0.126689246162  -0.170429920888  -0.182684844654
  20  Si  0.099869944707  7.132862659569  7.665148200302  0.944557958951  0.796040478266  -0.143431460069
  21  Si  6.187240523247  3.582584742304  0.083382326950  -2.505291858250  -1.669897926631  -0.186221372172
  22  Si  3.105812734979  3.607911824465  0.086879195614  -0.134604122471  0.128110825545  -1.120358069633
  23  Si  4.632694202571  0.907229044397  0.075585468566  -0.777101953457  -1.497599951677  -0.942730592930
  24  Si  3.134567707681  1.743985114005  2.531647596287  -0.040368334279  -0.773941886289  0.464583060846
  25  Si  6.196941382909  1.700962661763  2.526015483116  0.411289971569  -0.439685221262  0.357977674236
  26  Si  4.698500411185  4.401422383745  2.563584380365  -0.291332464692  -0.291341525642  0.240639053434
  27  Si  1.644662474922  6.224434998241  5.108039719225  -0.570862443565  0.395962236289  0.351253962057
  28  Si  -1.456268896349  6.244654655426  5.122148508206  0.449723622065  0.940678045750  0.328748223903
  29  Si  0.062985461111  3.536876726101  5.105948771424  0.466738322284  0.698621803124  0.331852934275
  30  Si  3.139391281631  1.701716124900  7.634462575448  0.201207000484  -0.486575975461  -0.660050825528
  31  Si  6.248250336389  1.687257370052  7.599229573663  -0.608429390324  -1.079598509300  0.144522170388
  32  Si  4.733030233325  4.372558610572  7.614314316859  -1.082026133514  -0.080049406915  0.500359606204
  33  Si  1.589557284508  6.308581037360  0.128287389354  -0.189206958699  0.566455036255  -1.902375904111
  34  Si  -1.521274511383  6.346817732228  0.126772251224  0.803014774944  0.442781531687  -0.877432117371
  35  Si  0.013551171024  3.654479235706  0.109379541696  0.241901406245  -0.142894562166  -1.062960076857
  36  C  0.035315049836  1.777944731002  4.451558539759  2.509574292184  0.462757106850  -0.866992265464
  37  C  3.172815137517  7.093323086621  4.479307650738  0.551962050051  1.357200192878  -0.074272297394
  38  C  -2.993852767139  7.184521705345  4.498419572510  2.555853348387  2.048180910523  -0.787343133582
  39  C  4.739081324019  6.168875727903  6.992843299327  -1.922894222306  -0.345944618650  -0.113337638946
  40  C  1.574762545361  0.840303182896  6.980122753172  0.249582989782  -1.179880150914  0.927266359255
  41  C  7.790442632388  0.755672267801  6.958406501951  -3.107171328062  -1.968625122286  -0.101480382661
  42  C  0.039195041962  1.723327789886  9.540996635278  3.129719429636  1.083788113694  -1.150293504213
  43  C  3.209557256855  7.063376459116  9.564055015661  0.166771918851  1.160419944917  -0.097467559069
  44  C  -2.970833912545  7.145065587757  9.594408430266  2.537627532556  2.177645410955  -1.040330868683
  45  C  4.734786222270  6.185745665717  1.923247279172  -2.740870739744  -0.488739097796  0.778661746474
  46  C  1.566856989659  0.861562102358  1.919417633664  0.083772224405  -0.931180467618  1.539619272595
  47  C  7.762975009114  0.789813214851  1.905280596794  -2.888271373231  -1.986986571888  0.825578731791
  48  C  -1.480609201847  4.459693795414  4.493596353995  2.754836589264  1.191194640538  -1.064905425735
  49  C  1.598533816235  4.441629364425  4.456696578034  0.385629518601  -0.393421949007  0.319836158500
  50  C  0.092080367184  7.157804553698  4.523062033713  0.555529378354  0.865691288284  -0.675683703209
  51  C  6.248910156683  3.482437701043  7.004973295742  -2.087516087135  -1.226298201093  -1.090429757181
  52  C  3.161043363079  3.491631287232  6.988492510354  0.061127224351  0.303221064200  0.320890302715
  53  C  4.688704310874  0.783885615764  6.964741499664  -0.597725576226  -0.725553169065  1.120647084343
  54  C  -1.464060420979  4.423099356805  9.582077249231  2.907435199557  1.391458094947  -1.547026216533
  55  C  1.626263805971  4.399031547750  9.552100643400  0.364868314303  -0.268802363455  -0.082138345543
  56  C  0.114887217369  7.100786359361  9.590364139827  0.470870822261  1.217111451706  -0.319223377255
  57  C  6.257909845790  3.503099017399  1.915949850927  -3.287278897538  -1.169208157295  0.375436141818
  58  C  3.140825933668  3.529696168744  1.924246983079  0.021043402819  0.402495235849  1.016839653720
  59  C  4.686533023672  0.820691835778  1.925077673929  -1.260089391492  -1.054834260434  0.833894609934
  60  C  3.133393863480  1.726877348179  4.454421849678  -0.182953606414  -0.455856186168  -0.305052940807
  61  C  6.236707704894  1.690473183245  4.421981815479  -0.868262513749  -0.249140887027  0.476522386356
  62  C  4.717523878299  4.403058647927  4.469177793397  -0.588738499007  -0.362160323991  -0.027901708428
  63  C  1.642730964665  6.202319994886  7.041562614085  0.145551422465  0.580371277085  -0.491915951905
  64  C  -1.454181319824  6.241373889844  7.050921045128  0.484243377131  0.428753599844  -0.304048633561
  65  C  0.074259525656  3.547208082311  7.017857924957  0.083464823743  -0.113004875634  0.140759403644
  66  C  3.150021879516  1.695490832592  9.525362792857  0.002096924273  -0.570662744164  0.001586983139
  67  C  6.254449150784  1.644901901443  9.509575731129  -0.496890056223  -0.109254027771  -0.021587081388
  68  C  4.743527327618  4.360632215391  9.550034990997  -0.758586352441  -0.134142097432  -0.513985080365
  69  C  1.630821065889  6.236258707591  1.939002822317  0.048152638846  0.352223478251  1.360389646766
  70  C  -1.477464269645  6.239060464217  1.976029895646  0.429658428026  1.205224580375  0.596450504107
  71  C  0.043164968148  3.564671562083  1.935143960391  0.416259405058  0.532719904006  1.324051277212


MDSTEP:  9
LATTICE_CONSTANT: 1.889726125458
LATTICE_VECTORS
  9.032279624460  0.000000000000  0.000000000000
  -4.342489167581  8.290808115387  0.000000000000
  0.075149363540  -0.131814347156  10.077271130958
VIRIAL (KBAR)
  152.606448810299  4.712088072997  -6.065152389571
  4.712088072997  -90.715376803358  14.960422242531
  -6.065152389571  14.960422242531  68.409374951920
INDEX    LABEL    POSITIONS    FORCE (eV/Angstrom)
  0  Si  0.033667201749  1.786599592074  2.558654525668  2.203518085763  0.200021540459  0.411079465092
  1  Si  3.196042096971  7.102156685791  2.578593342337  -0.094980136823  1.142517810420  -0.009216957577
  2  Si  -3.011683630939  7.174380297595  2.589563553964  3.168723561040  2.222106559186  0.812790391959
  3  Si  4.717348136291  6.182251533074  5.110947416914  -2.220452762803  -0.288571048592  0.321522502832
  4  Si  1.566056974383  0.844493176812  5.083254643204  0.172600669025  -1.011566012825  0.227205224504
  5  Si  7.764454873416  0.788067651552  5.055728530368  -3.195960355121  -2.661585828052  0.965641876257
  6  Si  0.044602500720  1.723962001261  7.651700003884  2.523553034464  0.913069788237  -0.013748394504
  7  Si  3.211087275356  7.094761948667  7.654690138800  -0.083828628880  0.660511352476  -0.357145238123
  8  Si  -2.970600623743  7.152016910151  7.692989163235  2.251041658696  1.884454839424  -0.219573112898
  9  Si  4.658543235639  6.278834534294  0.111508342680  -1.954277754023  -0.466434397016  -1.046972457428
  10  Si  1.512664308123  0.935996661540  0.088157400110  0.302858452764  -1.075988273114  -0.856268939416
  11  Si  7.721292058235  0.865583760528  0.069659065304  -3.754622060853  -2.644852223453  0.139923585304
  12  Si  -1.503910134987  4.482003758084  2.591485769432  2.802611190542  0.332062037057  0.700348700081
  13  Si  1.609776362118  4.438278870510  2.561243727660  -0.039448136233  0.003662630877  0.238038834555
  14  Si  0.087066687139  7.133751336858  2.566175298559  0.571402083086  1.357285748560  0.763050212365
  15  Si  6.253551622360  3.477790732970  5.087426603480  -2.796985933270  -1.147449734705  0.805838246524
  16  Si  3.150274558838  3.500858521604  5.092657012941  -0.038339040144  0.563449168981  -0.044356306021
  17  Si  4.670338586990  0.812551339108  5.093690358069  -0.602321354361  -1.282117370575  -0.451457628646
  18  Si  -1.480911534210  4.447694128182  7.667337601431  2.848271778955  0.809014985355  0.474823653693
  19  Si  1.636083901754  4.410529624584  7.652196264675  -0.011757373424  -0.108452481064  -0.200756948988
  20  Si  0.100932167889  7.130942457044  7.666507058312  0.886327601684  0.826386731230  -0.159757106141
  21  Si  6.179903742790  3.576109441110  0.082313626178  -2.360933735110  -1.428024188454  -0.216951764551
  22  Si  3.106052801635  3.608675581101  0.092907201618  -0.093301659652  0.125589216587  -1.456412640570
  23  Si  4.630350466649  0.904061720789  0.070268578944  -0.830503618706  -1.430107254603  -0.711277733811
  24  Si  3.132726057824  1.749276298505  2.537349411938  -0.053976253093  -0.839374593063  0.334273808518
  25  Si  6.197073208097  1.703094914825  2.527092220283  0.190455031208  -0.499937640864  0.452883001379
  26  Si  4.694031645919  4.405038620894  2.561265902221  -0.157098106609  -0.395994965785  0.302648327519
  27  Si  1.649487595220  6.223841688418  5.110203523824  -0.699909402762  0.478950023364  0.284307787296
  28  Si  -1.458406422075  6.248165236342  5.125807221341  0.464590996087  0.954733133169  0.276329472398
  29  Si  0.068654388396  3.540087749455  5.112193880650  0.323772822319  0.631031916898  0.197479287918
  30  Si  3.139398730608  1.698701329828  7.631616868947  0.201722587915  -0.401041770153  -0.555558374718
  31  Si  6.242831400648  1.684119119262  7.597315033530  -0.653679544094  -0.922759796356  0.151330348392
  32  Si  4.733000239635  4.376606431518  7.619798138058  -1.168025230916  -0.225366769950  0.392062237686
  33  Si  1.589690548513  6.304217828627  0.123736560251  -0.182336525855  0.741378539638  -1.628717762788
  34  Si  -1.519237019578  6.347140624217  0.121574239036  0.710094136747  0.268079642009  -0.639019108819
  35  Si  0.014381733429  3.648035078069  0.112957467442  0.236895407437  0.101312470292  -1.372533602009
  36  C  0.029906787947  1.771882795293  4.452548812614  2.799036583390  0.794769308698  -0.918596090635
  37  C  3.172188231204  7.085632230890  4.469793838853  0.646416815535  1.403477698665  0.197331046104
  38  C  -2.999771310967  7.183906702396  4.503232567589  2.673004708235  2.108934047209  -0.888098958970
  39  C  4.745012572856  6.164735288401  6.992715211744  -2.067273214369  -0.213240314224  -0.034531823093
  40  C  1.581788666620  0.845424143013  6.986501772955  0.001236451443  -1.307997507375  0.719073064489
  41  C  7.780741890507  0.762218548395  6.949701824650  -2.924141806872  -2.073264683371  0.090615036540
  42  C  0.041526532016  1.722823039082  9.547706797756  3.108581347404  1.072067928795  -1.308069353154
  43  C  3.207605655754  7.073262059450  9.554615764786  0.175379320214  1.073683794552  0.128010465855
  44  C  -2.966814853008  7.148436479954  9.594498526562  2.349222109837  2.062147868114  -0.959033666996
  45  C  4.737103089484  6.178091984049  1.925045241117  -2.757325992759  -0.237821584943  0.657524942710
  46  C  1.567446858702  0.856154399019  1.925418822688  -0.016832409463  -0.819435077249  1.400111582876
  47  C  7.752838531539  0.792512689362  1.911952703305  -2.670924714936  -1.996378555551  0.643898133974
  48  C  -1.485641061350  4.467000262865  4.486463882635  2.949409570467  1.030859966257  -0.818944749730
  49  C  1.607069845023  4.445113205432  4.456839556364  0.202407891017  -0.486930368802  0.266975133604
  50  C  0.090690218963  7.159099862864  4.518448453942  0.599432792508  0.832030963041  -0.541903667568
  51  C  6.241005354202  3.484873387583  6.998128622901  -1.934237398857  -1.246358302673  -0.917150074067
  52  C  3.156267040471  3.485087395033  6.991431811730  0.209165920331  0.450755589108  0.244342926776
  53  C  4.681007312489  0.784455347605  6.967251061803  -0.480834922522  -0.806950571376  1.034420458495
  54  C  -1.468277036113  4.417324647831  9.574039807080  2.917454559054  1.360388063869  -1.315176431079
  55  C  1.630956146041  4.406467384403  9.548004498736  0.253151664425  -0.505976316370  0.047119927519
  56  C  0.110811551054  7.099912799549  9.591443480010  0.606105504153  1.216232672372  -0.335329486380
  57  C  6.245554015360  3.502517817760  1.911857235522  -2.872152804073  -1.008591948304  0.574085732321
  58  C  3.147162232185  3.533158306161  1.916993567654  -0.142384248286  0.316232890611  1.246701385450
  59  C  4.675537537588  0.821183923212  1.931502793352  -1.058783562936  -1.044110341252  0.644038630895
  60  C  3.133175316306  1.736039806241  4.450506320900  -0.172068130872  -0.599927967890  -0.173145775666
  61  C  6.241893462140  1.683548195644  4.432140529060  -0.960748839870  -0.088504818797  0.266421272098
  62  C  4.726991072872  4.401243060609  4.462118211261  -0.832672172847  -0.358548289507  0.124453535312
  63  C  1.645443931390  6.204070325333  7.045308476130  0.143372534995  0.507923808052  -0.552613838809
  64  C  -1.459612557488  6.246475861590  7.057950961041  0.697374701610  0.228154734391  -0.419377863516
  65  C  0.071737251240  3.546248477935  7.022871309827  0.150300062269  -0.095960480966  0.104908723730
  66  C  3.153429695541  1.699735284138  9.518387488870  -0.145273002501  -0.665390551208  0.172093479609
  67  C  6.248766285364  1.649827487182  9.512965461339  -0.376056583956  -0.292317617576  -0.157562981830
  68  C  4.743265649792  4.361831586358  9.546142368083  -0.819844011691  -0.048647192731  -0.400514438536
  69  C  1.633162813424  6.237891148840  1.947980958230  0.051202815905  0.305218245190  0.970320048019
  70  C  -1.479086426165  6.231280932158  1.983897388118  0.527379272776  1.395442805633  0.272407871328
  71  C  0.047887186785  3.572260657175  1.926845472850  0.306217706242  0.352038320012  1.623342915060


MDSTEP:  10
LATTICE_CONSTANT: 1.889726125458
LATTICE_VECTORS
  9.032279624460  0.000000000000  0.000000000000
  -4.342489167581  8.290808115387  0.000000000000
  0.075149363540  -0.131814347156  10.077271130958
VIRIAL (KBAR)
  149.276936068662  2.536440469809  -5.557631301134
  2.536440469809  -90.332730038622  15.001789540964
  -5.557631301134  15.001789540964  68.731844680647
INDEX    LABEL    POSITIONS    FORCE (eV/Angstrom)
  0  Si  0.037287958960  1.791564937069  2.558199801290  1.943409007548  0.128208766405  0.448112362513
  1  Si  3.200941327866  7.102304283879  2.571944783019  -0.275366379645  1.160425134704  0.122053372071
  2  Si  -3.009735520797  7.177809065673  2.593427891969  3.119470364988  2.153718256996  0.793771561900
  3  Si  4.715540700367  6.176087760171  5.107103623285  -2.080444404385  -0.053579374327  0.331618567407
  4  Si  1.561524765004  0.847376287742  5.089571104335  0.265643971444  -1.022436322953  0.038880636179
  5  Si  7.760875450863  0.793665477369  5.058830005804  -2.916281414811  -2.764643045239  0.854790662883
  6  Si  0.052283918452  1.724090414024  7.648431496032  2.201347470385  0.723357623836  -0.117776905566
  7  Si  3.208526731218  7.089459305102  7.659175657783  0.127924891298  0.687761250067  -0.412228628256
  8  Si  -2.973840190423  7.152711399224  7.698406311546  2.331019406497  1.824713850809  -0.429842274325
  9  Si  4.652033863604  6.274819828037  0.114658928560  -1.609412897352  -0.151322831409  -1.064683828817
  10  Si  1.507389541498  0.941574386937  0.089332032175  0.436689242341  -1.128080549971  -0.746110395346
  11  Si  7.720965503293  0.868616270435  0.063992928174  -3.715929828143  -2.749500911315  0.255528778729
  12  Si  -1.501691265608  4.479980384943  2.595615631887  2.700987637851  0.411576169244  0.460622586322
  13  Si  1.607665858243  4.442036168826  2.566088227347  0.008672309916  -0.121963870651  0.063271418059
  14  Si  0.088149885004  7.140320260452  2.567492698508  0.717866735128  1.235561749746  0.711087705393
  15  Si  6.252777927499  3.474079604795  5.088332811868  -2.818374850102  -0.982069140914  0.716240903675
  16  Si  3.146280223754  3.497611528426  5.086147771820  -0.070541227876  0.783539324094  0.135017481607
  17  Si  4.669824810320  0.813076659179  5.088449795590  -0.533122194977  -1.298330267709  -0.356261029203
  18  Si  -1.482569751421  4.451863042793  7.669400447743  2.915209009981  0.702098100248  0.317726377429
  19  Si  1.631997613771  4.415483458123  7.657110650746  0.056877425576  -0.347978220524  -0.239641277916
  20  Si  0.107602782579  7.137776736845  7.670444810363  0.746920492645  0.688020088596  -0.244492169844
  21  Si  6.179989473013  3.576194461774  0.083234773194  -2.354963727809  -1.477252545597  -0.306634894377
  22  Si  3.108141460792  3.603612283739  0.098203180717  -0.213131395478  0.242493451198  -1.542259226708
  23  Si  4.629137024034  0.903305114205  0.072638489509  -0.795249670217  -1.442467369339  -0.802984361859
  24  Si  3.129604013528  1.742671433125  2.539243053033  0.101031211419  -0.672965997763  0.302026624810
  25  Si  6.202028491264  1.703731961714  2.532647781916  0.032748407587  -0.488723039149  0.203478898966
  26  Si  4.692558795388  4.408668310817  2.556391188914  -0.214140673062  -0.550556526995  0.418737388907
  27  Si  1.648272358342  6.220527014861  5.113226395286  -0.540742243955  0.621897430687  0.196785923849
  28  Si  -1.457368965846  6.249315381201  5.125780233970  0.389466467592  0.884299968487  0.219013073645
  29  Si  0.064605091239  3.543982536506  5.110192798976  0.427195758384  0.626796455779  0.213619254240
  30  Si  3.133352761376  1.701669572421  7.628969362511  0.242123969060  -0.542333540577  -0.466354667009
  31  Si  6.247422294143  1.680866851976  7.602424088874  -0.700418505503  -0.840071216296  -0.010081024310
  32  Si  4.731472013648  4.382652562011  7.626821550615  -1.170632734247  -0.494673530118  0.216692513258
  33  Si  1.587359181243  6.302729858837  0.122862344587  -0.139212910427  0.834897468011  -1.306491083937
  34  Si  -1.525585624278  6.349324650606  0.121661628728  0.939033133125  0.228743273110  -0.534713876196
  35  Si  0.016587462464  3.648113567285  0.106663561705  0.201129758252  0.184517688937  -1.227353515858
  36  C  0.033051690309  1.781027701733  4.459275332207  2.648745876295  0.606269050110  -1.017286400781
  37  C  3.176600133542  7.083166201422  4.461487246710  0.503785515946  1.418979818707  0.363018695474
  38  C  -2.999867725891  7.193959055686  4.505920555311  2.585464537222  1.906053891971  -0.836405951356
  39  C  4.751531157308  6.155950853936  6.991103722754  -2.211127110181  -0.028281272231  0.036516187703
  40  C  1.576195889247  0.837018501023  6.979635871075  0.153696344987  -1.223386779845  0.946561603706
  41  C  7.779651908344  0.749952353745  6.948451988915  -2.761537301574  -1.830318810039  0.260838370272
  42  C  0.042406317993  1.721969573147  9.544087837150  3.143140356566  1.155759073478  -1.327570495332
  43  C  3.206053674513  7.079550020666  9.560094963384  0.218437512389  0.976322410869  0.069434831640
  44  C  -2.956492419586  7.156046864251  9.591694016805  1.804594982959  1.806867306725  -0.705172623737
  45  C  4.733183391783  6.176493876617  1.934215455137  -2.521455842232  -0.087163418333  0.385229761419
  46  C  1.567434716446  0.865594824722  1.933082692501  -0.094880173141  -0.987891156812  1.183314365600
  47  C  7.747549440022  0.794290966685  1.904806315876  -2.374106084823  -1.885385678051  0.790146578991
  48  C  -1.484271074553  4.458357351967  4.475891281798  2.792986013095  1.206628625983  -0.534849721387
  49  C  1.599025217341  4.454039614563  4.449135477962  0.304092602814  -0.708110350887  0.505307185410
  50  C  0.091990106917  7.152882700823  4.513349011215  0.586566308364  0.971884348697  -0.398377634861
  51  C  6.243435719540  3.488854974562  6.992736348065  -2.023063872750  -1.363108700347  -0.734399968347
  52  C  3.148487258121  3.478205593828  6.995867238701  0.304214999995  0.665388731877  0.111662243736
  53  C  4.680714400454  0.785479688937  6.967137295052  -0.463631384519  -0.785134900420  1.012680067476
  54  C  -1.471073042200  4.417915982323  9.567383105561  2.919398273908  1.363006086966  -1.164575646255
  55  C  1.634595106762  4.414464069159  9.551644408275  0.203092504817  -0.717632491454  -0.014143784080
  56  C  0.112766729646  7.098684994908  9.594265517128  0.524242269648  1.239209356545  -0.357240000998
  57  C  6.240644901287  3.506968609033  1.908182463618  -2.720030755808  -1.018590711068  0.699346459801
  58  C  3.147391657724  3.527064711391  1.914997436474  -0.186199087805  0.390295326072  1.417107399809
  59  C  4.675725408241  0.816399663171  1.927730770700  -1.001956687274  -0.944822414249  0.847215227483
  60  C  3.136766282437  1.743040052279  4.449801641250  -0.275709537037  -0.820206300526  -0.167856376073
  61  C  6.250796079649  1.684334092259  4.426162420733  -1.202240071386  -0.092344785322  0.406520064353
  62  C  4.720731721968  4.404473554356  4.459391494631  -0.688352610823  -0.530410760392  0.115379288782
  63  C  1.654817120832  6.197480876787  7.054319768896  -0.080636045577  0.660181066640  -0.728533764863
  64  C  -1.461348390290  6.245131385535  7.055958476035  0.838400570954  0.346894021315  -0.345157424160
  65  C  0.074571070692  3.537469907921  7.019093795439  0.061926541066  0.147692944090  0.204973196532
  66  C  3.149018804787  1.702576908245  9.523068463090  -0.080250132429  -0.748269193285  0.029228090855
  67  C  6.257870746149  1.639757579073  9.512033288787  -0.638886745149  -0.045291946128  -0.124823148560
  68  C  4.737268341716  4.362910556279  9.549276735781  -0.681285481088  -0.112715734087  -0.396518023314
  69  C  1.635476940014  6.229683448852  1.958880340816  0.013613598852  0.542055872790  0.610615109430
  70  C  -1.470069835227  6.238287539261  1.991108973371  0.295228174998  1.261872879405  0.116978515230
  71  C  0.045551194700  3.577494151964  1.925389935450  0.346920325695  0.270026841126  1.529670788085


