MDSTEP:  0
LATTICE_CONSTANT: 1.889726125458
LATTICE_VECTORS
  8.968017475955  0.000000000000  0.000000000000
  0.099443040327  8.951629000214  0.000000000000
  -0.243055762091  -0.217457639567  8.639998833224
VIRIAL (KBAR)
  -66.217332362311  -35.097819971327  56.743570702357
  -35.097819971327  -55.741048360947  40.150487653982
  56.743570702357  40.150487653982  27.442301973237
INDEX    LABEL    POSITIONS    FORCE (eV/Angstrom)
  0  Si  3.254882658883  1.034500637716  3.343752351113  0.056266563967  -0.663567175676  0.503530060009
  1  Si  3.195461438899  0.996302796866  7.739758078470  -0.451491344016  -1.378214416679  -1.995661588073
  2  Si  3.274462987081  5.420340243559  3.407404242963  0.265121439118  -0.262432939084  0.325897783017
  3  Si  3.219487503724  5.374580224598  7.803784878340  -0.345011665782  -0.592285246617  -2.290063054377
  4  Si  7.644117409533  1.011594543226  3.413557642264  0.663004517513  -0.656378184026  0.169841803377
  5  Si  7.584110606313  0.961048449677  7.803132170334  0.186518313241  -1.151739192020  -2.187316917931
  6  Si  7.666745845520  5.411678739900  3.473824771039  0.675299793068  -0.463227614129  -0.080066738437
  7  Si  7.605429312456  5.342195423893  7.846437365783  0.379358911448  -0.520010058774  -1.742692276243
  8  Si  3.300651577394  3.261958998861  1.195471805289  0.138358842381  -0.207649340467  0.337633600823
  9  Si  3.231091760892  3.211300791062  5.581440381833  0.291605596507  -0.390281146873  0.035184878750
  10  Si  3.328679108323  7.653309503630  1.239793970117  0.610528340420  2.079512564045  0.068147578216
  11  Si  3.265985354888  7.595425351598  5.619256674088  0.333289143335  2.108198025230  -0.306227939002
  12  Si  7.692375970799  3.238771487748  1.230189528202  0.769344666294  -0.241951160633  1.074174846780
  13  Si  7.629766812900  3.179957360408  5.633514891949  0.569840437422  -0.298575159214  0.117699343317
  14  Si  7.705070559655  7.637886665793  1.305106466545  1.380346926753  1.870148210008  -0.255507377585
  15  Si  7.654530810093  7.574064714369  5.693194909929  1.074261883083  2.038214194865  -0.621949839141
  16  Si  1.099731478254  1.080378115053  1.119511913831  -2.681580045451  -0.902285838604  1.390857628501
  17  Si  1.035300875261  1.022063352332  5.522618807487  -2.781687880647  -0.852824732912  0.664459259870
  18  Si  1.125980199513  5.472591266933  1.178997937891  -2.748707778129  -0.467542246547  1.386806811750
  19  Si  1.047281303035  5.412336147984  5.571741991913  -2.470358349367  -0.505251722467  0.837176001586
  20  Si  5.476230931664  1.050676994222  1.186051918020  0.288128114658  -0.653861530765  0.536087312216
  21  Si  5.423820570711  1.002438551947  5.579944558276  -0.017223295918  -0.898166743152  0.194775518254
  22  Si  5.499069096410  5.450834652687  1.235746623092  0.440021575881  -0.287071035193  0.788102085410
  23  Si  5.459650891707  5.403651790208  5.629194907084  -0.384605240133  -0.707156081398  0.341954198998
  24  Si  1.067759597266  3.246909031984  3.351669061152  -2.594746808840  -0.588405582568  0.837775290702
  25  Si  1.008972879419  3.197707405372  7.748128085690  -3.412835450331  -0.534487721384  -1.413107915931
  26  Si  1.096269111694  7.634860795813  3.401961113819  -2.059066209278  1.848334636917  0.035960536344
  27  Si  1.038566107412  7.575517841074  7.801458499198  -3.072423687513  1.962211024765  -2.080331461671
  28  Si  5.458132676461  3.216193757162  3.406116922400  0.240373842850  -0.104984107902  0.258894070389
  29  Si  5.401140287843  3.161786011962  7.800507641730  -0.291791797150  -0.430221476478  -2.132287116408
  30  Si  5.487084415442  7.616186748329  3.462818870770  0.608673101238  2.008921649388  -0.446027564351
  31  Si  5.426311939426  7.557177118246  7.847722951308  0.035587542838  1.616447780388  -2.596850420822
  32  C  8.887584310654  8.913510120269  0.121548957797  2.501689634481  -1.456032853060  1.670484895297
  33  C  8.718192543587  -0.102818801579  4.507829315747  1.550194930793  -1.427919713002  0.125059578993
  34  C  8.813773832184  4.341219163742  0.187223253411  2.949714345663  0.815146229451  0.458688987577
  35  C  8.740056976789  4.284460565280  4.568175110647  2.070183738679  0.567819293560  -0.933697865740
  36  C  4.495875467253  8.921566802162  0.054707676003  0.012622228652  -0.982997901545  2.520983780972
  37  C  4.335765784000  -0.076597189482  4.448696083917  -0.640754372695  -1.633281126584  0.590210166078
  38  C  4.423587934490  4.370411459201  0.114484148543  0.305074727445  0.456312816409  1.904751276966
  39  C  4.353520270940  4.300938430659  4.511927407530  -0.062841841403  0.449824311937  -0.212281912653
  40  C  8.763417135231  2.111499423303  2.346073150841  2.089120026096  0.738550832700  -0.920324678125
  41  C  8.700687352736  2.066375005747  6.722430467227  1.972145528803  0.330822462596  -0.690314234856
  42  C  8.785887028343  6.511072262436  2.400273639413  2.103419234381  0.643907646468  -0.898632530718
  43  C  8.732692067347  6.450604883751  6.784010384687  1.847768860810  0.384725354081  -0.847604231729
  44  C  4.371549738229  2.137645836425  2.284364050617  -0.038233798989  0.291338484302  -0.186788277237
  45  C  4.321375374956  2.095796503507  6.671331801380  -0.459995549380  -0.002862127477  -0.171670455115
  46  C  4.405293152519  6.526168592482  2.352689507187  -0.256280813011  0.487721439728  -0.448172405955
  47  C  4.332772482886  6.482739248140  6.733075151753  -0.115551874214  0.089783338594  -0.440532342264
  48  C  2.163054428186  -0.035008611030  2.231673635735  -0.404687184264  -1.720556142533  0.500368636873
  49  C  2.093233396337  -0.085160272545  6.626369319172  -0.338956873177  -1.984972194417  0.345696286977
  50  C  2.184588139501  4.345050513640  2.284760930011  0.000025023661  0.375787414090  -0.127014730717
  51  C  2.139418638526  4.300360240766  6.671950391298  -0.624987377724  0.103224274983  -0.112455065292
  52  C  6.656493732333  8.890644012601  2.283499520228  -0.596779546294  -1.491813916509  0.617561007365
  53  C  6.498717596308  -0.120218422286  6.682129979178  -0.705808057606  -1.655707956759  0.285047614877
  54  C  6.573731212746  4.326241530450  2.335955379782  0.026847666098  0.358466864611  -0.140919883205
  55  C  6.529029407525  4.269314862897  6.735315819131  -0.485336705178  0.160933073253  -0.484902331906
  56  C  2.200797625492  2.179093938649  0.057566074479  0.815049454756  0.809385783204  1.890316198200
  57  C  2.153647029211  2.130592071846  4.451904542651  -0.239192333961  0.118951286343  -0.116482179342
  58  C  2.239421936111  6.569063558754  0.118384327683  0.524717805785  0.680596737978  1.758722338939
  59  C  2.172729568684  6.511362655659  4.501900475523  -0.184915040901  0.281335995054  -0.187994168578
  60  C  6.605960818869  2.154347739972  0.116898166490  0.289835460479  0.759945880343  1.788482377541
  61  C  6.534760722454  2.100974674768  4.513232810181  -0.063636619859  0.279040884705  -0.336372290761
  62  C  6.629877690946  6.545532227989  0.176031492742  0.411098166457  0.917399216148  1.534454020157
  63  C  6.558784710792  6.496300693898  4.573201242889  0.054051156156  0.481706679306  -0.491535980952


MDSTEP:  1
LATTICE_CONSTANT: 1.889726125458
LATTICE_VECTORS
  8.968017475955  0.000000000000  0.000000000000
  0.099443040327  8.951629000214  0.000000000000
  -0.243055762091  -0.217457639567  8.639998833224
VIRIAL (KBAR)
  -66.398288487787  -34.952662230756  56.883740414716
  -34.952662230756  -56.023955269270  40.269522515233
  56.883740414716  40.269522515233  27.233495538791
INDEX    LABEL    POSITIONS    FORCE (eV/Angstrom)
  0  Si  3.255420538856  1.034085984505  3.344311443327  0.036553719517  -0.665990041164  0.482592515440
  1  Si  3.195077858728  0.996454052710  7.739965508255  -0.451334804107  -1.383976238885  -1.993507562010
  2  Si  3.274153229584  5.420109895632  3.407377842725  0.262571786963  -0.259622974557  0.321390105820
  3  Si  3.219421365550  5.373556566189  7.803941117602  -0.361352933171  -0.558149164279  -2.278055500914
  4  Si  7.644632299011  1.011345760417  3.412768838014  0.639632523643  -0.657045302501  0.186451995557
  5  Si  7.583957345042  0.960877341275  7.802948042716  0.202980410188  -1.165944043482  -2.168432206466
  6  Si  7.666691173808  5.411252329460  3.474176236146  0.678246788255  -0.429422129827  -0.103173151731
  7  Si  7.605469480968  5.342135049963  7.845287613209  0.381317150834  -0.523704616364  -1.704442076212
  8  Si  3.301847950086  3.261393133527  1.195948981625  0.110818950683  -0.187455127799  0.339307350941
  9  Si  3.230961762694  3.210634805936  5.581616608714  0.277237109515  -0.368270838709  0.027090611625
  10  Si  3.329351973101  7.654677129295  1.240080484492  0.591734687363  2.053416401712  0.066605114811
  11  Si  3.266468669015  7.594939751736  5.619187069381  0.319617390563  2.108252558860  -0.317418045593
  12  Si  7.692282469036  3.238880913316  1.230656514190  0.775264901811  -0.248112158967  1.062311928506
  13  Si  7.630488918700  3.180628454961  5.633040662260  0.564750443775  -0.306732042926  0.139555894593
  14  Si  7.705594119848  7.638097213606  1.304307247484  1.383636698050  1.861572735306  -0.242778491103
  15  Si  7.655249310629  7.574807380708  5.693939447893  1.058913500377  2.012742934851  -0.658261874681
  16  Si  1.099225488068  1.080921496015  1.119296600836  -2.650931006836  -0.910662455698  1.408751584298
  17  Si  1.034280984628  1.022396903048  5.522908740249  -2.751862285134  -0.855818846607  0.652020274789
  18  Si  1.125461812325  5.473044343871  1.178969870645  -2.727714144286  -0.468158650922  1.394409982906
  19  Si  1.046764238423  5.412209561032  5.571737478530  -2.447097150362  -0.484156923298  0.821583752313
  20  Si  5.476637251169  1.049859131626  1.186222128076  0.277163685012  -0.640985868551  0.526176541480
  21  Si  5.424000365595  1.003026507772  5.580123192459  -0.018455650204  -0.917948988308  0.192058746993
  22  Si  5.498563264592  5.450534922373  1.235568720500  0.456134998843  -0.267165611715  0.800040599780
  23  Si  5.459363442166  5.403217129115  5.629080558720  -0.385250481189  -0.688677323837  0.341440438596
  24  Si  1.067104014281  3.247656194700  3.352311388311  -2.566550245005  -0.600874749589  0.825292570212
  25  Si  1.008678312392  3.197978943539  7.748631089072  -3.402845092378  -0.536073264471  -1.416384450233
  26  Si  1.095897303147  7.635144144603  3.401785632371  -2.040449922384  1.842993262618  0.030949945798
  27  Si  1.037751525897  7.576557971271  7.800506521143  -3.027450971510  1.923594209084  -2.045292990328
  28  Si  5.457843647030  3.215225994549  3.405902058489  0.234276177689  -0.078802543943  0.276283903418
  29  Si  5.401012969775  3.161473611179  7.799430503181  -0.287380981532  -0.424618772018  -2.104459887523
  30  Si  5.486648667478  7.615845560869  3.463020574531  0.609194716213  2.004331663966  -0.453494079671
  31  Si  5.426233600640  7.557581595786  7.847393784067  0.033736647616  1.609225538984  -2.586376034516
  32  C  8.889474922216  8.913071607300  0.122742980250  2.452249063669  -1.424119763081  1.628794963967
  33  C  8.717734336855  -0.102910213821  4.507701789004  1.551104157060  -1.427631444966  0.129386991613
  34  C  8.815117051094  4.340344803600  0.187212828877  2.909824347621  0.838704053571  0.446214701083
  35  C  8.740850373623  4.285236553713  4.567685203106  2.054073516691  0.551213619567  -0.921655076657
  36  C  4.494981388727  8.921053890532  0.055893337186  0.024323303816  -0.971180058947  2.497044250831
  37  C  4.335718680222  -0.076525118703  4.448360706957  -0.625566805308  -1.630426038207  0.606390588654
  38  C  4.424786286463  4.370150769785  0.115083935257  0.283675750915  0.450129391098  1.884370897050
  39  C  4.352496646566  4.302009377541  4.512925561195  -0.042305058952  0.414368367076  -0.235378401659
  40  C  8.763766573826  2.110687953227  2.346366092717  2.080817283719  0.758645314749  -0.927983835694
  41  C  8.702399089723  2.065796946507  6.722677771756  1.934889230842  0.345059627360  -0.702170227952
  42  C  8.787788873493  6.511262624755  2.398836401620  2.057364460258  0.628424397241  -0.874411227732
  43  C  8.733143607854  6.450661279099  6.783149379401  1.840337295150  0.382703446060  -0.839841957093
  44  C  4.371572330014  2.136986294435  2.283995011874  -0.027094314796  0.287688674325  -0.173549960787
  45  C  4.321157183148  2.096529725058  6.671175184729  -0.458215427779  -0.028396701171  -0.165442241931
  46  C  4.404276311237  6.525898902744  2.352978334286  -0.231783748873  0.491789830958  -0.455721914986
  47  C  4.333509440566  6.483219344856  6.732791803975  -0.132865189187  0.071432993209  -0.429162971235
  48  C  2.162912411255  -0.035508282037  2.231872476766  -0.404452228401  -1.692773988149  0.504262433032
  49  C  2.093216794367  -0.085426031252  6.625681905083  -0.341218944729  -1.975580116775  0.352484987148
  50  C  2.184363082777  4.345473899726  2.285132935775  0.003633052947  0.357411355462  -0.138455006962
  51  C  2.137965185711  4.300344345974  6.671465155359  -0.599727889288  0.096378772914  -0.098876855364
  52  C  6.656139127087  8.890348929954  2.282686783057  -0.579093226341  -1.491229616877  0.632758639973
  53  C  6.499295356257  -0.121731763974  6.681615279518  -0.720650637183  -1.613984166476  0.305796262743
  54  C  6.573782280300  4.325890067023  2.335988648595  0.023305227900  0.360956722672  -0.136161588455
  55  C  6.527937959359  4.269750726124  6.735711153662  -0.454114698520  0.145036458399  -0.505444524710
  56  C  2.201028496654  2.180182211192  0.057808396353  0.817887983321  0.790317358787  1.890576551991
  57  C  2.154498165562  2.130275603445  4.451349489818  -0.265342721465  0.123978415294  -0.100323492279
  58  C  2.239315298136  6.569717492480  0.120188354702  0.531965745408  0.684921458219  1.700802626140
  59  C  2.173171312819  6.511032667346  4.500428743410  -0.203502351233  0.290842906797  -0.151519310038
  60  C  6.605619180456  2.154541420712  0.116854684911  0.299812037315  0.749595317717  1.780049048096
  61  C  6.534820869191  2.101373269250  4.514240336713  -0.051588684272  0.270173516982  -0.361191254329
  62  C  6.629942105242  6.546193962540  0.176037631042  0.418236367024  0.900439360656  1.524994604489
  63  C  6.558134191803  6.496542914088  4.573424265992  0.078916483858  0.477349908570  -0.488875205842


MDSTEP:  2
LATTICE_CONSTANT: 1.889726125458
LATTICE_VECTORS
  8.968017475955  0.000000000000  0.000000000000
  0.099443040327  8.951629000214  0.000000000000
  -0.243055762091  -0.217457639567  8.639998833224
VIRIAL (KBAR)
  -66.888165055118  -34.782110844182  57.384819781529
  -34.782110844182  -56.272330683177  40.391430199907
  57.384819781529  40.391430199907  27.211653304332
INDEX    LABEL    POSITIONS    FORCE (eV/Angstrom)
  0  Si  3.255605998946  1.032039642207  3.344768851813  0.046991197650  -0.605518281846  0.478236922286
  1  Si  3.192367536732  0.995348038335  7.738660368928  -0.353454062697  -1.332368846715  -1.927669721279
  2  Si  3.273219098008  5.421270423436  3.406227230737  0.320745219698  -0.279494961469  0.338303022540
  3  Si  3.220085032480  5.373640210460  7.805367235404  -0.408700835977  -0.497649451605  -2.298998299921
  4  Si  7.645831080152  1.012750752282  3.413874371360  0.647264758410  -0.618349060860  0.136239679591
  5  Si  7.583037180725  0.961244748166  7.799602679833  0.210371002575  -1.222407044272  -2.000597896804
  6  Si  7.667097685092  5.412915152048  3.474764298252  0.654794559301  -0.433962852319  -0.126531167054
  7  Si  7.606351618664  5.342052595465  7.844179386597  0.364727613396  -0.456425464311  -1.669697986155
  8  Si  3.301160398392  3.262480856731  1.197654741940  0.122918817778  -0.227266097589  0.324375075177
  9  Si  3.231993015718  3.208681016548  5.579167050192  0.322471531825  -0.299742767258  0.078271121001
  10  Si  3.327257833389  7.656360219306  1.238458971038  0.647805346914  2.024379702741  0.076876914775
  11  Si  3.267204672507  7.596718426611  5.619435085907  0.271914598251  2.056180963545  -0.359745673451
  12  Si  7.689922720519  3.236193714928  1.229996240534  0.825053258948  -0.126405797352  1.076285285319
  13  Si  7.629427837045  3.181340939825  5.634970786390  0.608838645272  -0.247274131158  0.077722796721
  14  Si  7.704391088656  7.637901637573  1.305104726454  1.411452576237  1.825037105622  -0.243768819195
  15  Si  7.657608213152  7.576305854311  5.692730139252  1.057080675319  2.000329900079  -0.629439392178
  16  Si  1.100341492935  1.078957129932  1.117975745193  -2.676332560397  -0.873393977949  1.432665404272
  17  Si  1.033353808580  1.023834528777  5.524057387637  -2.720002859528  -0.854600951388  0.647792409670
  18  Si  1.126652275320  5.471257512748  1.178893673677  -2.750961646160  -0.462406885007  1.437186606303
  19  Si  1.047008285610  5.413985255928  5.572269230940  -2.437972329827  -0.537093965924  0.821016059078
  20  Si  5.477990358498  1.051915533031  1.184998025355  0.196579080792  -0.673851699166  0.588347896996
  21  Si  5.426239531460  1.002981945855  5.582470708164  -0.090666915438  -0.896269433449  0.132124598370
  22  Si  5.498690526193  5.450719859860  1.238155159785  0.418948969914  -0.253410736804  0.741725542701
  23  Si  5.460808433280  5.404634170489  5.629695295781  -0.435497100398  -0.671224280584  0.310709751683
  24  Si  1.067049792700  3.250057037823  3.354889250401  -2.568470607298  -0.600331829117  0.770888251714
  25  Si  1.006585655649  3.199765151509  7.748613817210  -3.317093031028  -0.585061986695  -1.371575360509
  26  Si  1.095921542174  7.637142386132  3.403246091008  -2.039353289485  1.786632190475  -0.011126033013
  27  Si  1.038263868224  7.575970108539  7.800353318940  -3.034882454570  1.931446774072  -2.028005068488
  28  Si  5.457769181194  3.213445762408  3.407552444393  0.278665251842  0.024089355027  0.243051048326
  29  Si  5.402836060554  3.163291328748  7.799573003537  -0.389088653427  -0.327494874555  -2.082968011279
  30  Si  5.486397260734  7.617123613012  3.463374856814  0.614215326486  1.940068388918  -0.474142615806
  31  Si  5.427011640825  7.558337403341  7.844654104323  0.025703489577  1.592013735116  -2.524284948935
  32  C  8.892080910891  8.908168218063  0.125668619152  2.332152241097  -1.279872063332  1.519433897033
  33  C  8.719126453009  -0.101379723618  4.507926863211  1.548088724791  -1.420444387708  0.135745626452
  34  C  8.814336567144  4.340936516974  0.187654580314  2.906652612310  0.815125709230  0.428381151717
  35  C  8.738866101129  4.288209700703  4.566016395506  2.083351147910  0.487694552264  -0.843551887457
  36  C  4.496108984540  8.919888346429  0.055033485570  -0.002452455151  -0.907886570428  2.486510250728
  37  C  4.334516482971  -0.079871098483  4.448097348085  -0.605487096683  -1.541990793756  0.658405840549
  38  C  4.421129960961  4.372263894118  0.117191078571  0.405117191422  0.384599186693  1.858631722171
  39  C  4.354981710942  4.303007788565  4.512307787089  -0.080052240619  0.423580161176  -0.223220604731
  40  C  8.765255881831  2.115283178554  2.342068605486  2.049957482933  0.648277528655  -0.829396479946
  41  C  8.700526435218  2.067207225648  6.722896760864  1.954725368988  0.331745405996  -0.697331213213
  42  C  8.787208673836  6.509511891588  2.399182365158  2.076898992455  0.683184877471  -0.874817716116
  43  C  8.738031004777  6.452883979428  6.782175709553  1.767709394693  0.359287564713  -0.835572322472
  44  C  4.371056021802  2.140039421583  2.287499275740  -0.002506038873  0.198565415253  -0.229586131984
  45  C  4.324402576252  2.099719333792  6.673191594387  -0.518986374059  -0.111292854335  -0.210068248261
  46  C  4.402750443088  6.526589717664  2.350351451933  -0.216878083182  0.522540689241  -0.388271686491
  47  C  4.333222008949  6.486897529427  6.732174730326  -0.130790937751  -0.001464258670  -0.419765465452
  48  C  2.165681055072  -0.033106782070  2.229732042486  -0.444336131483  -1.718378958050  0.543007886740
  49  C  2.092604927990  -0.084757383413  6.628109812935  -0.367381712185  -1.984221232767  0.286980793693
  50  C  2.187624265873  4.343809708739  2.287127547634  -0.077305287785  0.396576082145  -0.165727940869
  51  C  2.141214373761  4.299068220494  6.670599930615  -0.663575622662  0.122378470256  -0.094696915432
  52  C  6.656163218532  8.889589291439  2.284178455598  -0.579194192200  -1.432594789458  0.627610039505
  53  C  6.496229397902  -0.123205691955  6.680734852375  -0.632898565996  -1.603087223457  0.336537342780
  54  C  6.575039648795  4.329532800703  2.333550497942  -0.004973606854  0.267098772870  -0.053769729824
  55  C  6.528430770515  4.272808770183  6.732164055094  -0.451434243022  0.111633606740  -0.406540606296
  56  C  2.200667707373  2.178394219391  0.060506515940  0.797816095513  0.865323268729  1.807960073084
  57  C  2.155031131700  2.131796356837  4.452044386404  -0.293234437841  0.058861511859  -0.107410752168
  58  C  2.236191703966  6.570757678618  0.122066706783  0.608310367098  0.639727857726  1.651248783250
  59  C  2.170936119899  6.507393804380  4.499050037318  -0.147118437097  0.408593156618  -0.110255031571
  60  C  6.601908337541  2.158554061797  0.119101039986  0.428440468426  0.621390840693  1.688344330256
  61  C  6.536958297489  2.104707020936  4.517437790605  -0.079619589786  0.178727833422  -0.401976501492
  62  C  6.627646431017  6.546498572521  0.177163828985  0.472708917000  0.893848959723  1.459571941599
  63  C  6.560574032485  6.498045319026  4.576780025078  0.042230474641  0.484298942282  -0.559677838238


MDSTEP:  3
LATTICE_CONSTANT: 1.889726125458
LATTICE_VECTORS
  8.968017475955  0.000000000000  0.000000000000
  0.099443040327  8.951629000214  0.000000000000
  -0.243055762091  -0.217457639567  8.639998833224
VIRIAL (KBAR)
  -67.108670632864  -35.196626680485  57.384630601716
  -35.196626680485  -56.756763421954  41.400053695819
  57.384630601716  41.400053695819  27.024595232258
INDEX    LABEL    POSITIONS    FORCE (eV/Angstrom)
  0  Si  3.253226424860  1.030392013734  3.347589807317  0.096226210489  -0.605226765091  0.370736017337
  1  Si  3.191314883955  0.997666708269  7.739719425287  -0.278720590473  -1.403155767547  -1.999567283071
  2  Si  3.273161116833  5.419596462895  3.409448001298  0.348409683000  -0.277292513698  0.221495635083
  3  Si  3.217319453928  5.376011037798  7.805433731539  -0.297570509440  -0.507158140085  -2.349310686490
  4  Si  7.647573371037  1.015489246223  3.411725156234  0.589663161256  -0.707589374108  0.217974021902
  5  Si  7.581596132181  0.958511297613  7.796850806516  0.238392955627  -1.178919031175  -1.916157374414
  6  Si  7.668199319537  5.410515637763  3.472125848999  0.709059732832  -0.369280596368  -0.109334038621
  7  Si  7.604583163839  5.345002314489  7.840226705824  0.389197816365  -0.551493067622  -1.585207226306
  8  Si  3.298845055789  3.259761368890  1.197500988376  0.195389341293  -0.175439894783  0.311715613819
  9  Si  3.233136320269  3.211464192018  5.576419542077  0.346898844948  -0.339056732038  0.100664741757
  10  Si  3.328274362037  7.654070679532  1.237746823002  0.629441648212  2.083304502338  0.101658070807
  11  Si  3.267273280052  7.596984030851  5.617873895606  0.271300215745  2.075764431202  -0.334162329453
  12  Si  7.688427215979  3.239016768516  1.230825897308  0.886651710203  -0.240232304399  1.033156261392
  13  Si  7.627487156668  3.178021855549  5.634523739820  0.616327572633  -0.208117734149  0.085922469886
  14  Si  7.707057898193  7.640289858384  1.304022715010  1.344718381864  1.797066907791  -0.250847308585
  15  Si  7.661432702676  7.573765532176  5.692677579159  0.988275428676  2.033467594044  -0.679439072138
  16  Si  1.097343361789  1.079781672760  1.119856631411  -2.616083307568  -0.907196941594  1.415996217756
  17  Si  1.031221138183  1.026247215276  5.525299712247  -2.594684423243  -0.915922937649  0.664108808667
  18  Si  1.124605351901  5.467971922038  1.181241224688  -2.610665783254  -0.363641051316  1.376473355578
  19  Si  1.048279140457  5.415181970391  5.573815806142  -2.462285381065  -0.562724990236  0.759889858210
  20  Si  5.480867351713  1.050383798260  1.186955101541  0.092592116638  -0.639639799072  0.548200213316
  21  Si  5.424803839830  1.004824435485  5.580354815594  -0.022406083637  -0.984219137939  0.247880704220
  22  Si  5.499467754426  5.447528809126  1.235639730526  0.422131744202  -0.197488112263  0.768345115751
  23  Si  5.458276577428  5.402625179203  5.627273101682  -0.368639173820  -0.533532143535  0.276423256254
  24  Si  1.066786854984  3.246778866931  3.357861827049  -2.547305816722  -0.512893161198  0.700564478011
  25  Si  1.008542708794  3.196478115498  7.751098269715  -3.310090414188  -0.479386194087  -1.449506182447
  26  Si  1.095005798022  7.636066898136  3.403847073721  -1.995093704809  1.818684736107  -0.019112216868
  27  Si  1.034919367304  7.577221593726  7.799492247313  -2.940540105847  1.865960025400  -1.985915522844
  28  Si  5.460058261209  3.216415585479  3.407820299175  0.209017321793  -0.112758400589  0.145387765726
  29  Si  5.403274101642  3.164773336214  7.796947549076  -0.390869224527  -0.336546393301  -1.965001914115
  30  Si  5.484969058164  7.618718651265  3.463477318433  0.654553025090  1.876833910888  -0.508178695713
  31  Si  5.423660764116  7.561883768489  7.842727202313  0.072728042579  1.546305434649  -2.532874288871
  32  C  8.890826415040  8.907380604898  0.125836775977  2.335511009865  -1.261653418309  1.511102641464
  33  C  8.718320458026  -0.100608600163  4.509578521374  1.555567074882  -1.412525175666  0.116557407943
  34  C  8.816069257701  4.339136277941  0.190158345985  2.829517998460  0.904158215560  0.333846570392
  35  C  8.738763500710  4.285567176724  4.568093861445  2.090334299426  0.508597312274  -0.881911412997
  36  C  4.493536010449  8.921110221961  0.051888422038  0.067320098659  -0.892107899725  2.581416849119
  37  C  4.337698363240  -0.077364052164  4.449697245253  -0.700847584469  -1.580328675021  0.622128590009
  38  C  4.419557899352  4.374358075253  0.118969306213  0.417674485287  0.313259412040  1.766677515614
  39  C  4.358616258555  4.300693066834  4.509537445761  -0.126626227224  0.487130260579  -0.189661127111
  40  C  8.762366597288  2.115956811269  2.345545621059  2.109362094684  0.681020397361  -0.900267152632
  41  C  8.703280854919  2.067803562940  6.725751978565  1.881611143325  0.320054311155  -0.735411013463
  42  C  8.793755263625  6.512577055997  2.396821079996  1.960123768102  0.586924832182  -0.836416989823
  43  C  8.737962360483  6.448324924490  6.776443683261  1.822840947685  0.412515438956  -0.746999039372
  44  C  4.365793518921  2.140063456569  2.285113451253  0.125686569033  0.176467437094  -0.154792730629
  45  C  4.326199268991  2.103032729725  6.673101600307  -0.580375370969  -0.163600673612  -0.239098563911
  46  C  4.402230474884  6.522526828589  2.346755049071  -0.176902369269  0.580139493193  -0.283029625291
  47  C  4.332943143769  6.491396419988  6.726984323023  -0.124209256527  -0.108210726488  -0.364281927233
  48  C  2.160906867463  -0.037199041161  2.232414712055  -0.383357152438  -1.673087452482  0.538814751313
  49  C  2.093492177650  -0.090678785558  6.633246271405  -0.454356181829  -1.835228762694  0.166379041103
  50  C  2.191467953657  4.340579232292  2.286738764265  -0.201509778932  0.414544952480  -0.112032475379
  51  C  2.143415937985  4.302116097619  6.665283606591  -0.702739265826  0.052222124999  0.023612460579
  52  C  6.656533511832  8.890951804402  2.287273167193  -0.559034637446  -1.475838000002  0.575841264010
  53  C  6.500212456606  -0.128783239283  6.684062513994  -0.752121214117  -1.500861410488  0.223964317656
  54  C  6.579780763533  4.325511541986  2.331114704769  -0.096694447194  0.367068815581  -0.022176933312
  55  C  6.525297399719  4.276190667632  6.727533232620  -0.383086187719  0.026678731501  -0.339705629177
  56  C  2.203931068046  2.176721368708  0.058486412497  0.670771258553  0.877274995427  1.899799101814
  57  C  2.159447986231  2.134616313779  4.447671274089  -0.388442886447  -0.017892771230  0.044273216412
  58  C  2.241794013644  6.574941444825  0.121708910222  0.377120360249  0.558666691541  1.661632216471
  59  C  2.172863611205  6.507259824315  4.498264193319  -0.195433779078  0.406122050955  -0.095895631516
  60  C  6.603889660084  2.157182367214  0.121525419346  0.395253202636  0.690582963649  1.590747870105
  61  C  6.532961394585  2.100399907150  4.515818125247  0.018084720240  0.276164971844  -0.388430961653
  62  C  6.624167408543  6.548915929246  0.174238442003  0.545313013576  0.868365264184  1.497939165575
  63  C  6.564654195479  6.499310707832  4.573257228476  -0.042376140034  0.424899934582  -0.526600231617


MDSTEP:  4
LATTICE_CONSTANT: 1.889726125458
LATTICE_VECTORS
  8.968017475955  0.000000000000  0.000000000000
  0.099443040327  8.951629000214  0.000000000000
  -0.243055762091  -0.217457639567  8.639998833224
VIRIAL (KBAR)
  -67.375849826090  -35.083924227320  57.448581111822
  -35.083924227320  -57.216766531910  41.370462666220
  57.448581111822  41.370462666220  27.210222803795
INDEX    LABEL    POSITIONS    FORCE (eV/Angstrom)
  0  Si  3.254656886092  1.030423885597  3.346159288033  0.072448817883  -0.573416357065  0.349026577364
  1  Si  3.194898665945  0.999411244098  7.735895119682  -0.438367107229  -1.323408838565  -1.901540150843
  2  Si  3.269447584714  5.419625194924  3.408688104643  0.357518589931  -0.264431990469  0.142281941437
  3  Si  3.214822702121  5.375443713951  7.801805368482  -0.223920639604  -0.526663995988  -2.172371951576
  4  Si  7.646184054303  1.014696232295  3.407694266062  0.630375768206  -0.625128196485  0.267156618892
  5  Si  7.582921527565  0.955003256610  7.795876625120  0.203548650495  -1.055295931960  -1.872868327176
  6  Si  7.664990904259  5.412715352712  3.474462036941  0.807832301239  -0.436667935194  -0.230909296985
  7  Si  7.606250019272  5.348218463902  7.842730506641  0.255864630399  -0.585999442850  -1.612014438718
  8  Si  3.295281593228  3.255941903117  1.197832847964  0.274757505425  -0.058379838562  0.348203123293
  9  Si  3.230575122963  3.214899760883  5.573212481167  0.344700239259  -0.389469198346  0.058430773085
  10  Si  3.327560772665  7.655584953096  1.238930793067  0.592327141451  2.026861361015  0.058879491765
  11  Si  3.269029661401  7.598024355875  5.616983833061  0.221497234292  2.073105740766  -0.282018994890
  12  Si  7.691408533776  3.239579105736  1.234680462297  0.826083494503  -0.323430153439  0.970401662096
  13  Si  7.625388720613  3.180351597231  5.633508900315  0.676556261377  -0.258895933465  0.056929817033
  14  Si  7.706539328875  7.637565688007  1.306493149494  1.331063817126  1.893311550967  -0.241094976594
  15  Si  7.660836797661  7.576516966599  5.696048639378  1.031214280953  1.964750167813  -0.806441695011
  16  Si  1.099344192273  1.082221732968  1.122123259123  -2.625849144925  -0.938736379393  1.371688305117
  17  Si  1.031452175690  1.026066531419  5.526562750584  -2.630108000070  -0.839983025049  0.574475096646
  18  Si  1.123728399621  5.468501278935  1.183140693901  -2.665234376349  -0.362078472576  1.341552016874
  19  Si  1.043527040541  5.417113452949  5.574904606798  -2.366294725124  -0.655923810832  0.736190663387
  20  Si  5.477902222824  1.047208130757  1.184618842940  0.172910232733  -0.535329116432  0.647516245285
  21  Si  5.427099143198  1.007344459450  5.582393478732  -0.084075538602  -0.985275528288  0.168430332329
  22  Si  5.496989621699  5.448844929550  1.234351172302  0.464055729749  -0.330344411325  0.809027688048
  23  Si  5.454875510638  5.405666572771  5.624065891148  -0.256666088974  -0.608172386451  0.291559015024
  24  Si  1.065743849147  3.244695913463  3.355609675131  -2.524121294830  -0.421416963397  0.706459140011
  25  Si  1.005643368926  3.197622142777  7.754311202948  -3.226670178386  -0.497079300131  -1.487054154140
  26  Si  1.092011807473  7.636749106295  3.406152246271  -1.967838285270  1.792554604574  -0.069266500442
  27  Si  1.037531631171  7.574891583568  7.797104815068  -2.954431530825  1.906994720680  -1.913110398944
  28  Si  5.460636538630  3.217576620684  3.410970248993  0.198189449656  -0.142973563808  0.018290120498
  29  Si  5.400921981375  3.166102195016  7.797346391620  -0.370054235253  -0.380051364223  -1.948870974017
  30  Si  5.487954726284  7.621961866019  3.465571621468  0.543788089640  1.820671820777  -0.578668319948
  31  Si  5.419771062710  7.563165538144  7.842833182615  0.132381105133  1.551550105393  -2.463456285303
  32  C  8.896050926400  8.909850920888  0.124312293119  2.277971083824  -1.324624595244  1.536329689953
  33  C  8.714197107068  -0.096919230926  4.505517488952  1.624958399976  -1.477357857303  0.214874450266
  34  C  8.814267092040  4.338082631380  0.189703476054  2.844162619417  0.944201791045  0.344377895274
  35  C  8.738902958959  4.287848473625  4.562316277217  2.066873386893  0.455715005982  -0.761085868995
  36  C  4.491377564539  8.925083477924  0.055328037192  0.079653460803  -0.993825098544  2.452218168972
  37  C  4.332110514060  -0.074751670986  4.453367089107  -0.584254411653  -1.653894277828  0.613367027176
  38  C  4.418608414897  4.372918750666  0.119045893819  0.376111792825  0.359248051626  1.756725922599
  39  C  4.355622571508  4.302349329286  4.503904000313  -0.098740039819  0.506265589861  -0.102859376119
  40  C  8.769158565230  2.115643174382  2.349662016195  1.998349498727  0.662711039967  -0.993661773761
  41  C  8.707012013479  2.067561153115  6.724801183185  1.789485897517  0.343297243001  -0.748024420859
  42  C  8.792694848149  6.509550099942  2.392925653849  1.971251786918  0.616379021705  -0.755792038821
  43  C  8.740400605355  6.446132218025  6.771096844936  1.772250018905  0.457695357491  -0.650736129876
  44  C  4.369061066713  2.139953296055  2.284809676506  0.057118840869  0.180284843436  -0.132574698711
  45  C  4.321829277259  2.107456970672  6.668255535573  -0.468777208898  -0.215228690521  -0.190841676298
  46  C  4.399462761122  6.518988693444  2.340216283605  -0.116635493707  0.713394421239  -0.087526451241
  47  C  4.337931006129  6.488627778305  6.730609461260  -0.266067793356  -0.003653908874  -0.466058664080
  48  C  2.162509334354  -0.036162461913  2.228727042920  -0.381552771984  -1.684577291310  0.621946881675
  49  C  2.087347709598  -0.086317119476  6.636871672449  -0.309961258615  -1.964173057854  0.121011319075
  50  C  2.186392813133  4.345498356591  2.282932506268  -0.132290302586  0.278378463468  -0.028228662481
  51  C  2.149125045908  4.302616508340  6.667434104771  -0.913747356268  0.061196460434  -0.059055908079
  52  C  6.556207680717  -0.057691981024  2.292716141152  -0.577586478294  -1.569581812934  0.436464165428
  53  C  6.502298335151  -0.131191486118  6.680351436026  -0.816165865681  -1.433187864413  0.317578548548
  54  C  6.583993686164  4.321423096718  2.333301285018  -0.206494564906  0.491590195248  -0.040249604671
  55  C  6.522753529738  4.274272315994  6.727673098884  -0.354026037455  0.141571682049  -0.347155494401
  56  C  2.203927077848  2.179208003955  0.062768427377  0.699728454865  0.811354118485  1.774229550401
  57  C  2.158629019222  2.135124191308  4.441433712704  -0.372297849242  -0.019036838027  0.161115135276
  58  C  2.239160494432  6.571475593933  0.125498471419  0.441643528277  0.645242913164  1.544531747944
  59  C  2.171996955434  6.504239256220  4.500130534902  -0.205686634684  0.500633841141  -0.095472165086
  60  C  6.600641951642  2.155824345848  0.122985467968  0.499117708943  0.674031911264  1.527492737380
  61  C  6.532041745850  2.098635300906  4.509799441789  0.048377844150  0.317688942870  -0.242316479530
  62  C  6.619455512889  6.553540631141  0.180253163352  0.654544887774  0.800057035459  1.349107701277
  63  C  6.570797904619  6.499921930412  4.570095725181  -0.200797337543  0.466955426222  -0.406543691834


MDSTEP:  5
LATTICE_CONSTANT: 1.889726125458
LATTICE_VECTORS
  8.968017475955  0.000000000000  0.000000000000
  0.099443040327  8.951629000214  0.000000000000
  -0.243055762091  -0.217457639567  8.639998833224
VIRIAL (KBAR)
  -67.943291607167  -34.761468946505  58.403254598001
  -34.761468946505  -57.863582321430  40.875324009150
  58.403254598001  40.875324009150  27.035482229360
INDEX    LABEL    POSITIONS    FORCE (eV/Angstrom)
  0  Si  3.251655308794  1.028895118570  3.345701938535  0.113981958745  -0.627665116123  0.409223523636
  1  Si  3.198095483276  1.000689019471  7.737949675427  -0.468655035144  -1.422142896594  -1.976884649218
  2  Si  3.268494596603  5.416131321452  3.408042063161  0.270140426118  -0.160686940820  0.213799917591
  3  Si  3.210993156105  5.376212790216  7.805484256317  -0.192052787480  -0.581369459993  -2.233626666939
  4  Si  7.642703286247  1.017973701870  3.404562663098  0.736784833543  -0.742656784274  0.376347667753
  5  Si  7.585854613896  0.952873136505  7.794246197319  0.051229197987  -0.938452564863  -1.801541014828
  6  Si  7.664849186829  5.412871347238  3.476700913300  0.769984201009  -0.440171702698  -0.301280014333
  7  Si  7.610785337072  5.352357751481  7.838283465101  0.105204611613  -0.573692304425  -1.452421659049
  8  Si  3.290839159913  3.251693142762  1.201717138919  0.309553740453  0.023828846874  0.270857291530
  9  Si  3.234473707202  3.210410881672  5.572467515452  0.216306356407  -0.216702368613  0.000236656010
  10  Si  3.324772470952  7.653630600960  1.241585080317  0.632231134524  2.041397235614  0.072827429220
  11  Si  3.270267575673  7.594702437808  5.616522564214  0.186762712440  2.185483662636  -0.296624497750
  12  Si  7.690831106459  3.239088921880  1.235977300768  0.908586839290  -0.220793606229  0.886733837804
  13  Si  7.628795871779  3.180861835447  5.630711058063  0.511873106070  -0.244451334750  0.193969307932
  14  Si  7.709865664388  7.639848849502  1.302354282082  1.256358627204  1.955223597317  -0.126214600318
  15  Si  7.665567607006  7.576956958170  5.694678842783  0.997731292509  1.912495097454  -0.847126710051
  16  Si  1.097100748259  1.085975863875  1.126538633950  -2.603466947105  -0.963562528568  1.259884459610
  17  Si  1.026794602961  1.029571134763  5.530313980864  -2.558906084975  -0.888677227251  0.513521624178
  18  Si  1.119896391144  5.472364109791  1.187657617452  -2.673875652143  -0.436958978808  1.317790834092
  19  Si  1.038831528473  5.419924627242  5.579589352188  -2.221575045917  -0.650957071022  0.645560904804
  20  Si  5.478044878445  1.042338070730  1.181891579447  0.176058211549  -0.364236189266  0.778974509699
  21  Si  5.425056701206  1.008212511280  5.580198368917  0.012725215917  -1.034356504598  0.226935041546
  22  Si  5.499501976924  5.444345884918  1.236727937860  0.362573318355  -0.261987194845  0.702028986101
  23  Si  5.453372853276  5.408977673419  5.622133192749  -0.215864099365  -0.630501335158  0.285061470289
  24  Si  1.065375683624  3.246209355391  3.360183104239  -2.580185157468  -0.455268860398  0.695752019943
  25  Si  1.005708674972  3.198755259403  7.753165193369  -3.183586949369  -0.480445906878  -1.445301205627
  26  Si  1.086685965809  7.642058349879  3.404839074777  -1.875510628410  1.708185256924  -0.007113581908
  27  Si  1.040541853365  7.571755266211  7.794220503046  -2.971047323165  2.038349340958  -1.827434242468
  28  Si  5.463552835860  3.215550538044  3.408005816049  0.090593096597  -0.001206040475  0.065353868220
  29  Si  5.402968226849  3.164842957172  7.792011790771  -0.428328455835  -0.278250609047  -1.807171558515
  30  Si  5.490015878677  7.626272803600  3.460752471036  0.515178307366  1.757098278434  -0.507648211042
  31  Si  5.423472031639  7.560639591412  7.843303929185  -0.002924297097  1.540058538418  -2.498032034601
  32  C  8.892791313612  8.914941363168  0.128088444042  2.366430620687  -1.431783259391  1.529533227124
  33  C  8.720856495681  -0.101348590143  4.506380569399  1.449659858183  -1.311815355433  0.134903429016
  34  C  8.811563172762  4.343595723526  0.185972068914  2.909873494519  0.832625919464  0.440071551169
  35  C  8.734962761973  4.287529927824  4.566924839412  2.140498018481  0.521361759188  -0.830190802725
  36  C  4.492103975346  8.923724479475  0.062460597990  0.066080917709  -1.031152281365  2.256849985184
  37  C  4.337566135113  -0.077719963512  4.460458977925  -0.738754382293  -1.600274709573  0.433995676507
  38  C  4.414195833951  4.368688776343  0.116799023944  0.453311618487  0.395636515063  1.819768545649
  39  C  4.353520062450  4.308795024475  4.505671581696  0.005886115610  0.306469708928  -0.183925345559
  40  C  8.768841279123  2.117846498002  2.349115415320  2.002777917804  0.659948211000  -0.947271712136
  41  C  8.706695945938  2.067863480563  6.727008464835  1.777792989213  0.347380107169  -0.802675954610
  42  C  8.787304596519  6.512216441453  2.394047049473  2.053491348064  0.599776028221  -0.745576808951
  43  C  8.744626669307  6.446790966076  6.776294215232  1.719267145786  0.498071699935  -0.767078777006
  44  C  4.365365654108  2.142634711324  2.287943728345  0.121869033078  0.052185055517  -0.190228119153
  45  C  4.320937529267  2.111454304595  6.663423986852  -0.374160063181  -0.355361675258  -0.099431691429
  46  C  4.396839670023  6.517160252525  2.342141246593  -0.062802737377  0.717689044224  -0.134315583138
  47  C  4.333116381570  6.484914114866  6.723356470247  -0.164709063076  0.095329584546  -0.215230021579
  48  C  2.156966937180  -0.038706968601  2.225063663088  -0.315781025011  -1.628727723577  0.719880247879
  49  C  2.085438930876  -0.083875248732  6.631610726454  -0.195598248793  -1.990245759292  0.253602875576
  50  C  2.179242798644  4.340584941278  2.286456806873  -0.063815827232  0.384993092579  -0.078600306442
  51  C  2.148833065392  4.303009223586  6.663726026624  -0.919018684504  0.040262656474  0.001717992285
  52  C  6.651202786996  8.893280114700  2.298811486868  -0.516298696800  -1.583050060459  0.302608191826
  53  C  6.506621446697  -0.136170591143  6.679408188803  -0.891027143655  -1.297086140263  0.322415589703
  54  C  6.587292493362  4.321483052755  2.327373013685  -0.234348443912  0.463488615571  0.130432056633
  55  C  6.521940204651  4.280770093006  6.732902685740  -0.306223255008  0.054143003841  -0.540319461847
  56  C  2.206516166566  2.176480255966  0.060066453338  0.573113873025  0.872023241672  1.847247479649
  57  C  2.155118045693  2.134362663029  4.440959352958  -0.328100323749  -0.026381441383  0.210123540077
  58  C  2.236658932601  6.573245962696  0.132178316366  0.476514175999  0.600983859522  1.456665067052
  59  C  2.172046563389  6.511467844123  4.502278488823  -0.296134743721  0.348854709320  -0.197380692557
  60  C  6.603133748079  2.163382650219  0.128534292018  0.470703567618  0.432259484806  1.342955239319
  61  C  6.530484267287  2.099115222590  4.507035951472  0.100037716924  0.333033595429  -0.174158372663
  62  C  6.621958503918  6.557658257338  0.186606197231  0.656959663005  0.677925232831  1.204031715268
  63  C  6.571124354518  6.501516548007  4.563976447465  -0.185374160105  0.474510951764  -0.286857463435


MDSTEP:  6
LATTICE_CONSTANT: 1.889726125458
LATTICE_VECTORS
  8.968017475955  0.000000000000  0.000000000000
  0.099443040327  8.951629000214  0.000000000000
  -0.243055762091  -0.217457639567  8.639998833224
VIRIAL (KBAR)
  -68.093236680348  -34.336499672022  57.563416010263
  -34.336499672022  -58.585895196331  41.029196355664
  57.563416010263  41.029196355664  26.376995886241
INDEX    LABEL    POSITIONS    FORCE (eV/Angstrom)
  0  Si  3.256426171911  1.026829924351  3.346645119906  -0.030289679896  -0.665534552130  0.415086633350
  1  Si  3.193142581071  1.003214363148  7.737456503745  -0.424103606103  -1.479411787852  -2.001136682789
  2  Si  3.273038059058  5.415313136214  3.411097374365  0.150838769996  -0.152745825778  0.193720927870
  3  Si  3.207137123863  5.378167532246  7.801910369504  -0.216679087193  -0.610229812693  -2.223531229720
  4  Si  7.643975540587  1.012554132356  3.408040690049  0.783874368120  -0.646604290108  0.203369382727
  5  Si  7.585589346099  0.952789256450  7.796680269312  0.099009207962  -0.977106356544  -1.775331002019
  6  Si  7.661197311430  5.409228070701  3.479492768355  0.893858575168  -0.317640898340  -0.274110332980
  7  Si  7.615286901560  5.352757864999  7.835595716183  0.084532272862  -0.566874323884  -1.371165490259
  8  Si  3.288300558535  3.248485512160  1.196894748944  0.395310384469  0.050393347457  0.444890188691
  9  Si  3.230477890810  3.212721523518  5.573683822779  0.194398367083  -0.271808512951  -0.000134406930
  10  Si  3.321965080099  7.656201584262  1.246223891834  0.712312632684  1.899784086487  -0.010082707941
  11  Si  3.273356866522  7.597778151975  5.618801241096  0.076425380658  2.110276106567  -0.411806709775
  12  Si  7.689107232231  3.240541495102  1.232652408074  0.946475238048  -0.305392865578  0.957704373216
  13  Si  7.624670441042  3.183763355503  5.634549765339  0.598324449245  -0.278152051866  0.065972505495
  14  Si  7.708436596549  7.639278068374  1.306165686664  1.267891786611  1.888536100150  -0.217597865573
  15  Si  7.662151294780  7.581335757748  5.693233975322  1.095955387676  1.872135221576  -0.741254448602
  16  Si  1.100747368119  1.090697327765  1.127572695080  -2.625577591005  -1.060423255296  1.315442088358
  17  Si  1.028104763146  1.033536619612  5.526441707607  -2.532943531936  -1.013576490537  0.591669357962
  18  Si  1.113731153009  5.468592706073  1.186092959158  -2.436696113184  -0.382177646982  1.327679383242
  19  Si  1.033153362130  5.417256704627  5.574931713080  -2.082333893590  -0.527608178323  0.696615395846
  20  Si  5.479653765888  1.041991185572  1.184396568493  0.052561958023  -0.451246528772  0.718096042742
  21  Si  5.425976140481  1.005413409733  5.579591476126  -0.117835327539  -1.021895347698  0.139220498776
  22  Si  5.497675059562  5.445023239399  1.232565561145  0.344592910863  -0.270047066810  0.732181122309
  23  Si  5.452964815053  5.410474269945  5.626060196040  -0.259515624286  -0.624294788479  0.196388735037
  24  Si  1.062680331605  3.251152593561  3.357761578884  -2.467301578635  -0.649549037343  0.792155235010
  25  Si  1.001413663762  3.194683640567  7.748482754731  -3.092986068911  -0.390927737193  -1.390456060004
  26  Si  1.086933628658  7.638032535690  3.400456087315  -1.755285879431  1.749561580155  0.109972023870
  27  Si  1.035767251430  7.575279271777  7.798730064290  -2.885064057283  1.986739424196  -1.931574487115
  28  Si  5.461028487330  3.218374351881  3.404297224402  0.150924134933  -0.057905226617  0.237903294996
  29  Si  5.403495349920  3.167903770206  7.790462737452  -0.521837115992  -0.473755038325  -1.835038297211
  30  Si  5.491234848537  7.626334130890  3.464675240012  0.463045008514  1.682385463309  -0.584298053671
  31  Si  5.421503255836  7.556294295441  7.838852028624  -0.172984823630  1.724789933419  -2.408655481104
  32  C  8.898659642841  8.911377099958  0.133018841699  2.216271415654  -1.288546286582  1.414790797531
  33  C  8.727278314807  -0.097303430514  4.504786781538  1.362497308060  -1.410066333184  0.146697426301
  34  C  8.816989583903  4.338573809658  0.184397902696  2.731479104176  0.910159895722  0.399254165464
  35  C  8.743726372013  4.285386334550  4.566380174600  1.887443135674  0.514855479078  -0.839368641771
  36  C  4.484776744283  8.929721317550  0.065365971437  0.251637659801  -1.217817521099  2.192410976628
  37  C  4.330917503031  -0.085944159168  4.458194331382  -0.561780065000  -1.495259191007  0.543532741674
  38  C  4.408336964643  4.366183833185  0.111942623572  0.526649386267  0.443174200275  1.855779536225
  39  C  4.349620079080  4.315273112898  4.512055788490  0.143301800761  0.121441313061  -0.265883526356
  40  C  8.773149657310  2.118178276235  2.346033538444  1.878284662277  0.649438121434  -0.905095756559
  41  C  8.709065144840  2.072958769745  6.724612728006  1.670740543160  0.233851774116  -0.721675538573
  42  C  8.792423577196  6.513458240722  2.397306679122  1.866620379504  0.506794302888  -0.784441756778
  43  C  8.745155278071  6.445184762698  6.776611923310  1.657388300808  0.597738388965  -0.830686470012
  44  C  4.370932503857  2.135735612724  2.291057655869  -0.001984767871  0.224550790401  -0.277050849382
  45  C  4.316154636769  2.103248353410  6.656024845323  -0.261630559712  -0.116137754482  0.048973107380
  46  C  4.400452726215  6.510459576021  2.349562852354  -0.095474909140  0.843751105491  -0.298771485430
  47  C  4.329716405382  6.479681906643  6.715750794211  -0.111905561655  0.210812124960  -0.040132492103
  48  C  2.158855924766  -0.043523543194  2.223410006607  -0.362530819620  -1.479901284440  0.782234692161
  49  C  2.089129827758  -0.084863345699  6.627790805492  -0.323505552531  -1.906021654276  0.312919805288
  50  C  2.181547913229  4.336180823653  2.290195261076  -0.064140271917  0.493100450057  -0.180574242855
  51  C  2.140106663223  4.307292865590  6.664321637817  -0.833129809857  -0.080151028363  -0.028409801043
  52  C  6.649072550918  8.891705534065  2.292385200667  -0.426839144404  -1.583064078837  0.497537944947
  53  C  6.500025146025  -0.130344346606  6.679015105450  -0.745548221029  -1.420132865417  0.349466815609
  54  C  6.590181215130  4.326168931976  2.327908288765  -0.312739703620  0.382051219160  0.061220138584
  55  C  6.520014328558  4.288668414388  6.733002254116  -0.257749471057  -0.108087773377  -0.518487756487
  56  C  2.206001000626  2.180675493204  0.062830369914  0.537669422981  0.808610641057  1.724392840996
  57  C  2.153384830733  2.126544941508  4.445122968069  -0.288162380976  0.203711982462  0.028812175668
  58  C  2.236162889700  6.576098464630  0.125811482428  0.445245351768  0.532316553207  1.659730501781
  59  C  2.176721503772  6.509942231779  4.503217229329  -0.405019401960  0.385381460314  -0.208945124906
  60  C  6.596377453850  2.156256816386  0.134020609793  0.588681422102  0.661245142277  1.187958741598
  61  C  6.535255408316  2.091945131662  4.507531259928  -0.020231224013  0.518695992380  -0.194399510706
  62  C  6.619747656104  6.557073330348  0.179882111659  0.752353404698  0.656295986592  1.320593254087
  63  C  6.569591079600  6.502911284304  4.570946522482  -0.132788287629  0.437515203950  -0.394276642768


MDSTEP:  7
LATTICE_CONSTANT: 1.889726125458
LATTICE_VECTORS
  8.968017475955  0.000000000000  0.000000000000
  0.099443040327  8.951629000214  0.000000000000
  -0.243055762091  -0.217457639567  8.639998833224
VIRIAL (KBAR)
  -68.192025913183  -33.338153825846  57.470181170055
  -33.338153825846  -59.003601001001  40.494195562418
  57.470181170055  40.494195562418  26.054813027413
INDEX    LABEL    POSITIONS    FORCE (eV/Angstrom)
  0  Si  3.260681717527  1.023798904289  3.349274739056  -0.122200628804  -0.545073993041  0.418970096000
  1  Si  3.191852616636  1.004423744498  7.739135783317  -0.403875238231  -1.492504078496  -1.945927450371
  2  Si  3.278042775247  5.410566238261  3.410303796519  0.033372463786  -0.008306472365  0.198556467036
  3  Si  3.207210655250  5.377933269815  7.800448142847  -0.302664715477  -0.615508076015  -2.230684467028
  4  Si  7.641522235132  1.017398145451  3.403383736463  0.785090485699  -0.662537308723  0.336759476217
  5  Si  7.583247479226  0.955303247608  7.795773792929  0.217209489560  -1.106769172112  -1.620546464568
  6  Si  7.665627310300  5.412602179551  3.479494293251  0.839177128592  -0.435902588376  -0.237583508914
  7  Si  7.616862333544  5.353671658752  7.835637871819  -0.015117723383  -0.464597320951  -1.325442674737
  8  Si  3.284718402785  3.253377028532  1.202472964240  0.388131165953  -0.014783043483  0.435880660877
  9  Si  3.227063486303  3.210799012388  5.574114375165  0.283899157089  -0.264941596545  -0.093427162600
  10  Si  3.318142137922  7.653574115714  1.249565602688  0.782819520111  1.851642778998  -0.097406735678
  11  Si  3.277519437956  7.599795686255  5.618005616321  -0.089867632416  2.011093789512  -0.513912901487
  12  Si  7.690218517856  3.240965075183  1.233349806212  0.959865565738  -0.338577802157  0.923254466530
  13  Si  7.630518943941  3.178627311318  5.629199238119  0.509095681784  -0.228786759824  0.277443825851
  14  Si  7.708099835223  7.637880734295  1.311500845515  1.253276575838  1.880424144922  -0.334586711518
  15  Si  7.662745598258  7.583273861642  5.695521953089  1.111922369650  1.801625383165  -0.824584376403
  16  Si  1.105483536512  1.090033921747  1.128333525160  -2.569684593143  -1.081767470634  1.296685779709
  17  Si  1.027251496798  1.028718745154  5.522345475749  -2.432125998535  -0.884922882009  0.650958400444
  18  Si  1.107707214323  5.465990737076  1.181406831742  -2.279907730182  -0.268116174231  1.426020570491
  19  Si  1.026959584433  5.416840537501  5.573916606964  -1.891183916690  -0.519935027011  0.692965076208
  20  Si  5.480340978052  1.043250550712  1.185825661490  -0.081184298204  -0.473692138901  0.734098315314
  21  Si  5.424233034193  1.004896092069  5.576397299034  -0.124739647845  -0.979404933661  0.199747817845
  22  Si  5.501153623192  5.439833390131  1.235820544684  0.256293012083  -0.218121101013  0.702456626976
  23  Si  5.450887266595  5.405088716339  5.629807577429  -0.195743126310  -0.630009704904  0.107568936249
  24  Si  1.060188066090  3.250702975510  3.353950545061  -2.326975026444  -0.687234162927  0.949209986153
  25  Si  0.998399406388  3.200257615824  7.750933781394  -3.008097542596  -0.470882306291  -1.457762705573
  26  Si  1.081204614562  7.644263094925  3.397406527766  -1.607079070224  1.605992104413  0.140822746897
  27  Si  1.035675972349  7.575891278617  7.796226427660  -2.813685934361  2.073510182756  -1.917284684205
  28  Si  5.463397669110  3.218814061909  3.405785186692  0.039057512383  -0.083873110845  0.222656783209
  29  Si  5.406208112039  3.168439172254  7.785286683875  -0.793650234669  -0.574674716935  -1.643568941736
  30  Si  5.487314584121  7.622562470087  3.467060218149  0.522320316616  1.764348166987  -0.619662672875
  31  Si  5.424263831841  7.556551531961  7.834727051773  -0.265646888685  1.728583583379  -2.291422978636
  32  C  8.908536720383  8.906225423749  0.130060907116  2.022932106409  -1.119578688403  1.404264203344
  33  C  8.732320210576  -0.096851227748  4.501644897958  1.206333822524  -1.362048245796  0.097308837525
  34  C  8.820016269104  4.347117024536  0.189854629579  2.616102799027  0.760136907680  0.315732015421
  35  C  8.748573312967  4.281885588253  4.570828639412  1.748895250246  0.580949392550  -0.946015625356
  36  C  4.484046018127  8.925732368564  0.072116161441  0.222632231788  -1.132124371555  2.029155863136
  37  C  4.333554403177  -0.080037910084  4.454770081623  -0.515664412869  -1.668065595956  0.591596571504
  38  C  4.400292482230  4.368448738385  0.119017339841  0.758288076770  0.339624211159  1.697251133666
  39  C  4.352160007298  4.312959872102  4.509751711184  0.101435253907  0.121577537807  -0.183711948098
  40  C  8.778874427697  2.118793318475  2.345306793515  1.784794084740  0.642994139270  -0.925166281660
  41  C  8.709835082616  2.068810123605  6.732262619190  1.637784792798  0.331593661756  -0.863022625174
  42  C  8.797050568847  6.508883551464  2.392047542063  1.759948181979  0.591212569507  -0.716707929223
  43  C  8.754261775785  6.453372551331  6.781642587202  1.418094606389  0.435090281700  -0.942401098772
  44  C  4.366704258011  2.135714054659  2.295603105837  0.099933864411  0.255452511000  -0.343364251740
  45  C  4.308111788386  2.097541831459  6.648175829027  -0.060875954867  -0.004007485380  0.247360905713
  46  C  4.406408117942  6.513333301544  2.347165853289  -0.214888372776  0.700931472483  -0.229583627900
  47  C  4.331905578108  6.476393339619  6.711926933369  -0.136271216316  0.280944206055  0.020830649962
  48  C  2.165724924970  -0.047895786321  2.230897689699  -0.527771583324  -1.385792692134  0.675448222904
  49  C  2.092872101896  -0.078411051429  6.623748658752  -0.341243136663  -2.039747808330  0.363763998703
  50  C  2.174666016085  4.340034250653  2.294592060939  0.019519945826  0.461326147426  -0.291597183366
  51  C  2.141349386491  4.301371584799  6.655762141283  -0.901673249128  0.103657968146  0.156947350802
  52  C  6.550686198410  -0.055182496157  2.288008431189  -0.385986123979  -1.636323660785  0.604717435976
  53  C  6.504938853497  -0.126439417521  6.673484980102  -0.829041845471  -1.440097721302  0.410237329768
  54  C  6.592398531124  4.318552887152  2.330686701571  -0.269033363052  0.517403233547  0.052286142146
  55  C  6.518301795353  4.281567988889  6.738443785868  -0.094426974078  0.032939216160  -0.649660100817
  56  C  2.205781106747  2.189085575947  0.063527528027  0.547528633253  0.686996637144  1.764186692638
  57  C  2.159086576557  2.128006141771  4.449742169969  -0.470549214558  0.133179674019  -0.149986951458
  58  C  2.229920135036  6.576241829037  0.119815355337  0.567652610473  0.469498448138  1.766995744062
  59  C  2.167913003132  6.505227680458  4.494961366628  -0.231659700054  0.521395257989  -0.069933489219
  60  C  6.592815713100  2.153675525819  0.139086236261  0.659065493935  0.758250621004  1.053670784880
  61  C  6.527004349817  2.099903343125  4.514371563140  0.200764385485  0.334902071667  -0.375330587703
  62  C  6.612322576020  6.557799617537  0.185210046584  0.961972758626  0.600037205349  1.198677711960
  63  C  6.565420543499  6.500232404917  4.571200591839  -0.012694250132  0.461394705404  -0.324201489303


MDSTEP:  8
LATTICE_CONSTANT: 1.889726125458
LATTICE_VECTORS
  8.968017475955  0.000000000000  0.000000000000
  0.099443040327  8.951629000214  0.000000000000
  -0.243055762091  -0.217457639567  8.639998833224
VIRIAL (KBAR)
  -68.574178631234  -33.261672142567  57.811136096042
  -33.261672142567  -59.111870670023  41.105567091638
  57.811136096042  41.105567091638  25.874596903197
INDEX    LABEL    POSITIONS    FORCE (eV/Angstrom)
  0  Si  3.259842761026  1.029367356520  3.350396608229  -0.225267079940  -0.722764118297  0.442822363098
  1  Si  3.186686215959  1.002456437379  7.740661344257  -0.172761445208  -1.473675919757  -1.973650879526
  2  Si  3.283299372692  5.414801201110  3.411875486539  -0.089247539740  -0.138584768267  0.213391641272
  3  Si  3.205716683499  5.379983323722  7.795947252777  -0.314321616687  -0.577430545428  -2.012070671817
  4  Si  7.637484801957  1.020938902829  3.405715881106  0.975897229471  -0.810541681438  0.359016934647
  5  Si  7.580008895104  0.958873544697  7.800049469035  0.438529558381  -1.168449566695  -1.691758607884
  6  Si  7.663062574056  5.407413137089  3.475904110887  1.081572400368  -0.327088683591  -0.066850133816
  7  Si  7.610745890542  5.348829646925  7.830829278442  0.191292497564  -0.248759857493  -1.100132042679
  8  Si  3.289814290038  3.249190928396  1.204560541280  0.231258340783  0.306960996358  0.408054863812
  9  Si  3.228974944977  3.209818583405  5.580038924924  0.270291732066  -0.301993195638  -0.192754246980
  10  Si  3.314475619662  7.658674856368  1.255093498509  0.743022958485  1.681297129354  -0.272828421278
  11  Si  3.280682041225  7.606074553097  5.615784863493  -0.149417870267  1.906753743756  -0.496878106312
  12  Si  7.689784835419  3.245530853523  1.229709607140  0.910355367108  -0.377865202625  1.029993842265
  13  Si  7.625282879554  3.175689818279  5.633749680264  0.583852274869  -0.022596172139  0.097540457982
  14  Si  7.705535885299  7.637511703702  1.313458398822  1.369293773076  1.861614509109  -0.332574809294
  15  Si  7.668500536001  7.585715551773  5.695110695973  1.134524919258  1.709811630621  -0.799063745655
  16  Si  1.108655080984  1.094782994566  1.129762732965  -2.591812410132  -1.124925200973  1.224798317109
  17  Si  1.020810740271  1.033575191720  5.525021442663  -2.321250994450  -0.989352063039  0.646046516282
  18  Si  1.103116508474  5.469870634075  1.186319045356  -2.229600574721  -0.273657707844  1.321294331280
  19  Si  1.030591252689  5.416296851039  5.571536574667  -1.852609498785  -0.552074226460  0.738363561288
  20  Si  5.484400115462  1.044938294774  1.181773376567  -0.148088049712  -0.580261458919  0.739728003057
  21  Si  5.427687570243  1.003452579253  5.571598402857  -0.191256332609  -1.058800316783  0.249575428713
  22  Si  5.496543864836  5.444038970338  1.242027446234  0.289234243005  -0.297770917225  0.620147246343
  23  Si  5.448315829513  5.409892828197  5.626800215294  -0.117793909617  -0.718982265778  0.223238623123
  24  Si  1.055188579520  3.246341920720  3.356368278912  -2.244584292716  -0.575351848172  0.910726231596
  25  Si  1.001389419370  3.195192830297  7.748196355342  -3.118043929341  -0.283596667151  -1.450372780732
  26  Si  1.078396972530  7.650117164183  3.394188004773  -1.513490209692  1.503293882926  0.199295926395
  27  Si  1.039588536449  7.582451753821  7.791310309211  -2.818766623735  2.076107981769  -1.829936170431
  28  Si  5.464591619679  3.214674926522  3.411727244532  -0.058207427700  0.045244906265  -0.014136935484
  29  Si  5.405387298612  3.162261804960  7.784071543087  -0.913267569319  -0.316286093515  -1.690873226652
  30  Si  5.490478767896  7.627426693435  3.461896319584  0.530292656738  1.578405304198  -0.539143282320
  31  Si  5.429003826923  7.558749860827  7.834032781274  -0.349542722820  1.709663848237  -2.200610207977
  32  C  8.919512052336  8.910001666397  0.128470851542  1.841211670198  -1.026830442435  1.346863488789
  33  C  8.742356024848  -0.106504768094  4.497276341172  1.001819084230  -1.122538637210  0.149547064953
  34  C  8.817123625130  4.342151509631  0.188759635729  2.683037633105  0.867493123873  0.302507367041
  35  C  8.757588185720  4.273522789193  4.570628415974  1.505406755362  0.648525239817  -0.940608747878
  36  C  4.479008986199  8.921950158628  0.073008190129  0.346305169581  -1.048905183650  2.064389653805
  37  C  4.332334481634  -0.086195406707  4.454044175404  -0.477597673939  -1.516999332609  0.571158737960
  38  C  4.402991452636  4.375114979663  0.122300097148  0.758861379801  0.176047615730  1.626662155354
  39  C  4.353894855633  4.309207000403  4.511785049297  0.073822177780  0.172430685654  -0.179197427613
  40  C  8.771561083642  2.110617652209  2.343849986931  1.872887435218  0.827118130261  -0.940960085425
  41  C  8.704238587799  2.077177727231  6.723903462928  1.685114478119  0.100139007005  -0.664681807922
  42  C  8.801100074473  6.517404259680  2.397887274804  1.601154496128  0.453852432627  -0.796950597478
  43  C  8.764724301390  6.461428857921  6.788147366865  1.194565088463  0.284259120202  -1.068651098315
  44  C  4.362255424813  2.129226133384  2.287607212873  0.282459371885  0.373569251689  -0.145462083647
  45  C  4.311590896611  2.089049711488  6.641230734792  -0.103643839665  0.092688080587  0.386418629790
  46  C  4.400917479897  6.509597335044  2.346370604773  -0.103040463808  0.900216866478  -0.164792470528
  47  C  4.335145831464  6.480920054589  6.715921062120  -0.194234158082  0.258745007795  -0.132834336083
  48  C  2.158043798225  -0.052023886264  2.232405351367  -0.415752789397  -1.203942174088  0.765496707311
  49  C  2.096665902625  -0.072005368852  6.630561151194  -0.499133329167  -2.091971056297  0.172201189604
  50  C  2.171524790885  4.349107726928  2.301591653556  0.094120989282  0.199030105270  -0.395498450739
  51  C  2.146160291162  4.293839859309  6.661817540171  -0.970998520051  0.251183354915  0.035565252671
  52  C  6.557651219393  -0.052070490628  2.293063565041  -0.562842428059  -1.631265755802  0.463179851407
  53  C  6.508557689206  -0.123252167361  6.676684937149  -0.840859253642  -1.477867428044  0.319663255594
  54  C  6.594323298348  4.328189246316  2.336311730471  -0.379444947937  0.247784745485  -0.070712653798
  55  C  6.522052504098  4.284937440015  6.744421780295  -0.317115748627  -0.083550468978  -0.865921694588
  56  C  2.212309446938  2.197068164445  0.057739808621  0.425453417010  0.517601926550  1.963729609879
  57  C  2.154780520150  2.129487821190  4.456123556005  -0.378085091251  0.115953035138  -0.246750409572
  58  C  2.221019724309  6.580142256729  0.115316040426  0.784030677322  0.399193983824  1.860484720694
  59  C  2.168741312896  6.503831976245  4.487624915106  -0.197508229523  0.656859363351  0.095045039508
  60  C  6.591474082279  2.158718928397  0.131949529067  0.668435199343  0.654669120626  1.277511416998
  61  C  6.523122652264  2.100736147281  4.507877678740  0.286350457949  0.281050951958  -0.191802203859
  62  C  6.605575939841  6.556714748335  0.193812795930  1.113828391388  0.643026071887  1.038458036484
  63  C  6.571866054834  6.493915229460  4.573518347516  -0.108695253001  0.644087803025  -0.394458129818


MDSTEP:  9
LATTICE_CONSTANT: 1.889726125458
LATTICE_VECTORS
  8.968017475955  0.000000000000  0.000000000000
  0.099443040327  8.951629000214  0.000000000000
  -0.243055762091  -0.217457639567  8.639998833224
VIRIAL (KBAR)
  -68.141311594635  -33.071638352324  56.728983506925
  -33.071638352324  -59.451036713582  42.423075813731
  56.728983506925  42.423075813731  25.476718195157
INDEX    LABEL    POSITIONS    FORCE (eV/Angstrom)
  0  Si  3.259709867192  1.032505936599  3.352216921789  -0.277480849146  -0.886267260807  0.374474969063
  1  Si  3.183906696085  1.001448018205  7.737425380844  -0.190602782221  -1.422495294026  -2.066952289322
  2  Si  3.278522975076  5.411939134147  3.408014163821  0.109604626594  -0.009267017435  0.381713778570
  3  Si  3.202397081012  5.380788767749  7.798835993648  -0.272487590655  -0.585762892211  -2.213228249716
  4  Si  7.632584276371  1.021698651336  3.405318768149  1.214700963532  -0.789042914066  0.362726716715
  5  Si  7.577354399519  0.953661065483  7.804239340682  0.525431515993  -1.153918668570  -1.948330556351
  6  Si  7.662110575486  5.407741831507  3.477186815335  1.069949471393  -0.378406933202  0.014950843235
  7  Si  7.610479687756  5.352923425459  7.825593616846  0.325813082881  -0.423451252963  -1.031213621522
  8  Si  3.291801726963  3.254790521907  1.205307170971  0.174949345894  0.202444243136  0.420733497122
  9  Si  3.229744851703  3.213152619766  5.582473707299  0.282820110595  -0.412773532422  -0.410489247734
  10  Si  3.310648714947  7.656078372906  1.254331285495  0.808045884461  1.712125627936  -0.212330510614
  11  Si  3.284773093892  7.607391726328  5.620999906822  -0.250735394381  1.917375515866  -0.663843934370
  12  Si  7.685125679387  3.247873785134  1.226078376761  0.960409138498  -0.333039068404  1.135899056936
  13  Si  7.623133291285  3.181499553286  5.637358296632  0.692901920805  -0.142950858463  -0.139947429820
  14  Si  7.700679745711  7.632176591878  1.311401088305  1.631079601567  1.890995912424  -0.181604990145
  15  Si  7.669599659813  7.584079507111  5.694638432738  1.190193136456  1.700288184043  -0.852914545236
  16  Si  1.106688732638  1.097405883852  1.123870457003  -2.546299174182  -1.219827669906  1.418371463083
  17  Si  1.013686643342  1.029356366139  5.529665947245  -2.132299472787  -0.825642374067  0.432403157249
  18  Si  1.097722553403  5.474362041928  1.190133297536  -2.054786194697  -0.331735680836  1.280558874986
  19  Si  1.032489625271  5.414813288558  5.572031978026  -1.803362869271  -0.401435607639  0.615573645717
  20  Si  5.482828704449  1.045919250267  1.185651530024  -0.167661316538  -0.558261253684  0.636797121213
  21  Si  5.431989215170  1.001855148950  5.569413909091  -0.271819021951  -1.008488187150  0.127318413401
  22  Si  5.499839955590  5.444287453316  1.235886637723  0.240012702277  -0.212466179775  0.775169120799
  23  Si  5.454043374751  5.414202805888  5.632896917612  -0.535399280542  -0.852327846122  0.072734411632
  24  Si  1.057204208501  3.251931055375  3.350170131473  -2.266859565206  -0.810067538285  1.065407465904
  25  Si  0.994605548488  3.195035187678  7.745519982867  -2.900413420288  -0.375690690871  -1.379758159247
  26  Si  1.078522964463  7.656053834496  3.388531355888  -1.395404126728  1.387829282546  0.438135336813
  27  Si  1.039509422011  7.588814945196  7.787633956644  -2.638085286723  1.916233468210  -1.754349237626
  28  Si  5.463327075025  3.209156068703  3.406703757191  0.010628334540  0.221650579993  0.136103190254
  29  Si  5.400632955663  3.165709945505  7.783734488529  -0.809455144481  -0.555457555592  -1.668898384189
  30  Si  5.493018466533  7.623448844420  3.456578871582  0.422038849059  1.632281001420  -0.403655600172
  31  Si  5.428308912603  7.565740825685  7.833467228345  -0.348955233527  1.571664245849  -2.111149752319
  32  C  8.926666221552  8.913831465979  0.120354816327  1.786805577171  -1.133147493046  1.446297016948
  33  C  8.749145572418  -0.103957360630  4.505192378741  0.776754303461  -1.162463375606  -0.062553843962
  34  C  8.824443536891  4.340533242399  0.195621759043  2.457084900945  1.017912914318  0.064147427040
  35  C  8.764031436658  4.273018751474  4.566374243388  1.384294920058  0.660383378725  -0.827047367071
  36  C  4.471164881984  8.931095923528  0.069430617888  0.549982947041  -1.206715607667  2.181972757934
  37  C  4.325099634103  -0.086091469418  4.447881035928  -0.200090472480  -1.555324602023  0.682194213471
  38  C  4.402115139903  4.384701480985  0.118547585273  0.822082448473  -0.051366627426  1.702239755039
  39  C  4.354819666457  4.301974686640  4.501995110477  0.108774543285  0.362969331837  0.044753780268
  40  C  8.764278346977  2.117541848204  2.336561854014  1.952757265729  0.726141435638  -0.839912322770
  41  C  8.698982727743  2.072613323207  6.716603681900  1.698525497562  0.162288160846  -0.500963010272
  42  C  8.806093626250  6.508773490352  2.405161517537  1.458282008142  0.690185496417  -0.951578608075
  43  C  8.770218872496  6.468672248138  6.788626885418  1.089013077235  0.134699527124  -1.079064256256
  44  C  4.364787583772  2.131680258714  2.296538821305  0.226379230529  0.315895648599  -0.426698751776
  45  C  4.310406396723  2.086486533279  6.639538987907  -0.056139572827  0.143393424566  0.446164691501
  46  C  4.406260506261  6.509586173155  2.344198807919  -0.199411059359  0.848121081167  -0.238782408558
  47  C  4.325154073381  6.483568020015  6.725123107712  0.092528678397  0.198601698891  -0.200456924282
  48  C  2.250720793600  8.889566564095  2.241748497691  -0.402130954707  -1.000059990307  0.544752630945
  49  C  2.094799272068  -0.071866153751  6.622031254046  -0.451897891367  -2.078606352400  0.354633248116
  50  C  2.170514353887  4.352325695397  2.308891101191  0.089141046768  0.211002977323  -0.681473091247
  51  C  2.147787599255  4.300515814102  6.654792801834  -1.032382675295  0.083060444606  0.228202531646
  52  C  6.562866181262  -0.053225004740  2.287412596530  -0.643580850251  -1.660903118198  0.528644914712
  53  C  6.511438140937  -0.129774103511  6.667908107265  -0.893619990038  -1.347112290202  0.506972172928
  54  C  6.588886765268  4.335384412746  2.339400959319  -0.300526488732  0.086466877875  -0.236029795430
  55  C  6.515688883522  4.280739584196  6.734208960422  -0.155927918903  0.081194335743  -0.539559782697
  56  C  2.214565794022  2.188753402112  0.059091371976  0.356260585402  0.861699024403  1.869229565264
  57  C  2.164377577162  2.121040299178  4.448113921904  -0.691662073626  0.328071851383  -0.019752761863
  58  C  2.230833453692  6.575515812784  0.109953365831  0.348389867157  0.624531182853  1.982487797795
  59  C  2.176469165809  6.507972459932  4.492689376866  -0.325408649415  0.609873105505  -0.012805844166
  60  C  6.601254942495  2.151745991362  0.130996344714  0.284223092314  0.912756230595  1.263035835449
  61  C  6.530188119247  2.105896014585  4.502192745069  0.134103880406  0.187726576351  -0.068049063656
  62  C  6.616278433988  6.557806874071  0.199297649292  0.832737673536  0.687859109874  0.766507953384
  63  C  6.565537826209  6.488538512071  4.582542990599  0.108185092169  0.796753857309  -0.577913014666


MDSTEP:  10
LATTICE_CONSTANT: 1.889726125458
LATTICE_VECTORS
  8.968017475955  0.000000000000  0.000000000000
  0.099443040327  8.951629000214  0.000000000000
  -0.243055762091  -0.217457639567  8.639998833224
VIRIAL (KBAR)
  -68.072142756988  -32.320715517957  57.908749022889
  -32.320715517957  -59.445063702948  41.108032585757
  57.908749022889  41.108032585757  25.809288080881
INDEX    LABEL    POSITIONS    FORCE (eV/Angstrom)
  0  Si  3.255982096237  1.031509269973  3.356713721208  -0.135766797564  -0.879569493493  0.419385932017
  1  Si  3.189324040693  1.002977658959  7.731286712559  -0.462952974725  -1.414149551929  -1.918815296025
  2  Si  3.284395285087  5.408341146310  3.403612957825  -0.131925155885  0.042188035308  0.555122585697
  3  Si  3.201043685023  5.376906331984  7.794570941590  -0.248943972013  -0.538729979658  -2.130169701747
  4  Si  7.633274107302  1.017163888638  3.405453186185  1.183045694534  -0.629110021296  0.399011917298
  5  Si  7.580000084268  0.947520611913  7.799141911461  0.407253773820  -1.032987594781  -1.790458883647
  6  Si  7.661457188029  5.401326827209  3.474512490441  1.150340580712  -0.239985484697  0.052907120171
  7  Si  7.615138920865  5.358161421200  7.819036365200  0.127138399051  -0.563877704006  -0.915299279622
  8  Si  3.285643475405  3.260092769182  1.206585150799  0.236848953789  0.041070632815  0.430436661018
  9  Si  3.233780180106  3.206986470199  5.586325272637  0.151989127768  -0.235675427069  -0.546185237760
  10  Si  3.314391059322  7.653947881091  1.250620638163  0.691458145965  1.810735741753  -0.088625190991
  11  Si  3.285581748790  7.603876475594  5.626090576034  -0.315265593968  1.982248504948  -0.780988117358
  12  Si  7.687859944825  3.242481968635  1.221254440949  0.874039842239  -0.239875676371  1.217073240693
  13  Si  7.628181410258  3.181851355073  5.635352946353  0.506125060048  -0.105307633088  -0.067399830565
  14  Si  7.695607371888  7.626561576624  1.312055835147  1.624923527276  1.961034881216  -0.232143302184
  15  Si  7.671323722537  7.587802246550  5.696256622675  1.291684826722  1.549879629609  -0.880212811953
  16  Si  1.109639145690  1.092166362171  1.126922035030  -2.517421939063  -1.052522521139  1.418112021621
  17  Si  1.007161726014  1.035737664284  5.530824172188  -1.992724835926  -0.838675712770  0.280545720841
  18  Si  1.091959382147  5.467756567809  1.189877504536  -1.911756143095  -0.213870200463  1.268742520390
  19  Si  1.034884365420  5.419060133176  5.572461486443  -1.833610526133  -0.410975729284  0.533944412003
  20  Si  5.482839875561  1.046638862654  1.190307739438  -0.238169038417  -0.595265038651  0.660097886982
  21  Si  5.435264999045  0.996376783840  5.562783031008  -0.212895628200  -0.955253760515  0.310007758958
  22  Si  5.501672211205  5.448424976518  1.231139022771  0.146766742108  -0.387552192058  0.929342417298
  23  Si  5.457333166502  5.415992483147  5.635246992923  -0.550360924997  -0.905777586762  -0.139312144477
  24  Si  1.051003792453  3.255040621910  3.353534672798  -2.071032689034  -0.866439574662  1.101818609367
  25  Si  0.995842711108  3.192671060694  7.744245006679  -3.009537270782  -0.174660666623  -1.505314901900
  26  Si  1.075250277678  7.651182649519  3.389998556450  -1.343342492445  1.532023477019  0.364800376749
  27  Si  1.045312213523  7.585271017981  7.788074782819  -2.811168482713  2.079303752664  -1.773622428821
  28  Si  5.464111401257  3.206910814716  3.408240633520  -0.160429476340  0.212646735087  0.065740182433
  29  Si  5.393501721327  3.159273901046  7.782097920597  -0.671106640405  -0.560279573201  -1.648268001928
  30  Si  5.493466435996  7.624771259883  3.463226473493  0.368268697006  1.637718649718  -0.509923703801
  31  Si  5.425991351031  7.563473485353  7.827458225927  -0.329913981600  1.679251862870  -1.924025965009
  32  C  8.925143911543  8.921913493660  0.130484883645  1.853860907109  -1.334967691070  1.318901663740
  33  C  8.749754216982  -0.101196395419  4.506685467959  0.743182748644  -1.216804781790  -0.073119005344
  34  C  8.819348059077  4.347364593987  0.191787817809  2.503748880777  0.811357032116  0.087072420703
  35  C  8.773268676915  4.272369042458  4.569016008873  1.216681956552  0.713156761364  -0.852013078933
  36  C  4.467897794115  8.935284342267  0.076921081445  0.640144896650  -1.355530055325  1.969862069129
  37  C  4.333852729024  -0.082533262886  4.458350223220  -0.392943126314  -1.677266220865  0.473157560833
  38  C  4.402675723842  4.380052258387  0.115677099832  0.711274123863  0.041415834218  1.748950868781
  39  C  4.346476514686  4.297788202800  4.498852664377  0.355520123193  0.449525676611  0.165735892548
  40  C  8.766399994658  2.124719733095  2.344482751205  1.898740484052  0.598569220104  -0.923048854904
  41  C  8.700667993491  2.065368366925  6.709894797764  1.628844026438  0.284206712937  -0.426189905797
  42  C  8.810115675734  6.509604265702  2.396473612067  1.332329236099  0.564627098214  -0.818946662022
  43  C  8.772303199837  6.458432137672  6.794140682332  1.100004628076  0.410995674937  -1.245261447998
  44  C  4.357112958226  2.125125764100  2.297980990949  0.345559339651  0.476513008807  -0.448361504031
  45  C  4.309228682334  2.077309360362  6.629892803405  0.062122107286  0.228123254149  0.614817314727
  46  C  4.397664507635  6.507875551860  2.349769514584  0.077631663230  0.901216952642  -0.398367835329
  47  C  4.333139592769  6.479640132147  6.724922879853  -0.139025536879  0.260201420150  -0.207809030464
  48  C  2.158177752636  -0.056443686806  2.248148274685  -0.501328448566  -1.196299681914  0.424484386355
  49  C  2.086812054158  -0.064935007932  6.613190915018  -0.251190547972  -2.212849235247  0.551103240151
  50  C  2.170392691331  4.351039752713  2.316422352341  -0.007547442954  0.259368138653  -0.849060469763
  51  C  2.144751281451  4.310057253838  6.645070146634  -0.905145923309  -0.172615922170  0.378169043583
  52  C  6.564445065906  -0.052843234959  2.288816965083  -0.695364349959  -1.732253900827  0.506355172210
  53  C  6.515502003868  -0.138540080069  6.669556082278  -1.002897830241  -1.208007471979  0.485000100028
  54  C  6.589198349859  4.330522895187  2.344253151370  -0.322649591907  0.129826878877  -0.413847951805
  55  C  6.507292233179  4.285350546033  6.740134294604  0.062733686731  -0.092605452920  -0.678064602415
  56  C  2.207185328517  2.196164870811  0.053950449268  0.617339041266  0.603455519513  1.932924997150
  57  C  2.172527161910  2.125324959713  4.447977471594  -0.956615551526  0.265162458841  0.047910682864
  58  C  2.229169988576  6.576652323483  0.107238103094  0.486747295889  0.463353628398  2.063021678328
  59  C  2.169617274621  6.512082322615  4.486362853740  -0.129276803785  0.508748898374  0.091831269482
  60  C  6.596376886385  2.145296560156  0.134848603617  0.423442002451  0.964460073637  1.056438231509
  61  C  6.522658822848  2.107266496449  4.503841118391  0.375517393439  0.125280788037  -0.102844967259
  62  C  6.610013715218  6.551065662049  0.192723082009  0.973934605882  0.884327537190  0.826812800640
  63  C  6.570280105116  6.497275822402  4.577813940641  0.083067198397  0.567747065849  -0.461938642446


