ATOMIC_SPECIES
Si 28.085 Si_ONCV_PBE-1.0.upf
C 12.011 C_ONCV_PBE-1.0.upf

LATTICE_CONSTANT
1.8897261254578281

LATTICE_VECTORS
9.242425063724006 0.0 0.0 
-4.54108822292159 8.179959281449273 0.0 
-0.19384284902208032 -0.11730365888767533 9.98674731985495 

ATOMIC_POSITIONS
Cartesian    # Cartesian(Unit is LATTICE_CONSTANT)
Si
0.0
36
-0.014002683620 1.779729937844 2.545579263652 1 1 1
3.120136565243 7.123413896717 2.599454014616 1 1 1
-3.082352213812 7.162066886269 2.545487039716 1 1 1
4.638006687936 6.214199114001 5.169013779126 1 1 1
1.499037881911 0.855386196813 5.102933994995 1 1 1
7.715681344451 0.838541589019 5.148878700487 1 1 1
-0.068582250406 1.743322383592 7.632880306845 1 1 1
3.073321443890 7.107962079873 7.704603203132 1 1 1
-3.123720756122 7.113357028136 7.635478724625 1 1 1
4.589929568847 6.159662786270 10.243646558327 1 1 1
1.468151840972 0.823014578741 10.184625697051 1 1 1
7.654289531265 0.795838517240 10.255267632138 1 1 1
-1.569580355208 4.466013381527 2.553387705501 1 1 1
1.540325698721 4.449619900327 2.579924785708 1 1 1
0.018542944396 7.143092282176 2.591197371274 1 1 1
6.164809418533 3.514391882518 5.171621265679 1 1 1
3.057551212932 3.531856148457 5.130172511536 1 1 1
4.613297030611 0.833913583527 5.153975756924 1 1 1
-1.596538321911 4.435895961368 7.624976064483 1 1 1
1.485940007814 4.407006925962 7.691427958974 1 1 1
-0.034866350460 7.120333170437 7.667681554719 1 1 1
6.122572667308 3.506144334908 10.237216769064 1 1 1
3.025581800577 3.503995507355 10.210020144262 1 1 1
4.546734108154 0.799783044857 10.220503227139 1 1 1
3.081667404705 1.748767736614 2.564184168952 1 1 1
6.180727221409 1.744493503576 2.608908649125 1 1 1
4.633236145940 4.432022316362 2.620330418115 1 1 1
1.527695881933 6.219440744682 5.137452450364 1 1 1
-1.581098854211 6.242486042609 5.093483804804 1 1 1
-0.016692448155 3.538362167768 5.114412045402 1 1 1
3.037626279481 1.727312843656 7.672662449330 1 1 1
6.135280437233 1.720533321084 7.679371931355 1 1 1
4.603314176489 4.413521314916 7.687290866102 1 1 1
1.477323116228 6.183950484054 10.227486822222 1 1 1
-1.620879132290 6.203458587923 10.170306236494 1 1 1
-0.074982041337 3.516882252655 10.183721850677 1 1 1
C
0.0
36
-0.042383842415 1.753666543570 4.454088629035 1 1 1
3.093679082055 7.113961361839 4.532916667913 1 1 1
-3.117320673097 7.140888319774 4.459504188305 1 1 1
4.612524401391 6.208055937871 7.062334365077 1 1 1
1.475621331048 0.860787000739 7.010095104869 1 1 1
7.693617794845 0.822267305114 7.071251086235 1 1 1
-0.081945783760 1.743944646026 9.564686991647 1 1 1
3.034923965705 7.083932784079 9.611801351059 1 1 1
-3.146369108427 7.110281905425 9.534431899018 1 1 1
4.676319738311 6.223075705675 1.993758586902 1 1 1
1.533336552699 0.863775481565 1.934636588518 1 1 1
7.735448530139 0.833807652624 1.990683402198 1 1 1
-1.580288339805 4.470019848096 4.469709941079 1 1 1
1.535677699731 4.456572289961 4.505424262201 1 1 1
-0.001774580477 7.143582567904 4.496242763670 1 1 1
6.145539577940 3.505179194983 7.071650017831 1 1 1
3.048230107969 3.529719933139 7.038162584663 1 1 1
4.597483574119 0.831087431993 7.048003860068 1 1 1
-1.628629898309 4.423216267963 9.549509367547 1 1 1
1.496296831782 4.417405477987 9.589823942656 1 1 1
-0.063024224409 7.113401396455 9.578309849639 1 1 1
6.199834059766 3.532262809365 1.999083220882 1 1 1
3.095662189460 3.542037082458 1.964306054351 1 1 1
4.632231958001 0.862807633201 1.957346492973 1 1 1
3.049159301755 1.752898588266 4.492549758328 1 1 1
6.178303436112 1.743302620518 4.529164638916 1 1 1
4.625412100437 4.420453122516 4.535368269601 1 1 1
1.503533886551 6.218782470572 7.037705175034 1 1 1
-1.592685807322 6.221678987096 7.029487257867 1 1 1
-0.058656620406 3.536371384037 7.017123951862 1 1 1
3.031086300143 1.727682501515 9.567574833203 1 1 1
6.118898192108 1.712814754941 9.616276863268 1 1 1
4.571006086202 4.389488078944 9.607684963833 1 1 1
1.566374880214 6.250095391699 1.962773748590 1 1 1
-1.548229674471 6.256036702024 1.936965124484 1 1 1
-0.007920522945 3.562710897845 1.937196301912 1 1 1

NUMERICAL_ORBITAL
Si_gga_9au_100Ry_3s3p2d.orb
C_gga_9au_100Ry_3s3p2d.orb
