1     # ionic step
 Electronic state energy (eV) and occupations
 Spin number 1
 spin=1 k-point=1/8 Cartesian=0.0000000 0.0000000 0.0000000 (21523 plane wave)
 1 -94.43173923529015 0.04081632653061225
 2 -94.41109773929236 0.04081632653061225
 3 -94.41102922665229 0.04081632653061225
 4 -94.41095429237359 0.04081632653061225
 5 -93.88900228717998 0.04081632653061225
 6 -93.88486748916301 0.04081632653061225
 7 -93.86893703717308 0.04081632653061225
 8 -93.86889579397176 0.04081632653061225
 9 -93.86886632756510 0.04081632653061225
 10 -93.86376371978321 0.04081632653061225
 11 -93.86372251404345 0.04081632653061225
 12 -93.86369299464332 0.04081632653061225
 13 -48.75307932485170 0.04081632653061225
 14 -48.75304264825717 0.04081632653061225
 15 -48.75300970673699 0.04081632653061225
 16 -48.60509941158783 0.04081632653061225
 17 -48.55258378937032 0.04081632653061225
 18 -48.55252611105180 0.04081632653061225
 19 -48.55246188150004 0.04081632653061225
 20 -48.46835649278343 0.04081632653061225
 21 -48.46832458054131 0.04081632653061225
 22 -48.46829528377767 0.04081632653061225
 23 -48.37465321963310 0.04081632653061225
 24 -48.37465247599895 0.04081632653061225
 25 -48.29075238254753 0.04081632653061225
 26 -48.29073774806675 0.04081632653061225
 27 -48.29071742094817 0.04081632653061225
 28 -48.25769102142297 0.04081632653061225
 29 -48.25767148801150 0.04081632653061225
 30 -48.25764543332169 0.04081632653061225
 31 -48.01253080908771 0.04081632653061225
 32 -48.01251849125297 0.04081632653061225
 33 -48.01250094242361 0.04081632653061225
 34 -48.01179057538934 0.04081632653061225
 35 -48.01177862877597 0.04081632653061225
 36 -48.01176139785603 0.04081632653061225
 37 -47.92383715544972 0.04081632653061225
 38 -47.92383713621228 0.04081632653061225
 39 -47.92043286425423 0.04081632653061225
 40 -47.92043285693572 0.04081632653061225
 41 -47.81343771862615 0.04081632653061225
 42 -47.77260311574381 0.04081632653061225
 43 -47.75930163711892 0.04081632653061225
 44 -47.75926177764666 0.04081632653061225
 45 -47.75923423169492 0.04081632653061225
 46 -47.74985527351119 0.04081632653061225
 47 -47.74981604008303 0.04081632653061225
 48 -47.74978889859642 0.04081632653061225
 49 -5.024581895171529 0.04081632653061225
 50 -3.203857311633752 0.04081632653061225
 51 -2.794069487038726 0.04081632653061225
 52 -2.448278583886705 0.04081632653061225
 53 -2.448268996981883 0.04081632653061225
 54 -2.448258985512168 0.04081632653061225
 55 -2.165291033464396 0.04081632653061225
 56 -2.165287292151435 0.04081632653061225
 57 -2.165282871861660 0.04081632653061225
 58 -1.700411576713796 0.04081632653061225
 59 -1.700407300603636 0.04081632653061225
 60 -1.700401146467351 0.04081632653061225
 61 -1.502861705441855 0.04081632653061225
 62 -1.502855862977361 0.04081632653061225
 63 -1.502847102508918 0.04081632653061225
 64 -0.02568507158555368 0.04081632653061225
 65 -0.02567520080525702 0.04081632653061225
 66 -0.02566066284243235 0.04081632653061225
 67 0.3516865583305436 0.04081632653061225
 68 0.3516902861669531 0.04081632653061225
 69 0.3516965258910095 0.04081632653061225
 70 0.5088512601929208 0.04081632653061225
 71 0.5654491028818982 0.04081632653061225
 72 0.5654496849074869 0.04081632653061225
 73 0.9607235102581151 0.04081632653061225
 74 0.9607238560185059 0.04081632653061225
 75 0.9839663364854903 0.04081632653061225
 76 1.089346080784324 0.04081632653061225
 77 1.089356198520382 0.04081632653061225
 78 1.089366615363725 0.04081632653061225
 79 1.212718332027934 0.04081632653061225
 80 1.212718372234762 0.04081632653061225
 81 1.760723326913098 0.04081632653061225
 82 1.760750608871567 0.04081632653061225
 83 1.760767702125202 0.04081632653061225
 84 2.718758543522169 0.04081632653061225
 85 2.718761829186172 0.04081632653061225
 86 2.759040773100020 0.04081632653061225
 87 2.759049706029600 0.04081632653061225
 88 2.759062955910133 0.04081632653061225
 89 2.849123311424010 0.04081632653061225
 90 2.849144517635942 0.04081632653061225
 91 2.849169879237092 0.04081632653061225
 92 3.414523686193862 0.04081632653061225
 93 3.450033303911810 0.04081632653061225
 94 3.450033560613347 0.04081632653061225
 95 3.993096131898895 0.04081632653061225
 96 3.993100016353823 0.04081632653061225
 97 3.993107490524308 0.04081632653061225
 98 4.047384089715161 0.04081632540613253
 99 4.047408090424926 0.04081632539824093
 100 4.047423744575161 0.04081632539306485
 101 4.152635996431748 0.01982095815733623
 102 4.152637904818302 0.01981934420309688
 103 4.320193269930097 0.000000000000000
 104 4.320214945295501 0.000000000000000
 105 4.320235582091788 0.000000000000000
 106 4.740858659446840 0.000000000000000
 107 4.740869646159595 0.000000000000000
 108 4.740885770374938 0.000000000000000
 109 4.791651273362668 0.000000000000000
 110 4.791659972567005 0.000000000000000
 111 4.791672417861768 0.000000000000000
 112 4.978994006108532 0.000000000000000
 113 5.342205318228437 0.000000000000000
 114 5.342207340685879 0.000000000000000
 115 5.342211741136136 0.000000000000000
 116 7.079311761124086 0.000000000000000
 117 7.079326696744447 0.000000000000000
 118 7.079345894000806 0.000000000000000
 119 7.096735174793545 0.000000000000000
 120 7.096744239206138 0.000000000000000
 121 7.096752610858252 0.000000000000000
 122 9.457107976840657 0.000000000000000
 123 9.935097216756027 0.000000000000000
 124 10.28230384553997 0.000000000000000
 125 10.28231587091874 0.000000000000000
 126 10.28232058718578 0.000000000000000
 127 10.43732961000529 0.000000000000000
 128 10.43734189315506 0.000000000000000
 129 10.43734773186208 0.000000000000000

 spin=1 k-point=2/8 Cartesian=0.000000000000000 -0.02574726280848987 0.01486518908669167 (21469 plane wave)
 1 -94.42689551637875 0.2448979591836735
 2 -94.40983189046810 0.2448979591836735
 3 -94.40970538409546 0.2448979591836735
 4 -94.40955647327957 0.2448979591836735
 5 -93.88383245033538 0.2448979591836735
 6 -93.88044571183026 0.2448979591836735
 7 -93.86719788965765 0.2448979591836735
 8 -93.86713105517956 0.2448979591836735
 9 -93.86650262721719 0.2448979591836735
 10 -93.86314675140498 0.2448979591836735
 11 -93.86301081424617 0.2448979591836735
 12 -93.86294473387404 0.2448979591836735
 13 -48.73959031344594 0.2448979591836735
 14 -48.73952236473947 0.2448979591836735
 15 -48.73195193344900 0.2448979591836735
 16 -48.59710573663956 0.2448979591836735
 17 -48.55091729173205 0.2448979591836735
 18 -48.55080749688074 0.2448979591836735
 19 -48.55024888487850 0.2448979591836735
 20 -48.47897323087506 0.2448979591836735
 21 -48.47891525593776 0.2448979591836735
 22 -48.46303690947684 0.2448979591836735
 23 -48.39095849588216 0.2448979591836735
 24 -48.37941955317019 0.2448979591836735
 25 -48.27845530439302 0.2448979591836735
 26 -48.27841963993392 0.2448979591836735
 27 -48.27172994044258 0.2448979591836735
 28 -48.24792129623074 0.2448979591836735
 29 -48.24787814425869 0.2448979591836735
 30 -48.24133100162481 0.2448979591836735
 31 -48.02334737707741 0.2448979591836735
 32 -48.02331667459507 0.2448979591836735
 33 -48.02024993392347 0.2448979591836735
 34 -48.02022051518001 0.2448979591836735
 35 -48.00787579629147 0.2448979591836735
 36 -48.00535655422264 0.2448979591836735
 37 -47.93869209789096 0.2448979591836735
 38 -47.93563315834921 0.2448979591836735
 39 -47.92810885460844 0.2448979591836735
 40 -47.92539795563571 0.2448979591836735
 41 -47.80745087552931 0.2448979591836735
 42 -47.76608125350432 0.2448979591836735
 43 -47.76045845669192 0.2448979591836735
 44 -47.76039541172924 0.2448979591836735
 45 -47.75863289035819 0.2448979591836735
 46 -47.75045795065562 0.2448979591836735
 47 -47.75003985606012 0.2448979591836735
 48 -47.74997792048447 0.2448979591836735
 49 -4.843027126161196 0.2448979591836735
 50 -3.022238607223317 0.2448979591836735
 51 -2.622009416961814 0.2448979591836735
 52 -2.436157323957609 0.2448979591836735
 53 -2.305782511750917 0.2448979591836735
 54 -2.305766485085684 0.2448979591836735
 55 -2.103848330112001 0.2448979591836735
 56 -2.042707701501413 0.2448979591836735
 57 -2.042697271362552 0.2448979591836735
 58 -1.660567180365478 0.2448979591836735
 59 -1.627336353126712 0.2448979591836735
 60 -1.627326010170681 0.2448979591836735
 61 -1.412089275220037 0.2448979591836735
 62 -1.331096746460922 0.2448979591836735
 63 -1.331082640248393 0.2448979591836735
 64 -0.02568442080891958 0.2448979591836735
 65 -0.02566081385567779 0.2448979591836735
 66 0.009047251176020090 0.2448979591836735
 67 0.3988696617227985 0.2448979591836735
 68 0.4242161170869211 0.2448979591836735
 69 0.4252863761627730 0.2448979591836735
 70 0.4252946944949001 0.2448979591836735
 71 0.5038815886973388 0.2448979591836735
 72 0.6865679016237307 0.2448979591836735
 73 0.6955127118115655 0.2448979591836735
 74 0.9429760007130701 0.2448979591836735
 75 0.9429886800035109 0.2448979591836735
 76 1.060107121156771 0.2448979591836735
 77 1.129706065893514 0.2448979591836735
 78 1.130318828426260 0.2448979591836735
 79 1.166204290286541 0.2448979591836735
 80 1.347603184508980 0.2448979591836735
 81 1.590137403049793 0.2448979591836735
 82 1.687656060188842 0.2448979591836735
 83 1.687687389538358 0.2448979591836735
 84 2.525563814449049 0.2448979591836735
 85 2.525567313161292 0.2448979591836735
 86 2.587044577275595 0.2448979591836735
 87 2.658655860528334 0.2448979591836735
 88 2.661045260044859 0.2448979591836735
 89 2.762949168866838 0.2448979591836735
 90 2.806137327816449 0.2448979591836735
 91 2.806143516350065 0.2448979591836735
 92 2.884848558848514 0.2448979591836735
 93 3.450073604944382 0.2448979591836735
 94 3.534646653267274 0.2448979591836735
 95 3.665764558401230 0.2448979591836735
 96 3.665774560988881 0.2448979591836735
 97 3.828246570312654 0.2448979591836735
 98 3.866197905578718 0.2448979591836735
 99 3.866205739121173 0.2448979591836735
 100 3.914463504618529 0.2448979591836735
 101 4.033264227844837 0.2448979590989058
 102 4.033303480219369 0.2448979590978055
 103 4.157302439755716 0.09557862365907428
 104 4.157638704449149 0.09394026729295442
 105 4.166242484685777 0.05600205374531840
 106 4.218056201768995 7.227771225211030e-05
 107 4.218057638911940 7.225778846275728e-05
 108 4.453345733351089 0.000000000000000
 109 4.511426316409082 0.000000000000000
 110 4.511430179554614 0.000000000000000
 111 4.531983024278367 0.000000000000000
 112 4.577949978632658 0.000000000000000
 113 5.404499640374492 0.000000000000000
 114 5.794083158069983 0.000000000000000
 115 5.910512689128499 0.000000000000000
 116 5.910516028103979 0.000000000000000
 117 6.772820864531925 0.000000000000000
 118 6.772825420856471 0.000000000000000
 119 7.863689243421058 0.000000000000000
 120 8.101739769077298 0.000000000000000
 121 8.101743086072462 0.000000000000000
 122 9.580747674887341 0.000000000000000
 123 10.08282702321338 0.000000000000000
 124 10.22295836996148 0.000000000000000
 125 10.22296148842011 0.000000000000000
 126 10.44679184332329 0.000000000000000
 127 10.64005808029969 0.000000000000000
 128 10.64006970168577 0.000000000000000
 129 10.74799418193039 0.000000000000000

 spin=1 k-point=3/8 Cartesian=0.000000000000000 -0.05149452561698253 0.02973037817338443 (21468 plane wave)
 1 -94.42184203698548 0.2448979591836735
 2 -94.41370608251640 0.2448979591836735
 3 -94.40929262836124 0.2448979591836735
 4 -94.40916362616976 0.2448979591836735
 5 -93.88013833477279 0.2448979591836735
 6 -93.87414955416871 0.2448979591836735
 7 -93.87115774934396 0.2448979591836735
 8 -93.86658499191009 0.2448979591836735
 9 -93.86520581230607 0.2448979591836735
 10 -93.86513920660377 0.2448979591836735
 11 -93.86392457026994 0.2448979591836735
 12 -93.86385788464642 0.2448979591836735
 13 -48.71396560282753 0.2448979591836735
 14 -48.71388060393879 0.2448979591836735
 15 -48.68354640368418 0.2448979591836735
 16 -48.58555704328016 0.2448979591836735
 17 -48.55267145102595 0.2448979591836735
 18 -48.54777111904686 0.2448979591836735
 19 -48.54765894342498 0.2448979591836735
 20 -48.50534615254799 0.2448979591836735
 21 -48.50527141002859 0.2448979591836735
 22 -48.45104884081794 0.2448979591836735
 23 -48.44497837649960 0.2448979591836735
 24 -48.39081420289381 0.2448979591836735
 25 -48.25340161106630 0.2448979591836735
 26 -48.25335699053382 0.2448979591836735
 27 -48.22720779034622 0.2448979591836735
 28 -48.22715819522328 0.2448979591836735
 29 -48.22382943807531 0.2448979591836735
 30 -48.20191601621742 0.2448979591836735
 31 -48.04742063331960 0.2448979591836735
 32 -48.04738321681167 0.2448979591836735
 33 -48.04557967648408 0.2448979591836735
 34 -48.04553978874841 0.2448979591836735
 35 -47.99555191182439 0.2448979591836735
 36 -47.99468745129440 0.2448979591836735
 37 -47.98849395629377 0.2448979591836735
 38 -47.98687227333643 0.2448979591836735
 39 -47.93948440446653 0.2448979591836735
 40 -47.93520817566304 0.2448979591836735
 41 -47.79705481763872 0.2448979591836735
 42 -47.76255675355915 0.2448979591836735
 43 -47.76072529660016 0.2448979591836735
 44 -47.75933125232246 0.2448979591836735
 45 -47.75926840549738 0.2448979591836735
 46 -47.75456815179236 0.2448979591836735
 47 -47.75031373963352 0.2448979591836735
 48 -47.75025146957187 0.2448979591836735
 49 -4.330920169399555 0.2448979591836735
 50 -2.528624006240928 0.2448979591836735
 51 -2.503531905180025 0.2448979591836735
 52 -2.156866157419520 0.2448979591836735
 53 -1.943406951780081 0.2448979591836735
 54 -1.917384520432016 0.2448979591836735
 55 -1.917377162286269 0.2448979591836735
 56 -1.732018531754332 0.2448979591836735
 57 -1.731992818759166 0.2448979591836735
 58 -1.540296557164777 0.2448979591836735
 59 -1.397394352672713 0.2448979591836735
 60 -1.397383174045842 0.2448979591836735
 61 -1.159599513669296 0.2448979591836735
 62 -0.8570744627069968 0.2448979591836735
 63 -0.8570586791463672 0.2448979591836735
 64 -0.07495997823899933 0.2448979591836735
 65 -0.07493303592714208 0.2448979591836735
 66 0.02461443884042875 0.2448979591836735
 67 0.09469008180300846 0.2448979591836735
 68 0.2682097579760791 0.2448979591836735
 69 0.5211817092107121 0.2448979591836735
 70 0.5565405735588620 0.2448979591836735
 71 0.5572298441624991 0.2448979591836735
 72 0.5572337492426859 0.2448979591836735
 73 0.6567588488429930 0.2448979591836735
 74 0.6567700336113197 0.2448979591836735
 75 1.008957308311124 0.2448979591836735
 76 1.063418677550836 0.2448979591836735
 77 1.176129465712791 0.2448979591836735
 78 1.219779941837895 0.2448979591836735
 79 1.239899910819265 0.2448979591836735
 80 1.310675998508851 0.2448979591836735
 81 1.416470174896875 0.2448979591836735
 82 1.416474139239851 0.2448979591836735
 83 1.739926092406818 0.2448979591836735
 84 2.097502265462146 0.2448979591836735
 85 2.097504501555928 0.2448979591836735
 86 2.116714567308939 0.2448979591836735
 87 2.133053304115263 0.2448979591836735
 88 2.518422471937200 0.2448979591836735
 89 2.518425701596574 0.2448979591836735
 90 2.530556662120830 0.2448979591836735
 91 2.530577978169116 0.2448979591836735
 92 2.538027096302211 0.2448979591836735
 93 2.569907228990007 0.2448979591836735
 94 2.712729603188361 0.2448979591836735
 95 2.735635402152241 0.2448979591836735
 96 3.192382667948733 0.2448979591836735
 97 3.309986613577647 0.2448979591836735
 98 3.309987044455492 0.2448979591836735
 99 3.426300105085811 0.2448979591836735
 100 3.426410556292796 0.2448979591836735
 101 3.514664354895603 0.2448979591836735
 102 3.585891345719428 0.2448979591836735
 103 3.585916980231516 0.2448979591836735
 104 3.838315418075235 0.2448979591836735
 105 3.947886433549561 0.2448979591836735
 106 4.045838036955528 0.2448979548974977
 107 4.045895242944494 0.2448979548244513
 108 4.168216876624257 0.04869159604150959
 109 4.171404770015947 0.03817630627919481
 110 4.271408793328631 6.535368165006674e-11
 111 4.407014855351663 0.000000000000000
 112 4.407046467022270 0.000000000000000
 113 4.881559133463897 0.000000000000000
 114 6.255571362714677 0.000000000000000
 115 6.255576035674722 0.000000000000000
 116 7.007021173869570 0.000000000000000
 117 7.056948678411664 0.000000000000000
 118 7.056964419415904 0.000000000000000
 119 7.066145395724734 0.000000000000000
 120 8.984370915601039 0.000000000000000
 121 8.984376268251319 0.000000000000000
 122 9.946063087975825 0.000000000000000
 123 10.42873749576949 0.000000000000000
 124 10.42874170404276 0.000000000000000
 125 10.52471530040516 0.000000000000000
 126 10.60831531074577 0.000000000000000
 127 11.07967782431683 0.000000000000000
 128 11.46671112665297 0.000000000000000
 129 11.46671189233477 0.000000000000000

 spin=1 k-point=4/8 Cartesian=0.000000000000000 -0.07724178842547262 0.04459556726007571 (21508 plane wave)
 1 -94.41911285570337 0.2448979591836735
 2 -94.41779817503476 0.2448979591836735
 3 -94.41133500483204 0.2448979591836735
 4 -94.41120600975373 0.2448979591836735
 5 -93.87569393104161 0.2448979591836735
 6 -93.87502270621620 0.2448979591836735
 7 -93.87287682960326 0.2448979591836735
 8 -93.87121322864718 0.2448979591836735
 9 -93.86680870281127 0.2448979591836735
 10 -93.86674202860804 0.2448979591836735
 11 -93.86636171245337 0.2448979591836735
 12 -93.86629504340630 0.2448979591836735
 13 -48.68725296188999 0.2448979591836735
 14 -48.68713866349215 0.2448979591836735
 15 -48.61107694788006 0.2448979591836735
 16 -48.57599220114871 0.2448979591836735
 17 -48.56533760980079 0.2448979591836735
 18 -48.54584237036389 0.2448979591836735
 19 -48.54572762300650 0.2448979591836735
 20 -48.53689916316682 0.2448979591836735
 21 -48.53679640125068 0.2448979591836735
 22 -48.52200839538108 0.2448979591836735
 23 -48.43060676044001 0.2448979591836735
 24 -48.40601157458958 0.2448979591836735
 25 -48.22743757381777 0.2448979591836735
 26 -48.22737788674154 0.2448979591836735
 27 -48.20485270572206 0.2448979591836735
 28 -48.20479008067129 0.2448979591836735
 29 -48.15250397603871 0.2448979591836735
 30 -48.13683250303540 0.2448979591836735
 31 -48.07911101921727 0.2448979591836735
 32 -48.07905692527262 0.2448979591836735
 33 -48.07273379994945 0.2448979591836735
 34 -48.07268110222443 0.2448979591836735
 35 -48.06359508341390 0.2448979591836735
 36 -48.05765850291502 0.2448979591836735
 37 -47.97727359913289 0.2448979591836735
 38 -47.97388853974302 0.2448979591836735
 39 -47.95258501779352 0.2448979591836735
 40 -47.95097696784607 0.2448979591836735
 41 -47.78660553160900 0.2448979591836735
 42 -47.77665658731740 0.2448979591836735
 43 -47.76228858676892 0.2448979591836735
 44 -47.76061016780909 0.2448979591836735
 45 -47.75703484542518 0.2448979591836735
 46 -47.75697235678270 0.2448979591836735
 47 -47.75334206140100 0.2448979591836735
 48 -47.75327950713695 0.2448979591836735
 49 -3.599259548903734 0.2448979591836735
 50 -2.889417166447847 0.2448979591836735
 51 -1.968200958178894 0.2448979591836735
 52 -1.798341305605292 0.2448979591836735
 53 -1.603261308422715 0.2448979591836735
 54 -1.491908145083372 0.2448979591836735
 55 -1.491878870226997 0.2448979591836735
 56 -1.434401125004521 0.2448979591836735
 57 -1.434351707966605 0.2448979591836735
 58 -1.406202051972404 0.2448979591836735
 59 -1.007208095695845 0.2448979591836735
 60 -1.007183187092003 0.2448979591836735
 61 -0.7849144156628782 0.2448979591836735
 62 -0.4082887144408494 0.2448979591836735
 63 -0.4082650217604541 0.2448979591836735
 64 -0.3686630645323412 0.2448979591836735
 65 -0.08642233821795903 0.2448979591836735
 66 -0.04823076016537269 0.2448979591836735
 67 -0.04819781119722402 0.2448979591836735
 68 0.01634623388362053 0.2448979591836735
 69 0.08370902497853747 0.2448979591836735
 70 0.08372930005193707 0.2448979591836735
 71 0.5339194928233560 0.2448979591836735
 72 0.6043870744806349 0.2448979591836735
 73 0.8038433895188026 0.2448979591836735
 74 0.9594211235157053 0.2448979591836735
 75 0.9594384857090887 0.2448979591836735
 76 1.127252523380229 0.2448979591836735
 77 1.127261521841730 0.2448979591836735
 78 1.186466955619215 0.2448979591836735
 79 1.244822462904790 0.2448979591836735
 80 1.377383298172711 0.2448979591836735
 81 1.415147393365970 0.2448979591836735
 82 1.441177369235309 0.2448979591836735
 83 1.441186046614733 0.2448979591836735
 84 1.513399444576702 0.2448979591836735
 85 1.557493021209630 0.2448979591836735
 86 1.607741030017502 0.2448979591836735
 87 1.607748463206472 0.2448979591836735
 88 1.706225098472190 0.2448979591836735
 89 1.728962470321103 0.2448979591836735
 90 2.252965683260446 0.2448979591836735
 91 2.335329520295661 0.2448979591836735
 92 2.349288355806122 0.2448979591836735
 93 2.395859928201264 0.2448979591836735
 94 2.395895795459431 0.2448979591836735
 95 2.570375300760926 0.2448979591836735
 96 2.696422228875878 0.2448979591836735
 97 2.726835868072802 0.2448979591836735
 98 2.726843052688277 0.2448979591836735
 99 3.060308915927111 0.2448979591836735
 100 3.153160992354068 0.2448979591836735
 101 3.351106232209002 0.2448979591836735
 102 3.351140781499581 0.2448979591836735
 103 3.374246262715825 0.2448979591836735
 104 3.381175982982431 0.2448979591836735
 105 3.452415844714159 0.2448979591836735
 106 3.697768246159511 0.2448979591836735
 107 4.040683610032126 0.2448979582811233
 108 4.040742295574979 0.2448979582646100
 109 4.186739645416388 0.008636495175815610
 110 4.202619559011539 0.001033949902550362
 111 4.428528549159481 0.000000000000000
 112 4.428566047252242 0.000000000000000
 113 5.587745697024362 0.000000000000000
 114 6.284173187922930 0.000000000000000
 115 6.386263211851890 0.000000000000000
 116 6.386269339324561 0.000000000000000
 117 7.249706328843092 0.000000000000000
 118 7.249731056069169 0.000000000000000
 119 8.268136765171961 0.000000000000000
 120 9.236122030603310 0.000000000000000
 121 9.236123717907370 0.000000000000000
 122 9.504794296787859 0.000000000000000
 123 10.53939563858392 0.000000000000000
 124 11.25018181298131 0.000000000000000
 125 11.34939699354216 0.000000000000000
 126 11.39473799403908 0.000000000000000
 127 11.39473810614772 0.000000000000000
 128 11.63527856478634 0.000000000000000
 129 12.20534783549278 0.000000000000000

 spin=1 k-point=5/8 Cartesian=0.000000000000000 -0.02574726280848987 0.04459556726007719 (21448 plane wave)
 1 -94.42232805674988 0.2448979591836735
 2 -94.41132094454515 0.2448979591836735
 3 -94.41125832718178 0.2448979591836735
 4 -94.40667335610932 0.2448979591836735
 5 -93.87890905822766 0.2448979591836735
 6 -93.87618839789576 0.2448979591836735
 7 -93.86798143261652 0.2448979591836735
 8 -93.86796707686854 0.2448979591836735
 9 -93.86503994332483 0.2448979591836735
 10 -93.86502552767553 0.2448979591836735
 11 -93.86222245002762 0.2448979591836735
 12 -93.86171052678458 0.2448979591836735
 13 -48.72652911286713 0.2448979591836735
 14 -48.70845023071448 0.2448979591836735
 15 -48.70842914267642 0.2448979591836735
 16 -48.58856244812203 0.2448979591836735
 17 -48.55072384507385 0.2448979591836735
 18 -48.55066753723240 0.2448979591836735
 19 -48.54470344712263 0.2448979591836735
 20 -48.51122981283029 0.2448979591836735
 21 -48.46789779056644 0.2448979591836735
 22 -48.46787607687043 0.2448979591836735
 23 -48.42585385731277 0.2448979591836735
 24 -48.38620668050543 0.2448979591836735
 25 -48.26595230600388 0.2448979591836735
 26 -48.24895549046738 0.2448979591836735
 27 -48.24894842574896 0.2448979591836735
 28 -48.23765126935796 0.2448979591836735
 29 -48.22171635013458 0.2448979591836735
 30 -48.22170562989361 0.2448979591836735
 31 -48.05270316594908 0.2448979591836735
 32 -48.05217846541791 0.2448979591836735
 33 -48.01204701802133 0.2448979591836735
 34 -48.01204128206631 0.2448979591836735
 35 -48.01018886772091 0.2448979591836735
 36 -48.01018340941813 0.2448979591836735
 37 -47.97041014451669 0.2448979591836735
 38 -47.96902164324283 0.2448979591836735
 39 -47.93350956483425 0.2448979591836735
 40 -47.93266893277912 0.2448979591836735
 41 -47.80035613750554 0.2448979591836735
 42 -47.76404832520349 0.2448979591836735
 43 -47.76013070100107 0.2448979591836735
 44 -47.76011412102068 0.2448979591836735
 45 -47.75671669971312 0.2448979591836735
 46 -47.75250631909146 0.2448979591836735
 47 -47.75249046142135 0.2448979591836735
 48 -47.74744988198388 0.2448979591836735
 49 -4.495414175993910 0.2448979591836735
 50 -2.679536172561481 0.2448979591836735
 51 -2.307450697481626 0.2448979591836735
 52 -2.307447337853135 0.2448979591836735
 53 -2.299188149457770 0.2448979591836735
 54 -1.927893994007035 0.2448979591836735
 55 -1.922477501929170 0.2448979591836735
 56 -1.922473977288430 0.2448979591836735
 57 -1.790139973039245 0.2448979591836735
 58 -1.540526119808239 0.2448979591836735
 59 -1.540523892178994 0.2448979591836735
 60 -1.437666476132508 0.2448979591836735
 61 -1.168581055454727 0.2448979591836735
 62 -1.168577362945971 0.2448979591836735
 63 -0.9300591835926533 0.2448979591836735
 64 -0.08958864643583724 0.2448979591836735
 65 0.02296636955718703 0.2448979591836735
 66 0.02296794628290440 0.2448979591836735
 67 0.1274472797722901 0.2448979591836735
 68 0.4303481867403339 0.2448979591836735
 69 0.4588534250440265 0.2448979591836735
 70 0.5462607631899667 0.2448979591836735
 71 0.5462679946908749 0.2448979591836735
 72 0.5591557220234694 0.2448979591836735
 73 0.6409065089316361 0.2448979591836735
 74 0.9256541983983464 0.2448979591836735
 75 0.9256626960287759 0.2448979591836735
 76 0.9519302590288076 0.2448979591836735
 77 1.061672254188878 0.2448979591836735
 78 1.118297741607676 0.2448979591836735
 79 1.263046477362103 0.2448979591836735
 80 1.450473279089747 0.2448979591836735
 81 1.450486670005145 0.2448979591836735
 82 1.539917964190489 0.2448979591836735
 83 1.627696951955100 0.2448979591836735
 84 2.173993729155394 0.2448979591836735
 85 2.261850615839440 0.2448979591836735
 86 2.261866823648880 0.2448979591836735
 87 2.267889852720220 0.2448979591836735
 88 2.516627063460732 0.2448979591836735
 89 2.630055730252723 0.2448979591836735
 90 2.677582066110181 0.2448979591836735
 91 2.677585135076662 0.2448979591836735
 92 2.843198976827973 0.2448979591836735
 93 2.870998683061825 0.2448979591836735
 94 2.871008587861372 0.2448979591836735
 95 2.907961124664276 0.2448979591836735
 96 2.975174822195111 0.2448979591836735
 97 3.443243922960662 0.2448979591836735
 98 3.443270691485500 0.2448979591836735
 99 3.573306839593854 0.2448979591836735
 100 3.620902116616144 0.2448979591836735
 101 3.727147262003430 0.2448979591836735
 102 3.727150906489920 0.2448979591836735
 103 3.880680241869210 0.2448979591836735
 104 3.963029949779151 0.2448979591836735
 105 4.057420025080289 0.2448978490381688
 106 4.065044339486530 0.2448971882147028
 107 4.065046099988860 0.2448971878816918
 108 4.254472994481402 1.211390885561842e-08
 109 4.254478540299365 1.209470283109255e-08
 110 4.321754771889672 0.000000000000000
 111 4.720595607108587 0.000000000000000
 112 4.852805602271331 0.000000000000000
 113 4.852806354279279 0.000000000000000
 114 5.345828078491516 0.000000000000000
 115 5.345829640776425 0.000000000000000
 116 6.676944394676602 0.000000000000000
 117 7.351695831332857 0.000000000000000
 118 7.759807008224335 0.000000000000000
 119 7.759817238414023 0.000000000000000
 120 8.043735305457483 0.000000000000000
 121 8.509674152115727 0.000000000000000
 122 9.825271247593939 0.000000000000000
 123 10.25160020653303 0.000000000000000
 124 10.37801993431307 0.000000000000000
 125 10.69713527774981 0.000000000000000
 126 10.96947308357474 0.000000000000000
 127 10.99389134469390 0.000000000000000
 128 10.99389736753787 0.000000000000000
 129 11.78601880378669 0.000000000000000

 spin=1 k-point=6/8 Cartesian=0.000000000000000 -0.05149452561698253 0.05946075634676699 (21469 plane wave)
 1 -94.41841355476016 0.4897959183673469
 2 -94.41412378602810 0.4897959183673469
 3 -94.41209117397702 0.4897959183673469
 4 -94.40852714480619 0.4897959183673469
 5 -93.87577055381605 0.4897959183673469
 6 -93.87161665057491 0.4897959183673469
 7 -93.87021541301951 0.4897959183673469
 8 -93.86843068715790 0.4897959183673469
 9 -93.86835412548582 0.4897959183673469
 10 -93.86630410200530 0.4897959183673469
 11 -93.86473182473668 0.4897959183673469
 12 -93.86294558592402 0.4897959183673469
 13 -48.69887451407237 0.4897959183673469
 14 -48.67626509394068 0.4897959183673469
 15 -48.64901248922099 0.4897959183673469
 16 -48.57885224960091 0.4897959183673469
 17 -48.55888156847668 0.4897959183673469
 18 -48.55665496949397 0.4897959183673469
 19 -48.55146351562173 0.4897959183673469
 20 -48.54229071383553 0.4897959183673469
 21 -48.48886634228664 0.4897959183673469
 22 -48.48664643787920 0.4897959183673469
 23 -48.44853841673025 0.4897959183673469
 24 -48.40305212401444 0.4897959183673469
 25 -48.23791689642808 0.4897959183673469
 26 -48.21735132821263 0.4897959183673469
 27 -48.21643655743175 0.4897959183673469
 28 -48.19384538276508 0.4897959183673469
 29 -48.18939574481063 0.4897959183673469
 30 -48.17135718966748 0.4897959183673469
 31 -48.09905677069536 0.4897959183673469
 32 -48.09321049463318 0.4897959183673469
 33 -48.02976158165462 0.4897959183673469
 34 -48.02973156230248 0.4897959183673469
 35 -48.02875569080243 0.4897959183673469
 36 -48.02692967839550 0.4897959183673469
 37 -47.99315574673522 0.4897959183673469
 38 -47.99142861639742 0.4897959183673469
 39 -47.94992659555196 0.4897959183673469
 40 -47.94810358293275 0.4897959183673469
 41 -47.79033514334260 0.4897959183673469
 42 -47.76735744704497 0.4897959183673469
 43 -47.76206819942804 0.4897959183673469
 44 -47.76118615899885 0.4897959183673469
 45 -47.75639826098357 0.4897959183673469
 46 -47.75505294341086 0.4897959183673469
 47 -47.75484643133909 0.4897959183673469
 48 -47.74897437572771 0.4897959183673469
 49 -3.861397245976459 0.4897959183673469
 50 -2.513460003284938 0.4897959183673469
 51 -2.108396471938679 0.4897959183673469
 52 -2.004856098551070 0.4897959183673469
 53 -1.753902979340007 0.4897959183673469
 54 -1.736988699576486 0.4897959183673469
 55 -1.574867570601234 0.4897959183673469
 56 -1.477964001647146 0.4897959183673469
 57 -1.414694866483617 0.4897959183673469
 58 -1.377020646842561 0.4897959183673469
 59 -1.263967848947061 0.4897959183673469
 60 -1.077452027123492 0.4897959183673469
 61 -0.8693603043595126 0.4897959183673469
 62 -0.6542039535083705 0.4897959183673469
 63 -0.4691038295425749 0.4897959183673469
 64 -0.2391983597878659 0.4897959183673469
 65 -0.1360385430880743 0.4897959183673469
 66 -0.06827776095908338 0.4897959183673469
 67 0.02364855733420515 0.4897959183673469
 68 0.04553717484554711 0.4897959183673469
 69 0.3120386404575178 0.4897959183673469
 70 0.3171273530790332 0.4897959183673469
 71 0.3975081488608993 0.4897959183673469
 72 0.4903056841690242 0.4897959183673469
 73 0.8204793657424722 0.4897959183673469
 74 0.8507437671097134 0.4897959183673469
 75 0.8779309412756013 0.4897959183673469
 76 0.9810987365784454 0.4897959183673469
 77 1.011505536768162 0.4897959183673469
 78 1.146739569168108 0.4897959183673469
 79 1.258069381915415 0.4897959183673469
 80 1.270457740294960 0.4897959183673469
 81 1.403987624128474 0.4897959183673469
 82 1.506697384678811 0.4897959183673469
 83 1.592598476310798 0.4897959183673469
 84 1.724773005412274 0.4897959183673469
 85 1.786686268144046 0.4897959183673469
 86 1.793984228697610 0.4897959183673469
 87 1.798701831851961 0.4897959183673469
 88 2.018786289630100 0.4897959183673469
 89 2.022500080417677 0.4897959183673469
 90 2.174054281938443 0.4897959183673469
 91 2.232447044329162 0.4897959183673469
 92 2.341991888286712 0.4897959183673469
 93 2.514170583906771 0.4897959183673469
 94 2.525533442103679 0.4897959183673469
 95 2.728139687393468 0.4897959183673469
 96 2.735019447737513 0.4897959183673469
 97 2.787154803167783 0.4897959183673469
 98 3.036033136361674 0.4897959183673469
 99 3.041136908642941 0.4897959183673469
 100 3.323227658585493 0.4897959183673469
 101 3.409464044647043 0.4897959183673469
 102 3.617932168720200 0.4897959183673469
 103 3.635037636358380 0.4897959183673469
 104 3.751839717502651 0.4897959183673469
 105 3.881234530496249 0.4897959183673469
 106 3.920891476122436 0.4897959183673469
 107 4.019829982187565 0.4897959183657304
 108 4.057546668645599 0.4897956905582391
 109 4.121989249103947 0.4605194617105293
 110 4.255077744115679 2.036875229027619e-08
 111 4.257579483322783 9.836233406011099e-09
 112 4.271571934694948 1.238387623740140e-10
 113 5.085374923228145 0.000000000000000
 114 5.368566668307572 0.000000000000000
 115 5.562978574149188 0.000000000000000
 116 6.807756522846265 0.000000000000000
 117 7.737554052294033 0.000000000000000
 118 7.775265710891250 0.000000000000000
 119 7.839317365890755 0.000000000000000
 120 8.878968871739342 0.000000000000000
 121 9.447867057816660 0.000000000000000
 122 10.25866721726189 0.000000000000000
 123 10.30449769902272 0.000000000000000
 124 10.68976964685794 0.000000000000000
 125 10.96337264275710 0.000000000000000
 126 10.96547965943275 0.000000000000000
 127 11.23471071717266 0.000000000000000
 128 11.41094402572457 0.000000000000000
 129 11.92564604586313 0.000000000000000

 spin=1 k-point=7/8 Cartesian=0.000000000000000 0.07724178842547309 0.1337867017802263 (21500 plane wave)
 1 -94.41865336343406 0.2448979591836735
 2 -94.41852451980651 0.2448979591836735
 3 -94.41534764728073 0.2448979591836735
 4 -94.40489681972116 0.2448979591836735
 5 -93.87553376762639 0.2448979591836735
 6 -93.87550697041637 0.2448979591836735
 7 -93.87216875288273 0.2448979591836735
 8 -93.87214192558697 0.2448979591836735
 9 -93.87100359315993 0.2448979591836735
 10 -93.87011231059965 0.2448979591836735
 11 -93.86072047204925 0.2448979591836735
 12 -93.85968390025440 0.2448979591836735
 13 -48.67637476709751 0.2448979591836735
 14 -48.66165087554798 0.2448979591836735
 15 -48.58166653827404 0.2448979591836735
 16 -48.57224433300374 0.2448979591836735
 17 -48.57213897414012 0.2448979591836735
 18 -48.56843880443237 0.2448979591836735
 19 -48.56832679441325 0.2448979591836735
 20 -48.55183117892352 0.2448979591836735
 21 -48.53861749000029 0.2448979591836735
 22 -48.50170392895075 0.2448979591836735
 23 -48.42703650973007 0.2448979591836735
 24 -48.42692283957778 0.2448979591836735
 25 -48.21620416295504 0.2448979591836735
 26 -48.20272813010855 0.2448979591836735
 27 -48.19732849871057 0.2448979591836735
 28 -48.18185192143651 0.2448979591836735
 29 -48.12101327027171 0.2448979591836735
 30 -48.11383338960631 0.2448979591836735
 31 -48.11337683263677 0.2448979591836735
 32 -48.11335457262891 0.2448979591836735
 33 -48.10278401326481 0.2448979591836735
 34 -48.10276316524189 0.2448979591836735
 35 -48.04487165031311 0.2448979591836735
 36 -48.03987996807291 0.2448979591836735
 37 -47.97309673725105 0.2448979591836735
 38 -47.97304809315958 0.2448979591836735
 39 -47.97055634780737 0.2448979591836735
 40 -47.97050733454245 0.2448979591836735
 41 -47.77945229201387 0.2448979591836735
 42 -47.77941001275788 0.2448979591836735
 43 -47.76195583716213 0.2448979591836735
 44 -47.75969048769721 0.2448979591836735
 45 -47.75964539020910 0.2448979591836735
 46 -47.75837375700115 0.2448979591836735
 47 -47.75098991764668 0.2448979591836735
 48 -47.74900707508155 0.2448979591836735
 49 -3.101486927379639 0.2448979591836735
 50 -3.101454020288808 0.2448979591836735
 51 -1.816018523206007 0.2448979591836735
 52 -1.696740880856987 0.2448979591836735
 53 -1.696724841598402 0.2448979591836735
 54 -1.387444852040626 0.2448979591836735
 55 -1.314378869594140 0.2448979591836735
 56 -1.314331308203119 0.2448979591836735
 57 -1.270447785557907 0.2448979591836735
 58 -1.182975337162440 0.2448979591836735
 59 -0.8811773672870072 0.2448979591836735
 60 -0.7231491847655619 0.2448979591836735
 61 -0.5780231740031622 0.2448979591836735
 62 -0.5380257578607643 0.2448979591836735
 63 -0.5098053532369446 0.2448979591836735
 64 -0.5097962653988156 0.2448979591836735
 65 -0.2414354929923903 0.2448979591836735
 66 -0.2414071327617165 0.2448979591836735
 67 -0.1324741306956495 0.2448979591836735
 68 0.07603839450767409 0.2448979591836735
 69 0.1000665950150713 0.2448979591836735
 70 0.3621512936429713 0.2448979591836735
 71 0.5776682126088891 0.2448979591836735
 72 0.5776965665143600 0.2448979591836735
 73 0.6316925167532618 0.2448979591836735
 74 0.7325527700853577 0.2448979591836735
 75 0.7325640242988030 0.2448979591836735
 76 0.8471256509221069 0.2448979591836735
 77 0.9833650700440510 0.2448979591836735
 78 0.9833861067902696 0.2448979591836735
 79 1.071757682988375 0.2448979591836735
 80 1.213004526632937 0.2448979591836735
 81 1.302935891563693 0.2448979591836735
 82 1.397587337231859 0.2448979591836735
 83 1.421507009672208 0.2448979591836735
 84 1.422597578683444 0.2448979591836735
 85 1.427325915509327 0.2448979591836735
 86 1.427336611738341 0.2448979591836735
 87 1.709160628042621 0.2448979591836735
 88 1.709199449682165 0.2448979591836735
 89 2.029770895498273 0.2448979591836735
 90 2.029808626702140 0.2448979591836735
 91 2.382737772198291 0.2448979591836735
 92 2.421449948545617 0.2448979591836735
 93 2.421454800420056 0.2448979591836735
 94 2.489259909667382 0.2448979591836735
 95 2.555382996843969 0.2448979591836735
 96 2.626372739291436 0.2448979591836735
 97 2.887136713043469 0.2448979591836735
 98 2.887170635815694 0.2448979591836735
 99 3.010081393637105 0.2448979591836735
 100 3.010097633590592 0.2448979591836735
 101 3.244905578909384 0.2448979591836735
 102 3.357746671354343 0.2448979591836735
 103 3.357752801881383 0.2448979591836735
 104 3.501211263676531 0.2448979591836735
 105 3.696941318002884 0.2448979591836735
 106 3.696974278083873 0.2448979591836735
 107 3.938283275270994 0.2448979591836735
 108 4.012450405052578 0.2448979591836223
 109 4.105214071618759 0.2430415245363604
 110 4.105275422204716 0.2430251376670257
 111 4.250691139703342 3.507941730293619e-08
 112 4.274813577497038 2.087720472689268e-11
 113 5.164027303350926 0.000000000000000
 114 5.643502973068848 0.000000000000000
 115 6.047561728378363 0.000000000000000
 116 6.047577584772395 0.000000000000000
 117 7.726328950478679 0.000000000000000
 118 7.793642260045281 0.000000000000000
 119 9.007450423892875 0.000000000000000
 120 9.064398695574845 0.000000000000000
 121 9.064403447093540 0.000000000000000
 122 10.34809210406826 0.000000000000000
 123 10.93206265170881 0.000000000000000
 124 11.00553157784052 0.000000000000000
 125 11.00553601994076 0.000000000000000
 126 11.01627423488458 0.000000000000000
 127 11.29325698104593 0.000000000000000
 128 11.82206904102760 0.000000000000000
 129 11.82207307658262 0.000000000000000

 spin=1 k-point=8/8 Cartesian=0.000000000000000 0.07724178842547309 0.1040563236068438 (21500 plane wave)
 1 -94.42063782960591 0.2448979591836735
 2 -94.41624226934397 0.2448979591836735
 3 -94.41623611627585 0.2448979591836735
 4 -94.40384256515615 0.2448979591836735
 5 -93.87680292239631 0.2448979591836735
 6 -93.87500499567170 0.2448979591836735
 7 -93.87218469223035 0.2448979591836735
 8 -93.87217288212844 0.2448979591836735
 9 -93.87054426757447 0.2448979591836735
 10 -93.87053238741423 0.2448979591836735
 11 -93.86001979299115 0.2448979591836735
 12 -93.85825443181758 0.2448979591836735
 13 -48.66338273293550 0.2448979591836735
 14 -48.61996845418889 0.2448979591836735
 15 -48.61996727107412 0.2448979591836735
 16 -48.60814719160581 0.2448979591836735
 17 -48.57209667625489 0.2448979591836735
 18 -48.55873113357884 0.2448979591836735
 19 -48.55872573649982 0.2448979591836735
 20 -48.55522278237116 0.2448979591836735
 21 -48.53661130601171 0.2448979591836735
 22 -48.46039576256818 0.2448979591836735
 23 -48.46039416608767 0.2448979591836735
 24 -48.43029429852164 0.2448979591836735
 25 -48.20224828537649 0.2448979591836735
 26 -48.18901859767529 0.2448979591836735
 27 -48.16044735736963 0.2448979591836735
 28 -48.16044604472475 0.2448979591836735
 29 -48.14889648419752 0.2448979591836735
 30 -48.14613829836945 0.2448979591836735
 31 -48.14613709003911 0.2448979591836735
 32 -48.13487918680524 0.2448979591836735
 33 -48.09719304743771 0.2448979591836735
 34 -48.08760347329122 0.2448979591836735
 35 -48.00474783932324 0.2448979591836735
 36 -48.00474721165525 0.2448979591836735
 37 -48.00202711627292 0.2448979591836735
 38 -48.00202644263088 0.2448979591836735
 39 -47.97520293562606 0.2448979591836735
 40 -47.97419281502053 0.2448979591836735
 41 -47.78283909864714 0.2448979591836735
 42 -47.76921463077220 0.2448979591836735
 43 -47.76920914781492 0.2448979591836735
 44 -47.76264760577913 0.2448979591836735
 45 -47.75959851232509 0.2448979591836735
 46 -47.75959307655814 0.2448979591836735
 47 -47.75022461562268 0.2448979591836735
 48 -47.74817362311396 0.2448979591836735
 49 -3.168041421086672 0.2448979591836735
 50 -2.442651498478708 0.2448979591836735
 51 -2.442646266552510 0.2448979591836735
 52 -1.593099849876118 0.2448979591836735
 53 -1.427014178969076 0.2448979591836735
 54 -1.427011241207711 0.2448979591836735
 55 -1.207488438953424 0.2448979591836735
 56 -1.167493318015794 0.2448979591836735
 57 -1.064442589715844 0.2448979591836735
 58 -1.038798006322184 0.2448979591836735
 59 -1.038796223941835 0.2448979591836735
 60 -0.7254879541589332 0.2448979591836735
 61 -0.6142506273062687 0.2448979591836735
 62 -0.5451787677610086 0.2448979591836735
 63 -0.4854576636056431 0.2448979591836735
 64 -0.4854508288840835 0.2448979591836735
 65 -0.2924683892395173 0.2448979591836735
 66 -0.2924661999244413 0.2448979591836735
 67 -0.1008011588056827 0.2448979591836735
 68 -0.09221982527163450 0.2448979591836735
 69 0.1815021388726446 0.2448979591836735
 70 0.3771868094360600 0.2448979591836735
 71 0.3771876643748633 0.2448979591836735
 72 0.5020613625061296 0.2448979591836735
 73 0.6034355164627739 0.2448979591836735
 74 0.6034413897207140 0.2448979591836735
 75 0.6756330452030496 0.2448979591836735
 76 0.6977231131655738 0.2448979591836735
 77 0.6977238123355372 0.2448979591836735
 78 0.7075446241665670 0.2448979591836735
 79 1.049447924014754 0.2448979591836735
 80 1.216381468290062 0.2448979591836735
 81 1.314045949685046 0.2448979591836735
 82 1.314048815881137 0.2448979591836735
 83 1.441759892981219 0.2448979591836735
 84 1.468484538597296 0.2448979591836735
 85 1.469236855626602 0.2448979591836735
 86 1.608387125733721 0.2448979591836735
 87 1.608391420874776 0.2448979591836735
 88 1.740962877133078 0.2448979591836735
 89 1.935659461296376 0.2448979591836735
 90 2.279616244082232 0.2448979591836735
 91 2.279622273584276 0.2448979591836735
 92 2.360033705169454 0.2448979591836735
 93 2.556528248286975 0.2448979591836735
 94 2.663566776548438 0.2448979591836735
 95 2.663568256063193 0.2448979591836735
 96 2.678393606650104 0.2448979591836735
 97 2.732815327433531 0.2448979591836735
 98 2.994808302523962 0.2448979591836735
 99 3.124530197061227 0.2448979591836735
 100 3.124534149081837 0.2448979591836735
 101 3.315206287629613 0.2448979591836735
 102 3.749556849890535 0.2448979591836735
 103 3.771408087880354 0.2448979591836735
 104 3.781914677545356 0.2448979591836735
 105 3.781916861349221 0.2448979591836735
 106 3.872567372391147 0.2448979591836735
 107 3.909280286260465 0.2448979591836735
 108 3.925249162442864 0.2448979591836735
 109 3.925251736955349 0.2448979591836735
 110 4.008554457680753 0.2448979591836622
 111 4.119428153698368 0.2337467031447605
 112 4.119431017468406 0.2337432148451078
 113 4.328544712754896 0.000000000000000
 114 4.328546491934413 0.000000000000000
 115 5.985255038652518 0.000000000000000
 116 6.742258598078362 0.000000000000000
 117 6.742261144838083 0.000000000000000
 118 8.925520554567763 0.000000000000000
 119 9.047460398397201 0.000000000000000
 120 9.094948339379139 0.000000000000000
 121 10.02271250286949 0.000000000000000
 122 10.11125165283405 0.000000000000000
 123 10.11125558877535 0.000000000000000
 124 10.70638788077486 0.000000000000000
 125 10.89084729127517 0.000000000000000
 126 11.67692537540338 0.000000000000000
 127 11.69577295014190 0.000000000000000
 128 11.70252575729199 0.000000000000000
 129 11.70252651434517 0.000000000000000

