MDSTEP:  0
LATTICE_CONSTANT: 1.889726125458
LATTICE_VECTORS
  9.237903448484  0.000000000000  0.000000000000
  -4.725092950563  8.149886677465  0.000000000000
  -0.291835614834  0.267605888540  10.170551974681
VIRIAL (KBAR)
  46.002450913189  37.917417974600  45.937288315724
  37.917417974600  -46.600550740418  -32.806530579089
  45.937288315724  -32.806530579089  0.384706601491
INDEX    LABEL    POSITIONS    FORCE (eV/Angstrom)
  0  Si  -0.049846183581  1.827372179697  2.512609896168  1.507553820249  0.273397862583  1.000725797681
  1  Si  3.025295069954  7.206016991243  2.473021929567  -0.175782030094  0.921377231151  1.310045681628
  2  Si  -3.178434133097  7.178165448977  2.391678147887  1.359038240121  1.680641461748  2.031618947982
  3  Si  4.544978967891  6.361810101104  5.074460134050  -0.986821775192  -0.139632620129  -0.944272054875
  4  Si  1.466498802963  0.966489095912  5.089856099029  0.253235180571  -0.918672717173  -0.691875780690
  5  Si  7.679329624679  1.029548761549  5.170622056386  -0.847357008641  -1.927157107425  -1.183418078983
  6  Si  -0.124555540761  1.885044431536  7.601581581120  1.524433369495  0.605219321879  1.114498473011
  7  Si  2.950762204985  7.287981069432  7.577137672455  -0.502831341481  0.649323609179  0.567826422198
  8  Si  -3.234696470025  7.220973228550  7.482993926822  0.796130594497  2.347758618543  1.404253966477
  9  Si  4.473167411571  6.408250247867  10.142145810851  -1.114314714887  0.602233344695  -0.521682109413
  10  Si  1.691322290456  0.761904626453  0.002092303342  0.049476215673  -0.341185040049  -0.809608712413
  11  Si  7.886777312151  0.811304340758  0.100925431196  -0.866897703529  -0.973155182723  -1.307667168959
  12  Si  -1.630494867909  4.499786112156  2.456583240972  1.872093565457  0.975761579165  1.371735676072
  13  Si  1.477507240810  4.513394260986  2.503886028017  0.095400632738  0.079248668433  0.286025456038
  14  Si  -0.072217235961  7.186692095328  2.456957913133  -0.435524734275  1.016934979108  0.429644074755
  15  Si  6.098980667687  3.677203195581  5.134690606516  -0.543177765757  -0.086229245132  -0.764197804165
  16  Si  2.993278366650  3.663363953827  5.060156723018  0.288382726037  0.253001758851  0.486437930217
  17  Si  4.573857117321  0.984802783346  5.163064521055  0.040278401322  -0.668166354608  -1.555200768641
  18  Si  -1.687144623394  4.570802822068  7.522302164410  1.385588694443  0.598282259690  1.494575914061
  19  Si  1.393564039502  4.563375506326  7.611200167252  0.441463325841  0.497081974811  -0.444236456178
  20  Si  -0.152036349419  7.259115445788  7.526551773248  -0.092328605939  0.972735704177  0.743297906092
  21  Si  6.321455712987  3.489750684123  0.030193009496  -0.988848379774  -0.150580610322  -0.208219752590
  22  Si  2.932762241992  3.718956917217  10.155307596758  -0.206260779326  0.698467622807  0.307686216519
  23  Si  4.778272733148  0.776759765874  0.046052452958  0.107125244417  -0.248503296684  -0.664715184982
  24  Si  3.041377504494  1.836400925595  2.554230752197  0.149740037115  -0.530074409627  0.387798202364
  25  Si  6.147264490101  1.865561105096  2.601555331206  -0.078028626561  -0.592866504871  0.185253425555
  26  Si  4.571529196661  4.529252198855  2.556431569842  0.244060180444  -0.036611545993  0.261081492922
  27  Si  1.428164703443  6.325771542236  5.031633360962  0.272540689229  0.991059095947  -0.454383693554
  28  Si  -1.672357826390  6.312465884158  4.971401418440  0.362795703932  0.698032451476  -0.141837308198
  29  Si  -0.086440416998  3.638695202701  5.050977438721  0.005251757610  0.258670356057  -0.600540263876
  30  Si  2.981087602928  1.907763256489  7.646176527845  -0.053646141488  -0.131042085322  -0.309955547651
  31  Si  6.080582428173  1.934315357731  7.674068113512  0.025376658533  -0.485042225697  0.647725993298
  32  Si  4.519197162596  4.610204715194  7.625155362229  -0.531996241921  -0.225009994458  0.166075411037
  33  Si  1.356439693165  6.389497509558  10.114348925980  -0.298792447482  1.316615528338  -0.246897624960
  34  Si  -1.736500507289  6.379920986731  10.044375961307  -0.254139509189  0.894458310529  0.327800618650
  35  Si  -0.158840961945  3.709747294788  10.121476794194  -0.453990189396  0.651984511157  0.096792652401
  36  C  -0.082609552025  1.826888995385  4.421451806945  1.017989193286  0.852432401540  0.340399011325
  37  C  2.995209354925  7.236872099169  4.410955374856  -0.405356286042  0.719238385211  0.701257084999
  38  C  -3.222024965186  7.185295896523  4.316120901756  0.908585135794  1.567155919724  1.233989889466
  39  C  4.513326448197  6.387780988494  6.966801258413  -1.359918936144  -0.558491866457  -0.726735160970
  40  C  1.438431589782  1.007334584997  7.002989313618  0.351842065618  -1.182312849705  -0.435277385890
  41  C  7.645940932564  1.039888820301  7.079276718819  -1.488465398895  -1.851941384500  -1.352135575324
  42  C  -0.142207209448  1.917379313546  9.525853850535  0.505268675972  0.142095064660  0.059886282438
  43  C  2.907337389339  7.297521549355  9.489935844448  -0.066506860910  0.761400764346  0.879256462289
  44  C  -3.278893013603  7.262633008551  9.371679732429  0.409083555313  1.186193280120  1.786082704765
  45  C  4.593856245504  6.315049083006  1.899704288949  -1.335586195440  -1.154291019048  -1.510158903019
  46  C  1.516084685052  0.913204078572  1.918674807237  0.478625278086  -0.883852053306  -0.622719227064
  47  C  7.719745182508  0.965233511899  2.006306341625  -1.146516364062  -2.107290152318  -1.536966887295
  48  C  -1.654483791779  4.528737499882  4.378679323014  0.948152329010  -0.084980694632  0.444522071369
  49  C  1.465269626249  4.561014737428  4.431694419615  -0.340979595587  -0.694455884547  -0.481728788747
  50  C  -0.111672110210  7.226784019437  4.349238535275  -0.071913985218  0.644938139612  1.357207040580
  51  C  6.076280345366  3.706150467749  7.040000520120  -1.462823045762  -0.740649643686  -1.151866023498
  52  C  2.977528114318  3.694562528725  6.986467005804  -0.039829777297  -0.001235936623  0.092963870913
  53  C  4.561689803741  1.026168054623  7.048581905201  -0.301213047469  -1.140491739408  -0.328514223991
  54  C  -1.728000540079  4.584154358775  9.450968154669  1.077291343660  0.377609608696  0.262810163675
  55  C  1.400071135849  4.619385826563  9.511730776144  -0.432411385466  -0.553321064838  -0.083932541192
  56  C  -0.192189598186  7.294834892671  9.442912336234  0.105729715029  0.629585326158  0.812188366456
  57  C  6.155366097130  3.644439182512  1.956390319392  -1.637434605224  -1.405361042644  -1.376288649126
  58  C  3.048163232193  3.612740953223  1.914414979040  0.285547123361  -0.143945581984  -0.353475237932
  59  C  4.609474860436  0.953326351511  1.964143966218  0.592409400866  -1.309223080035  -0.649160542510
  60  C  3.006838705301  1.877503027198  4.485004824740  0.375198691043  -0.565045802973  -0.409178763437
  61  C  6.133017465357  1.902644127503  4.520056357655  -0.441108005988  -0.664800393460  -0.090446990171
  62  C  4.560597235587  4.563952700896  4.473800192480  -0.317946825620  -0.406108713754  -0.160272507044
  63  C  1.401025770277  6.366473991516  6.919677266024  0.190903791271  0.125551865111  0.532378260756
  64  C  -1.694428696737  6.335421102455  6.901616034066  0.401294854525  0.614162903233  -0.490356903022
  65  C  -0.129203611419  3.664391229291  6.942414730479  0.096469892567  0.077325756315  0.357055108288
  66  C  2.964666465554  1.951024343700  9.540257652706  -0.378486407434  -0.698395768041  0.200036214807
  67  C  6.059815690525  1.970237925359  9.607884256946  -0.448039469877  -0.720196121827  -0.310473661173
  68  C  4.482002277287  4.618836582096  9.538398193692  -0.176494799143  -0.122334902246  0.043448565464
  69  C  1.488643319110  6.305272768936  1.845741562379  0.305207360987  -0.282375768620  -0.114608411864
  70  C  -1.634279997416  6.274115738992  1.818051267169  0.958790800979  0.157503304989  -0.564047689392
  71  C  -0.056487258432  3.602304737736  1.867351884404  0.493414741419  -0.112448565173  -0.127328973761


MDSTEP:  1
LATTICE_CONSTANT: 1.889726125458
LATTICE_VECTORS
  9.237903448484  0.000000000000  0.000000000000
  -4.725092950563  8.149886677465  0.000000000000
  -0.291835614834  0.267605888540  10.170551974681
VIRIAL (KBAR)
  45.702933619538  37.772172485906  45.800596018076
  37.772172485906  -46.700977566828  -32.898338073791
  45.800596018076  -32.898338073791  0.422266211922
INDEX    LABEL    POSITIONS    FORCE (eV/Angstrom)
  0  Si  -0.048713917169  1.826699021625  2.513365315328  1.462290415053  0.272838932195  0.959633914634
  1  Si  3.025136593932  7.205598903078  2.473463218840  -0.171977952165  0.931944818451  1.295151184064
  2  Si  -3.178151341310  7.179166728614  2.392246143161  1.335615611703  1.633435638973  2.014204640365
  3  Si  4.545628496499  6.360685376005  5.074585925566  -1.008095437604  -0.100170492232  -0.940427283191
  4  Si  1.466546642247  0.967121546404  5.090017320937  0.249440604144  -0.923743095247  -0.696253614761
  5  Si  7.679742357390  1.029637983124  5.170085031997  -0.868622718364  -1.933103494771  -1.173401246913
  6  Si  -0.124295436828  1.885160601310  7.601493673879  1.505892066177  0.597750510266  1.109389740191
  7  Si  2.951480064987  7.288912022177  7.577284521760  -0.516753089323  0.637651792665  0.568272912837
  8  Si  -3.234024307097  7.221625414498  7.482761467986  0.772374652673  2.334588252672  1.413904000635
  9  Si  4.472724081112  6.408668266442  10.142297182251  -1.096942030877  0.583977162552  -0.535090407629
  10  Si  1.691242906994  0.762783028255  0.001861871367  0.048327189328  -0.358693275436  -0.805526065587
  11  Si  7.886516986257  0.810378549628  0.100671576426  -0.862307844756  -0.957086103042  -1.305592741131
  12  Si  -1.629937372933  4.499269787262  2.456637654139  1.830812267781  0.956678407826  1.351384537475
  13  Si  1.477588152257  4.514115818724  2.504126635221  0.093473519082  0.072907989295  0.265795237148
  14  Si  -0.072822791537  7.186333663064  2.456531791214  -0.434001958542  1.028237909632  0.454319642518
  15  Si  6.098381152195  3.676565259393  5.134723784177  -0.521049203084  -0.072199832646  -0.784393418552
  16  Si  2.993055337950  3.664601488743  5.060773045458  0.295894764798  0.233292159268  0.458197102410
  17  Si  4.573787403984  0.985145307336  5.163402745617  0.039109494173  -0.676763797346  -1.553286541368
  18  Si  -1.686905276544  4.570769125603  7.522147090860  1.359945423295  0.581234694057  1.485882895280
  19  Si  1.394043941134  4.564011191508  7.610397075976  0.422363958991  0.488433745023  -0.427053776596
  20  Si  -0.152458481968  7.258499896294  7.526089943114  -0.075981248241  0.989558581597  0.762082729512
  21  Si  6.321681617569  3.489852502754  0.029712630426  -1.012561366963  -0.160281955374  -0.193318019088
  22  Si  2.932352019128  3.718667915234  10.154941620257  -0.206837834537  0.689513042078  0.319957898749
  23  Si  4.779161435420  0.777013802653  0.045631919904  0.080926594815  -0.255524347225  -0.652431505893
  24  Si  3.041643053220  1.836949041726  2.554227210383  0.161799702270  -0.539912613020  0.389080993613
  25  Si  6.146929181624  1.865897461618  2.602073500185  -0.075847222920  -0.618134619913  0.167939053520
  26  Si  4.571586033533  4.529058925554  2.556504973898  0.242097929865  -0.037501067125  0.255201461418
  27  Si  1.427612874212  6.326960638937  5.031131050958  0.287886147145  0.973452135406  -0.442937483414
  28  Si  -1.672495751450  6.311983516627  4.971942452360  0.364762281117  0.718637877362  -0.147712514636
  29  Si  -0.086527123688  3.639342729942  5.050217914193  0.015728416071  0.254527847602  -0.598225164051
  30  Si  2.981293135536  1.907126930741  7.646377335464  -0.070859628486  -0.117508584213  -0.326721745992
  31  Si  6.079260268752  1.934639526241  7.674973001052  0.065066097680  -0.498407094665  0.631821992835
  32  Si  4.519177327470  4.609418627208  7.626022068635  -0.538830858893  -0.205903088651  0.133926917313
  33  Si  1.356404095342  6.388947637062  10.113939241795  -0.306991232566  1.317096571626  -0.217245119993
  34  Si  -1.735840510623  6.379972766650  10.043828194022  -0.265839132030  0.895007572697  0.348870366549
  35  Si  -0.158905088688  3.710286021852  10.121006414043  -0.467812149541  0.633810093167  0.104537310771
  36  C  -0.083395156991  1.827246434992  4.420879734989  1.043474324350  0.855898408672  0.350878479096
  37  C  2.995297889983  7.237542008511  4.410233852274  -0.396026391923  0.706824534842  0.722441726424
  38  C  -3.222300852801  7.185330905953  4.316540280746  0.917172346085  1.570140325210  1.231215251002
  39  C  4.513366695838  6.388279221818  6.966916125190  -1.346820355774  -0.576031460837  -0.716357452665
  40  C  1.437730973534  1.006729923307  7.002884527743  0.373681122520  -1.169324753104  -0.434114111978
  41  C  7.645883338775  1.039563418908  7.079081395078  -1.489943530282  -1.831400079961  -1.343556465618
  42  C  -0.142332399535  1.917744886584  9.525330284122  0.497296467095  0.134995772030  0.069326598867
  43  C  2.906401781451  7.297212589058  9.490645438915  -0.045880019859  0.769217081344  0.860356162112
  44  C  -3.277617449690  7.262775296175  9.371958818753  0.377774012420  1.185879912076  1.778966214550
  45  C  4.593638308362  6.313829334224  1.898944394867  -1.307756988057  -1.114958857478  -1.486672622542
  46  C  1.517144948891  0.912640135698  1.918942458709  0.464539709800  -0.868896502183  -0.627486090436
  47  C  7.718943130121  0.965120607608  2.005266673700  -1.102195738626  -2.092251681308  -1.510846080911
  48  C  -1.653583090291  4.529497431973  4.378369228576  0.916757213016  -0.112348701281  0.454441581300
  49  C  1.465838125884  4.561416418989  4.429997586880  -0.354211513525  -0.684792501024  -0.443912495451
  50  C  -0.112014992273  7.227098307107  4.350510067213  -0.079818665815  0.649265800680  1.330050765177
  51  C  6.075846095633  3.705191883517  7.038463859028  -1.443883076990  -0.712468190222  -1.112419710617
  52  C  2.976539363529  3.694914890615  6.985177806573  -0.019209005135  -0.011133541972  0.124887695155
  53  C  4.562120436740  1.026327709272  7.049081075231  -0.320837570437  -1.149409425407  -0.334483365097
  54  C  -1.729007564140  4.584298954536  9.450819848174  1.099109671039  0.377766889776  0.252592541638
  55  C  1.399426107846  4.618331313355  9.512486259944  -0.420775849752  -0.531786914127  -0.115407866337
  56  C  -0.191878911807  7.294390564052  9.443142653318  0.108436481236  0.635179837055  0.797690720645
  57  C  6.154032654596  3.642947858570  1.956032610690  -1.580497420394  -1.356768854407  -1.362095424222
  58  C  3.048064749260  3.612992475231  1.914629203719  0.284452140821  -0.144819725129  -0.361105381140
  59  C  4.609851115751  0.952868778882  1.963893706653  0.578861562205  -1.301233009391  -0.647439201873
  60  C  3.007532105261  1.877576830570  4.485270798022  0.359941972517  -0.547630478848  -0.407244649408
  61  C  6.132187936825  1.902396460698  4.519710346417  -0.422677102601  -0.660941313591  -0.081406343417
  62  C  4.561057290846  4.565005498717  4.473733003069  -0.325119536834  -0.435670741905  -0.160182346861
  63  C  1.400853254403  6.367180770026  6.920343229397  0.202666805056  0.118466300258  0.511225502760
  64  C  -1.694121867722  6.335772998287  6.902288957873  0.391992320568  0.598140973876  -0.503482438948
  65  C  -0.129228055818  3.663979150065  6.941683180229  0.103740759251  0.093037324380  0.363434583426
  66  C  2.963881614788  1.950622617696  9.539708080553  -0.357409858181  -0.691929334398  0.210763157632
  67  C  6.059425384626  1.970241631973  9.608116538714  -0.435768225000  -0.716822425335  -0.320723570315
  68  C  4.480951300782  4.617557961137  9.537644130733  -0.158922987354  -0.093876041511  0.060122446584
  69  C  1.488072131564  6.306159910735  1.847187104587  0.314817315065  -0.302461304124  -0.153000856220
  70  C  -1.634211294094  6.273366109006  1.818551359157  0.950691626263  0.166073076903  -0.575504518920
  71  C  -0.055912235093  3.602368503707  1.866458214872  0.489851759960  -0.123572673060  -0.110890316437


MDSTEP:  2
LATTICE_CONSTANT: 1.889726125458
LATTICE_VECTORS
  9.237903448484  0.000000000000  0.000000000000
  -4.725092950563  8.149886677465  0.000000000000
  -0.291835614834  0.267605888540  10.170551974681
VIRIAL (KBAR)
  45.246089243267  37.909624237587  45.321107345982
  37.909624237587  -47.036247302767  -33.131110470455
  45.321107345982  -33.131110470455  0.666210316096
INDEX    LABEL    POSITIONS    FORCE (eV/Angstrom)
  0  Si  -0.046184826328  1.825141244208  2.511890166538  1.408472480211  0.310213174345  1.004841582855
  1  Si  3.025095730093  7.207650710127  2.474832812093  -0.167287881921  0.911451905086  1.268764514963
  2  Si  -3.175564932487  7.178101894463  2.392382874952  1.329721011924  1.638185067835  1.992264548206
  3  Si  4.546366908790  6.362592988389  5.074512343902  -0.999229245909  -0.087561592847  -0.998811983254
  4  Si  1.467890225387  0.969080807337  5.088373255678  0.214771536264  -0.956776056608  -0.652583514869
  5  Si  7.681689450683  1.029244667653  5.171963447654  -0.906575792099  -1.914319368838  -1.226574629266
  6  Si  -0.123807534057  1.885642678367  7.604186389215  1.476592261864  0.599211088420  1.053006091984
  7  Si  2.952879878739  7.290784720293  7.577977186497  -0.541341652571  0.584001455179  0.543825245277
  8  Si  -3.232931450159  7.225034727910  7.485541545924  0.697134210228  2.272966209643  1.385999645646
  9  Si  4.471423611061  6.410839264673  10.142582676548  -1.070683959049  0.521149092770  -0.501294495269
  10  Si  1.691984739687  0.764024886393  0.003034960958  -0.016052786397  -0.393198668453  -0.822742602669
  11  Si  7.887773157585  0.808801037052  0.100772496221  -0.898078315404  -0.945495973554  -1.260805999765
  12  Si  -1.629463353160  4.497845291770  2.458657387927  1.810693090457  0.944700422200  1.321698698501
  13  Si  1.479542084558  4.516104460252  2.505083430245  0.014303801293  0.024664545810  0.230806493476
  14  Si  -0.073432585646  7.187276380866  2.457197950419  -0.441580028882  0.996677960794  0.474350952412
  15  Si  6.098968597219  3.676743417858  5.132603170634  -0.571472420137  -0.129161599202  -0.731705316077
  16  Si  2.993572963079  3.662223142608  5.061988055203  0.298960009630  0.365397152431  0.425184715446
  17  Si  4.573896385549  0.986663670037  5.162948337033  -0.002025306789  -0.721783755017  -1.553660882086
  18  Si  -1.688477102486  4.570915166774  7.522712039416  1.342720523911  0.606094142573  1.470127147472
  19  Si  1.391812333516  4.565833745759  7.609643201632  0.489255831944  0.463656879024  -0.440713963156
  20  Si  -0.151759958367  7.258587827421  7.524477666386  -0.063883572412  0.940246924536  0.782068882593
  21  Si  6.320876194289  3.488465810930  0.029155433332  -0.927896914840  -0.107210365787  -0.196910473632
  22  Si  2.929740839367  3.720050230590  10.155439611167  -0.159764445992  0.649934266058  0.242776841951
  23  Si  4.780836598876  0.777361259517  0.045127430072  0.056960395095  -0.283866104918  -0.664002341547
  24  Si  3.041579468997  1.839370117064  2.552037985591  0.144478461938  -0.647856436192  0.416768031279
  25  Si  6.144662020175  1.866426100843  2.602643278416  -0.014337948797  -0.614399055038  0.125538636959
  26  Si  4.570208977152  4.527570997929  2.557278251081  0.296981438339  0.024443636151  0.209355415253
  27  Si  1.429941158842  6.328547580335  5.030783334258  0.248404670094  0.957709975102  -0.386442603240
  28  Si  -1.672693850685  6.314075899018  4.974274532181  0.337163003348  0.675625661971  -0.156252309601
  29  Si  -0.084158641795  3.641530972208  5.051417962588  -0.043038373438  0.221570556717  -0.589630092534
  30  Si  2.980392695945  1.907279974448  7.644786615889  -0.061769529699  -0.111276012822  -0.287885040826
  31  Si  6.079164451118  1.936836165926  7.675011972369  0.014919303546  -0.542879898207  0.616307490069
  32  Si  4.521015272680  4.611807647866  7.624403411285  -0.606194494568  -0.187389489357  0.185052765225
  33  Si  1.356077745459  6.390875228223  10.115267195018  -0.355088019013  1.280607536812  -0.272047287940
  34  Si  -1.733801058377  6.379004167010  10.045325182302  -0.365252275372  0.868097987450  0.280320816414
  35  Si  -0.156625903013  3.709618597397  10.120528446843  -0.538244150121  0.662458198631  0.086746006124
  36  C  -0.082067645055  1.828372261745  4.422144971116  1.028048151939  0.866134681333  0.323604500714
  37  C  2.992492704681  7.237932403291  4.409688119507  -0.312293170366  0.714170742301  0.736365925471
  38  C  -3.220325434251  7.189944985747  4.315200554001  0.891965520429  1.520184030874  1.260657003563
  39  C  4.513142389950  6.390758026695  6.963199598710  -1.275539525507  -0.553850712181  -0.618015923399
  40  C  1.437013349602  1.003367736531  7.003715206159  0.381066067382  -1.074327676975  -0.457614787295
  41  C  7.645432574044  1.039513402320  7.078777593439  -1.463921890809  -1.782966494252  -1.304467141019
  42  C  -0.145483843792  1.918343313359  9.525898059467  0.594059859334  0.112855158780  0.068481797555
  43  C  2.904293207713  7.293958007598  9.490079579859  -0.011275358535  0.831337808349  0.864265645853
  44  C  -3.281265665175  7.267138407895  9.374204303980  0.458683201480  1.126567663268  1.778292062553
  45  C  4.594766647388  6.316050398849  1.901237741268  -1.363448908306  -1.168181783555  -1.508895712781
  46  C  1.514886470484  0.911523425119  1.918339553019  0.559419873029  -0.850601882253  -0.618377299387
  47  C  7.720434174635  0.964558832620  2.007801476038  -1.152681829321  -2.077928182919  -1.546562266147
  48  C  -1.655621001724  4.527740054683  4.381810815262  0.986990448621  -0.046798428214  0.391586409636
  49  C  1.464475185065  4.564081518429  4.431634334088  -0.282417399623  -0.727219059967  -0.485396445349
  50  C  -0.112273862328  7.225792540474  4.355173712848  -0.076785145810  0.681982069812  1.225370616345
  51  C  6.071646147836  3.707563064037  7.038561890501  -1.342288591673  -0.752199481540  -1.151644078422
  52  C  2.978284074333  3.698323252470  6.982735039674  -0.067435544832  -0.084169698485  0.195660103843
  53  C  4.560110211649  1.022725247513  7.046421513165  -0.258301132227  -1.058646652266  -0.262667330304
  54  C  -1.727109404427  4.581996320862  9.448017653935  1.047463126278  0.411504818853  0.316614433251
  55  C  1.396895040621  4.621501618480  9.508480447347  -0.354611248617  -0.583228431200  -0.021169535168
  56  C  -0.194521977585  7.291841935382  9.443476340170  0.180854490952  0.699897422028  0.765139483782
  57  C  6.153958734481  3.645200249515  1.951725551402  -1.591134922029  -1.411343313282  -1.261743345100
  58  C  3.049212712823  3.609419364369  1.913483840587  0.234179735642  -0.026093992627  -0.347930293114
  59  C  4.610287390766  0.951313032812  1.961708807547  0.548132671807  -1.266193336848  -0.595331644006
  60  C  3.005761145728  1.880456428063  4.485476242544  0.415612191315  -0.596686076542  -0.453100732709
  61  C  6.129358779430  1.898120248679  4.519096330517  -0.352530173112  -0.562019746305  -0.056962770675
  62  C  4.563322868816  4.566695109970  4.472448291118  -0.382457827792  -0.468872711755  -0.143557604121
  63  C  1.405024437150  6.363538309535  6.920943451860  0.130732233018  0.225760419599  0.491800092237
  64  C  -1.696214187719  6.337555821021  6.903492681569  0.426797646427  0.567344596699  -0.499479399735
  65  C  -0.130532313900  3.667187884645  6.943156078029  0.116187648861  0.019307521317  0.335478915723
  66  C  2.962318526623  1.946445888943  9.542024183162  -0.322836173920  -0.567317840826  0.150373517800
  67  C  6.061516966830  1.971265331761  9.609323267273  -0.469144886567  -0.773269701971  -0.353064442524
  68  C  4.484077117045  4.615976819194  9.539724739820  -0.252448301602  -0.038130668652  0.000301818842
  69  C  1.486698502182  6.308407202175  1.844561333945  0.365045206500  -0.324924756213  -0.078040543437
  70  C  -1.632714207150  6.269904953777  1.814880981084  0.943133943909  0.219797885856  -0.476485883189
  71  C  -0.058277477278  3.600209776365  1.863440512055  0.591445097047  -0.077763652942  -0.037226135664


MDSTEP:  3
LATTICE_CONSTANT: 1.889726125458
LATTICE_VECTORS
  9.237903448484  0.000000000000  0.000000000000
  -4.725092950563  8.149886677465  0.000000000000
  -0.291835614834  0.267605888540  10.170551974681
VIRIAL (KBAR)
  45.917632664322  38.450388083286  44.949274479814
  38.450388083286  -47.376989129182  -32.999900853489
  44.949274479814  -32.999900853489  0.627837167104
INDEX    LABEL    POSITIONS    FORCE (eV/Angstrom)
  0  Si  -0.045081496119  1.822175888563  2.514943117213  1.382499217332  0.472064160906  0.965575582712
  1  Si  3.028134890185  7.204877797371  2.478224346143  -0.249055609100  0.929014443658  1.184877523254
  2  Si  -3.175323240374  7.176975407864  2.393672117022  1.296145133491  1.648490767238  1.950806635463
  3  Si  4.543721750965  6.363150848772  5.074004848745  -0.936115196719  -0.097623712580  -1.030304827999
  4  Si  1.470157354891  0.971713656778  5.088333417654  0.149978609555  -1.056904058806  -0.654430481649
  5  Si  7.681949710479  1.030181525902  5.169632204798  -0.875166228824  -1.933004723017  -1.194503356461
  6  Si  -0.124939469388  1.886777068761  7.604813498598  1.541369063856  0.566556206048  1.065106138691
  7  Si  2.949334195222  7.293984785577  7.577104325355  -0.457472160696  0.527678717825  0.482103729718
  8  Si  -3.234737498917  7.225972888497  7.485329462704  0.767699219111  2.256656525398  1.329141692280
  9  Si  4.469715429544  6.412268794646  10.143419267947  -1.058378885632  0.491889522135  -0.544443886534
  10  Si  1.691585379619  0.762284304651  0.004164634582  -0.098076512686  -0.348723713498  -0.830084055877
  11  Si  7.886303076774  0.806491903087  0.102141078174  -0.862329092783  -0.915435707127  -1.252684276724
  12  Si  -1.630522632870  4.499445843085  2.455748458327  1.834015236230  0.915582545753  1.396282313547
  13  Si  1.481945908631  4.518562503784  2.505863112916  -0.087430088920  -0.028798228494  0.142229779087
  14  Si  -0.074825178628  7.188786258898  2.457547405982  -0.400471767230  1.027040712925  0.502177238577
  15  Si  6.101191178699  3.674962784841  5.130657362918  -0.690132635693  -0.028268736872  -0.693376851986
  16  Si  2.990709279364  3.662448642709  5.064843670338  0.320197724495  0.349222898708  0.320858524201
  17  Si  4.574670094552  0.986631408414  5.164648114974  -0.031422297032  -0.708221662734  -1.629590728468
  18  Si  -1.684825657172  4.572768990040  7.522132477350  1.183349976191  0.552491304791  1.520973103256
  19  Si  1.391006890383  4.562822840742  7.606182222573  0.519614346015  0.594842442294  -0.295658328551
  20  Si  -0.155222064658  7.258822251811  7.523306714993  -0.024094130453  0.952200096591  0.808579192628
  21  Si  6.322005026548  3.490654279149  0.029139288230  -0.971436194974  -0.229920309080  -0.169911927067
  22  Si  2.929459846463  3.717342032029  10.153375078127  -0.169397806571  0.746119368232  0.339864886140
  23  Si  4.780742509001  0.780206609810  0.041725502236  0.078516666061  -0.309352095061  -0.567185572805
  24  Si  3.038740392069  1.837374086722  2.553650268886  0.152859052190  -0.558097910762  0.362184431418
  25  Si  6.145430319271  1.863385030581  2.605894694123  -0.062923607942  -0.541702210358  0.064100532904
  26  Si  4.572865240197  4.525258453099  2.557182987341  0.229803038079  0.000816943135  0.200666177598
  27  Si  1.431814834180  6.330805504772  5.027223647570  0.128938638551  0.929591116308  -0.332264593804
  28  Si  -1.672031592157  6.315951628129  4.975914971398  0.260576370806  0.584425049124  -0.257522167268
  29  Si  -0.081236177261  3.638801742913  5.053214766363  -0.147148844598  0.296119440427  -0.630225581030
  30  Si  2.983474595837  1.904471680737  7.643123045101  -0.169347793931  -0.055153240631  -0.204360601390
  31  Si  6.077357624853  1.938802647965  7.672408891123  0.105014498973  -0.593885132076  0.629042176413
  32  Si  4.522522010797  4.610194708016  7.622196135333  -0.565543255448  -0.094170333927  0.269861083692
  33  Si  1.358998255536  6.393128399656  10.112370311929  -0.425312381936  1.249413373746  -0.153437665619
  34  Si  -1.730582408472  6.381702353184  10.044320046108  -0.409388273635  0.810826938859  0.302841908131
  35  Si  -0.155473023596  3.709543918063  10.120102256786  -0.579445495597  0.646783898872  0.171975517659
  36  C  -0.079604653234  1.827197171696  4.423473044897  1.007024583809  0.868725990763  0.331217855856
  37  C  2.988308893372  7.234055414746  4.408982893023  -0.213617881369  0.803758737820  0.731766555917
  38  C  -3.223467664801  7.192865482058  4.312115377182  0.929554213461  1.460021316136  1.347435372377
  39  C  4.516163978576  6.391189462220  6.959629938694  -1.417448956480  -0.568556126954  -0.549948917696
  40  C  1.439108576256  1.002811734985  7.001353020583  0.346491301182  -1.021743970977  -0.407060643963
  41  C  7.648967552856  1.040931859801  7.073712902308  -1.588900335961  -1.792457020623  -1.257601208657
  42  C  -0.149914362612  1.918592723321  9.524882741258  0.689555859708  0.070139425515  0.096664250822
  43  C  2.901218411685  7.294122547734  9.487161749583  0.078964475503  0.848995006185  0.899350321685
  44  C  -3.282935324332  7.267339313661  9.370376141806  0.496662739222  1.111473030688  1.874660702116
  45  C  4.595263443321  6.311139143921  1.899621195086  -1.316945305802  -1.064674994279  -1.478591061125
  46  C  1.510916201623  0.913818881779  1.920881948576  0.620085954353  -0.942909303887  -0.687342949337
  47  C  7.721471125892  0.967249869263  2.010462010746  -1.191801656365  -2.200727170154  -1.569792065489
  48  C  -1.659476434761  4.522889515654  4.382413156205  1.115286150609  0.094010526629  0.374124776139
  49  C  1.460816599593  4.568045075583  4.427094091959  -0.210474869882  -0.812969706017  -0.340681960775
  50  C  -0.113526020999  7.227362788605  4.357629200492  -0.047516617701  0.691589240189  1.175308848527
  51  C  6.072697264827  3.707377737458  7.036644188160  -1.293991396790  -0.716190811533  -1.121198554617
  52  C  2.981656931296  3.699081271813  6.987372833464  -0.150646500393  -0.133406106738  0.100201832446
  53  C  4.556944970572  1.024949168037  7.044873405320  -0.178224125298  -1.098861469075  -0.230979586849
  54  C  -1.727523372524  4.578048657995  9.451545257215  1.106496780386  0.568978788823  0.212646107114
  55  C  1.395412542670  4.623661387711  9.513078304550  -0.314122222432  -0.627082088072  -0.178440949527
  56  C  -0.190664326915  7.295927238265  9.446370152482  0.105939395608  0.672663719423  0.656198471034
  57  C  6.154117631425  3.644238042048  1.952036961306  -1.587013672195  -1.436907739745  -1.265714200089
  58  C  3.049426353937  3.610236092314  1.915030821917  0.232995058638  -0.078821139575  -0.374276542890
  59  C  4.605726565119  0.953016306470  1.962290342976  0.644701747043  -1.288052786966  -0.616602013557
  60  C  3.002257989976  1.876192601088  4.481879995858  0.516297584768  -0.456650427795  -0.345091673086
  61  C  6.132024151790  1.901328100905  4.521551669354  -0.420705873008  -0.674954705099  -0.094896105953
  62  C  4.559657177758  4.568090372169  4.470345257007  -0.316164894609  -0.529857547639  -0.078502893646
  63  C  1.400937169884  6.367848273947  6.917110700310  0.194485776503  0.139308698492  0.534295241900
  64  C  -1.696086284537  6.335570335404  6.899899844321  0.384671188170  0.647357063395  -0.395157279310
  65  C  -0.132695105615  3.668878964839  6.948176694051  0.201601023160  -0.041179750804  0.208163162617
  66  C  2.959103482517  1.946063653419  9.545104728613  -0.272630348979  -0.595714130140  0.028423449071
  67  C  6.065778006133  1.966840276797  9.606856488168  -0.578178559193  -0.638082252686  -0.328777320789
  68  C  4.484522763800  4.617482273802  9.543693956043  -0.264423251011  -0.074612182890  -0.120155485357
  69  C  1.484152218172  6.309995572463  1.845873589121  0.455413477452  -0.303377096012  -0.121224652072
  70  C  -1.628421894315  6.273408327848  1.817403101689  0.834407197778  0.186912762997  -0.538438981722
  71  C  -0.062814390374  3.601108235344  1.864660375937  0.721683429579  -0.114710477344  -0.039245165250


MDSTEP:  4
LATTICE_CONSTANT: 1.889726125458
LATTICE_VECTORS
  9.237903448484  0.000000000000  0.000000000000
  -4.725092950563  8.149886677465  0.000000000000
  -0.291835614834  0.267605888540  10.170551974681
VIRIAL (KBAR)
  45.370884808015  38.814302178324  45.045807828283
  38.814302178324  -47.040466714713  -32.876267366125
  45.045807828283  -32.876267366125  0.543052828181
INDEX    LABEL    POSITIONS    FORCE (eV/Angstrom)
  0  Si  -0.042416830963  1.824616344492  2.513484053468  1.360352030779  0.419777156418  0.918992981511
  1  Si  3.024535624194  7.208351709367  2.475914416198  -0.042715977469  0.872059586242  1.236130349518
  2  Si  -3.177542938003  7.176377714236  2.393869463361  1.364295813323  1.681856515456  1.980237156370
  3  Si  4.542393231329  6.364342008792  5.070335867630  -0.871910887085  -0.076378735558  -0.979717298060
  4  Si  1.468761973072  0.974417570952  5.089001864989  0.134398057585  -1.088689808113  -0.641623901132
  5  Si  7.678362987593  1.032056042610  5.171294949806  -0.766128621635  -1.992199295047  -1.303075356175
  6  Si  -0.125250280718  1.885865879027  7.604301405456  1.538948973076  0.573184135003  1.131513491065
  7  Si  2.947285795844  7.294993295231  7.573685527864  -0.333025029729  0.421939099920  0.539632334098
  8  Si  -3.231140186582  7.226185288108  7.488950990240  0.623558637780  2.277300207144  1.303513724708
  9  Si  4.470803390315  6.412111120308  10.142996777075  -1.071716199601  0.465743866930  -0.515460011440
  10  Si  1.689828498123  0.759876657405  0.001771398529  -0.081165750385  -0.312224562732  -0.815672005423
  11  Si  7.886643747657  0.804526753727  0.098606516734  -0.923914358112  -0.939993578162  -1.173000172627
  12  Si  -1.627821737787  4.499595644149  2.456110807849  1.669937546768  0.911858589492  1.427836079627
  13  Si  1.479362954622  4.521531839453  2.502868440638  -0.054553026124  -0.037958089408  0.283390734281
  14  Si  -0.076679806102  7.186520524728  2.453592509487  -0.376197105567  1.022694355921  0.647878569828
  15  Si  6.104281208020  3.673199333935  5.132981226135  -0.788055540954  0.010719229543  -0.751088629804
  16  Si  2.992068624428  3.664125427420  5.062259248916  0.288106149174  0.335234328499  0.285186216685
  17  Si  4.570879740214  0.990204568725  5.166371742977  0.068220586112  -0.790170551820  -1.706002041942
  18  Si  -1.687632208868  4.575957942351  7.520224710516  1.303222891124  0.496524911355  1.549697440972
  19  Si  1.395288112524  4.563327012754  7.607474589198  0.451064303078  0.545582811426  -0.326271231608
  20  Si  -0.155513974601  7.261876899350  7.526841489088  0.025191392185  0.881346283550  0.757426416423
  21  Si  6.323430490740  3.489788840279  0.026536356590  -1.005238897830  -0.232141554414  -0.096009447633
  22  Si  2.932207537425  3.714731839225  10.154933427958  -0.307080670207  0.879869654706  0.306500537698
  23  Si  4.779307136997  0.778831788885  0.041800572724  0.031047301375  -0.282720513647  -0.599553382948
  24  Si  3.038437919115  1.838347657216  2.555576944559  0.238273690917  -0.580615475935  0.223122091624
  25  Si  6.145077190518  1.863540462414  2.601814330769  0.034737390374  -0.570785267874  0.041313169582
  26  Si  4.571023853966  4.522698714054  2.558857244735  0.273989299991  0.106888389192  0.073069949078
  27  Si  1.431395038625  6.328936178118  5.028380392122  0.111540626918  1.078980503163  -0.321839363014
  28  Si  -1.674273588346  6.314901526127  4.975945645079  0.290349937078  0.729191374097  -0.191074638934
  29  Si  -0.081897645459  3.637604410504  5.049266320462  -0.148075452161  0.370099939134  -0.491738779104
  30  Si  2.980048546627  1.907020930944  7.646199319605  -0.164624298301  -0.164122790662  -0.306956286100
  31  Si  6.081433714838  1.938775122888  7.670834134636  -0.011646363853  -0.625192849580  0.683536510503
  32  Si  4.519672279781  4.608993851848  7.621782356951  -0.605311059306  0.025573674467  0.291969076551
  33  Si  1.361789184488  6.395077675663  10.114693460417  -0.455447257380  1.202706689007  -0.158082985866
  34  Si  -1.731666977152  6.378995072901  10.043814357844  -0.386021131038  0.820380889329  0.319576929532
  35  Si  -0.158964660628  3.710599663578  10.124044035734  -0.444842749885  0.595868958655  0.084635279733
  36  C  -0.083756331020  1.832580473950  4.419414372125  1.067771357230  0.767171883676  0.397945137446
  37  C  2.991978727664  7.232329562543  4.408246478452  -0.340035377609  0.842813195915  0.709841067295
  38  C  -3.223283440091  7.194448895581  4.316308065573  0.911196761885  1.482427127935  1.211363277373
  39  C  4.520992330838  6.396556431594  6.953964689258  -1.526513103801  -0.710858184030  -0.435618729401
  40  C  1.433299957334  0.996317402180  7.006076995430  0.491310917184  -0.888799505807  -0.475462830695
  41  C  7.652762938720  1.033648854311  7.071676225552  -1.697810581494  -1.624082554515  -1.212308654794
  42  C  -0.153374460924  1.915092715355  9.528494451263  0.738124062780  0.160350451485  0.005276975189
  43  C  2.902840631834  7.289392051983  9.487395321116  0.067044523889  0.938401462584  0.830222986754
  44  C  -3.283691839327  7.267723577940  9.373174722963  0.537170062788  1.092061148843  1.817955118208
  45  C  4.598464985530  6.311087790746  1.894653388563  -1.464679138391  -1.079245304995  -1.387119995254
  46  C  1.515263664785  0.915252019222  1.914887902339  0.561491776028  -0.946149582153  -0.576753080681
  47  C  7.726385647250  0.965166724027  2.007734872500  -1.260955912646  -2.124596691152  -1.552021997985
  48  C  -1.660380164193  4.528434560508  4.388005451745  1.135736062934  -0.028013210572  0.269522728426
  49  C  1.455610856741  4.572481232577  4.431588569263  -0.107735776786  -0.954973451509  -0.489776137478
  50  C  -0.117477026285  7.233267914381  4.364015229489  0.007664001526  0.607353022770  1.032838253476
  51  C  6.066448623401  3.710876440944  7.041689607684  -1.137754625459  -0.808607044960  -1.217974875375
  52  C  2.981647614259  3.692686803515  6.983495758036  -0.136038208352  -0.005990488165  0.141280793263
  53  C  4.554100255709  1.025685233138  7.041665093115  -0.114822244136  -1.049951757277  -0.109466143563
  54  C  -1.723477641410  4.572621720232  9.454532026009  1.012392092194  0.675775573754  0.109268837655
  55  C  1.393262429018  4.627880402921  9.510207514916  -0.255075048895  -0.736934461618  -0.065442391039
  56  C  -0.189909741968  7.298692388999  9.452707721719  0.081393140084  0.648439782415  0.582579440788
  57  C  6.154417659514  3.644833159473  1.950168055636  -1.562329450015  -1.452614089923  -1.222375552018
  58  C  3.043374992373  3.616469827110  1.913000236792  0.333960788383  -0.249254908906  -0.311676822088
  59  C  4.611644992332  0.946894686306  1.958807014156  0.474770422219  -1.160505444575  -0.560313697716
  60  C  3.006494115400  1.873173321150  4.477617036918  0.385821621330  -0.323069936749  -0.251200135989
  61  C  6.134602166728  1.899271590353  4.515216415796  -0.515340399670  -0.600632003006  0.038962362047
  62  C  4.561917954419  4.572609421053  4.464083173465  -0.332346358222  -0.654845793282  0.061902703122
  63  C  1.405997891108  6.363856019492  6.919306974074  0.061305522489  0.227807701889  0.507982220185
  64  C  -1.700242853974  6.341490377448  6.901812782799  0.532914540935  0.524694039156  -0.388045097369
  65  C  -0.127835484651  3.666000819811  6.948949735758  0.061428078875  0.028055515157  0.165315432670
  66  C  2.954507399801  1.949756833288  9.541610875668  -0.200800417025  -0.701051399175  0.125154108640
  67  C  6.060399611029  1.965727006512  9.611172392637  -0.470309732260  -0.656792078558  -0.458960547263
  68  C  4.484891565957  4.616930418378  9.548127196958  -0.253964239192  -0.074827517343  -0.237199819935
  69  C  1.489716647880  6.308313178621  1.851566356724  0.299158845450  -0.249350867989  -0.243279873208
  70  C  -1.631888327440  6.269593863823  1.813760965247  0.894587203444  0.249432303044  -0.467714707372
  71  C  -0.064009816170  3.606314749624  1.866252234534  0.751704581288  -0.195825008062  -0.052693860891


MDSTEP:  5
LATTICE_CONSTANT: 1.889726125458
LATTICE_VECTORS
  9.237903448484  0.000000000000  0.000000000000
  -4.725092950563  8.149886677465  0.000000000000
  -0.291835614834  0.267605888540  10.170551974681
VIRIAL (KBAR)
  45.950417940111  39.334035550021  44.949871012581
  39.334035550021  -48.250260632833  -33.228592810440
  44.949871012581  -33.228592810440  1.486687964525
INDEX    LABEL    POSITIONS    FORCE (eV/Angstrom)
  0  Si  -0.043206776324  1.825853303696  2.513964317564  1.356431791885  0.396773789689  0.831120315963
  1  Si  3.023374178351  7.208668668511  2.478175524654  -0.086973985381  0.825796652972  1.189176300593
  2  Si  -3.181634818765  7.178375393066  2.395680160295  1.466370622903  1.596115207061  1.965210266268
  3  Si  4.543926352818  6.364506122968  5.073740022704  -1.038959784524  -0.090197201021  -1.095183930907
  4  Si  1.466361480166  0.975702388200  5.090900632756  0.133551280296  -1.059554582867  -0.675904060820
  5  Si  7.677762880915  1.034098798198  5.167787888915  -0.801695409053  -2.010783883499  -1.320419607139
  6  Si  -0.126375707943  1.884492295233  7.605994966525  1.616437802186  0.677006179800  1.082478227138
  7  Si  2.944162579557  7.292711576807  7.569372573823  -0.354562858396  0.546438207908  0.573026639747
  8  Si  -3.234350038650  7.226188601146  7.486676369606  0.728216667099  2.283316660961  1.360874145611
  9  Si  4.469349769477  6.414899859091  10.139315663416  -1.095996268995  0.340749091815  -0.480497421522
  10  Si  1.685194273999  0.756409966464  0.003810763979  -0.000242446243  -0.226758656933  -0.906148609326
  11  Si  7.886615416332  0.804428493786  0.095809618312  -1.018325106581  -0.979454208871  -1.051523130714
  12  Si  -1.629853389342  4.500303872310  2.460358171448  1.816388996716  0.856182129408  1.330943044738
  13  Si  1.482600121129  4.519015554572  2.502182116836  -0.159132759368  -0.120860763308  0.215951767157
  14  Si  -0.074543275481  7.186652829313  2.449959367924  -0.388614027796  0.948480649940  0.675358557548
  15  Si  6.103664571491  3.677377942157  5.136325513640  -0.807311577076  -0.131902264535  -0.841148799905
  16  Si  2.993493177606  3.662030522770  5.059658175960  0.143160783214  0.433944726382  0.303318760438
  17  Si  4.568802714796  0.989445098068  5.165390798506  0.021710400047  -0.800616818750  -1.706160788357
  18  Si  -1.689052425666  4.576947308678  7.524314075689  1.330070591562  0.505776063606  1.548348438945
  19  Si  1.395583569977  4.567978667331  7.608817334000  0.416679854878  0.492303234885  -0.398415126613
  20  Si  -0.154137983194  7.266768434907  7.529927978418  -0.038060586241  0.854482516700  0.752303054145
  21  Si  6.322041197762  3.489856046851  0.024823452431  -0.889973003981  -0.283887056412  -0.039992410830
  22  Si  2.933395047587  3.717306590384  10.158484636855  -0.316265599075  0.790155973906  0.227100603537
  23  Si  4.779636774303  0.779532173211  0.037806394575  0.052301024959  -0.320154803305  -0.515248736632
  24  Si  3.042785936781  1.836480602435  2.556377225266  0.155500813972  -0.620738136713  0.167385040041
  25  Si  6.140768695155  1.866061752786  2.601996206967  0.160078966073  -0.582553646687  0.014284970937
  26  Si  4.575130745102  4.522047522242  2.561570827612  0.201505840357  0.077982341138  -0.077252971065
  27  Si  1.428016202853  6.331249353690  5.025739425045  0.130914324780  0.922435311508  -0.230916327442
  28  Si  -1.673254976592  6.310495726927  4.978899258627  0.300850781992  0.888069583741  -0.262835702010
  29  Si  -0.082203552908  3.637946612178  5.051849992551  -0.183967897800  0.384566329470  -0.571278645601
  30  Si  2.976460918043  1.903816068620  7.648704354451  -0.017255007330  0.018225235620  -0.304034474511
  31  Si  6.085455789171  1.939098785512  7.669095538528  -0.098479019629  -0.617861951959  0.718122351341
  32  Si  4.517079611646  4.606103220208  7.617450843057  -0.682705247281  0.116185599263  0.428084196647
  33  Si  1.357963042913  6.397641286152  10.115735714762  -0.385517027545  0.991076994458  -0.246455595023
  34  Si  -1.734526600585  6.380962625583  10.048083995236  -0.282182328621  0.744204417326  0.338388526445
  35  Si  -0.156389994135  3.712900526717  10.126219471441  -0.531440269937  0.444084129297  0.015697353786
  36  C  -0.085705621114  1.835303976870  4.414730045937  1.074150695777  0.735168918153  0.514334986935
  37  C  2.985775432551  7.237122684549  4.414017218859  -0.195003927687  0.761351038423  0.627619027083
  38  C  -3.225116781283  7.193926726081  4.322595694199  0.956330087608  1.516575154735  1.116740394992
  39  C  4.514583460359  6.401116562136  6.952023965110  -1.408141273124  -0.816652065940  -0.357035622512
  40  C  1.439955315104  1.002569251647  7.006523964984  0.281194116384  -1.018484711615  -0.471908829994
  41  C  7.654417396204  1.038232314609  7.065120472093  -1.727611180320  -1.706485900097  -1.171547387094
  42  C  -0.160015011404  1.910228888052  9.525717343531  0.879326580732  0.270279386710  0.036651258420
  43  C  2.896118289664  7.286775957929  9.481335031459  0.190130093918  0.953743559469  0.883611214513
  44  C  -3.281125556637  7.268295110037  9.377719748599  0.459883665318  1.106229118628  1.668608862546
  45  C  4.598549993708  6.306851646361  1.892594900190  -1.497487936181  -0.981424668848  -1.337612133694
  46  C  1.513024228817  0.915549922145  1.908353446543  0.613684112172  -0.957225192258  -0.405887845090
  47  C  7.724912396377  0.965821998734  2.011767229157  -1.259890023797  -2.155365222168  -1.637962166256
  48  C  -1.661961784103  4.535442893161  4.384553885341  1.107407827072  -0.249106253670  0.396353255808
  49  C  1.451110709050  4.566328150755  4.425424051406  -0.001657441029  -0.771368074315  -0.359991566447
  50  C  -0.116241091659  7.227396375795  4.358805498452  -0.079964997198  0.693096796624  1.092477078006
  51  C  6.060359177908  3.714119941670  7.047794048878  -0.967387772854  -0.827626595675  -1.343101434498
  52  C  2.978015127228  3.696575730288  6.978465292102  -0.105054618597  -0.091494768636  0.212171458403
  53  C  4.554937634084  1.029193507817  7.040297450670  -0.130359847816  -1.075822503476  -0.076039055484
  54  C  -1.721227808118  4.572416885191  9.460268535534  0.965803167947  0.713564331962  0.009175110303
  55  C  1.390344576239  4.620568153991  9.505200329720  -0.154772658542  -0.529330497592  0.075253709664
  56  C  -0.186267342778  7.297036704200  9.456513218340  -0.079728437076  0.712692930820  0.519671424132
  57  C  6.157902667654  3.648263536139  1.947651428270  -1.681920294230  -1.551883465389  -1.174976629045
  58  C  3.046428242614  3.611138736779  1.911011847073  0.348117970805  -0.151083196781  -0.246034757107
  59  C  4.618377449222  0.943652148177  1.958467117231  0.332783843156  -1.129757616603  -0.587984458723
  60  C  3.000149872754  1.879067448460  4.478400192676  0.491194713885  -0.520510330630  -0.298248984678
  61  C  6.128728765578  1.892533101966  4.512891552728  -0.446255982347  -0.356896720460  0.116709336459
  62  C  4.556040233898  4.569538345024  4.458436308288  -0.201236440269  -0.548977498289  0.224389322049
  63  C  1.402526605441  6.369657770700  6.925604325773  0.079721419701  0.143438899602  0.306728756848
  64  C  -1.697380830889  6.341733021657  6.899408489362  0.447415198790  0.547737831291  -0.281302064300
  65  C  -0.126937646297  3.670365730748  6.947503866113  0.009030583159  -0.047671236022  0.231513004558
  66  C  2.957474142466  1.949878893508  9.545190332104  -0.325970370938  -0.713384322882  0.078542752736
  67  C  6.059253191890  1.963390490254  9.611645728508  -0.429509545442  -0.607216675951  -0.508034102876
  68  C  4.489618423919  4.610612206387  9.550881982071  -0.389837119696  0.118274472413  -0.357638202837
  69  C  1.485915647034  6.300971671801  1.844771792910  0.433001475955  -0.127543491729  -0.089355261109
  70  C  -1.627866639856  6.263233026440  1.820173932280  0.751907209251  0.459968926613  -0.537406575387
  71  C  -0.066352129807  3.601370978584  1.859508425380  0.808196773445  -0.085837408417  0.117759901066


MDSTEP:  6
LATTICE_CONSTANT: 1.889726125458
LATTICE_VECTORS
  9.237903448484  0.000000000000  0.000000000000
  -4.725092950563  8.149886677465  0.000000000000
  -0.291835614834  0.267605888540  10.170551974681
VIRIAL (KBAR)
  45.217382803197  39.393342218218  45.306871821743
  39.393342218218  -47.908928188828  -33.398682027340
  45.306871821743  -33.398682027340  1.510204024917
INDEX    LABEL    POSITIONS    FORCE (eV/Angstrom)
  0  Si  -0.041339562219  1.823695381863  2.512790242168  1.274202496930  0.358464808396  0.873148685225
  1  Si  3.025860758266  7.209351731477  2.475952754808  -0.089219717337  0.817729786349  1.123541663836
  2  Si  -3.179590069784  7.175841360149  2.398841400367  1.468655611501  1.536978242660  1.922111973377
  3  Si  4.538345477726  6.367255322855  5.073752379700  -0.924508710885  -0.137873631925  -1.030621220787
  4  Si  1.465285496755  0.975140292933  5.086306912315  0.132554327541  -1.100802549185  -0.590459203646
  5  Si  7.673641817463  1.037899541441  5.166907825546  -0.773873336216  -2.005354268441  -1.289822417467
  6  Si  -0.123808160704  1.887545779233  7.606648378230  1.522910978110  0.691540993013  0.974288652003
  7  Si  2.942942190068  7.298036061425  7.569918396752  -0.359411507461  0.442437125866  0.567304642419
  8  Si  -3.234737835887  7.229258451168  7.487980971192  0.689888712688  2.121236684100  1.295914044960
  9  Si  4.468012148316  6.409918290428  10.141763050314  -1.042764669753  0.537946875657  -0.588613585086
  10  Si  1.392783854472  1.025487663689  10.169122534456  -0.098091867799  -0.236094066396  -0.752373020443
  11  Si  7.889478375029  0.802911048145  0.096165961290  -1.090146007308  -0.989443319986  -1.120938752872
  12  Si  -1.633895007891  4.495710908459  2.463697757646  1.941654325618  0.861475485549  1.297600916527
  13  Si  1.485613042353  4.514110114424  2.502671710300  -0.204585528646  0.026551802547  0.129591459404
  14  Si  -0.076467714895  7.186240021309  2.445161573736  -0.272484124905  0.962418002682  0.799668331326
  15  Si  6.102481901646  3.677995455788  5.140745397456  -0.660855775998  -0.193093902003  -0.978465852717
  16  Si  2.997457730530  3.659607528622  5.062045011438  0.090326263191  0.511587939884  0.329618407614
  17  Si  4.567759945626  0.990746520700  5.166976912626  -0.002742183212  -0.846928639507  -1.774939575779
  18  Si  -1.684049622663  4.572812437514  7.524056562969  1.256160752275  0.589250159904  1.578777543023
  19  Si  1.395862529667  4.568125200387  7.608039511310  0.478611317563  0.529788116524  -0.399337272943
  20  Si  -0.156649915278  7.271711799676  7.525848065398  0.124183797964  0.775869610970  0.814357250894
  21  Si  6.319554821582  3.492374001956  0.024537519057  -0.919567452493  -0.458826485232  0.021223994580
  22  Si  2.937070485304  3.720775023425  10.158650487086  -0.376025811798  0.740171812619  0.170110539221
  23  Si  4.781074049011  0.780439625451  0.038100421370  0.024452002971  -0.328185153780  -0.484667635964
  24  Si  3.039426941907  1.840740985378  2.561414240507  0.217857065509  -0.802292163959  0.074118782161
  25  Si  6.137628588731  1.864182806328  2.602396325974  0.323386346458  -0.592861225405  -0.016865711087
  26  Si  4.571466601537  4.519063744129  2.564614551749  0.308253832573  0.143115085545  -0.160489343433
  27  Si  1.431857566325  6.332752584785  5.025059703490  0.010387323230  0.892483620765  -0.247923489121
  28  Si  -1.672430098333  6.311285885241  4.979147069523  0.429070571189  0.777344860576  -0.192172807462
  29  Si  -0.077087548962  3.633452476379  5.046722114930  -0.192962645731  0.536510971027  -0.503304561372
  30  Si  2.975746120068  1.901944348278  7.653565224883  -0.026012931102  0.042165593182  -0.392666569307
  31  Si  6.085621849643  1.940075038180  7.671675924453  -0.114580279225  -0.662679070220  0.683157219056
  32  Si  4.522019896115  4.605868615392  7.617881436866  -0.807130807087  0.061725635449  0.409573163888
  33  Si  1.357846128605  6.393879427300  10.111704885400  -0.338345644495  1.078156142008  -0.217744368286
  34  Si  -1.739384102862  6.378950664991  10.043480595892  -0.107404552256  0.836387496590  0.453522098409
  35  Si  -0.161600745145  3.712837486917  10.125073528094  -0.455241874829  0.519542731469  0.110198751371
  36  C  -0.083903606357  1.837879603490  4.416802673703  0.991444314996  0.600359237302  0.435845696543
  37  C  2.983229194460  7.237500958170  4.409971316789  -0.103655450641  0.803175261317  0.654653334522
  38  C  -3.219632627317  7.187991386147  4.327708038482  0.781628982168  1.591425224163  1.037561819519
  39  C  4.510661631536  6.393203061516  6.956901819720  -1.261472810115  -0.592655728969  -0.451584177707
  40  C  1.437873002797  1.001433254313  7.000414242363  0.318829925613  -1.004091362673  -0.358089917180
  41  C  7.650290473394  1.044872904449  7.068289735300  -1.592236656893  -1.747777440551  -1.269937203062
  42  C  -0.166502839423  1.918346868939  9.521413782183  1.014834143801  0.124179999940  0.088732812167
  43  C  2.897533976818  7.287443117217  9.479462380073  0.194075345164  0.927309308842  0.917542635530
  44  C  -3.277503811721  7.269828793503  9.381033764326  0.306949569621  1.128660263162  1.591974412493
  45  C  4.601405952339  6.307043109544  1.885140708415  -1.527693041320  -1.059902715001  -1.144446504476
  46  C  1.507791952399  0.908676367049  1.911656375238  0.778215105182  -0.860439706660  -0.475971299008
  47  C  7.727858122162  0.963619978375  2.005823498698  -1.310795107486  -2.086718481338  -1.514298743655
  48  C  -1.653640864084  4.531464512180  4.381114318989  0.938122707390  -0.215525398591  0.554617575149
  49  C  1.454732367761  4.567163173924  4.422143029151  0.039118454175  -0.800924443773  -0.308706979654
  50  C  -0.115541273487  7.235123216251  4.364397013396  -0.091591686870  0.586649629073  0.962699344873
  51  C  6.062639087502  3.709862454333  7.051416868715  -0.945225926142  -0.719135152894  -1.393336638892
  52  C  2.977074531811  3.693738985000  6.983214738124  -0.028832979574  -0.067774812340  0.158129348588
  53  C  4.557667306679  1.034852598502  7.036692785636  -0.213057796568  -1.123168332277  0.023480039772
  54  C  -1.728223641941  4.574742121032  9.465400964587  1.096001186456  0.659763764405  -0.123099277958
  55  C  1.392445784957  4.617930265522  9.503342089594  -0.238752703695  -0.515550244603  0.115587814484
  56  C  -0.182461929094  7.297694888387  9.456930972682  -0.210233018127  0.686688350316  0.469679934873
  57  C  6.156026410719  3.643036774662  1.954260859218  -1.733243497208  -1.490263325625  -1.318811816320
  58  C  3.049578386505  3.606444980165  1.906565632332  0.276751139397  -0.049009864362  -0.164641203943
  59  C  4.625780914709  0.949818804786  1.963224480071  0.065803437528  -1.246776890629  -0.709730356764
  60  C  2.996665153019  1.878463973086  4.482536773374  0.545483156555  -0.486586734925  -0.368251357886
  61  C  6.121181305351  1.887094478482  4.505745224263  -0.326437693357  -0.189725267025  0.291229809849
  62  C  4.561414942275  4.571112816831  4.456636832549  -0.322327731714  -0.564430740553  0.317612240691
  63  C  1.404682416994  6.366599257871  6.922370701282  0.052219228444  0.266282806273  0.374032337980
  64  C  -1.690449631038  6.339251213970  6.905478119180  0.244263020235  0.594798352873  -0.378135301301
  65  C  -0.123257144895  3.677654764761  6.943749171218  -0.005634194092  -0.231205630471  0.248939246723
  66  C  2.950943243671  1.952479015940  9.549422027233  -0.166248970402  -0.753648296136  0.032489783757
  67  C  6.060663017225  1.957527140531  9.603402500616  -0.468043828998  -0.435916217165  -0.320871332564
  68  C  4.490589817291  4.616225746677  9.546210777412  -0.382938438630  -0.032209016405  -0.261930676995
  69  C  1.491323058983  6.305500283012  1.839366701697  0.337753848032  -0.289762270632  -0.001385362011
  70  C  -1.624996952951  6.256330691170  1.822247172018  0.678628847647  0.541611916852  -0.590913065875
  71  C  -0.067084658240  3.594864813024  1.864979638935  0.831698822649  0.015848851788  -0.007089703784


MDSTEP:  7
LATTICE_CONSTANT: 1.889726125458
LATTICE_VECTORS
  9.237903448484  0.000000000000  0.000000000000
  -4.725092950563  8.149886677465  0.000000000000
  -0.291835614834  0.267605888540  10.170551974681
VIRIAL (KBAR)
  44.704227384021  40.896227969658  46.071867331160
  40.896227969658  -46.667742283430  -33.402000686264
  46.071867331160  -33.402000686264  1.853210077885
INDEX    LABEL    POSITIONS    FORCE (eV/Angstrom)
  0  Si  -0.041328070758  1.828893614865  2.512640245469  1.241584774742  0.154268689302  0.943046368097
  1  Si  3.029710211957  7.210481212949  2.479344390018  -0.257076916034  0.750572647104  1.014873515478
  2  Si  -3.183401941914  7.176183496571  2.394708588628  1.492151990735  1.611522168213  1.983600545487
  3  Si  4.532480212286  6.363922367017  5.068109059532  -0.612576523618  0.100723846868  -0.847572172109
  4  Si  1.462692539719  0.972726676395  5.088792714656  0.332306403273  -1.061121057605  -0.657600053182
  5  Si  7.667990706580  1.042142485851  5.171040131815  -0.586107406674  -2.082767353442  -1.351913508288
  6  Si  -0.128535922979  1.887913546817  7.609773607928  1.713234120059  0.681632911550  0.886252325941
  7  Si  2.940161101982  7.296206333868  7.570486570627  -0.150212314362  0.423037605681  0.571372820302
  8  Si  -3.235241562936  7.235336756474  7.489335104391  0.801380362254  2.051410863999  1.218939033807
  9  Si  4.462981034140  6.408751180038  10.143600087945  -0.913468910692  0.526670396454  -0.640913025145
  10  Si  1.397625165912  1.029345329999  10.170261442712  -0.306442262987  -0.320090199174  -0.735539911055
  11  Si  7.887811950769  0.804673054588  0.092309848765  -1.054348474922  -1.089877013096  -0.995262050024
  12  Si  -1.637231173564  4.499509321919  2.466203593227  2.174312130791  0.782040924021  1.314293630676
  13  Si  1.482463347460  4.517790992802  2.507207643363  -0.198242358073  0.035370671725  -0.007406156159
  14  Si  -0.079213035564  7.181886964576  2.442175317373  -0.222723662578  1.005292710204  0.929078593125
  15  Si  6.096574856274  3.673577130951  5.136363192670  -0.533618603978  -0.018658625727  -0.745150285903
  16  Si  3.002101126599  3.655897294800  5.063959339657  -0.069981184370  0.663710905304  0.210449530621
  17  Si  4.569444930109  0.989628912641  5.171903453748  -0.010868841264  -0.832605426014  -1.948107775268
  18  Si  -1.687275821274  4.577164441991  7.529767871009  1.469173355981  0.728438759814  1.477819448836
  19  Si  1.398995085211  4.573500855282  7.606002369179  0.358178826735  0.416590510155  -0.349988208335
  20  Si  -0.157316821786  7.276330052158  7.522449706812  0.147699799232  0.679874885773  0.879407314228
  21  Si  6.314209767464  3.489559216719  0.028685562366  -0.851566082138  -0.357074931139  -0.074971714637
  22  Si  2.934158100016  3.720085888733  10.160635182202  -0.304880042967  0.840236832544  0.191279892003
  23  Si  4.786076248782  0.782021003216  0.037814972141  -0.127759843888  -0.379674174308  -0.490737474802
  24  Si  3.043270044058  1.845224729149  2.562354021689  0.198766630056  -0.865450068857  0.136349157581
  25  Si  6.132530011275  1.868775443021  2.604669815394  0.503714744950  -0.697548034339  -0.022683432308
  26  Si  4.568033723502  4.522804634527  2.568669664868  0.367139036024  0.109416782315  -0.162219964827
  27  Si  1.435840399447  6.332719891575  5.022541177136  -0.119884193025  0.947415241771  -0.113895826896
  28  Si  -1.668484064632  6.313272840888  4.975080311688  0.338430339209  0.706057991521  -0.169340207978
  29  Si  -0.073903243411  3.632607870465  5.042025162602  -0.333615339291  0.528594834338  -0.309566778738
  30  Si  2.971370876163  1.905937295515  7.658974940199  0.119980154707  -0.107814663286  -0.626082783581
  31  Si  6.083255003540  1.944513652393  7.669081125772  0.021353387919  -0.789318056886  0.594764500569
  32  Si  4.517838924370  4.602055940541  7.619966184102  -0.697835914439  0.179753076617  0.258750805445
  33  Si  1.361469414492  6.389692790052  10.109551290625  -0.428652269265  1.246466562798  -0.176831148934
  34  Si  -1.741517374448  6.384166180404  10.040600028256  -0.182889005054  0.651560456194  0.534794091540
  35  Si  -0.157222243750  3.718451428898  10.121154371535  -0.581185156489  0.353528534008  0.173631477387
  36  C  -0.081429354489  1.832520133033  4.425489153876  0.913594489634  0.683820313211  0.244929186766
  37  C  2.982366865757  7.229647239099  4.409572693496  -0.099747493101  0.937489880618  0.606390888197
  38  C  -3.214762710839  7.195321542936  4.321504949824  0.585085760624  1.435618337657  1.146424791903
  39  C  4.516514646528  6.395007322526  6.956671150930  -1.433332104245  -0.678193651554  -0.509581656874
  40  C  1.446819615016  1.004972335341  6.997600277738  0.075017676462  -1.010617814020  -0.231555413835
  41  C  7.657438381292  1.035513497245  7.063136642048  -1.841819983719  -1.592070208319  -1.116917852156
  42  C  -0.170329381041  1.913263964331  9.520231603579  1.126499306349  0.281103105047  0.125852109954
  43  C  2.904762854986  7.279981602247  9.480719670353  -0.011948231880  1.059277659770  0.858670270543
  44  C  -3.282105053728  7.268065404756  9.381626679268  0.358786949364  1.187570294019  1.622289763120
  45  C  4.599429913706  6.301714102563  1.883104984207  -1.507773664293  -0.949474761283  -1.088378567245
  46  C  1.510359461728  0.913927437727  1.913057928845  0.774738806882  -0.893707435573  -0.517967107638
  47  C  7.728341846054  0.958364878527  2.006634070735  -1.297901188358  -1.908567341499  -1.493991290258
  48  C  -1.661017109271  4.523212553475  4.380896589717  1.084859771219  -0.032511359619  0.555522305574
  49  C  1.448339406306  4.574049355469  4.414770100403  0.215583019607  -0.969920926224  -0.108687348868
  50  C  -0.113165113038  7.243072509858  4.371133119986  -0.055961069541  0.478074018737  0.799020471644
  51  C  6.070545239133  3.716447734533  7.057046979734  -1.282831837080  -0.904155059250  -1.584590472506
  52  C  2.972841855119  3.687463712173  6.976166463685  0.066213821584  0.082611272468  0.315159686025
  53  C  4.560775212715  1.026060466060  7.030071947241  -0.275562002338  -0.843598209666  0.297181732975
  54  C  -1.732285967872  4.571276444455  9.464734358297  1.131996490753  0.773987113143  0.003638344775
  55  C  1.395367341737  4.621513649210  9.507131673313  -0.248747075957  -0.616695509867  -0.033604453932
  56  C  -0.189375874344  7.295444372383  9.458205239241  -0.016381775068  0.749796695048  0.402512524198
  57  C  6.158414954994  3.649316222796  1.959261623875  -1.975636183769  -1.664586303482  -1.431951933550
  58  C  3.046866563486  3.614494381971  1.913156755419  0.355617393198  -0.185409163458  -0.262569728764
  59  C  4.630978408390  0.941739615689  1.968165268862  -0.063139552241  -1.053379553184  -0.827311463228
  60  C  3.003865065028  1.882187217291  4.486487878183  0.422928140223  -0.592208368611  -0.440124853296
  61  C  6.124901529785  1.890979622071  4.508647031719  -0.483961971687  -0.285561365503  0.242872355590
  62  C  4.563145826679  4.579229472011  4.462081034597  -0.403427633058  -0.786760797388  0.195113654175
  63  C  1.408280907036  6.369920258101  6.928712373201  -0.006473517784  0.208810379713  0.195692993979
  64  C  -1.684594540673  6.346635391600  6.898477869383  0.100470823508  0.489328066762  -0.235640113148
  65  C  -0.126912548758  3.678746725664  6.949992214251  0.076618343886  -0.181643192576  0.123929089850
  66  C  2.942113517735  1.955148261499  9.543947026770  0.089066444044  -0.756397766600  0.225788171321
  67  C  6.061229856665  1.955490463965  9.596378200011  -0.527268770098  -0.389257299963  -0.207412392187
  68  C  4.488543168231  4.620321262044  9.538580565844  -0.415409900376  -0.212154447939  -0.046712440308
  69  C  1.487836697719  6.305791507024  1.833610174298  0.424288851436  -0.280734060383  0.105764180764
  70  C  -1.631440596606  6.255309455346  1.828873225804  0.770111940618  0.589213369594  -0.751744488095
  71  C  -0.060416385600  3.588661651872  1.867370203414  0.640375174641  0.258714885773  -0.070931518419


MDSTEP:  8
LATTICE_CONSTANT: 1.889726125458
LATTICE_VECTORS
  9.237903448484  0.000000000000  0.000000000000
  -4.725092950563  8.149886677465  0.000000000000
  -0.291835614834  0.267605888540  10.170551974681
VIRIAL (KBAR)
  42.712198822289  40.987922122064  46.031162150028
  40.987922122064  -46.906301475331  -34.403665742427
  46.031162150028  -34.403665742427  3.013387901957
INDEX    LABEL    POSITIONS    FORCE (eV/Angstrom)
  0  Si  -0.040953599908  1.832124090372  2.514529267934  1.150412684367  0.132138099256  0.807198348019
  1  Si  3.027069910338  7.210267975093  2.477293279058  -0.262504401278  0.772881616742  1.008970951677
  2  Si  -3.187341631054  7.174096688399  2.391698689779  1.586802215287  1.681021797840  2.007822776421
  3  Si  4.529256715486  6.364898724272  5.071176514842  -0.515884383149  0.115343015374  -1.084754172895
  4  Si  1.457894632778  0.973336147944  5.088078524625  0.383522957460  -0.945204879830  -0.829065713123
  5  Si  7.665157638768  1.036913357196  5.175051766966  -0.557278169474  -1.901217015076  -1.626333812222
  6  Si  -0.129189081221  1.888561514293  7.611303020135  1.507736488085  0.641999980176  0.794078693119
  7  Si  2.939798098400  7.300272509430  7.566125496369  -0.196421790754  0.254471541004  0.662186971407
  8  Si  -3.233176230714  7.241195955273  7.490322815473  0.586370384831  1.902789488487  1.222836432024
  9  Si  4.463302402054  6.412157347534  10.145726272728  -0.911177656751  0.381505209320  -0.751767336636
  10  Si  1.393690115659  1.026257525324  10.169381597935  -0.040813011883  -0.297442176687  -0.703672292087
  11  Si  7.891335998517  0.804919805882  0.097020679792  -1.194153555409  -1.110793582978  -0.988719486105
  12  Si  -1.641148693951  4.502097849297  2.462916425909  2.305101489026  0.567250638584  1.431765238955
  13  Si  1.480190380744  4.523260953523  2.510559161227  -0.020804998914  -0.180854276184  -0.209663772061
  14  Si  -0.084286774031  7.176627071788  2.440671581121  -0.072542904506  1.075175779533  0.983233198101
  15  Si  6.097057035041  3.671484747937  5.135921677712  -0.580677834237  -0.086911299170  -0.733157600510
  16  Si  3.001067670397  3.658948600510  5.058108915077  0.022838117644  0.516479301819  0.233579653351
  17  Si  4.563505726757  0.985703766737  5.175383302529  0.230182495820  -0.736478546840  -2.175910933944
  18  Si  -1.691112930326  4.581716606410  7.533428132255  1.628248695834  0.655658934130  1.416456837260
  19  Si  1.401496242607  4.572430075078  7.606108925745  0.391562167690  0.382717423089  -0.430854052393
  20  Si  -0.158692602861  7.277670947401  7.526151777958  0.142120345798  0.583087738127  0.839522923992
  21  Si  6.318014536947  3.488279139294  0.026529937097  -0.938151081630  -0.413950738245  -0.092813179051
  22  Si  2.937052434904  3.720703642788  10.154739888624  -0.401436415625  0.723260066300  0.154946970386
  23  Si  4.791443741201  0.786165796756  0.043294180256  -0.218037078384  -0.503592197865  -0.565630594342
  24  Si  3.045952778305  1.850356411025  2.556292407675  0.236313843067  -1.025946169719  0.248234274273
  25  Si  6.127343593280  1.868479311483  2.602618590952  0.662622949620  -0.652625680251  0.118569178077
  26  Si  4.568765862351  4.527927316866  2.563242794997  0.478698360166  -0.110745730791  -0.044118543602
  27  Si  1.436633496535  6.338345994274  5.019642799976  -0.205841305104  0.788751831652  0.051324131549
  28  Si  -1.669535396636  6.308323188744  4.970313800359  0.264786587984  0.802272526036  -0.002766289625
  29  Si  -0.078183892134  3.636126355050  5.042147575755  -0.252801036007  0.488602205646  -0.355056267384
  30  Si  2.973623850662  1.901659622747  7.653944943551  0.117424801653  -0.030389116263  -0.641204693080
  31  Si  6.082723050579  1.950250171351  7.669464140234  -0.041009435993  -0.884188804297  0.485627853705
  32  Si  4.521081024621  4.604973459155  7.614411857289  -0.766329352484  0.076442561673  0.337586539186
  33  Si  1.364993982458  6.392237161459  10.114273548064  -0.435410751024  1.081674553335  -0.426339653966
  34  Si  -1.738411573223  6.382969624282  10.044844769804  -0.208514918824  0.704257987434  0.449491200226
  35  Si  -0.154210734802  3.717944014576  10.119067548159  -0.651791234602  0.368035533289  0.162030414842
  36  C  -0.088315559716  1.842440241388  4.420773725499  1.002526808362  0.489008422667  0.389793070802
  37  C  2.975859148584  7.231641113824  4.403847283515  0.053358102231  0.892933623610  0.709934594073
  38  C  -3.215686746744  7.205335889141  4.317679465091  0.513940402652  1.245335928630  1.216658803140
  39  C  4.516175235855  6.387547425093  6.947212211438  -1.324731960473  -0.356638212452  -0.212511643324
  40  C  1.438635940451  1.010033230969  6.991285895869  0.214760108287  -1.092082768078  -0.110637876673
  41  C  7.649757967431  1.029876914128  7.055891899744  -1.572408621641  -1.365474487025  -0.874988195853
  42  C  -0.165946343029  1.905050595608  9.527757800645  1.016601462240  0.477622085995  -0.070418364668
  43  C  2.909007833611  7.287413839233  9.482664695134  -0.049604498192  0.970223202687  0.820283040730
  44  C  -3.279654111444  7.271040241872  9.391418880862  0.332583410763  1.168950622410  1.428411992851
  45  C  4.597185554386  6.298476828946  1.880352312891  -1.508844357242  -0.838477955486  -1.041986656787
  46  C  1.516072144242  0.912520604844  1.910728518859  0.636383761015  -0.859337992271  -0.498970283521
  47  C  7.718071634914  0.959120956760  2.014167140348  -0.992364906685  -1.881414740556  -1.617462570731
  48  C  -1.666180014355  4.514675896866  4.389531407273  1.196903768994  0.202771383091  0.260197035688
  49  C  1.447137533406  4.574977411268  4.406550509121  0.193966378888  -0.883394716003  0.051509327640
  50  C  -0.114228963249  7.246325558712  4.378921174330  -0.083389798298  0.380037821797  0.606843136273
  51  C  6.071773207728  3.721795307139  7.049156855590  -1.269188515114  -1.027105667172  -1.424266913734
  52  C  2.978211752956  3.687676329415  6.970768986800  -0.003211289863  0.055666566859  0.352776510068
  53  C  4.563889913792  1.020377884262  7.021835595101  -0.322061649513  -0.749498909710  0.542211621169
  54  C  -1.736191060907  4.578461751812  9.467688798564  1.241982469574  0.579121235862  -0.081874064343
  55  C  1.389436346599  4.617142912491  9.498175897778  -0.055477642144  -0.492990530197  0.154462376133
  56  C  -0.187592832653  7.287855933196  9.458316633438  -0.002394610757  0.887437546989  0.485399061502
  57  C  6.166116534817  3.639966439235  1.950782878853  -2.146409042329  -1.474539786211  -1.336749913055
  58  C  3.055768315507  3.609704196226  1.906512588607  0.154533792200  0.028217526385  -0.182717362142
  59  C  4.638326587408  0.944282875445  1.972180386129  -0.279742606781  -1.191557759893  -0.937286405586
  60  C  3.012877168724  1.874676298139  4.484277288924  0.173867257229  -0.386854128024  -0.430317652281
  61  C  6.130925572406  1.895379256454  4.503653241353  -0.685393344167  -0.447608361144  0.373671242717
  62  C  4.572023097062  4.579137452122  4.466600879158  -0.582743045611  -0.719789122058  -0.025904354413
  63  C  1.402420661748  6.364558305101  6.937633514867  0.129642737610  0.331426725402  -0.027613030912
  64  C  -1.689438212357  6.346090091202  6.904210330921  0.181153371622  0.585445047040  -0.368616325129
  65  C  -0.119418118911  3.681336999171  6.942732434865  -0.149453563620  -0.214707206186  0.334986304457
  66  C  2.950094911250  1.949667286860  9.537984059975  -0.065401669752  -0.700343321974  0.312319749611
  67  C  6.059098451621  1.950187294072  9.591460375766  -0.348685690857  -0.263567525436  -0.139459045135
  68  C  4.488578917625  4.614370697277  9.538556332706  -0.354758632837  0.002492969953  -0.126642682783
  69  C  1.491519485554  6.297779006379  1.827692129228  0.315870509726  -0.087564064540  0.271163645955
  70  C  -1.632206048712  6.247262407438  1.824636888747  0.701502627301  0.788049934590  -0.643390851851
  71  C  -0.053737345078  3.596167669792  1.858904051522  0.513525208882  0.132728995797  0.087558486568


MDSTEP:  9
LATTICE_CONSTANT: 1.889726125458
LATTICE_VECTORS
  9.237903448484  0.000000000000  0.000000000000
  -4.725092950563  8.149886677465  0.000000000000
  -0.291835614834  0.267605888540  10.170551974681
VIRIAL (KBAR)
  42.064830314698  40.094488809498  45.336103189984
  40.094488809498  -47.068710208499  -34.436918495306
  45.336103189984  -34.436918495306  3.710241623179
INDEX    LABEL    POSITIONS    FORCE (eV/Angstrom)
  0  Si  -0.046434605505  1.837114285902  2.515877655985  1.204223067856  0.014666189791  0.764977381508
  1  Si  3.030701219688  7.204840607913  2.481412827539  -0.289149560150  0.856896412191  0.904908220240
  2  Si  -3.183522374029  7.172105090668  2.388950913061  1.499573579420  1.636598455070  2.132161867226
  3  Si  4.529925048407  6.360994037651  5.075829949780  -0.573650340967  0.075436337677  -1.207554068901
  4  Si  1.460298427087  0.968024381373  5.082866409447  0.342354655247  -0.859461950914  -0.696087143535
  5  Si  7.669511615897  1.036639053632  5.172643460008  -0.711845754564  -1.995293153685  -1.607862640673
  6  Si  -0.133993921762  1.882862085856  7.612253504231  1.602400613779  0.727675071794  0.795841836441
  7  Si  2.940973433625  7.303325859059  7.568159042462  -0.163689499658  0.262644667584  0.503765129958
  8  Si  -3.229360055898  7.237294417104  7.493166132514  0.489365314241  2.076952148516  1.231260043000
  9  Si  4.457515688777  6.418586658737  10.146422127795  -0.792600185647  0.250337304951  -0.816309762226
  10  Si  1.388897084930  1.020020989432  10.168482405923  0.196761295412  -0.184931868453  -0.668237109866
  11  Si  7.893774187904  0.808681707206  0.096887041891  -1.401419253376  -1.129469521691  -0.895215911113
  12  Si  -1.640291795639  4.503153983741  2.467601600586  2.011230421624  0.361867590944  1.222763781684
  13  Si  1.483367031339  4.518349272318  2.504179745209  0.009680435956  -0.018922566575  -0.098174593356
  14  Si  -0.082658168430  7.180975302161  2.436271307425  -0.156025093500  0.991584243733  1.071895241287
  15  Si  6.100140150204  3.673422805145  5.137866966834  -0.637220843330  -0.207341614387  -0.827565441681
  16  Si  2.995952167545  3.662327501461  5.061022708212  0.265640456695  0.513909505823  0.220796115269
  17  Si  4.565695506872  0.983338662999  5.173878878540  0.180082288728  -0.691092699068  -2.134400877641
  18  Si  -1.693193164668  4.576888126723  7.535158989944  1.543282957346  0.723193024826  1.351747564644
  19  Si  1.407970732759  4.568590516237  7.606947021114  0.247592688372  0.423725180638  -0.440173696179
  20  Si  -0.157906054927  7.275677585545  7.527848327260  0.085752657346  0.623626979054  0.820493224475
  21  Si  6.311216143419  3.482235315323  0.025493326454  -0.869229028675  -0.213031684301  -0.081749193494
  22  Si  2.937200832055  3.721671861319  10.161206022187  -0.346926776797  0.710655275198  -0.103957713151
  23  Si  4.789292070488  0.783339961795  0.038106842307  -0.276348792660  -0.432625456314  -0.416935004888
  24  Si  3.044206181854  1.855561020143  2.561919897291  0.232513408151  -1.087472529120  0.105845017146
  25  Si  6.127561763224  1.870538409432  2.603613079984  0.465841018441  -0.700499209834  0.191051047168
  26  Si  4.564561639069  4.531605597206  2.560826489160  0.614532427666  -0.231559032402  0.004656955809
  27  Si  1.441584018847  6.337887626243  5.021703564502  -0.343823887020  0.861508221456  -0.001597445172
  28  Si  -1.671736456975  6.311786220822  4.973858622589  0.261145786450  0.811173970622  -0.040778791203
  29  Si  -0.072762160629  3.639265226745  5.048156699202  -0.377463192368  0.430337633199  -0.458606282240
  30  Si  2.973602516494  1.898801549423  7.651105711588  0.122404825218  0.052488502880  -0.543284776745
  31  Si  6.077499050412  1.947179053031  7.667666786026  -0.082654670023  -0.714528502678  0.481162129988
  32  Si  4.521159487697  4.609075042488  7.619839758246  -0.844876431904  -0.077224319659  0.227949821560
  33  Si  1.365042663823  6.388050954983  10.110229807180  -0.438239710231  1.283538495685  -0.264299792215
  34  Si  -1.736721589679  6.383382345792  10.040102618494  -0.317295909955  0.525070242005  0.594427753086
  35  Si  -0.153687198061  3.711675385577  10.123066316040  -0.635276908038  0.599165255485  -0.067613347874
  36  C  -0.094934443973  1.836399393555  4.422773583292  1.254122450300  0.723390583458  0.327283209648
  37  C  2.974831710040  7.223577309331  4.394963430814  0.167389228437  0.944288228258  0.953612742767
  38  C  -3.223245574314  7.204075954892  4.324102289719  0.665111613912  1.307101995004  1.079064074117
  39  C  4.522586992852  6.383398395348  6.947004456646  -1.485679437673  -0.229389946258  -0.142588880883
  40  C  1.445634088231  1.015224719371  6.996831159517  -0.024226017835  -1.259873889302  -0.283604345981
  41  C  7.641290111762  1.036907710080  7.046565857907  -1.413774709503  -1.518565204305  -0.680002857034
  42  C  -0.165312336236  1.904058907161  9.535335434794  1.014497793890  0.459728390122  -0.240666421770
  43  C  2.906882415737  7.297146653120  9.473962680091  -0.048978305264  0.887408486974  1.027904707452
  44  C  -3.277406380127  7.273600842100  9.393492136523  0.226162185531  1.130723913614  1.434779058844
  45  C  4.600492117487  6.290542199472  1.880687734534  -1.556950240005  -0.587600013840  -1.089001343153
  46  C  1.517105930213  0.907170613096  1.915092093844  0.541215549736  -0.725914688159  -0.544865266049
  47  C  7.709458152999  0.961905237903  2.018876733748  -0.789399560398  -1.931755028701  -1.711037708543
  48  C  -1.672463372793  4.521188356617  4.383463400502  1.416783833861  0.085538507082  0.457201528767
  49  C  1.455519597779  4.578067653535  4.406477938527  0.012032004270  -0.975499428275  -0.001169967091
  50  C  -0.116132359961  7.247230738864  4.375337857835  -0.036396692933  0.345547115071  0.717481276689
  51  C  6.064525773826  3.724391006513  7.042044008897  -1.142893974020  -1.074440653819  -1.258700682569
  52  C  2.973383746744  3.680933574861  6.973733902602  0.149312609035  0.216898085145  0.279360406584
  53  C  4.556414358275  1.020928380312  7.023880495763  -0.205933551301  -0.838710013412  0.457611272811
  54  C  -1.741745546514  4.572034486642  9.460828323952  1.320298568584  0.614544614347  0.094415359599
  55  C  1.393791019660  4.624398657135  9.494269816220  -0.154236010972  -0.740371596809  0.268920443765
  56  C  -0.192048676584  7.286717543903  9.460042332765  0.132373308787  0.897264081903  0.455796402200
  57  C  6.154677173564  3.639139964445  1.945314851751  -1.745111429084  -1.348518979040  -1.176123474586
  58  C  3.062211847839  3.612865673596  1.898295560176  -0.022604494734  -0.043981955197  -0.017171544197
  59  C  4.628118621133  0.944665131883  1.977182702768  -0.084232296940  -1.165742558566  -1.043431235053
  60  C  3.012945258384  1.883894186063  4.480261134079  0.156604563361  -0.537429422440  -0.319597604338
  61  C  6.136258229806  1.888294838467  4.513729333851  -0.761962239102  -0.277347305599  0.161230165253
  62  C  4.581495107827  4.577034578950  4.459542901511  -0.808089989858  -0.710435703341  0.120234048621
  63  C  1.405120848908  6.366108656552  6.941752354875  0.130347508318  0.271316822171  -0.100438599324
  64  C  -1.695112924459  6.351317934344  6.911188379130  0.396670413949  0.361845568392  -0.467079374119
  65  C  -0.122127498386  3.680295696562  6.947901843638  -0.073212621604  -0.193689567910  0.299833675650
  66  C  2.953448505156  1.953807565041  9.531258369913  -0.209588907578  -0.784317343783  0.466198379780
  67  C  6.053534639861  1.954988918639  9.594755418557  -0.237551658250  -0.455234466449  -0.266888912248
  68  C  4.488641637587  4.615679828201  9.534974864799  -0.423035678953  0.080688828415  -0.015560052196
  69  C  1.494076292831  6.299058163049  1.835795281854  0.320539533157  -0.145236311499  0.010244568940
  70  C  -1.633609830780  6.239147755906  1.831508407505  0.803175089336  0.980886548052  -0.830595835835
  71  C  -0.048936992102  3.603435449236  1.849612280194  0.400579502459  -0.032714291349  0.322053245146


MDSTEP:  10
LATTICE_CONSTANT: 1.889726125458
LATTICE_VECTORS
  9.237903448484  0.000000000000  0.000000000000
  -4.725092950563  8.149886677465  0.000000000000
  -0.291835614834  0.267605888540  10.170551974681
VIRIAL (KBAR)
  39.367356198755  38.943617858538  45.671822420045
  38.943617858538  -45.780245745372  -34.837453758302
  45.671822420045  -34.837453758302  4.639033312489
INDEX    LABEL    POSITIONS    FORCE (eV/Angstrom)
  0  Si  -0.043157153365  1.842015952573  2.515544512268  0.972959736347  -0.023237068967  0.810229999362
  1  Si  3.035533744209  7.204890081550  2.475078313427  -0.456786648749  0.870176945886  1.007591160864
  2  Si  -3.182147695799  7.175332709039  2.393268517529  1.463244058154  1.592536675780  2.100286205883
  3  Si  4.528683366953  6.354955318491  5.071460846076  -0.538554603962  0.244646273639  -1.125948897584
  4  Si  1.455824536226  0.970959747237  5.088865676009  0.435703093210  -0.864871273477  -0.874286348467
  5  Si  7.666785604122  1.042465782475  5.174860815004  -0.517189036333  -2.144588894555  -1.651316158211
  6  Si  -0.126628963426  1.882926806771  7.609263128889  1.304174341610  0.556845269310  0.722102024529
  7  Si  2.938385453503  7.297886529482  7.572940324848  0.048674907409  0.290385894849  0.463410166163
  8  Si  -3.233204841669  7.238055038101  7.499081710588  0.610990976679  2.007997588164  1.050292926735
  9  Si  4.451405407894  6.414818197439  10.149651957214  -0.618620268123  0.434892737680  -0.814880460424
  10  Si  1.383585868917  1.025904834821  10.169721635808  0.313181930337  -0.245184086219  -0.599249962506
  11  Si  7.894256069352  0.812234822697  0.090865285417  -1.371547914860  -1.253230548700  -0.760657275167
  12  Si  -1.638344802960  4.501140850216  2.471910937314  1.913661173430  0.446581835209  1.002139422499
  13  Si  1.481273405451  4.522098811551  2.508908739692  0.051207927482  -0.149356136879  -0.271412697964
  14  Si  -0.081824876182  7.187418590003  2.437694810238  -0.011882320726  0.829033549766  1.029661058551
  15  Si  6.100108436735  3.670034648545  5.138212023851  -0.703201547673  -0.081069240652  -0.904741048740
  16  Si  2.992062263786  3.659063489067  5.054604559480  0.225891891970  0.741991542349  0.385417456026
  17  Si  4.565450522834  0.984067027980  5.168060145509  0.238748903928  -0.711585825665  -2.009729832743
  18  Si  -1.695299707221  4.581027557435  7.537523101068  1.644096393185  0.621346190657  1.225057882081
  19  Si  1.403973543780  4.573727177957  7.611779156216  0.307510943267  0.194110093432  -0.472270841885
  20  Si  -0.151510475571  7.282442207787  7.532122841632  -0.052320400750  0.464853480304  0.746786887631
  21  Si  6.311814344716  3.482737743340  0.026460921944  -0.898432686084  -0.302545652537  -0.139867852897
  22  Si  2.939202358997  3.716809561802  10.166966633479  -0.457796599912  0.833011585302  -0.161917972057
  23  Si  4.788269006248  0.782926037356  0.040577873512  -0.240476728278  -0.458764709850  -0.491730525231
  24  Si  3.041182560298  1.848870921395  2.563735062299  0.387721291656  -0.914019590018  0.066721166757
  25  Si  6.132611654495  1.871106553943  2.609078689966  0.335206462895  -0.678044680528  -0.070828083128
  26  Si  4.563353880099  4.535291778645  2.555849401731  0.550314176285  -0.400712966257  0.107967111004
  27  Si  1.440491114175  6.334704379509  5.024628214003  -0.202748342929  1.011420644232  -0.059831097686
  28  Si  -1.670768893792  6.312887046324  4.973722693541  0.174600227940  0.720299967713  -0.083077485288
  29  Si  -0.077052365501  3.643091065824  5.045930221124  -0.289335733401  0.425315986253  -0.436520942162
  30  Si  2.967529297861  1.901925601102  7.648462421713  0.163927579625  -0.090894095821  -0.451905151518
  31  Si  6.082286117941  1.943998323038  7.672889154177  -0.124068737137  -0.625107750538  0.309199371626
  32  Si  4.519742278597  4.615172066915  7.626806790430  -0.840803647922  -0.347087783062  0.059893555282
  33  Si  1.362623381713  6.386749242763  10.109824333579  -0.404404378121  1.389357836694  -0.038427866109
  34  Si  -1.743423151421  6.385654660599  10.040613755483  -0.097917398113  0.490694320270  0.652881563541
  35  Si  -0.151781101440  3.711924910756  10.117220712089  -0.675433252857  0.682516492551  0.037003529119
  36  C  -0.093030582539  1.845486960937  4.430500926924  1.188026802789  0.595333911902  0.154223498054
  37  C  2.978858805980  7.220742409572  4.387264365341  0.053724667398  0.975418916593  1.090618112327
  38  C  -3.224954944583  7.213484190576  4.328370514027  0.699684103140  1.182799330340  1.043586600781
  39  C  4.529572775878  6.374600987764  6.945306164623  -1.674529622673  -0.075428056483  -0.089761297585
  40  C  1.440020856669  1.006857735439  6.989159799472  0.121957213962  -1.146340712097  -0.054074554362
  41  C  7.641413418638  1.025087109616  7.044696979130  -1.294103824192  -1.295051426605  -0.543217819532
  42  C  -0.166114743036  1.902713544353  9.532573926842  1.069417891101  0.548259279834  -0.282284078490
  43  C  2.905150206359  7.303284978005  9.480164770376  -0.016874845726  0.807155734736  0.966200043554
  44  C  -3.268789416415  7.280463006658  9.392610594199  -0.119474891140  1.041835481614  1.567320765570
  45  C  4.597536690489  6.288663112447  1.888454951096  -1.346189451384  -0.452887647242  -1.270793731261
  46  C  1.517542072001  0.916686164417  1.921193549397  0.463923012743  -0.924389170992  -0.670905164034
  47  C  7.705680504527  0.963735427782  2.009838608972  -0.528790379489  -1.870599679248  -1.572955239043
  48  C  -1.672324555564  4.511786062013  4.373915937391  1.325215983991  0.312747987410  0.699599319064
  49  C  1.447322039742  4.586601591534  4.398558457186  0.114366245202  -1.209890985464  0.221710282262
  50  C  -0.115343238526  7.240622780756  4.371250088331  -0.045558302600  0.492380642884  0.838898095834
  51  C  6.067591831180  3.728510696207  7.036377363935  -1.266727029274  -1.224780852497  -1.085340340128
  52  C  2.965555883788  3.673863914197  6.978197459373  0.251088539961  0.432062990440  0.151462170666
  53  C  4.556342276540  1.021927209051  7.023303373935  -0.184422196309  -0.792564860670  0.423720321523
  54  C  -1.745824559798  4.572026679586  9.455303957924  1.365664067703  0.649342513688  0.207034596910
  55  C  1.397102722854  4.632207050431  9.498087899752  -0.196298571522  -0.956323393558  0.203491048144
  56  C  -0.190474050562  7.285233509438  9.463499887149  0.048733051985  0.928313385289  0.429038258972
  57  C  6.150673420147  3.643317689825  1.940234123872  -1.604879089107  -1.370859609671  -1.066803614768
  58  C  3.062537493337  3.606482715581  1.895284150543  -0.055661279482  0.037174833082  0.129487108386
  59  C  4.629089356013  0.939783163784  1.972055123117  -0.043912975717  -1.018065786304  -0.863409886163
  60  C  3.016800249717  1.890944637644  4.479438808594  0.042151336323  -0.771065506569  -0.322482767438
  61  C  6.145320534059  1.888929036518  4.507666724731  -0.988843114438  -0.287196477349  0.286718937420
  62  C  4.575255503971  4.579982398941  4.456812795335  -0.667663819376  -0.883939483859  0.104074967524
  63  C  1.414483575251  6.359329139868  6.951126883349  -0.094151468320  0.406422280108  -0.282250914248
  64  C  -1.697090315236  6.350080853122  6.909157575149  0.530763725770  0.484467139473  -0.388927735554
  65  C  -0.119473228324  3.671438620051  6.944280913903  -0.164895988617  0.065649649928  0.401780089684
  66  C  2.948985948961  1.956553654378  9.536175600771  -0.142941757258  -0.873119098145  0.316367726355
  67  C  6.062750362675  1.944788138223  9.593735423678  -0.495765661739  -0.189301284544  -0.242481005200
  68  C  4.482963088574  4.616862694704  9.538418469197  -0.294415546607  0.016456846244  -0.022934775113
  69  C  1.496606779593  6.290488609590  1.845923428721  0.286960909742  0.078153039613  -0.235543657115
  70  C  -1.624371691027  6.245821346908  1.837833941738  0.575629651468  0.842123808671  -0.895302869990
  71  C  -0.051197182660  3.608359869412  1.847111407197  0.448496842210  -0.112008346870  0.296096519104


