MDSTEP:  0
LATTICE_CONSTANT: 1.889726125458
LATTICE_VECTORS
  8.589659033541  0.000000000000  0.000000000000
  -0.218066808883  8.750711912065  0.000000000000
  -0.249842313295  0.167709573393  8.913357190485
VIRIAL (KBAR)
  95.777578326440  112.350000012385  88.695822709609
  112.350000012385  81.602787825300  -10.900355542578
  88.695822709609  -10.900355542578  22.945015743571
INDEX    LABEL    POSITIONS    FORCE (eV/Angstrom)
  0  Si  3.237546422017  1.167995018968  3.325209099048  -0.238185235091  0.158940409197  -0.107009359988
  1  Si  3.173654930275  1.216299902731  7.718158696972  -1.179931267655  0.651912551176  1.349387919840
  2  Si  3.177006106684  5.559430552460  3.289052150190  -0.250787641781  0.023825196279  -0.214658183890
  3  Si  3.116292696517  5.604144794048  7.679853593672  -1.106015768140  0.712479017069  1.329040587223
  4  Si  7.623557652611  1.225166763508  3.391495132392  -0.645183786864  -0.008142725111  -0.374253607940
  5  Si  7.561915957235  1.264478843136  7.781068898367  -1.535215494392  0.670064827090  1.234005758737
  6  Si  7.569777446000  5.619362380023  3.346867227048  -0.789557330500  -0.138134981230  -0.276148751967
  7  Si  7.511099895759  5.652812712186  7.733963399908  -1.690543493131  0.695042483972  1.405137564751
  8  Si  3.240714016532  3.341754162659  1.120810692605  -0.252543901305  0.008743754992  -0.848236544222
  9  Si  3.171974343573  3.390434796716  5.508315233283  -0.120662690713  -0.115733984463  -0.279375785563
  10  Si  3.180627465091  7.730441663766  1.065872673241  -1.607466267507  -1.075319688260  1.026070835557
  11  Si  3.126159036023  7.779180032348  5.459943517682  -1.947262997682  -1.174629090810  1.259925823431
  12  Si  7.628677283351  3.403809134826  1.167497808761  -0.680414270914  -0.259758921872  -0.566245592007
  13  Si  7.565273016659  3.442072191839  5.565608795475  -0.764674803569  -0.155642389522  -0.332852031234
  14  Si  7.574778979137  7.793947220694  1.135210087787  -2.304504578769  -1.330869075066  0.567214358204
  15  Si  7.512042689399  7.834323183393  5.524096640688  -2.359792818758  -1.290407431267  1.094039377318
  16  Si  1.071082174842  1.127327220710  1.096880732808  4.543105729301  3.364837625426  2.782702338234
  17  Si  1.005791942752  1.163819855836  5.493709556370  4.632419754372  3.517172597152  3.012949450444
  18  Si  1.020896504801  5.516207192373  1.059743320132  4.376032014478  3.217828223649  2.812733613504
  19  Si  0.948617828126  5.553531195150  5.449958508276  4.457257136786  3.301704079384  2.977701858072
  20  Si  5.457653887154  1.173705971389  1.165249356059  0.041033990355  0.047034292866  -0.727975125413
  21  Si  5.397302128749  1.219629350070  5.553328693955  -0.014229707121  0.063339025335  -0.200874350499
  22  Si  5.403603577403  5.569321674294  1.120965977859  0.001028120934  -0.065311054532  -0.545378978245
  23  Si  5.347232421391  5.614549284178  5.510172831178  -0.317632613784  -0.146391925157  -0.116428076566
  24  Si  1.006699485041  3.336895004714  3.273325242812  4.584016720376  3.495261435616  3.402707357937
  25  Si  0.948566156917  3.385748906908  7.672960100476  3.384298353676  3.605105877842  4.244754192846
  26  Si  0.957234780611  7.729406409957  3.233503844861  3.070028762934  2.325026914936  4.539420548974
  27  Si  0.891107150822  7.766181728089  7.631587119524  2.579748708105  2.453947276605  5.359648491754
  28  Si  5.401691066008  3.392378899024  3.337786524775  -0.223897455546  0.033838531785  -0.174769055739
  29  Si  5.339966469334  3.429070593713  7.725625760251  -1.107829905926  0.881535893279  1.573922704831
  30  Si  5.344215041119  7.783595322487  3.295464637932  -1.768965692869  -1.080551293535  1.388553154258
  31  Si  5.278153073269  7.827296207841  7.684818219691  -2.225548271768  -0.766762312991  2.635628701560
  32  C  0.195682647288  0.112732036211  0.123252410691  -1.922021373759  -2.744079396397  -5.278172432877
  33  C  0.129936930976  0.154569673184  4.516199454647  -2.450548748688  -2.385520881967  -4.679468364899
  34  C  0.135774436321  4.505611388516  0.089885402595  -3.095150948346  -4.058128608886  -4.479881140225
  35  C  0.070571870288  4.541665808458  4.470593502904  -3.826064804039  -3.377679494921  -3.189193994813
  36  C  4.394122188644  0.051402600566  0.058028739403  2.418140358287  0.707476792374  -2.158452689420
  37  C  4.335604301498  0.099961960571  4.450990541469  1.778468074510  1.000633571514  -1.330859561770
  38  C  4.342717374410  4.450595060203  0.020113184232  1.022945668105  -0.900565606451  -0.997301075810
  39  C  4.272255730570  4.487708829454  4.407780522695  0.258036360471  0.026223940482  0.331957341978
  40  C  0.135518475919  2.329817921772  2.300760121806  -4.079841603042  -3.648379326597  -3.516985982233
  41  C  0.069973217414  2.367208709101  6.684787659091  -3.742868273466  -3.127817790768  -2.941318963000
  42  C  0.081603790154  6.722741072248  2.261040234627  -4.186809056352  -3.670574294920  -3.331215918017
  43  C  0.022617783689  6.756762827161  6.643239524213  -4.200602041003  -3.445088797080  -3.046643458175
  44  C  4.327957035579  2.266637655274  2.231773314783  0.418203160494  0.083730877246  0.275708926635
  45  C  4.273957936067  2.312124184656  6.630608035457  0.053075642450  0.130877729794  0.125950263746
  46  C  4.279906978519  6.659402655086  2.199715217750  -0.020442461616  0.063168779034  0.183749217804
  47  C  4.215262072743  6.704404025237  6.584930741989  -0.045799935719  0.064810560496  0.341452116851
  48  C  2.168799143603  0.051767858190  2.229649132276  1.886788321385  1.300450414951  -1.202546947510
  49  C  1.884873689755  8.840546569993  6.618659225141  1.809312622228  1.365965515684  -0.917155586924
  50  C  2.109011133019  4.436372017395  2.185574107819  0.312118981855  0.337058185286  0.436681291691
  51  C  2.049491072242  4.485544591433  6.576801904875  0.069969181198  0.323295254334  0.563996747014
  52  C  6.552940705254  0.104739471519  2.290370599296  1.892901832522  1.021363861923  -1.390079790813
  53  C  6.496151857908  0.141288878414  6.675705289004  1.677531914803  1.145185338176  -1.285453901911
  54  C  6.502262698476  4.495934282850  2.244714151823  0.115768885881  -0.026240151934  0.165380011122
  55  C  6.437935642321  4.535794322959  6.637505627603  0.063633928821  0.041662911235  0.152221415690
  56  C  2.162536312111  2.223451913172  0.004806134796  1.452718948397  -0.362792228287  -0.666301021887
  57  C  2.111470118630  2.269875431138  4.402102550271  0.213514875472  0.161462697780  0.430013400146
  58  C  1.869374142291  6.778926100778  8.883501195939  0.939217644343  -0.444100262006  -0.744258009467
  59  C  2.049124658913  6.661929981072  4.355835586118  0.204427871948  0.126338409596  0.678473776452
  60  C  6.563281583120  2.274468704600  0.071879550773  1.105825021500  -0.736413778522  -1.109126130897
  61  C  6.496704110225  2.320267295814  4.462777061184  0.155374407515  0.010804544779  0.152470735346
  62  C  6.503308169832  6.667700836425  0.030868022600  1.000820168819  -0.621503197853  -0.993062637934
  63  C  6.436773802721  6.712270062120  4.424158646860  0.183232077497  0.018389292071  0.188083169900


MDSTEP:  1
LATTICE_CONSTANT: 1.889726125458
LATTICE_VECTORS
  8.589659033541  0.000000000000  0.000000000000
  -0.218066808883  8.750711912065  0.000000000000
  -0.249842313295  0.167709573393  8.913357190485
VIRIAL (KBAR)
  94.941997272158  111.042161104875  87.960480794662
  111.042161104875  80.306398576455  -12.135917776511
  87.960480794662  -12.135917776511  21.808141388547
INDEX    LABEL    POSITIONS    FORCE (eV/Angstrom)
  0  Si  3.238033722935  1.167721650873  3.325663316688  -0.239083248644  0.164019962589  -0.122109927952
  1  Si  3.173146223333  1.216799880859  7.718940718063  -1.165013438410  0.658591799576  1.325310050100
  2  Si  3.176607729610  5.559249376133  3.288932896690  -0.237999859199  0.018997050118  -0.207234187802
  3  Si  3.116095837904  5.603345259738  7.680631499515  -1.093925805607  0.731496626105  1.308251477813
  4  Si  7.623847829832  1.225029330458  3.390612866897  -0.681452854368  -0.012340920312  -0.358415224289
  5  Si  7.561466947493  1.264620672630  7.781472463774  -1.537546150608  0.664700995635  1.215733126083
  6  Si  7.569471150459  5.618991811926  3.347185010435  -0.803533869000  -0.123959694639  -0.295452143835
  7  Si  7.510784509615  5.652961052245  7.733354361502  -1.703478507360  0.678496370751  1.410521260073
  8  Si  3.241843242439  3.341225467953  1.121084167719  -0.265220795896  0.022611966456  -0.848695455635
  9  Si  3.171773528554  3.389815971553  5.508437426936  -0.118471879041  -0.096952535435  -0.277151744341
  10  Si  3.180919336877  7.731267372434  1.066323733574  -1.609635619808  -1.082007009418  1.022338656876
  11  Si  3.126250611423  7.778130529346  5.460142936896  -1.911831289605  -1.124132623749  1.228478115478
  12  Si  7.628334751228  3.403915501490  1.167683013770  -0.691272548478  -0.285075766692  -0.580296834454
  13  Si  7.565765887928  3.442767838473  5.565057172940  -0.787114450968  -0.175336732296  -0.303867689181
  14  Si  7.574669578999  7.793607918138  1.134552190626  -2.301790235398  -1.321963649236  0.561375403386
  15  Si  7.512171309884  7.834494080303  5.525135940354  -2.380014616573  -1.288704013191  1.056852333269
  16  Si  1.071817195178  1.128603580971  1.096904502035  4.477311117207  3.288604650308  2.727631227578
  17  Si  1.006045600323  1.164904056869  5.494402897825  4.552212176336  3.422321292713  2.915052483186
  18  Si  1.021601960051  5.517293318785  1.059960189513  4.269435963625  3.096607291144  2.713247741903
  19  Si  0.949290745193  5.554058542826  5.450321680796  4.383529477381  3.233238365261  2.901824597093
  20  Si  5.458017762404  1.173008504214  1.165202433517  0.045121403213  0.062333976399  -0.745108752245
  21  Si  5.397482437853  1.220382467233  5.553439365922  -0.003584942747  0.048352610691  -0.198086129145
  22  Si  5.403022338085  5.569060036496  1.120559018380  0.025220961480  -0.057804886326  -0.535724214067
  23  Si  5.346956475982  5.614210947581  5.509979744824  -0.311134372530  -0.138318053290  -0.104726460433
  24  Si  1.007277024347  3.338343633750  3.274408157671  4.478059126229  3.356968665635  3.277849394170
  25  Si  0.949439158257  3.386731518106  7.674434975387  3.271670129426  3.527699024469  4.145384212869
  26  Si  0.957744015342  7.729771641912  3.234101939100  2.988368800960  2.263606707713  4.443128194236
  27  Si  0.891263463494  7.767306325608  7.631913133854  2.508788325086  2.381484501377  5.274707455208
  28  Si  5.401322287009  3.391434982480  3.337497168973  -0.218718132456  0.053748989950  -0.150625939012
  29  Si  5.339698977436  3.428983518258  7.725185250827  -1.094037650116  0.883400095369  1.579126119069
  30  Si  5.343370877501  7.782723445036  3.295981474288  -1.718607998947  -1.031050800957  1.349993673565
  31  Si  5.277686330969  7.827291312726  7.685387854398  -2.196593258049  -0.735384154996  2.598001312410
  32  C  0.195796458996  0.111776174594  0.121655479281  -1.856248998596  -2.689818798186  -5.214577410647
  33  C  0.127871810779  0.154093636897  4.514142171522  -2.338414903037  -2.314212520062  -4.576317661684
  34  C  0.134689712775  4.502779659549  0.087891383141  -2.974282197269  -3.926383262138  -4.371362865045
  35  C  0.068997017133  4.540857072741  4.469197667017  -3.735445349872  -3.295157222722  -3.106362430049
  36  C  4.394194295353  0.051568674335  0.057334887656  2.416183720939  0.696051873328  -2.146682177092
  37  C  4.336528887344  0.101091952910  4.449883559762  1.742983451658  0.949990373570  -1.283276250034
  38  C  4.344204061896  4.449789375560  0.019547350908  0.996504675570  -0.902230115181  -0.991165374330
  39  C  4.271360988110  4.488609635683  4.408997272065  0.265988794152  -0.001133389997  0.299518448154
  40  C  0.133390128308  2.327244425005  2.300010105085  -3.939674946290  -3.488421941221  -3.410223956758
  41  C  0.069389498015  2.365241474238  6.684130839262  -3.662349480316  -3.010170674213  -2.859725943475
  42  C  0.080979141894  6.721198506972  2.258625940738  -4.110660681582  -3.576313255307  -3.220224429097
  43  C  0.020639973699  6.755280963519  6.641495266705  -4.081507808646  -3.340122437491  -2.940702552255
  44  C  4.328162956953  2.265894726922  2.231590039749  0.416805317735  0.086824180162  0.278041933872
  45  C  4.273945821197  2.312911123315  6.630570959265  0.041886650837  0.111210079160  0.133736056958
  46  C  4.278984862581  6.658962442204  2.200257858502  -0.007444238735  0.065280522313  0.165089419271
  47  C  4.216027046546  6.704874091546  6.584961481155  -0.073658196837  0.044369693380  0.350969076907
  48  C  2.169577506267  0.052481585617  2.229163990977  1.871155157000  1.282949911449  -1.189356909266
  49  C  1.885719948156  8.841626727785  6.617464581936  1.787505558758  1.326458250741  -0.891471751703
  50  C  2.108911429985  4.436779847744  2.186172524171  0.320519719770  0.321235122067  0.412368083492
  51  C  2.048316751293  4.485617088962  6.576588368302  0.095987795227  0.320356285240  0.569878097047
  52  C  6.553586089722  0.105453816002  2.288751485789  1.852575800835  0.960399349232  -1.340381110507
  53  C  6.497686895153  0.140900525856  6.674559791613  1.628175091764  1.133414376913  -1.245307807942
  54  C  6.502349481567  4.495428300430  2.244870447119  0.099514986885  -0.017077357563  0.160088177175
  55  C  6.437064690236  4.536182280886  6.638156865238  0.078796405413  0.033933610366  0.129044313102
  56  C  2.163023305579  2.224069376090  0.004021581926  1.466652484315  -0.374087258174  -0.641587950069
  57  C  2.112503086502  2.269576037603  4.401766999405  0.192837003728  0.171650666466  0.433464490119
  58  C  1.869433989706  6.779128295803  8.884299891663  0.944372321867  -0.440539850056  -0.766852182092
  59  C  2.049722784066  6.661537737406  4.354711874053  0.190367338084  0.132913609336  0.702153515577
  60  C  6.563267689925  2.274061366960  0.070672234042  1.100574911317  -0.736117814797  -1.090760954392
  61  C  6.496852223550  2.320558152180  4.463980933321  0.155306270921  0.009755471983  0.117442586899
  62  C  6.503609448147  6.667744465142  0.029858974505  0.990365339159  -0.632436456608  -0.972106826476
  63  C  6.436175169726  6.712326189172  4.424654641503  0.194972048110  0.013178876286  0.179340212369


MDSTEP:  2
LATTICE_CONSTANT: 1.889726125458
LATTICE_VECTORS
  8.589659033541  0.000000000000  0.000000000000
  -0.218066808883  8.750711912065  0.000000000000
  -0.249842313295  0.167709573393  8.913357190485
VIRIAL (KBAR)
  93.812213153280  108.316879926670  86.552700526602
  108.316879926670  77.532163993219  -14.714664436811
  86.552700526602  -14.714664436811  19.613821684238
INDEX    LABEL    POSITIONS    FORCE (eV/Angstrom)
  0  Si  3.238124488698  1.165960456243  3.325912981303  -0.188002105821  0.241076156774  -0.117626941953
  1  Si  3.170190718993  1.216395585149  7.718775749453  -1.036814232402  0.741943542872  1.333117778603
  2  Si  3.175501628013  5.560505623085  3.287600677271  -0.144871294226  -0.020576286219  -0.169528480679
  3  Si  3.116507831426  5.603871958293  7.683289683274  -1.083382724134  0.745690189025  1.223288651951
  4  Si  7.624592755703  1.226655808751  3.391531212599  -0.703301742484  0.021672541159  -0.408795484377
  5  Si  7.559948830036  1.265616992619  7.779289721639  -1.533919470585  0.597554138355  1.268121549723
  6  Si  7.569368600049  5.620759575299  3.347707015619  -0.863411995211  -0.167819430773  -0.313669524575
  7  Si  7.510950421463  5.653291610610  7.733316272028  -1.733654970128  0.696585796149  1.372906201349
  8  Si  3.241026503318  3.342385359133  1.122381792918  -0.220399579965  -0.030953090128  -0.860551645587
  9  Si  3.172668836836  3.387955392826  5.505883346785  -0.036908749471  -0.032407802119  -0.203546298584
  10  Si  3.178068922415  7.731873296304  1.065030559766  -1.469690707958  -1.009347159588  0.973951742869
  11  Si  3.126220006822  7.778798727129  5.460922041822  -1.902833105604  -1.123384011403  1.198927373085
  12  Si  7.625471177780  3.401215604355  1.166458426365  -0.677459456980  -0.201862402561  -0.564797825797
  13  Si  7.564240376784  3.443525463837  5.566834960110  -0.778497253817  -0.142542998916  -0.351247194391
  14  Si  7.572200429461  7.792318646885  1.135625934469  -2.289022523242  -1.324550234453  0.530066680369
  15  Si  7.513348778054  7.834858350833  5.524515854509  -2.382299310448  -1.263759718123  1.070831072427
  16  Si  1.075382088138  1.128081861621  1.096036743888  4.247090638892  3.174641328964  2.587274647553
  17  Si  1.007627719086  1.167811425947  5.496329003740  4.381457125942  3.275755673651  2.784013180074
  18  Si  1.025196274834  5.516731153255  1.060337075652  4.007486071923  2.883122791358  2.573029256690
  19  Si  0.951881435482  5.557111338710  5.451568094260  4.158802304273  2.938153931605  2.719784801055
  20  Si  5.459291152242  1.175306529230  1.163541584209  -0.010445756512  0.026432089731  -0.697094014968
  21  Si  5.399726712509  1.220669875589  5.555652848422  -0.053171610684  0.075991041947  -0.245257731547
  22  Si  5.403001560346  5.569316899289  1.122686559315  0.005251390812  -0.069711029874  -0.598237454403
  23  Si  5.348426929482  5.615817063377  5.510441202467  -0.349855167435  -0.141309471724  -0.111076747659
  24  Si  1.009642959055  3.342104183157  3.277828588953  4.201691746726  3.095238932677  3.026118164111
  25  Si  0.949639512970  3.389913823935  7.676328433943  3.118096047052  3.333879486177  3.988773792338
  26  Si  0.959495891292  7.731914384040  3.237078189512  2.790290918335  2.089955971193  4.098465508332
  27  Si  0.893677765694  7.766875769834  7.634274697791  2.337889609026  2.350810380764  5.127026782007
  28  Si  5.401092196217  3.389700288056  3.339000891169  -0.150580319290  0.144313444776  -0.172407045841
  29  Si  5.341244943522  3.431250602133  7.726593237084  -1.129679171340  0.918625384126  1.518584480663
  30  Si  5.342319760498  7.782958699831  3.296955339858  -1.657038100567  -1.014720791824  1.307411384034
  31  Si  5.277698147414  7.827241636031  7.684429253318  -2.187642259621  -0.698821274225  2.614263456799
  32  C  0.194941399373  0.105856039980  0.119083786638  -1.720157303173  -2.491261290739  -5.093988947907
  33  C  0.126139447560  0.154911929979  4.510587118445  -2.146618284049  -2.196105115999  -4.398113664351
  34  C  0.129182482601  4.499543543107  0.084463138956  -2.702280526038  -3.728049513190  -4.162161027664
  35  C  0.062361981396  4.540740401640  4.465773867873  -3.445427194436  -3.104315581767  -2.834755862319
  36  C  4.397243290296  0.051742429951  0.052744696321  2.331890155505  0.632857149124  -2.049096439702
  37  C  4.337229364000  0.099818840683  4.448102217570  1.723330545943  0.975139539304  -1.230502117061
  38  C  4.341120357131  4.450816139519  0.019344554708  1.054364519411  -0.904886102424  -0.933395117187
  39  C  4.274093707213  4.489274271078  4.408809184548  0.204817776465  0.025847164068  0.291342521285
  40  C  0.130043130462  2.328427949855  2.293718616042  -3.671974185863  -3.310808946148  -3.112573958326
  41  C  0.063020540335  2.363956472110  6.682616647937  -3.413209023258  -2.811317299379  -2.681450265009
  42  C  0.075444122110  6.716070077010  2.257087495215  -3.779303038584  -3.247113728278  -2.991345091220
  43  C  0.020770308736  6.754513090335  6.638833960034  -3.965796642207  -3.209473630603  -2.807333023692
  44  C  4.328003236593  2.268786498139  2.235457070718  0.421665643576  0.014116390386  0.201124543535
  45  C  4.277592949993  2.316212879205  6.632827701060  -0.042915638200  0.037937453160  0.093913608020
  46  C  4.277639208017  6.659310639048  2.198129678477  -0.014639897646  0.091797605502  0.209392990269
  47  C  4.215787176344  6.708530535967  6.584971093339  -0.091973900616  -0.034103723092  0.360550149579
  48  C  2.174174162294  0.057273506559  2.225663059778  1.734784896234  1.092831921889  -1.075791463965
  49  C  1.886818101888  8.844947927420  6.618893210157  1.732584408113  1.241923418361  -0.918810272449
  50  C  2.112427170479  4.435086596121  2.188609616284  0.253670019737  0.372291661069  0.356906206004
  51  C  2.052124812889  4.484520886271  6.576260359348  0.032763636613  0.345248708187  0.562290141722
  52  C  6.555563558847  0.106663589133  2.288658120603  1.776520432768  0.934703329435  -1.314301925765
  53  C  6.496507765846  0.141633603406  6.672433351120  1.667131445348  1.096033198311  -1.200926151396
  54  C  6.503668069923  4.498767356543  2.242670276089  0.047892093598  -0.098706154862  0.227711556540
  55  C  6.437985592816  4.539151075206  6.635119456237  0.053445243498  0.005856929715  0.223989807001
  56  C  2.163183673610  2.221346009464  0.004685595077  1.477128307088  -0.306334431545  -0.681646994272
  57  C  2.113404111796  2.271135086466  4.402890691817  0.174140363136  0.116098321919  0.403835368659
  58  C  1.866641684784  6.779264390564  8.884195958420  1.015959387921  -0.461545610021  -0.744231174162
  59  C  2.047803989575  6.657772008670  4.354018929644  0.254861056417  0.250131897470  0.715279888838
  60  C  6.560200105738  2.276880523718  0.070612446251  1.137775310379  -0.776607290989  -1.094146667932
  61  C  6.499155852093  2.323682708128  4.467562877312  0.105274475285  -0.068389823543  0.056775717031
  62  C  6.501773369349  6.666817704663  0.028979232435  0.996689347815  -0.617803473195  -0.968776086081
  63  C  6.438708238699  6.713455722093  4.428547182967  0.132432324164  0.024329908503  0.088113638305


MDSTEP:  3
LATTICE_CONSTANT: 1.889726125458
LATTICE_VECTORS
  8.589659033541  0.000000000000  0.000000000000
  -0.218066808883  8.750711912065  0.000000000000
  -0.249842313295  0.167709573393  8.913357190485
VIRIAL (KBAR)
  92.699112217299  105.807001382049  85.242101448935
  105.807001382049  75.287622322704  -16.602324111198
  85.242101448935  -16.602324111198  17.550058009387
INDEX    LABEL    POSITIONS    FORCE (eV/Angstrom)
  0  Si  3.235664183305  1.164603672975  3.328529229405  -0.098856720407  0.261902370943  -0.215736141576
  1  Si  3.168903299698  1.219426879432  7.720955040442  -0.993125899432  0.730793264373  1.247026465741
  2  Si  3.175283685558  5.558920613347  3.290646983707  -0.087938435143  -0.034270660614  -0.265992241597
  3  Si  3.113510467756  5.606669931566  7.684566251461  -0.981565663160  0.772362460878  1.167027801990
  4  Si  7.625871063159  1.229614180364  3.389194752133  -0.793803101214  -0.077483643508  -0.328688465327
  5  Si  7.557908535268  1.263508784754  7.777660807950  -1.527742096935  0.635489416562  1.284026352361
  6  Si  7.569948658783  5.618451493859  3.345004275495  -0.838215837680  -0.137066725158  -0.283557640216
  7  Si  7.508461073038  5.656637443499  7.730408869605  -1.751224900716  0.583277483427  1.404654614603
  8  Si  3.238593214618  3.339733314089  1.121820961018  -0.121117383826  0.003680792036  -0.880934523437
  9  Si  3.173688677274  3.390830410493  5.503039021066  0.020665760851  -0.075375063241  -0.157212805689
  10  Si  3.178357991083  7.728541527961  1.064626599334  -1.372617765188  -0.859446762731  0.915029010009
  11  Si  3.125541485740  7.777972000515  5.459896329384  -1.809469805028  -0.999283614275  1.175255949027
  12  Si  7.623459489105  3.404012735033  1.166724293523  -0.647238653214  -0.350632907260  -0.609838007410
  13  Si  7.561823080952  3.440242359655  5.566240542073  -0.795768971769  -0.115830264514  -0.324816125059
  14  Si  7.573595950895  7.793624835577  1.134809772094  -2.376751554605  -1.374619423756  0.527761399198
  15  Si  7.515991677988  7.831196659634  5.525047417685  -2.455504756544  -1.189798768830  1.005330351040
  16  Si  1.074762480103  1.130297095912  1.098314292955  4.069976784178  2.956919534997  2.392635340557
  17  Si  1.007934735851  1.171643085171  5.498305221155  4.297059956815  3.063487096030  2.651291418550
  18  Si  1.025471197651  5.514594910119  1.063074842300  3.967494686195  2.818266438646  2.384058421275
  19  Si  0.955418594219  5.559501965086  5.453766986272  3.905091751088  2.666416960015  2.459874851660
  20  Si  5.462097022640  1.174015375040  1.165057050341  -0.090775042683  0.065168961363  -0.747942635511
  21  Si  5.398303902289  1.222846382648  5.553407307184  0.038523524841  0.002641659086  -0.120794564328
  22  Si  5.403636663906  5.566188958087  1.119710789433  0.027456842994  -0.039356012235  -0.577035808601
  23  Si  5.345924495682  5.613990122875  5.507874104770  -0.272693833966  -0.028526475396  -0.118829583466
  24  Si  1.011705892106  3.340095615496  3.281575943671  4.039154093345  3.013695257436  2.816445189453
  25  Si  0.953807357728  3.387973129552  7.680654419744  2.950117470732  3.326720879983  3.763945365891
  26  Si  0.960239358203  7.730943102099  3.239091011163  2.673034117168  2.043883989822  4.044415941836
  27  Si  0.892179065927  7.768271326242  7.635871717793  2.104739648467  2.103747748691  4.910126540265
  28  Si  5.403233810089  3.392711413784  3.339126016457  -0.196772898441  -0.000120851911  -0.252439241487
  29  Si  5.341428556762  3.433160710807  7.725205086135  -1.091023669324  0.900962499350  1.566719010788
  30  Si  5.340111275023  7.783538628341  3.297669849483  -1.545566496055  -1.001227118765  1.236475941718
  31  Si  5.273586881824  7.830000991074  7.684267685563  -2.159257580783  -0.671638185079  2.557543505564
  32  C  0.190431653352  0.104095308906  0.113939332073  -1.438816417710  -2.295680930160  -4.888668163356
  33  C  0.122365467163  0.155059959445  4.508596693971  -1.935216678725  -2.061929983714  -4.235307142086
  34  C  0.126409475764  4.494093737881  0.083279288208  -2.532909381630  -3.492111540371  -4.092685046202
  35  C  0.057818072522  4.535212389404  4.466251784960  -3.177313306450  -2.851645027012  -2.680805449815
  36  C  4.396545510856  0.054201996287  0.045956146453  2.334282600502  0.519052551774  -1.836023560423
  37  C  4.342282000672  0.104347916379  4.448184741031  1.525921080300  0.820132263121  -1.195670105787
  38  C  4.340069840693  4.451874467603  0.018879926579  1.024838247187  -0.948544688255  -0.945766601446
  39  C  4.277957093014  4.486640047495  4.406452195577  0.135596104417  0.104531581605  0.304465958634
  40  C  0.122557375971  2.325921219179  2.295361538293  -3.401861054509  -3.082399797670  -3.049279716233
  41  C  0.061462858713  2.362027963930  6.683878008158  -3.313558946170  -2.670745524929  -2.610328347630
  42  C  0.077286381578  6.715978003536  2.253025987989  -3.746014692564  -3.237025680177  -2.893827914916
  43  C  0.016095896719  6.747087223185  6.631518003815  -3.614869924262  -2.860330826242  -2.443105083190
  44  C  4.323081473956  2.268662363862  2.233417239295  0.524614654612  -0.001491699321  0.251754870259
  45  C  4.279772073869  2.319646152946  6.632981897849  -0.131806865161  -0.009388104860  0.067138649545
  46  C  4.277281699240  6.654901730874  2.195013384061  0.003842994003  0.153848051866  0.288605032252
  47  C  4.215539493176  6.713003207006  6.580407519330  -0.109663093608  -0.143491867201  0.420212292660
  48  C  2.171150478692  0.055439513920  2.227045335878  1.804909947319  1.136804908571  -1.105417707012
  49  C  1.889392269833  8.841618111088  6.623061047763  1.675022181193  1.352272223772  -1.050911988865
  50  C  2.116536733171  4.431836611819  2.188640668783  0.134799034515  0.399172949681  0.384227098894
  51  C  2.054885751580  4.487747796704  6.571471797877  -0.001324740348  0.270959892829  0.678664418953
  52  C  6.557826215095  0.109927770150  2.290192879981  1.709501720960  0.819340964674  -1.320892627740
  53  C  6.502338455636  0.138224279437  6.674525956965  1.526648793904  1.143255834134  -1.298504336952
  54  C  6.508451652069  4.494452244027  2.240460598912  -0.068219028508  0.011417966000  0.241903894740
  55  C  6.435257795438  4.542448001470  6.630995143499  0.083674946607  -0.069467922152  0.286395362929
  56  C  2.166992730797  2.218731957502  0.000665571899  1.434466637870  -0.323425589948  -0.580539448016
  57  C  2.118196411954  2.274001022160  4.398928267285  0.086459265762  0.044160637681  0.536091428806
  58  C  1.872571461929  6.782563495664  8.881913855127  0.838562788985  -0.615931830987  -0.713809451344
  59  C  2.050054393976  6.657510735506  4.353896243940  0.215926483637  0.242789435291  0.703080444983
  60  C  6.562751242196  2.274385806916  0.070801630052  1.084286988751  -0.707026469246  -1.135494828944
  61  C  6.495307475956  2.319177082904  4.466311730997  0.179562835388  0.038887711846  0.053524650888
  62  C  6.498715264223  6.668020739830  0.024103135558  1.042853130878  -0.643355910731  -0.863938619053
  63  C  6.442860861504  6.714351614379  4.425544762040  0.019520122294  -0.037373916239  0.099086347647


MDSTEP:  4
LATTICE_CONSTANT: 1.889726125458
LATTICE_VECTORS
  8.589659033541  0.000000000000  0.000000000000
  -0.218066808883  8.750711912065  0.000000000000
  -0.249842313295  0.167709573393  8.913357190485
VIRIAL (KBAR)
  91.198893807847  102.374715556124  83.757419473331
  102.374715556124  72.911302476377  -18.230561526127
  83.757419473331  -18.230561526127  15.749164412870
INDEX    LABEL    POSITIONS    FORCE (eV/Angstrom)
  0  Si  3.237027624329  1.164933444682  3.326897229214  -0.088212916450  0.305680678317  -0.225017180784
  1  Si  3.172241649697  1.221904527618  7.718246093243  -1.063671309632  0.772435269729  1.267337733733
  2  Si  3.171420247236  5.559032834869  3.289719611926  -0.048141325043  -0.036499208382  -0.323561066133
  3  Si  3.110778731284  5.606542183523  7.682145916878  -0.870412155393  0.732980560153  1.278821559221
  4  Si  7.624006460374  1.229037637537  3.384976057558  -0.773522506543  -0.001233919276  -0.272662894965
  5  Si  7.558627179784  1.260624078813  7.777786040925  -1.536970467386  0.719445472869  1.236002283765
  6  Si  7.566208681213  5.620730985248  3.347280609395  -0.773716687908  -0.244866120389  -0.395282139273
  7  Si  7.509392592099  5.660243440232  7.733939829283  -1.873248055678  0.481192263665  1.287663741411
  8  Si  3.234921017037  3.335975384738  1.121743088913  -0.010776086850  0.111768904008  -0.848158201287
  9  Si  3.171015403485  3.394356566474  5.499743367029  0.045062000790  -0.127682608378  -0.175003309848
  10  Si  3.176956599673  7.729044827375  1.066090000762  -1.347908925488  -0.829618926313  0.821347277128
  11  Si  3.126583024237  7.777955901190  5.459524823362  -1.811445801734  -1.002009685296  1.238392321021
  12  Si  7.625913843061  3.404537144428  1.170014412323  -0.735505082512  -0.467431471534  -0.671124762638
  13  Si  7.559239522990  3.442603806444  5.565084594447  -0.759284475235  -0.190018434585  -0.338853419105
  14  Si  7.571798880754  7.789811041031  1.137547695472  -2.258340160057  -1.140081485699  0.377799132032
  15  Si  7.514212671706  7.832840749711  5.528997275834  -2.385206105873  -1.138907461937  0.845675953625
  16  Si  1.079060288251  1.134064662770  1.100916442367  3.846081247741  2.743269393844  2.186479089684
  17  Si  1.010533413298  1.172829516751  5.500250950644  4.050942066096  2.934627788778  2.393136677496
  18  Si  1.026854154415  5.516217402634  1.065320464607  3.669073437608  2.552737694811  2.125312138175
  19  Si  0.952853989308  5.562542810533  5.455439812124  3.808001156149  2.349695782917  2.290865645886
  20  Si  5.459068898465  1.171081842659  1.162275505408  0.016277668270  0.171971332446  -0.668766386027
  21  Si  5.400620137856  1.225705439941  5.555319312942  -0.006614766278  0.007485821798  -0.190836713764
  22  Si  5.401022941696  5.567559404362  1.117960029270  0.084236574026  -0.200837754786  -0.531208806250
  23  Si  5.342556390651  5.617205009760  5.504531106203  -0.149881242534  -0.129930289847  -0.079374973227
  24  Si  1.012925646563  3.339224211837  3.280050696786  3.980767414240  3.084555169862  2.823658494365
  25  Si  0.953058695163  3.390424734510  7.685658420002  2.806884141796  3.179107514029  3.564668407991
  26  Si  0.958849090204  7.731702676846  3.242792197701  2.520829077076  1.923985315512  3.696141002096
  27  Si  0.896524621860  7.766023007406  7.635853401945  1.875431081781  1.996120622069  4.775536099344
  28  Si  5.403672679390  3.393911145311  3.342139293895  -0.189675598244  -0.038824976823  -0.365405889152
  29  Si  5.338835900350  3.434914712406  7.726817241746  -1.081898170086  0.878290164677  1.548289073497
  30  Si  5.342341098098  7.785793093096  3.300363523849  -1.612891062216  -1.043273123805  1.155458356338
  31  Si  5.268930387860  7.830520792263  7.686122464980  -1.985484037641  -0.550056085369  2.488777904193
  32  C  0.192624219628  0.105734982963  0.107273866086  -1.395053609243  -2.348782009967  -4.525974484520
  33  C  0.115437943848  0.158227657006  4.501039776631  -1.694709048784  -2.007660730274  -3.896812727330
  34  C  0.120299632604  4.489508535372  0.079268552753  -2.211799410739  -3.208503369725  -3.833888052319
  35  C  0.053725990564  4.534794378829  4.459029135874  -2.962596502451  -2.698881911883  -2.407121796430
  36  C  4.396208132658  0.059308847857  0.045847199119  2.248747193826  0.355765972716  -1.853870673051
  37  C  4.338482931198  0.108888605548  4.450394333775  1.604062895353  0.740643540345  -1.198049638372
  38  C  4.339608095369  4.449421526468  0.016777587804  0.995900467228  -0.915129260874  -0.924630420547
  39  C  4.275174051102  4.487988965604  4.401215686065  0.146433815536  0.138066211565  0.372164350543
  40  C  0.124922137674  2.322584399069  2.297751615772  -3.427409204940  -3.054011840101  -3.140209796148
  41  C  0.061020698790  2.359383022518  6.681421077843  -3.185619261182  -2.459325163932  -2.472663095058
  42  C  0.071642182954  6.709879239806  2.247477828458  -3.440799499191  -2.908943170972  -2.568406379369
  43  C  0.014165988306  6.742265415155  6.624808670984  -3.440879495413  -2.579406291965  -2.144304331145
  44  C  4.326669483624  2.268409247460  2.233440047238  0.433882720604  0.014328279376  0.248229920400
  45  C  4.275762420529  2.324194273988  6.628381835729  -0.044307595998  -0.051264628473  0.119040817532
  46  C  4.274659179563  6.651021152668  2.188933816935  0.046821485412  0.283381381992  0.460612542230
  47  C  4.220539040575  6.710206223722  6.584662847565  -0.266929860351  -0.042361597498  0.311664556465
  48  C  2.174510796699  0.058733300443  2.222036842672  1.699011025735  0.940479948164  -0.929314436208
  49  C  1.884958347139  8.848540320242  6.625708589937  1.785544546604  1.199077353858  -1.088584693111
  50  C  2.111731752000  4.436743387675  2.185233059766  0.217690487664  0.270212957621  0.440306502990
  51  C  2.061158310969  4.488423921088  6.574148504131  -0.208688217796  0.276906441925  0.585112357626
  52  C  6.558765756310  0.114756719144  2.294112193603  1.624480470225  0.703437972497  -1.437877444763
  53  C  6.506254886950  0.137940071503  6.669591868689  1.361803716504  1.036881340407  -1.129113618447
  54  C  6.512687449214  4.490078101806  2.242859317239  -0.199665947427  0.147912291945  0.197347506824
  55  C  6.433088878122  4.540452414515  6.631637961312  0.077831037479  0.049490460090  0.262130662751
  56  C  2.167602222735  2.220254061106  0.002955112513  1.423671456288  -0.332383183687  -0.623533141562
  57  C  2.117758937350  2.274558747651  4.393085787101  0.117486156935  0.055300758227  0.640624436258
  58  C  1.870308622826  6.778154081109  8.883795206497  0.908624389619  -0.518081779025  -0.782000681332
  59  C  2.049518186940  6.654358961115  4.356404408903  0.216059949920  0.342872560861  0.666624722200
  60  C  6.560057039681  2.271905075576  0.070071667788  1.129795883782  -0.678020587923  -1.105546818297
  61  C  6.494517543783  2.317221870085  4.460648073745  0.187882409038  0.091995014039  0.177071531104
  62  C  6.494403046218  6.671431064946  0.028220543047  1.073006713828  -0.649242810991  -0.927791348725
  63  C  6.449054292370  6.714591488962  4.422885877393  -0.161058094856  0.001167654596  0.192656521256


MDSTEP:  5
LATTICE_CONSTANT: 1.889726125458
LATTICE_VECTORS
  8.589659033541  0.000000000000  0.000000000000
  -0.218066808883  8.750711912065  0.000000000000
  -0.249842313295  0.167709573393  8.913357190485
VIRIAL (KBAR)
  90.480277278949  100.631366650167  82.427070674192
  100.631366650167  71.626541821952  -20.558067572218
  82.427070674192  -20.558067572218  14.677751203858
INDEX    LABEL    POSITIONS    FORCE (eV/Angstrom)
  0  Si  3.233970852132  1.163706689037  3.326242668552  -0.011804345841  0.257221105810  -0.146732345772
  1  Si  3.175223645480  1.223902324504  7.721389308321  -1.106142649834  0.726627089177  1.181593175645
  2  Si  3.170327895771  5.555617267081  3.288913531351  -0.101266065826  0.056741218847  -0.235813116666
  3  Si  3.106727084875  5.607744007231  7.687010452808  -0.813683777958  0.670474182161  1.154796228148
  4  Si  7.620043386904  1.232529444285  3.381659001076  -0.692623145729  -0.123675157404  -0.165699159514
  5  Si  7.560962315530  1.259103666265  7.777223657122  -1.619421136118  0.754972009671  1.213884202612
  6  Si  7.565523626952  5.620952872763  3.349463015914  -0.839651378718  -0.277400332590  -0.457380573948
  7  Si  7.513196459057  5.664749358604  7.730488964253  -2.001198712275  0.405713060775  1.374321327101
  8  Si  3.230380489437  3.331785078518  1.125216373205  0.048054662213  0.174796567700  -0.936541718877
  9  Si  3.174811047826  3.389957623330  5.498918205673  -0.056376583553  0.037711776114  -0.213481422135
  10  Si  3.173501735164  7.726109139246  1.069006231734  -1.240271497194  -0.735556418769  0.780706860286
  11  Si  3.127122526487  7.773577535626  5.459585887666  -1.782563013903  -0.826633855956  1.190155142780
  12  Si  7.624799936258  3.403997489313  1.170747308879  -0.670714362725  -0.395912683660  -0.766033821108
  13  Si  7.562153394997  3.443137707337  5.562150781946  -0.951316297522  -0.194258671640  -0.186968916635
  14  Si  7.573892086345  7.791052088642  1.133621447438  -2.357440092575  -1.130665125016  0.472943644276
  15  Si  7.517769779167  7.832214488189  5.528195059740  -2.440941341828  -1.149500005269  0.815347682359
  16  Si  1.079040258228  1.139083736694  1.105611736340  3.689447882238  2.559684379328  1.919301405549
  17  Si  1.008171097053  1.177630877320  5.504626977138  3.930419630853  2.756531866706  2.193880841745
  18  Si  1.025198280069  5.521081610615  1.070106646805  3.403150187211  2.242321411145  1.916732044755
  19  Si  0.950279639709  5.566386557220  5.460658661854  3.771236603262  2.174607409574  2.056805520479
  20  Si  5.459157743396  1.166454773768  1.159096036616  0.043302972718  0.344156641411  -0.560316239904
  21  Si  5.398604307301  1.226914552219  5.553000777915  0.109254866682  -0.038962380903  -0.120329715260
  22  Si  5.403404811089  5.563104851387  1.119876360244  -0.004228450376  -0.148816221080  -0.633000452945
  23  Si  5.341090418931  5.620680409173  5.502470974447  -0.092712488937  -0.176108681060  -0.060957066817
  24  Si  1.014792217771  3.341942120905  3.285351483943  3.682907106479  2.829560081526  2.629496895220
  25  Si  0.955196812299  3.392820795065  7.686247915897  2.664202559132  3.086117141903  3.434953164020
  26  Si  0.955065317940  7.737057073092  3.242772621660  2.438480031134  1.737827735422  3.627776319800
  27  Si  0.901194130149  7.762917309008  7.635266956140  1.887966078317  2.170663638758  4.704306997150
  28  Si  5.406455726642  3.391920842633  3.339043043236  -0.280645504003  0.093386069537  -0.307413929828
  29  Si  5.340637593787  3.434087774353  7.722684080670  -1.077980919180  0.931189176818  1.632266399145
  30  Si  5.343661329264  7.789120130222  3.296140127895  -1.700413862313  -1.173645401856  1.308243976383
  31  Si  5.271903770009  7.827272844470  7.688294538066  -2.001349252267  -0.527544773655  2.345852024302
  32  C  0.186414038991  0.110002712032  0.106180123314  -1.135748467971  -2.237820940275  -4.340772278559
  33  C  0.119430619094  0.153372301576  4.498599908417  -1.665575043960  -1.748572706013  -3.823762465462
  34  C  0.113534221705  4.491685728808  0.072180713734  -1.878476486718  -3.058484875639  -3.503366158012
  35  C  0.045745583289  4.531941722038  4.462315425257  -2.673259222267  -2.454557601375  -2.343997113291
  36  C  4.398676992473  0.059033985878  0.049520646963  2.142474137907  0.276361614380  -1.903451651054
  37  C  4.345696443697  0.107843862927  4.456031098213  1.396748837425  0.727648534991  -1.342703635469
  38  C  4.335693395241  4.444167835442  0.012376764585  1.043205539727  -0.841601375795  -0.777194242946
  39  C  4.273268492012  4.494138883514  4.403364857514  0.232830654677  -0.051333426006  0.276044868661
  40  C  0.120246299548  2.321802051762  2.295480677025  -3.182117635175  -2.802880607250  -2.900442579190
  41  C  0.056708092550  2.357433982698  6.682242944515  -3.035797946103  -2.296807083559  -2.394205589051
  42  C  0.061904390575  6.709713663977  2.247143137601  -3.158624772386  -2.766055935859  -2.415826253799
  43  C  0.014204306838  6.740484437031  6.628806246919  -3.413737697619  -2.498623609343  -2.221149455873
  44  C  4.323276728224  2.270957348596  2.236880002238  0.481303881816  -0.098786326417  0.172875095850
  45  C  4.275211652109  2.328323321452  6.623799217903  0.024863618364  -0.177183397102  0.220397750157
  46  C  4.272167394662  6.648847279101  2.191299104023  0.082057987320  0.283829802542  0.397198198138
  47  C  4.215723723512  6.706461466112  6.578034607356  -0.184070930168  0.044650608617  0.557101284214
  48  C  2.170639731781  0.058297521614  2.217127323173  1.767009525446  0.946872066843  -0.850175881128
  49  C  1.884732903699  8.853523253393  6.619475966536  1.801867909267  1.065841018719  -0.863931868584
  50  C  2.104862879662  4.431823412951  2.189133738128  0.295590256837  0.387911612516  0.365611581786
  51  C  2.061432709664  4.488989917755  6.570957891107  -0.213162948670  0.256849766941  0.638750185374
  52  C  6.556086758896  0.115925748226  2.298701866868  1.708635011840  0.773971312498  -1.637056592221
  53  C  6.512327577538  0.134945191304  6.667486482969  1.222162585177  1.059000013517  -1.084064155098
  54  C  6.515991741891  4.489861978847  2.237121909419  -0.244276833103  0.128201324859  0.354224376650
  55  C  6.432622467011  4.546876222002  6.637356992236  0.104749688123  -0.021491671386  0.066793218241
  56  C  1.920930546915  2.384317113892  8.911684188488  1.378987790823  -0.293757157798  -0.529902327170
  57  C  2.114641410928  2.273856935311  4.392996620716  0.171723671134  0.063614042932  0.666291735023
  58  C  1.868182190169  6.778989942559  8.888606130770  0.940777304917  -0.525015651273  -0.831251931957
  59  C  2.049906587040  6.661460818217  4.359164560879  0.121112214324  0.176812010076  0.537167428545
  60  C  6.563055464551  2.278377266194  0.073505351728  0.989301995712  -0.832712301178  -1.191363775933
  61  C  6.493072130267  2.317520490170  4.458221480913  0.220662764968  0.119703632612  0.228929644212
  62  C  6.497242190721  6.674384457877  0.032744527111  0.995957906422  -0.716416518788  -0.991275901085
  63  C  6.449412665095  6.715811935802  4.417247941631  -0.162852999651  -0.000789030510  0.301813116685


MDSTEP:  6
LATTICE_CONSTANT: 1.889726125458
LATTICE_VECTORS
  8.589659033541  0.000000000000  0.000000000000
  -0.218066808883  8.750711912065  0.000000000000
  -0.249842313295  0.167709573393  8.913357190485
VIRIAL (KBAR)
  89.311498716982  99.486166889532  81.842315237427
  99.486166889532  70.389546360794  -20.916297856440
  81.842315237427  -20.916297856440  13.761282574786
INDEX    LABEL    POSITIONS    FORCE (eV/Angstrom)
  0  Si  3.238698501708  1.161945495061  3.326994852805  -0.129636870072  0.225812156744  -0.132968510207
  1  Si  3.170051736147  1.227165872234  7.721981223060  -1.024969992682  0.684917715792  1.127182300707
  2  Si  3.174743762540  5.554873778692  3.291814379227  -0.202391681068  0.052215706851  -0.233068953049
  3  Si  3.102657493007  5.610128816722  7.684600649416  -0.851067668063  0.652288270384  1.130178901212
  4  Si  7.620824572041  1.227322524217  3.384950809322  -0.648743282835  -0.023366920096  -0.337769107971
  5  Si  7.560123100379  1.259601557593  7.780693670204  -1.617175897441  0.737572759799  1.159072925492
  6  Si  7.561318765650  5.617365515885  3.352201243048  -0.726754645220  -0.171418659301  -0.425161672516
  7  Si  7.516974374442  5.665485944158  7.728772335160  -2.052283862399  0.386147861628  1.399745595986
  8  Si  3.227752050766  3.328629312464  1.119979184602  0.164934001429  0.182510020850  -0.766916844877
  9  Si  3.170721551955  3.392355668460  5.500061090739  -0.053938020721  -0.024145749006  -0.195792122904
  10  Si  3.170051051151  7.727726107712  1.073888233294  -1.107883971448  -0.768732292958  0.672355676908
  11  Si  3.129535260867  7.775618445055  5.462375343628  -1.921976159783  -0.908838620536  1.153441148206
  12  Si  7.622533497420  3.405389900855  1.166854612374  -0.658069404602  -0.521911756658  -0.697626956627
  13  Si  7.557525289541  3.446056470945  5.565858618936  -0.886596169651  -0.257367083613  -0.294506306096
  14  Si  7.571221507837  7.789421158881  1.137638691197  -2.319206701356  -1.094751460999  0.344297216352
  15  Si  7.513172120360  7.835541347720  5.527321330811  -2.250684998960  -1.078173936050  0.834257982567
  16  Si  1.084848791772  1.145015602426  1.106872338359  3.475838780118  2.308563971440  1.800202620580
  17  Si  1.011710647345  1.182848663787  5.501331986696  3.834921658937  2.586481276688  2.239584264806
  18  Si  1.021120787545  5.518230666350  1.068747753126  3.495711808977  2.228488499620  1.882977676288
  19  Si  0.946660287423  5.564689349557  5.456485851975  3.868652431858  2.328848803616  2.160834148484
  20  Si  5.460721023141  1.166351255030  1.161140915987  -0.056720486694  0.262914891158  -0.627641416287
  21  Si  5.399556909074  1.224457415601  5.552274583267  -0.003663544423  -0.023383996146  -0.195734956128
  22  Si  5.401451879982  5.563821085447  1.115255337816  -0.009275610470  -0.184761266009  -0.605893931617
  23  Si  5.340724689108  5.622333111052  5.506279104015  -0.131654566871  -0.189544058456  -0.123424388575
  24  Si  1.014248533975  3.348013853077  3.283594291354  3.610671669842  2.463288450964  2.581354568013
  25  Si  0.952910793187  3.389974459213  7.683242075305  2.719074807319  3.188905701958  3.505344467794
  26  Si  0.956795040486  7.733041442495  3.239638390685  2.561977811716  1.862241943169  3.762004168988
  27  Si  0.898088828983  7.766486770790  7.642020479229  1.792343033763  2.157106261389  4.310709378869
  28  Si  5.403803840106  3.394777153331  3.335206388231  -0.201951799970  0.021048022672  -0.124172080398
  29  Si  5.340941530529  3.437564087120  7.722316636858  -1.187989776171  0.742223624023  1.559470729516
  30  Si  5.344119138492  7.788174608533  3.300686741667  -1.658269568261  -1.117700223769  1.175367409070
  31  Si  5.269248440777  7.822217229034  7.685506740630  -1.991970536406  -0.368941304821  2.240334179836
  32  C  0.189469041905  0.105790952802  0.106394861225  -1.052826921309  -2.103564350391  -4.223257450508
  33  C  0.123349947027  0.157066610802  4.493826095021  -1.732741667172  -1.926829466764  -3.661284841977
  34  C  0.115114115959  4.483538056914  0.067438754896  -1.876514810838  -2.928076150608  -3.453087377485
  35  C  0.050642266604  4.527407550774  4.460554708661  -2.893655818531  -2.451563500238  -2.378028598204
  36  C  4.393017743410  0.066081159517  0.049084019395  2.145817085083  0.122354679436  -1.776288227103
  37  C  4.340763277115  0.101489705199  4.452339215998  1.618097792347  0.852707435817  -1.303908577321
  38  C  4.330308392074  4.440669009954  0.005434204834  1.129372904982  -0.781630841722  -0.683192265516
  39  C  4.269550814866  4.500329546038  4.410118561776  0.357022345871  -0.222951814356  0.180695070633
  40  C  0.120389612863  2.319352114044  2.290829803574  -3.110363746867  -2.640038206445  -2.714252260803
  41  C  0.055210498321  2.360405176791  6.678568720182  -3.090184315801  -2.409744561232  -2.332753065717
  42  C  0.062836439898  6.708251665583  2.249061043542  -3.301276600918  -2.883905513149  -2.502858878960
  43  C  0.010609534920  6.736470966190  6.627955889287  -3.234764995052  -2.207018315896  -2.124446631233
  44  C  4.329132314641  2.263936973571  2.240285613255  0.339068533916  0.094259339935  0.061803747067
  45  C  4.270749298280  2.320260502193  6.616656997726  0.119113774253  0.065413297416  0.361647322271
  46  C  4.275896818543  6.641798080265  2.199147678728  0.032849501393  0.418481359521  0.199995541232
  47  C  4.212308193793  6.701188547093  6.571049350759  -0.131565321775  0.147590957073  0.725340938375
  48  C  2.174201840392  0.055549945345  2.214212429013  1.721743044836  0.995845503400  -0.783683247418
  49  C  1.890028379891  8.854990133494  6.614758321664  1.586435503377  0.966821325389  -0.705398554212
  50  C  2.107456707808  4.427421639795  2.193229031020  0.300356766974  0.506865637979  0.234820289489
  51  C  2.053273326617  4.493447545784  6.572065234963  -0.121788966216  0.155513878872  0.615849032741
  52  C  6.555743828490  0.116244580259  2.290717433628  1.676229216102  0.615289567304  -1.382156743198
  53  C  6.507428817775  0.142664097241  6.665963564054  1.249131742892  0.864273380168  -0.977345400863
  54  C  6.518872488110  4.494278519312  2.237836958522  -0.344668159988  0.057582354207  0.265182894469
  55  C  6.431026728517  4.554713785491  6.637944258709  0.128377427798  -0.163868025079  0.088081709304
  56  C  1.921062745442  2.387575871130  8.912538523077  1.337978097662  -0.348625543455  -0.634899154896
  57  C  2.113309708273  2.266111507827  4.397526679105  0.228065378435  0.312983061418  0.466223510440
  58  C  1.868059093266  6.780937920774  8.880401396217  0.964132899891  -0.632678702347  -0.576677535980
  59  C  2.054916704984  6.659797002702  4.360693369313  0.006166771648  0.207592010035  0.500461249847
  60  C  6.556715764268  2.270235271188  0.076955832330  1.106795893689  -0.594820136904  -1.291904682457
  61  C  6.497940170287  2.310179029708  4.459040592949  0.075443207752  0.323460236926  0.184002219751
  62  C  6.495303662698  6.672679445865  0.024256934726  1.066939969692  -0.724814695375  -0.829256761819
  63  C  6.447897481592  6.716824860114  4.424690900071  -0.130037322517  -0.025442811262  0.172538617635


MDSTEP:  7
LATTICE_CONSTANT: 1.889726125458
LATTICE_VECTORS
  8.589659033541  0.000000000000  0.000000000000
  -0.218066808883  8.750711912065  0.000000000000
  -0.249842313295  0.167709573393  8.913357190485
VIRIAL (KBAR)
  88.495726801363  98.562983161920  82.079703567400
  98.562983161920  69.794259187901  -20.487047351802
  82.079703567400  -20.487047351802  13.122558998729
INDEX    LABEL    POSITIONS    FORCE (eV/Angstrom)
  0  Si  3.242919916868  1.159220694724  3.329436189109  -0.196299604539  0.361705471178  -0.124839368848
  1  Si  3.168555345708  1.229118803068  7.724735228066  -0.968240027817  0.680810938407  1.115420280956
  2  Si  3.179627127373  5.550197294714  3.290874178885  -0.301082468295  0.180024291812  -0.215116467495
  3  Si  3.102513081931  5.610328288926  7.684290580705  -0.899148051374  0.606137576052  1.080439982487
  4  Si  7.617879094709  1.232380648806  3.380107949086  -0.664813760855  -0.041033882757  -0.197416618258
  5  Si  7.557191642805  1.262704622073  7.780795300268  -1.538525983607  0.643076575716  1.242977252929
  6  Si  7.565192007280  5.620789858986  3.352150874670  -0.800185711921  -0.326232350473  -0.390920885769
  7  Si  7.517815709086  5.666727146077  7.729766429724  -2.102210592904  0.407706733247  1.367093110513
  8  Si  3.224090749840  3.333566217158  1.125141086905  0.179510436089  0.107259423479  -0.772916606848
  9  Si  3.167221832161  3.390518241196  5.500424425452  0.056630014489  -0.021059751458  -0.266195156045
  10  Si  3.165602785407  7.724181877657  1.077464393990  -0.999239193102  -0.745292345389  0.548803163821
  11  Si  3.133011286916  7.776598770725  5.462117455475  -1.986283803077  -0.886960182616  0.997719099423
  12  Si  7.623093546120  3.405739096462  1.166983325960  -0.661778479849  -0.590010635227  -0.729411320736
  13  Si  7.562863652021  3.440927567379  5.560384250206  -0.991679102641  -0.231852957537  -0.062066979032
  14  Si  7.569652408633  7.786998924517  1.143166887567  -2.236158031171  -0.944599861008  0.098765754190
  15  Si  7.512616694683  7.836465880970  5.530150571566  -2.181704464653  -1.026984821783  0.699430692593
  16  Si  1.091681085078  1.145509602759  1.107799706595  3.318126712408  2.132327627155  1.619204631549
  17  Si  1.013045043672  1.179267579332  5.497801891499  3.851241613867  2.724822239328  2.325410260583
  18  Si  1.017134911382  5.516525584570  1.064252396921  3.712692298438  2.420901608250  2.063723470208
  19  Si  0.942510954807  5.565254510417  5.455973774209  3.965617738190  2.329299148879  2.164738365534
  20  Si  5.461370691619  1.167855968373  1.162107684558  -0.177894709779  0.243600840992  -0.629036406164
  21  Si  5.397853026190  1.224283133782  5.548965333144  0.011514910428  0.033575874045  -0.120021992519
  22  Si  5.404808873049  5.558660535882  1.118050629329  -0.086040316539  -0.151594657661  -0.638273859022
  23  Si  5.338691066966  5.617096914871  5.509916614480  -0.059726405506  -0.217358019155  -0.185145333955
  24  Si  1.013844339552  3.348633641836  3.280397932070  3.660073876305  2.389676703141  2.717422511277
  25  Si  0.951893253436  3.396778276461  7.687375040854  2.602967604747  2.986480588235  3.255529042665
  26  Si  0.952549210527  7.739310712761  3.237843476794  2.462823904533  1.580120061058  3.652170214052
  27  Si  0.899604460319  7.767157306691  7.641661362153  1.926723870127  2.499449069562  4.315522582086
  28  Si  5.406051792323  3.395243987533  3.336569960516  -0.297939606598  -0.015359100577  -0.126676129773
  29  Si  5.343425437723  3.438517235312  7.718306757577  -1.347594998262  0.543542054575  1.629512881709
  30  Si  5.339470102253  7.783440985948  3.303676248063  -1.413930996990  -0.829538356266  0.975355926203
  31  Si  5.271384109213  7.821755169912  7.682978911466  -1.959743735470  -0.289346148106  2.201666374491
  32  C  0.196720028621  0.099984566566  0.098907840865  -1.062904144474  -2.020345641117  -3.949159790807
  33  C  0.125905414479  0.157103693927  4.487625231174  -1.884651221721  -1.975188038580  -3.623212464561
  34  C  0.114439165633  4.488997988443  0.069800867379  -2.031954706493  -3.181457205199  -3.627312087854
  35  C  0.051648515475  4.521523858213  4.463767156572  -2.941393144378  -2.355296464255  -2.472664768921
  36  C  4.393808625570  0.063168780753  0.052646124032  2.053422363613  0.170672010324  -1.824815271144
  37  C  4.345151289236  0.109282093206  4.447430902990  1.537467139522  0.541183403993  -1.164896872080
  38  C  4.322748081914  4.441950020222  0.010469346313  1.236371156040  -0.754520157122  -0.710623528165
  39  C  4.272262426375  4.497739651700  4.408173224354  0.299776961457  -0.208012425679  0.246264709856
  40  C  0.122106965159  2.317324695667  2.288649749870  -3.091368387460  -2.588976705510  -2.704491226001
  41  C  0.052155950013  2.354132910200  6.684924420896  -2.905767426310  -2.173224053852  -2.350414831012
  42  C  0.063312021755  6.700953202133  2.242421489324  -3.178328353807  -2.593183090843  -2.264624702271
  43  C  0.015786129779  6.742405673058  6.631947266092  -3.456272248329  -2.455172728873  -2.336459417291
  44  C  4.325178039429  2.263810751421  2.245103267622  0.421700584287  0.135763342976  -0.025746383287
  45  C  4.263012304631  2.314699821543  6.609059154934  0.301480260970  0.179115317488  0.549937422812
  46  C  4.281955294216  6.644330183462  2.197151342898  -0.097592132228  0.268663388877  0.256210411839
  47  C  4.214481573688  6.697849194038  6.567840400375  -0.158435997318  0.210403847089  0.779037241256
  48  C  2.182745153176  0.053166487888  2.220442198665  1.591360157005  1.044329947478  -0.924768374540
  49  C  1.895304923778  8.863750203736  6.609898152269  1.462691680816  0.681303533819  -0.551104750276
  50  C  2.100867613826  4.431286124472  2.197959520377  0.403340136161  0.481183823343  0.099192128203
  51  C  2.055087475237  4.487715576352  6.564023276306  -0.189442579093  0.341347610944  0.800895049069
  52  C  6.558489926648  0.122751503964  2.284830691531  1.517264062614  0.339518412271  -1.103420608213
  53  C  6.513944866386  0.148404106726  6.659367600658  1.047932774293  0.694246752731  -0.828606606691
  54  C  6.521064155740  4.486401826253  2.240779216116  -0.323568522560  0.207457454856  0.242982920272
  55  C  6.429624373901  4.547568551304  6.643873052191  0.273359839424  -0.006138757628  -0.064264198247
  56  C  1.921485745429  2.395056337503  8.911340444513  1.339162967206  -0.427994546173  -0.529119850025
  57  C  2.119426143667  2.267660486355  4.402497256759  0.046418136415  0.252826664100  0.266887281568
  58  C  1.862233164800  6.780145435893  8.872608746041  1.109859414287  -0.664943817024  -0.388617766841
  59  C  2.046438513233  6.654939631804  4.353007377990  0.196670424957  0.341060952665  0.635239461652
  60  C  6.553570228698  2.266644974110  0.080029366203  1.161735942292  -0.475018531364  -1.380727537059
  61  C  6.489765967765  2.317980406848  4.466184869064  0.275830627751  0.146022757322  -0.013632304397
  62  C  6.488131292324  6.672296276649  0.027857879263  1.189472936455  -0.711690050002  -0.871442957723
  63  C  6.443729155361  6.713774083136  4.425400296311  -0.021341636067  0.002769237851  0.220611198075


MDSTEP:  8
LATTICE_CONSTANT: 1.889726125458
LATTICE_VECTORS
  8.589659033541  0.000000000000  0.000000000000
  -0.218066808883  8.750711912065  0.000000000000
  -0.249842313295  0.167709573393  8.913357190485
VIRIAL (KBAR)
  87.801530557813  97.286266388184  80.387533129352
  97.286266388184  68.614876800088  -21.673633808153
  80.387533129352  -21.673633808153  12.296655366092
INDEX    LABEL    POSITIONS    FORCE (eV/Angstrom)
  0  Si  3.242055503867  1.165100668561  3.330371234027  -0.272005751626  0.186086971662  -0.094127182778
  1  Si  3.163195059050  1.227898132381  7.727312506649  -0.757693565443  0.778812464918  1.085872064471
  2  Si  3.184768823742  5.554496958082  3.292303752699  -0.405600006250  0.040673245364  -0.168956561045
  3  Si  3.100814189961  5.612798035858  7.680927218387  -0.840040727320  0.588253820401  1.223748680052
  4  Si  7.613343550893  1.236134921986  3.382256578993  -0.496243763480  -0.197486176672  -0.182524805870
  5  Si  7.553349880562  1.266876073884  7.786054732117  -1.409677090962  0.655400512997  1.154576944345
  6  Si  7.562064072413  5.615638493434  3.348508013668  -0.557889863862  -0.222622115039  -0.197236915932
  7  Si  7.510982251034  5.662184811923  7.725882849654  -1.844077526373  0.559382732373  1.483716189602
  8  Si  3.229114966011  3.329422044378  1.126813384948  0.044271463842  0.409550266149  -0.825473571477
  9  Si  3.169055213143  3.389621597153  5.506289621239  0.062400070209  -0.050311844986  -0.344004364020
  10  Si  3.161324045748  7.728390448350  1.083214293456  -1.032946015792  -0.860205328598  0.387593752017
  11  Si  3.135522381594  7.781882019049  5.460416019688  -2.076860424149  -1.031453882959  1.088442177051
  12  Si  7.622102752304  3.410218495741  1.162775358076  -0.742131776921  -0.665262032357  -0.633826850572
  13  Si  7.557112000560  3.437989020956  5.564818054342  -0.939272520344  -0.037624339417  -0.218185578805
  14  Si  7.565889672990  7.785659364650  1.145273317929  -1.987952271487  -0.771744774962  -0.047145134400
  15  Si  7.517240115932  7.837935809799  5.530262885660  -2.166023786924  -1.111664766859  0.728424698947
  16  Si  1.096875371026  1.151362869161  1.109339714869  3.151306089871  1.982520451467  1.458213012575
  17  Si  1.008762920910  1.185364143965  5.501053111771  3.732937053214  2.441164871798  2.145978294388
  18  Si  1.014602946889  5.521329286276  1.069383691621  3.484095544959  2.160261627959  1.717201856355
  19  Si  0.948154711259  5.565689670566  5.454099365601  3.797287454259  2.184738803137  2.114991790432
  20  Si  5.465396604431  1.169790136477  1.157587098429  -0.224736377530  0.136255263060  -0.637764637266
  21  Si  5.401354372121  1.223187627753  5.544056580923  -0.041439334722  -0.049564133768  -0.057660236447
  22  Si  5.400081507015  5.562888971067  1.123796926586  -0.044555962453  -0.244886599234  -0.715704006082
  23  Si  5.336166358056  5.622042792088  5.506808691157  0.034374107683  -0.326959129663  -0.048326111304
  24  Si  1.010901687264  3.345329651360  3.283423130499  3.528268171208  2.244835009284  2.442773249679
  25  Si  0.956810932508  3.392901258504  7.686256853296  2.369836395220  2.989866838315  3.118557318611
  26  Si  0.951139772534  7.745155893749  3.235831267623  2.463920866612  1.468597831938  3.814021037099
  27  Si  0.905145579248  7.773864112035  7.638886507600  1.837022436238  2.539206342947  4.433557739416
  28  Si  5.407129968454  3.391128389946  3.342392005989  -0.380953301075  0.106688578483  -0.351781169380
  29  Si  5.342414318088  3.432724028333  7.718216075100  -1.384371042289  0.719019974398  1.500852007782
  30  Si  5.341969092183  7.787414086673  3.299060313776  -1.406744632086  -0.986115359949  1.068388326748
  31  Si  5.275542101956  7.823260244536  7.683828229530  -1.999492247952  -0.283467137906  2.214948585679
  32  C  0.205216485534  0.103037216472  0.093017340279  -1.198585035757  -2.067913973636  -3.737611405636
  33  C  0.133458217647  0.146957613860  4.480267952163  -1.840887568044  -1.584760615624  -3.368997089219
  34  C  0.107812702754  4.480866161891  0.065538397095  -1.666867835358  -2.788688544886  -3.351892837998
  35  C  0.056895644937  4.510802351182  4.462340564608  -3.026511891880  -2.101552559445  -2.290902832839
  36  C  4.390242280870  0.060433116768  0.050442229259  2.142867504240  0.227397391126  -1.719772477302
  37  C  4.345580663425  0.104899302613  4.445293992622  1.628996739735  0.720004046728  -1.264683174510
  38  C  4.325831099986  4.447737327252  0.011817840129  1.157357776375  -0.853955886318  -0.697462744341
  39  C  4.274156604067  4.493722017951  4.410551965890  0.256119016719  -0.144813096247  0.232746075962
  40  C  0.110876563794  2.306552763363  2.285763598424  -2.727322309045  -2.126619939803  -2.506735135386
  41  C  0.042909586159  2.360488375266  6.675370431495  -2.732668348648  -2.223643675648  -2.019372682505
  42  C  0.063394573387  6.706915861809  2.247017769095  -3.314504070267  -2.773837715358  -2.394282819845
  43  C  0.022333040508  6.748140210037  6.637332188416  -3.617929161375  -2.682009515155  -2.520544841018
  44  C  4.320987683814  2.257226682954  2.237362519436  0.585282112509  0.257405649877  0.153492200475
  45  C  4.266782496279  2.306354805471  6.602357122649  0.249187374483  0.260054448245  0.684276728293
  46  C  4.276558881108  6.640246972820  2.196746336320  0.010871671353  0.471530279071  0.297120075784
  47  C  4.217704021913  6.702319243417  6.572443602077  -0.227318155981  0.193616223538  0.632952388688
  48  C  2.176766340601  0.050990523401  2.220664394528  1.815544271476  1.271756594354  -0.950716909176
  49  C  1.900547838662  8.872341726943  6.615975723892  1.337201969597  0.635979003749  -0.755674455715
  50  C  2.098034714218  4.440375552564  2.205273036933  0.474161367241  0.214133214267  -0.037173569129
  51  C  2.060470520063  4.480374788706  6.570595963133  -0.245324924346  0.501316408577  0.664199661124
  52  C  6.566983842556  0.127450718015  2.288513665482  1.294025852552  0.293645139858  -1.238531335435
  53  C  6.519071489663  0.153305891557  6.661572385226  0.980519729937  0.619766968080  -0.888990674561
  54  C  6.522945114468  4.495789203685  2.246557433145  -0.450489473514  -0.060545770447  0.095364064659
  55  C  6.433670528507  4.550906610806  6.650321299467  0.034638891355  -0.107011842287  -0.279384453742
  56  C  1.928650011325  2.402143245353  8.903710495033  1.273701651475  -0.617915548125  -0.340194946381
  57  C  2.115535370949  2.269238279084  4.409213520944  0.147638483778  0.240564336980  0.142801704104
  58  C  1.853768312801  6.783134557738  8.866377810884  1.284803625172  -0.686220375321  -0.174392340456
  59  C  2.047610903748  6.653399063712  4.346237397105  0.238354331246  0.458174352919  0.795346382465
  60  C  6.552632396758  2.270697682473  0.070937088867  1.177715916167  -0.582958522679  -1.167676837323
  61  C  6.485944571479  2.318661482857  4.459981539565  0.348364813979  0.099087820023  0.157310604832
  62  C  6.481567408717  6.670157687260  0.034797685393  1.267728596313  -0.600454145306  -0.944072624330
  63  C  6.450167720187  6.707088490456  4.428155704041  -0.151684585760  0.186521864613  0.134315700591


MDSTEP:  9
LATTICE_CONSTANT: 1.889726125458
LATTICE_VECTORS
  8.589659033541  0.000000000000  0.000000000000
  -0.218066808883  8.750711912065  0.000000000000
  -0.249842313295  0.167709573393  8.913357190485
VIRIAL (KBAR)
  86.917267636048  96.310113703357  79.641442703722
  96.310113703357  67.200235385740  -22.092396290974
  79.641442703722  -22.092396290974  10.605769954150
INDEX    LABEL    POSITIONS    FORCE (eV/Angstrom)
  0  Si  3.241906553090  1.168551481947  3.332007080038  -0.296674350555  0.034546430079  -0.143435863796
  1  Si  3.160214587346  1.227663549433  7.725127633978  -0.777531449270  0.845622904277  0.974186741955
  2  Si  3.179883744100  5.551696474719  3.288311075301  -0.181231921243  0.161309537469  0.016916197698
  3  Si  3.097313978110  5.614003947561  7.684927616149  -0.890350562312  0.653812142472  1.105084795435
  4  Si  7.607937275294  1.237105284036  3.381673420851  -0.250204188131  -0.166866456640  -0.174674754604
  5  Si  7.550060438635  1.262290173378  7.791222454561  -1.434677723183  0.751914092152  0.902721020702
  6  Si  7.560548841065  5.616003077057  3.349745924094  -0.591094175995  -0.308614179237  -0.097507383414
  7  Si  7.510016802441  5.666556225634  7.721534862054  -1.748514866111  0.415547304969  1.559689146035
  8  Si  3.231038164106  3.335056882152  1.127136239318  0.018811727260  0.298430315086  -0.800753316891
  9  Si  3.169753699257  3.393042097954  5.508672442050  0.104693202470  -0.180245161559  -0.552861251769
  10  Si  3.156887011748  7.724920838667  1.082678966673  -0.841087896734  -0.726392491464  0.347329819260
  11  Si  3.138951266641  7.782189779083  5.466175695466  -2.104392653500  -0.932754499229  0.900773596490
  12  Si  7.616875888832  3.412462692956  1.158572526646  -0.725672516455  -0.648378255628  -0.517201593466
  13  Si  7.554439146932  3.443793593077  5.568318203894  -0.850924675879  -0.179009657080  -0.455298086100
  14  Si  7.559880160702  7.779419569445  1.143314065997  -1.573791194042  -0.528231906695  -0.054024865923
  15  Si  7.517205345260  7.835330454635  5.530315386904  -2.103154515986  -1.045953515394  0.643337345843
  16  Si  1.096882055339  1.155053312905  1.103527627887  3.060790334119  1.845314965600  1.632578164482
  17  Si  1.003718723732  1.182323863098  5.506212913815  3.946012386755  2.681276507574  2.002174003981
  18  Si  1.011171916498  5.526656860462  1.073333956750  3.558266569281  2.016717713609  1.590400585436
  19  Si  0.951994090492  5.565146332718  5.455067705825  3.687637215349  2.214989092386  1.916980790962
  20  Si  5.463798861096  1.171017249330  1.160992018055  -0.223320056446  0.156163800604  -0.747199468004
  21  Si  5.405707486268  1.221936917782  5.541766537184  -0.111621192540  0.007325364316  -0.175598088910
  22  Si  5.403262925056  5.563155622308  1.117197190030  -0.082823759359  -0.187875754557  -0.558891178473
  23  Si  5.341946180201  5.626487448256  5.512812098153  -0.385252753288  -0.481160378011  -0.194179076627
  24  Si  1.014900563925  3.351887653500  3.277751313624  3.305379822681  1.786804538379  2.428674045624
  25  Si  0.951912407908  3.393868205322  7.685150124265  2.341119216419  2.773266535649  2.988973958786
  26  Si  0.952632193168  7.751080644328  3.231416447668  2.244360140146  1.114475043160  4.119796073766
  27  Si  0.906665948411  7.780386399585  7.637361961241  1.861179677385  2.484524630456  4.451211192473
  28  Si  5.405754545338  3.385630640933  3.337252521895  -0.299742906124  0.271963174991  -0.196309049681
  29  Si  5.337498128828  3.436527845447  7.718975529020  -1.304157399905  0.536360235658  1.484827600893
  30  Si  5.343843326956  7.782555203596  3.294295128864  -1.415497214817  -0.861043398982  1.124238572320
  31  Si  5.274280351987  7.829566474693  7.684779629752  -1.957958913353  -0.343759420649  2.221750496093
  32  C  0.209928763617  0.106030705968  0.080816908848  -1.252842346187  -2.366349432098  -3.409048160161
  33  C  0.137964197979  0.149133714997  4.485357517239  -2.125147326404  -1.789479215742  -3.645225104030
  34  C  0.111638303342  4.476310856936  0.069464913748  -1.732917365876  -2.614802801142  -3.520168434117
  35  C  0.059698372172  4.508089155666  4.457001690816  -2.993693031678  -1.928515210715  -2.068652046289
  36  C  4.383841368440  0.070604144948  0.043824811643  2.189645813276  -0.008528134758  -1.430690938160
  37  C  4.340038058736  0.106800241229  4.437656107785  1.817472292954  0.628305047799  -1.100681819948
  38  C  4.325274902350  4.456496419158  0.006198341567  1.204731628381  -1.044270912283  -0.583037991029
  39  C  4.275227855288  4.486234859916  4.401092944327  0.281493954978  0.070178801624  0.449916419508
  40  C  0.099898444684  2.311104199763  2.277217666851  -2.405177037579  -2.025445610937  -2.247083663025
  41  C  0.034104888547  2.354057259459  6.666982417288  -2.510674659438  -1.925084278572  -1.653870237477
  42  C  0.064439340351  6.695692265159  2.253008863062  -3.324317985243  -2.416643869181  -2.413674071784
  43  C  0.023961699458  6.753000774762  6.636645390009  -3.621712466462  -2.790571054212  -2.498026799872
  44  C  4.323763102515  2.259587493205  2.246534280051  0.515212354810  0.205388234880  -0.149213413056
  45  C  4.265881428311  2.303926073900  6.600904647373  0.279498436628  0.320475695812  0.734967945158
  46  C  4.281993413930  6.639891443830  2.194945597224  -0.106941312316  0.431193642069  0.205777460784
  47  C  4.207685687210  6.704914890410  6.582260809798  0.044001386243  0.141310458336  0.553613289570
  48  C  2.171792713049  0.042940720641  2.228628893785  2.023375306585  1.656938587213  -1.372957841658
  49  C  1.900156349806  8.874672324465  6.606700457388  1.374994112070  0.588336055545  -0.549140842520
  50  C  2.097329566461  4.443605653472  2.212860329590  0.491547977672  0.223201035157  -0.351419948459
  51  C  2.062680767112  4.487251677228  6.564076211457  -0.319873741521  0.329195590813  0.873963857364
  52  C  6.573690440422  0.127842499035  2.281495699813  1.122468710706  0.127459627242  -1.096450762777
  53  C  6.523415068577  0.148469000602  6.651824634718  0.886425308177  0.645447638060  -0.687846375135
  54  C  6.517451510796  4.502736685936  2.249780072647  -0.396044780927  -0.216676537649  -0.082628549454
  55  C  6.427589475031  4.546689908292  6.640579649290  0.165014405969  0.054134226031  0.024148528977
  56  C  1.931587762476  2.392916313451  8.903211298784  1.286807764057  -0.328757862069  -0.430354713401
  57  C  2.125554745590  2.260890858250  4.401516816932  -0.159756486930  0.470814134775  0.348391838096
  58  C  1.863984316790  6.777636192426  8.859380504524  1.048907159249  -0.625843787706  -0.102970078652
  59  C  2.055688888274  6.657379942263  4.351864416104  0.093123455550  0.402552189954  0.668498795227
  60  C  6.562822365933  2.262730550017  0.068019666739  0.909502133734  -0.443985962300  -1.209897591628
  61  C  6.493059855052  2.323675177833  4.454577050790  0.174501808913  0.016465907621  0.260621485460
  62  C  6.492393532035  6.670250916158  0.038689957242  1.015958764143  -0.603644558255  -1.188182224040
  63  C  6.443804957914  6.701344206970  4.437605115046  0.045842359832  0.357123100929  -0.072388184049


MDSTEP:  10
LATTICE_CONSTANT: 1.889726125458
LATTICE_VECTORS
  8.589659033541  0.000000000000  0.000000000000
  -0.218066808883  8.750711912065  0.000000000000
  -0.249842313295  0.167709573393  8.913357190485
VIRIAL (KBAR)
  86.731626374473  94.634856157970  80.043015781768
  94.634856157970  66.900358378928  -22.727441304775
  80.043015781768  -22.727441304775  10.643334951233
INDEX    LABEL    POSITIONS    FORCE (eV/Angstrom)
  0  Si  3.238172188260  1.167871158346  3.336325952607  -0.127423645615  0.053262540109  -0.088251687409
  1  Si  3.165430294215  1.229972395992  7.720033740693  -0.920450270138  0.761259628939  1.007846868701
  2  Si  3.185656138011  5.548157087992  3.283784544093  -0.404428025986  0.196090927905  0.194000138331
  3  Si  3.095748316987  5.610547364409  7.681802561465  -0.810132570301  0.680967613577  1.121819167786
  4  Si  7.608123842066  1.232784268359  3.381623216081  -0.288402122854  -0.007463527406  -0.140593846810
  5  Si  7.552032733215  1.256804463443  7.787104496314  -1.466656595373  0.782150683557  0.990419016497
  6  Si  7.559324806605  5.609612049868  3.347032964484  -0.507879128557  -0.186285578933  -0.049815205444
  7  Si  7.513963405855  5.672082457036  7.715867707969  -1.988036825470  0.210007030433  1.658925227564
  8  Si  3.224826271896  3.340392105179  1.127994580691  0.107244933722  0.139316917624  -0.786187085445
  9  Si  3.173727832647  3.386955832873  5.512475095875  -0.005224901272  -0.013275171635  -0.677781039152
  10  Si  3.160062800721  7.721952600620  1.079160589118  -0.931562394146  -0.656350354566  0.454558859086
  11  Si  3.139123102656  7.777695373975  5.471803884753  -2.038093063021  -0.743300223153  0.685426398477
  12  Si  7.619030905528  3.406962542541  1.153180672626  -0.824003577974  -0.590238006440  -0.424932922513
  13  Si  7.558956888499  3.444133006963  5.566204515759  -1.057498525408  -0.148692179044  -0.371915345623
  14  Si  7.553706762279  7.772973435087  1.144012642641  -1.513341862962  -0.382182744855  -0.182205922682
  15  Si  7.517797987403  7.838109730246  5.532447610087  -2.006763037858  -1.126303069610  0.624773688919
  16  Si  1.101758768661  1.150866812596  1.106652796041  3.039758600668  2.041853322623  1.694201302782
  17  Si  0.999281993824  1.189909953636  5.507910429240  4.001778222604  2.540691213993  1.717268257830
  18  Si  1.007337094172  5.520858191086  1.073184609022  3.629683169810  2.043230439404  1.559534366336
  19  Si  0.956275248707  5.570292042889  5.455944309108  3.528041647894  2.103000691008  1.741095320985
  20  Si  5.463790910799  1.171982300492  1.165172759225  -0.278512723808  0.127237059421  -0.729094469959
  21  Si  5.409038305669  1.216807532639  5.535031592965  -0.035118039559  0.078297286003  0.017435899106
  22  Si  5.404984271087  5.567301593483  1.111991262310  -0.173292575930  -0.383832845957  -0.402503244780
  23  Si  5.345287554381  5.628404639083  5.515070476066  -0.404796314892  -0.560184440398  -0.384955323227
  24  Si  1.010614475483  3.355889368336  3.281584201455  3.488893693209  1.712835292196  2.470993211711
  25  Si  0.954950284734  3.392585893984  7.685376014051  2.046839247261  2.746550591768  2.641744458675
  26  Si  0.950609937445  7.746115549249  3.234148472709  2.284931761458  1.314065033347  3.827097814048
  27  Si  0.914014450100  7.777037707246  7.639934690735  1.627153656118  2.519283418231  4.084292239005
  28  Si  5.406432244379  3.383402671701  3.338675198907  -0.457689532850  0.251039825193  -0.254694727061
  29  Si  5.330196940886  3.430466892004  7.718422415027  -1.190281946645  0.561978697107  1.492756870395
  30  Si  5.343660015928  7.783021044277  3.301467634640  -1.390433352228  -0.758512725935  0.960038083318
  31  Si  5.271410021600  7.826641095797  7.680259183368  -1.878528947830  -0.289403037787  2.288150075778
  32  C  0.205964681994  0.113122093428  0.087046641543  -1.300826107255  -2.598171534896  -3.427563969916
  33  C  0.136241723543  0.151390993755  4.483972620188  -2.034324834239  -1.783578612466  -3.537392329518
  34  C  0.103176965777  4.480224021173  0.062751665124  -1.599897426922  -2.689508212650  -3.407182912549
  35  C  0.065418742390  4.505359765302  4.458646066097  -3.055660222163  -1.754691119665  -2.000060858670
  36  C  4.381891433854  0.075755076528  0.048413195785  2.191406637816  -0.068106212729  -1.546310254664
  37  C  4.350411876721  0.112112573578  4.446693097599  1.494415747283  0.351063259088  -1.200480164388
  38  C  4.326142871200  4.451049589218  0.001492075642  1.134903277192  -0.980961937623  -0.513359119992
  39  C  4.267023450296  4.481813175282  4.398275968366  0.518812024569  0.174270710724  0.563619858018
  40  C  0.098519331570  2.316071714468  2.284008172917  -2.385432577770  -2.187658809357  -2.415221775275
  41  C  0.032408872737  2.345135501487  6.659347394265  -2.383909231252  -1.555454560201  -1.343680774147
  42  C  0.064619491957  6.694027301545  2.243146445513  -3.298053183699  -2.391241735066  -2.207333918456
  43  C  0.022261866195  6.740410772844  6.641019323836  -3.392367985414  -2.299918504422  -2.487262718459
  44  C  4.316320498750  2.252944227171  2.248199355717  0.622146054346  0.370158591295  -0.194101254467
  45  C  4.264973334412  2.294891152479  6.591490460657  0.391034892093  0.410512899501  0.904359941353
  46  C  4.273471696935  6.637845901645  2.200873422113  0.162646487801  0.492541441140  0.027413388727
  47  C  4.215632224265  6.700940980065  6.582666332109  -0.195955045942  0.185702376574  0.536869210447
  48  C  2.180641139497  0.050693856525  2.233488159800  1.730109496031  1.301981515933  -1.332935775683
  49  C  2.111703496611  0.133033932741  6.597134109962  1.459396082128  0.345038361009  -0.276937244986
  50  C  2.097531160363  4.442329509578  2.220656714867  0.407415284022  0.284664695660  -0.560023214659
  51  C  2.060216812994  4.496990839144  6.554872301097  -0.202491444691  0.064461067112  1.032649046817
  52  C  6.576688005714  0.129660873811  2.281594617012  0.965667735638  -0.044219346834  -1.060079521218
  53  C  6.528908855036  0.141303662144  6.652512803171  0.792003723408  0.726247883143  -0.721632345116
  54  C  6.517686364837  4.497631651033  2.254755493052  -0.432651734455  -0.169713750711  -0.283690089705
  55  C  6.419450640026  4.551279132543  6.646957814520  0.359189600272  -0.095420583193  -0.099407467257
  56  C  1.924954812389  2.399371479345  8.896223103050  1.432744298407  -0.445443345821  -0.233149896051
  57  C  2.134131614022  2.265290184716  4.401676099896  -0.415452315467  0.405112887128  0.395753352161
  58  C  1.862883582385  6.777768267682  8.854989978081  1.158507537081  -0.728737664754  0.049113529260
  59  C  2.049173207015  6.661323262525  4.346085190023  0.299747136516  0.306154254964  0.767660382574
  60  C  6.558446601093  2.255191237792  0.069885399965  0.959764138250  -0.324926973195  -1.317708984215
  61  C  6.485563010607  2.324908084738  4.456489447590  0.399248942325  -0.033003497996  0.216028310322
  62  C  6.486275996120  6.662472229706  0.030545172909  1.156787964704  -0.405805235172  -1.101634508984
  63  C  6.448497156444  6.709728358670  4.433282156915  0.005300097320  0.121557386759  0.034235633472


