MDSTEP:  0
LATTICE_CONSTANT: 1.889726125458
LATTICE_VECTORS
  9.242425063724  0.000000000000  0.000000000000
  -4.541088222922  8.179959281449  0.000000000000
  -0.193842849022  -0.117303658888  9.986747319855
VIRIAL (KBAR)
  26.293842929025  -15.142304758417  22.978134586323
  -15.142304758417  -62.846680252644  17.273553578918
  22.978134586323  17.273553578918  142.229084359845
INDEX    LABEL    POSITIONS    FORCE (eV/Angstrom)
  0  Si  -0.014002683621  1.779729937849  2.545579263648  0.539365796033  -0.346492266218  1.253758507615
  1  Si  3.120136565241  7.123413896723  2.599454014623  0.224883918387  0.973719066398  1.085745836245
  2  Si  -3.082352213801  7.162066886262  2.545487039723  0.732144730507  1.000981468691  1.364378904605
  3  Si  4.638006687941  6.214199114005  5.169013779135  -0.502879080407  0.248462989705  -0.521934130190
  4  Si  1.499037881915  0.855386196810  5.102933994993  -0.064676606167  -0.894543845874  0.013576785820
  5  Si  7.715681344447  0.838541589015  5.148878700483  -0.641810438861  -1.207140206227  -0.033453588119
  6  Si  -0.068582250406  1.743322383592  7.632880306848  0.602099201794  -0.088776378233  0.950120828707
  7  Si  3.073321443895  7.107962079870  7.704603203135  -0.286891041783  0.718212474972  -0.084136363025
  8  Si  -3.123720756119  7.113357028134  7.635478724623  0.349215278575  1.385000970575  0.521115105993
  9  Si  4.783772417873  6.276966445164  0.256899238479  -0.584666322152  0.710119229636  -4.073146324670
  10  Si  1.661994690001  0.940318237623  0.197878377191  -0.430345964829  -0.871160966193  -3.722948325806
  11  Si  7.848132380294  0.913142176126  0.268520312277  -0.642458511932  -0.849280196904  -4.503644934011
  12  Si  -1.569580355205  4.466013381527  2.553387705498  0.947842524551  0.198922553863  1.498776827929
  13  Si  1.540325698725  4.449619900331  2.579924785713  0.145870294857  -0.002857133689  0.960196378479
  14  Si  0.018542944392  7.143092282176  2.591197371276  -0.011772894470  0.934155857470  0.506693180104
  15  Si  6.164809418523  3.514391882525  5.171621265671  -0.175921087512  0.356145044950  -0.434030232753
  16  Si  3.057551212932  3.531856148453  5.130172511544  0.162717840810  0.108369972684  0.282961118195
  17  Si  4.613297030614  0.833913583522  5.153975756921  -0.399705096466  -0.548305033048  -0.441457864717
  18  Si  -1.596538321920  4.435895961372  7.624976064484  0.314156479735  -0.011199052591  0.936301086759
  19  Si  1.485940007813  4.407006925957  7.691427958979  0.314267871709  0.402229672512  -0.356788153511
  20  Si  -0.034866350464  7.120333170433  7.667681554715  0.158561137339  0.733730706962  0.081366497288
  21  Si  6.316415516330  3.623447993792  0.250469449201  -0.615660829214  -0.497051429476  -3.468007612521
  22  Si  3.219424649596  3.621299166236  0.223272824410  -0.181100967876  -0.115032747382  -3.211604481621
  23  Si  4.740576957166  0.917086703748  0.233755907279  0.078583584061  -0.666512136931  -4.070864098233
  24  Si  3.081667404700  1.748767736610  2.564184168948  0.038504189119  -0.183575010098  1.204762943637
  25  Si  6.180727221413  1.744493503582  2.608908649132  0.110042474794  -0.310916082687  0.800773106346
  26  Si  4.633236145937  4.432022316366  2.620330418119  0.358529069321  -0.069844880835  0.881276536972
  27  Si  1.527695881930  6.219440744681  5.137452450360  0.128284071133  0.662810838445  0.149584912505
  28  Si  -1.581098854211  6.242486042604  5.093483804798  0.366381200705  0.440425254710  0.362880896899
  29  Si  -0.016692448147  3.538362167764  5.114412045405  -0.304745105704  0.402899123648  -0.166574850829
  30  Si  3.037626279487  1.727312843657  7.672662449334  -0.051635006868  -0.122903623589  -0.270122200224
  31  Si  6.135280437235  1.720533321079  7.679371931357  0.093571028522  -0.444627822499  0.713743875356
  32  Si  4.603314176487  4.413521314920  7.687290866101  -0.324252007967  -0.119317270948  0.253133174368
  33  Si  1.671165965241  6.301254142943  0.240739502371  -0.114216604267  0.708029120110  -4.140228846702
  34  Si  -1.427036283264  6.320762246807  0.183558916636  0.083164719144  0.382016048089  -3.002541777171
  35  Si  0.118860807693  3.634185911540  0.196974530820  -0.200938257969  0.105689044394  -3.261653648898
  36  C  -0.042383842407  1.753666543563  4.454088629032  0.528588480687  0.094303283240  0.172064507154
  37  C  3.093679082055  7.113961361844  4.532916667914  0.064720579888  0.936397120758  -0.306977902141
  38  C  -3.117320673097  7.140888319775  4.459504188312  0.543901379424  1.070031618500  0.375500742426
  39  C  4.612524401386  6.208055937869  7.062334365070  -0.370046227668  -0.070980997268  -0.389604714459
  40  C  1.475621331043  0.860787000738  7.010095104872  0.196967461192  -1.195797810650  0.172385286648
  41  C  7.693617794847  0.822267305121  7.071251086232  -0.901106371997  -1.120701532828  -0.583537738439
  42  C  -0.081945783767  1.743944646024  9.564686991652  0.335415660512  -0.569231906785  -0.529884492010
  43  C  3.034923965707  7.083932784072  9.611801351057  0.352287288583  0.815044825351  -0.215165585061
  44  C  -3.146369108426  7.110281905423  9.534431899026  0.122273975177  0.870970375086  0.307121384767
  45  C  4.676319738308  6.223075705675  1.993758586903  -0.679621845067  0.024492405470  2.583311404119
  46  C  1.533336552691  0.863775481569  1.934636588519  -0.031117122534  -0.745534904869  3.301009050146
  47  C  7.735448530145  0.833807652620  1.990683402202  -0.634598712004  -0.853984609794  3.314011081835
  48  C  -1.580288339805  4.470019848098  4.469709941079  0.513982502899  -0.555848636043  0.207222892374
  49  C  1.535677699741  4.456572289954  4.505424262193  -0.193648932040  -0.484294345117  -0.540149172225
  50  C  -0.001774580468  7.143582567901  4.496242763669  0.016677693124  0.695032780223  0.067555583695
  51  C  6.145539577937  3.505179194988  7.071650017826  -0.463424299992  0.062989251931  -0.617297749569
  52  C  3.048230107979  3.529719933133  7.038162584657  -0.047688499838  -0.065932821442  0.135674862609
  53  C  4.597483574124  0.831087431996  7.048003860062  -0.426391336291  -0.888997134050  0.106024427490
  54  C  -1.628629898301  4.423216267959  9.549509367540  0.632235765427  -0.067553957791  -0.360215724742
  55  C  1.496296831790  4.417405477987  9.589823942665  -0.348585619915  -0.328911093367  -0.546803760217
  56  C  -0.063024224406  7.113401396448  9.578309849642  0.316752259743  0.562223017495  -0.238354108116
  57  C  6.199834059763  3.532262809367  1.999083220875  -0.777930514215  0.036964750433  2.323160964186
  58  C  3.095662189453  3.542037082458  1.964306054357  -0.008214872241  0.278150579652  3.062405333417
  59  C  4.632231957998  0.862807633194  1.957346492965  -0.021335751713  -0.946681458202  3.863359619479
  60  C  3.049159301760  1.752898588269  4.492549758336  0.394933677272  -0.433631561402  -0.324597691917
  61  C  6.178303436105  1.743302620517  4.529164638922  -0.402485510696  -0.439428201820  -0.366185993564
  62  C  4.625412100442  4.420453122510  4.535368269594  -0.099046582401  -0.035325068214  -0.307340411831
  63  C  1.503533886557  6.218782470565  7.037705175031  0.273053865414  0.030136464208  0.196247947083
  64  C  -1.592685807329  6.221678987101  7.029487257874  0.345827448400  0.358478707179  -0.664938371550
  65  C  -0.058656620409  3.536371384031  7.017123951867  0.200133130059  -0.038795469965  -0.032293251989
  66  C  3.031086300150  1.727682501515  9.567574833203  -0.266636637397  -0.420137264721  -0.297772765812
  67  C  6.118898192115  1.712814754940  9.616276863275  -0.185665638752  -0.362517997258  -0.802217613943
  68  C  4.571006086209  4.389488078943  9.607684963833  0.211677578778  0.029528404340  -0.684111900391
  69  C  1.566374880213  6.250095391699  1.962773748596  0.028080277064  0.040320123905  3.589819901578
  70  C  -1.548229674482  6.256036702031  1.936965124491  0.485592836039  0.281632566237  2.793767672676
  71  C  -0.007920522933  3.562710897838  1.937196301904  0.079933028425  0.315207143191  3.178797215471


MDSTEP:  1
LATTICE_CONSTANT: 1.889726125458
LATTICE_VECTORS
  9.242425063724  0.000000000000  0.000000000000
  -4.541088222922  8.179959281449  0.000000000000
  -0.193842849022  -0.117303658888  9.986747319855
VIRIAL (KBAR)
  26.388674430336  -15.150901901242  23.004462809624
  -15.150901901242  -62.829210482728  17.332469296303
  23.004462809624  17.332469296303  140.965471729923
INDEX    LABEL    POSITIONS    FORCE (eV/Angstrom)
  0  Si  -0.013036726384  1.778950298998  2.546378147155  0.512572307181  -0.329225951599  1.230602269889
  1  Si  3.120046913064  7.123004799505  2.599856775096  0.227663095052  0.988519360970  1.083849638067
  2  Si  -3.082177105790  7.162951418233  2.545940420750  0.727632030006  0.970200886415  1.364569236276
  3  Si  4.638739345144  6.213141053499  5.169212117170  -0.524712830589  0.287734761582  -0.525903706740
  4  Si  1.499031112336  0.856022792006  5.103216395051  -0.067378448266  -0.902004001415  0.004132377799
  5  Si  7.716129384639  0.838754490509  5.148539209672  -0.664552826668  -1.213102731963  -0.031402421357
  6  Si  -0.068480579164  1.743319343203  7.632764163861  0.595101008603  -0.088617521958  0.942204130072
  7  Si  3.074076396747  7.108904865907  7.704638062424  -0.297989437808  0.708576828705  -0.092600363293
  8  Si  -3.123125361459  7.113843837703  7.635094565816  0.336868839517  1.380706131753  0.526026547086
  9  Si  4.783420067043  6.277402995688  0.256440561968  -0.571545932422  0.690501023288  -4.034713152255
  10  Si  1.661832885739  0.941105603534  0.197147510287  -0.434971613903  -0.890905562696  -3.651815858662
  11  Si  7.847910607135  0.912237663453  0.267717472795  -0.642237717222  -0.834021077143  -4.437721255965
  12  Si  -1.569181622189  4.465363616171  2.553463940985  0.931564212213  0.197990567264  1.497745320332
  13  Si  1.540415279529  4.450327354458  2.580281197705  0.140370139745  -0.006881856650  0.950972078911
  14  Si  0.018010178209  7.142719630641  2.590784484361  -0.015922318822  0.949439498252  0.540541100229
  15  Si  6.164272988046  3.513829934576  5.171711157415  -0.159564838545  0.367172576952  -0.456300519483
  16  Si  3.057306598319  3.533068839441  5.130753882032  0.172783556134  0.092200865817  0.249654786068
  17  Si  4.613151739713  0.834276696527  5.154505293147  -0.398813865076  -0.555576336583  -0.449280051073
  18  Si  -1.596483018874  4.435757572088  7.624725094039  0.307734563881  -0.019275670020  0.924985963547
  19  Si  1.486398060620  4.407626318015  7.690639889016  0.295058049329  0.392746117163  -0.348003692161
  20  Si  -0.035245386770  7.119676566182  7.667106022218  0.172026139747  0.749621553789  0.093571520029
  21  Si  6.316705524693  3.623490297872  0.249429124527  -0.639792938566  -0.503881465106  -3.391154568476
  22  Si  3.219018748524  3.620870426339  0.222302326560  -0.183890292101  -0.122340685566  -3.132173636669
  23  Si  4.741460756733  0.917268937631  0.232750287651  0.050162191081  -0.673774103334  -3.980035853063
  24  Si  3.081913846041  1.749375372201  2.564320960136  0.047123871921  -0.193255647232  1.218865671055
  25  Si  6.180424218593  1.744878291752  2.609532548163  0.110638704084  -0.330471270185  0.796810719686
  26  Si  4.633312645546  4.431823334454  2.620510355331  0.358024947576  -0.065800760066  0.885577921226
  27  Si  1.527119273215  6.220573456987  5.137053886237  0.147101836513  0.649980086628  0.148286884150
  28  Si  -1.581236163378  6.241959424948  5.094111535998  0.367479109072  0.460910929723  0.346391087334
  29  Si  -0.016832404124  3.539034469704  5.113727064693  -0.294374429412  0.395505651183  -0.172876917975
  30  Si  3.037832157555  1.726677915883  7.672870099272  -0.070742472411  -0.108714938969  -0.293395337224
  31  Si  6.133969991808  1.720864431717  7.680288159028  0.134019659663  -0.453848950477  0.690711724843
  32  Si  4.603330026343  4.412753382158  7.688172526736  -0.329211235284  -0.100232600591  0.213023688302
  33  Si  1.671162072682  6.300599731348  0.239661046538  -0.125563728475  0.707255977682  -4.010333818014
  34  Si  -1.426318346625  6.320726002658  0.182439084339  0.065467208057  0.380754021012  -2.911261918608
  35  Si  0.118840148600  3.634630799447  0.195927258147  -0.219678483421  0.087002412164  -3.204977286906
  36  C  -0.043366016975  1.753719477811  4.453448944901  0.556724249699  0.105863330306  0.194669607726
  37  C  3.093956425221  7.114718493794  4.531790184028  0.068721250187  0.919576517108  -0.269800488068
  38  C  -3.117743037288  7.140723657395  4.459578751968  0.558130596191  1.075345471359  0.388063789115
  39  C  4.612962235054  6.208749981733  7.062584641535  -0.371589570727  -0.096856865495  -0.382653992556
  40  C  1.474858508839  0.860176922763  7.010234388952  0.220467292607  -1.185522720466  0.172999813515
  41  C  7.693796115979  0.822235608913  7.071364472649  -0.917027724305  -1.109751611011  -0.579101486904
  42  C  -0.082139195945  1.744024511958  9.563926541631  0.330465794936  -0.569657315111  -0.517761481412
  43  C  3.034156568035  7.083645370110  9.612071366869  0.368554019126  0.817758698907  -0.226441273301
  44  C  -3.145208742639  7.110297582604  9.534116955077  0.097892781398  0.874351724371  0.310170314931
  45  C  4.676365271668  6.222329419607  1.994642850278  -0.672525436810  0.042231839840  2.530535930272
  46  C  1.534192076614  0.863267094288  1.936480219936  -0.036321202557  -0.733875509442  3.210024216169
  47  C  7.734852091373  0.834198143126  1.991592147483  -0.612462075971  -0.855719957020  3.254456859314
  48  C  -1.579562024231  4.470590654342  4.469304534550  0.492286279566  -0.576870607498  0.224316826699
  49  C  1.536305375281  4.457058383673  4.503703964696  -0.209486441486  -0.478339221906  -0.494679463741
  50  C  -0.002081879356  7.143916976268  4.496996302340  0.007619118144  0.697067002462  0.061709953296
  51  C  6.145506740399  3.504543395284  7.070328068054  -0.466446483879  0.076783564404  -0.581689172493
  52  C  3.047238200705  3.530046309281  7.036890540454  -0.024527240566  -0.074080735156  0.172401639358
  53  C  4.597863928801  0.831348100381  7.048677564145  -0.442998917211  -0.898334032506  0.100645617681
  54  C  -1.629815680577  4.423182062131  9.549110820398  0.657925717698  -0.066490361430  -0.365998052678
  55  C  1.495685472714  4.416441099872  9.590393512532  -0.338049874000  -0.311106749936  -0.575827450154
  56  C  -0.062628780043  7.112930011509  9.578118212463  0.317751756097  0.567065969569  -0.245730679006
  57  C  6.198845840220  3.531350800903  2.000211409764  -0.750754830648  0.063391184431  2.253322828176
  58  C  3.095445715930  3.542458140947  1.965892280075  -0.000851604306  0.278531083857  2.974127050366
  59  C  4.632361700307  0.862495676745  1.958908703779  -0.024861143820  -0.940014897329  3.765630225721
  60  C  3.049860628351  1.753025174657  4.492849703917  0.378878017852  -0.417804758892  -0.314681556256
  61  C  6.177489420441  1.743145475285  4.528707876095  -0.385801440191  -0.436060391849  -0.343966491915
  62  C  4.625960077792  4.421654846950  4.535242009817  -0.108471391659  -0.067575806226  -0.297047651407
  63  C  1.503394366564  6.219450925127  7.038236130424  0.284930362489  0.024499411787  0.181381844715
  64  C  -1.592401257002  6.221928186431  7.030090060389  0.339056715247  0.343993292667  -0.674389220058
  65  C  -0.058639428086  3.535912664285  7.016236018411  0.204639834036  -0.022391603299  -0.018186776118
  66  C  3.030346374257  1.727392539066  9.566825314236  -0.245880564225  -0.417952307949  -0.281828223484
  67  C  6.118613269634  1.712962124293  9.616311634269  -0.176043366228  -0.363895466418  -0.808458153736
  68  C  4.570111020573  4.388270454443  9.606638673528  0.226557848492  0.054706494279  -0.661053251037
  69  C  1.565692383552  6.251112145495  1.965707188109  0.046008542275  0.024660493055  3.431896317535
  70  C  -1.548351032869  6.255336929021  1.938813895413  0.486890890695  0.290170807451  2.693911266880
  71  C  -0.007511576051  3.562946433302  1.937630550159  0.082150181469  0.301415914302  3.134458455879


MDSTEP:  2
LATTICE_CONSTANT: 1.889726125458
LATTICE_VECTORS
  9.242425063724  0.000000000000  0.000000000000
  -4.541088222922  8.179959281449  0.000000000000
  -0.193842849022  -0.117303658888  9.986747319855
VIRIAL (KBAR)
  26.486334617581  -14.821023083624  22.783212086582
  -14.821023083624  -63.012206770042  17.296494270414
  22.783212086582  17.296494270414  139.625932706327
INDEX    LABEL    POSITIONS    FORCE (eV/Angstrom)
  0  Si  -0.010833908602  1.777185683836  2.544996088803  0.469587425912  -0.275751280514  1.312881969347
  1  Si  3.120143344814  7.125076042584  2.601153776281  0.232486300149  0.982758420885  1.083261040211
  2  Si  -3.079799568064  7.161658731596  2.545853972075  0.730589150825  0.995620299829  1.373099840784
  3  Si  4.639643822207  6.215181929673  5.169280943948  -0.525010636641  0.299243139245  -0.592186760447
  4  Si  1.500265853157  0.857989521345  5.101812945485  -0.105032476095  -0.930199691368  0.041854861402
  5  Si  7.718146585585  0.838608529331  5.150809955904  -0.708071579709  -1.198973343918  -0.094487858693
  6  Si  -0.068305576170  1.743565620399  7.635399443038  0.594177448689  -0.069496824322  0.878977097793
  7  Si  3.075551366154  7.110801930124  7.705103685954  -0.316292715358  0.659703342700  -0.134243560781
  8  Si  -3.122182121352  7.116925447520  7.637569615882  0.293520983948  1.344059797002  0.484544398231
  9  Si  4.782300095385  6.279610589902  0.255523770440  -0.550650889153  0.624444464811  -3.850403179012
  10  Si  1.662408682450  0.942164621596  0.197342764801  -0.496621914161  -0.924179770446  -3.573063963315
  11  Si  7.849242382953  0.910702429529  0.266742358403  -0.685052803051  -0.833257539108  -4.211829793879
  12  Si  -1.569016536627  4.463678475547  2.555533956619  0.935503137779  0.210004784526  1.491008615506
  13  Si  1.542385323036  4.452288584402  2.581473383360  0.055477613629  -0.048561971305  0.939348571522
  14  Si  0.017544014217  7.143635277465  2.591480264712  -0.035139505612  0.924856208440  0.577065087840
  15  Si  6.164984620034  3.514159038232  5.169703259291  -0.202900833364  0.314220207225  -0.415336002403
  16  Si  3.057781928929  3.530642021778  5.131897247635  0.181704286568  0.222916268923  0.206823394510
  17  Si  4.613110273906  0.835836692849  5.154430162975  -0.435935290387  -0.602739678450  -0.464859510462
  18  Si  -1.598416328980  4.435697309564  7.625097347988  0.319758396291  0.019217128896  0.906861540490
  19  Si  1.484122717405  4.409415999043  7.689913172113  0.360887352371  0.362771227499  -0.381783297680
  20  Si  -0.034461660909  7.119682067599  7.665264080292  0.178923818199  0.701566185761  0.100208190927
  21  Si  6.316028164987  3.621985563375  0.247773319430  -0.563579447440  -0.451742614241  -3.342593721668
  22  Si  3.216415452329  3.621973831567  0.221614347119  -0.138272532636  -0.137920548050  -3.122575543580
  23  Si  4.743125351162  0.917472705934  0.231102608444  0.022829288201  -0.703341451385  -3.881212448029
  24  Si  3.081810865249  1.751915540592  2.562416805601  0.021236089410  -0.297719836101  1.266287843719
  25  Si  6.178221123873  1.745505756935  2.610318373535  0.168950048268  -0.315313134184  0.778560470551
  26  Si  4.631975415574  4.430325684548  2.621500196623  0.415346490817  0.009238786990  0.858125573761
  27  Si  1.529399191780  6.222049270447  5.136909283052  0.110766916270  0.637747183696  0.183839127685
  28  Si  -1.581433329254  6.243963265951  5.096613363760  0.337798332791  0.418632137579  0.317978681398
  29  Si  -0.014570457216  3.541271144509  5.115073240314  -0.351639377675  0.353270388463  -0.181111875864
  30  Si  3.036931758213  1.726833980623  7.671290828893  -0.066028985450  -0.104020243072  -0.266173566141
  31  Si  6.133897862982  1.723076379231  7.680347361752  0.090158785005  -0.488028430795  0.662563509945
  32  Si  4.605239985801  4.415178705622  7.686581042865  -0.393107341910  -0.079043724613  0.247560470593
  33  Si  1.670898051722  6.302317813441  0.239685894509  -0.170585618566  0.678153831903  -4.001191662458
  34  Si  -1.424165074992  6.319580732615  0.182816063085  -0.041360236591  0.361257413730  -2.961598779255
  35  Si  0.121204579917  3.633775520708  0.194312316255  -0.294380480598  0.116601458288  -3.144684588306
  36  C  -0.042429514967  1.754242795850  4.454588697289  0.554570755923  0.134526783623  0.188043276644
  37  C  3.091524575131  7.115279793812  4.530447375766  0.145934964287  0.923818200489  -0.224297520397
  38  C  -3.116056039627  7.144940264830  4.457561715429  0.551429698209  1.024774620190  0.437779222561
  39  C  4.613521339254  6.211613711099  7.059136181508  -0.343278216475  -0.094485460504  -0.290902760156
  40  C  1.474017807107  0.856801724041  7.011552766466  0.227549084574  -1.099615331118  0.149720079197
  41  C  7.693805578744  0.822765297868  7.071674763337  -0.920760705067  -1.085058829050  -0.551618437730
  42  C  -0.085424656512  1.744056885707  9.564022704787  0.422886076593  -0.582863878955  -0.511547311673
  43  C  3.032380912220  7.080429782490  9.610632475411  0.395552714971  0.883398049971  -0.200201242515
  44  C  -3.149081788783  7.114410441431  9.535182545715  0.191009850162  0.804009843661  0.327631126123
  45  C  4.678003896889  6.225480064061  2.000163249964  -0.732625911985  -0.030031010379  2.308233458566
  46  C  1.531531252938  0.862258847069  1.938960014604  0.067444532163  -0.722689313712  3.097717243100
  47  C  7.736736542554  0.834629683200  1.997954952850  -0.667461469399  -0.860205348856  2.976618199866
  48  C  -1.581940916298  4.468460123176  4.472561260321  0.560167379124  -0.505821424255  0.184877019755
  49  C  1.535058693180  4.459889328557  4.505299930423  -0.141781079837  -0.524147470874  -0.522851054531
  50  C  -0.002270509993  7.142649608694  4.500641080438  0.007727470125  0.728823098170  -0.001311062934
  51  C  6.142091974633  3.507548587564  7.070852439286  -0.398744219354  0.010771488678  -0.629509935625
  52  C  3.048978639331  3.533404105191  7.034485941858  -0.070277010607  -0.142536700609  0.253727973388
  53  C  4.595755570598  0.827947329339  7.046367544402  -0.379303449401  -0.814130214317  0.172957273570
  54  C  -1.628271927191  4.420522553327  9.545811707768  0.621249900243  -0.021922476442  -0.302896138354
  55  C  1.493220859876  4.419788679002  9.586017841485  -0.271685841082  -0.374567808324  -0.471767718236
  56  C  -0.065103701316  7.110326666466  9.577613711203  0.388139383813  0.638063550223  -0.264345922971
  57  C  6.199438458453  3.534744016890  1.998808642647  -0.791419899425  -0.025604562210  2.281513619653
  58  C  3.096364492889  3.539225110915  1.967426133776  -0.038107961034  0.387954816629  2.876261469422
  59  C  4.632313000416  0.861230099851  1.960268855921  -0.037962234607  -0.914594771983  3.664134608109
  60  C  3.048104880282  1.756009062109  4.493129505056  0.430851357232  -0.465399960507  -0.344250428370
  61  C  6.174689885538  1.739049911771  4.527882943690  -0.316342338522  -0.337884647887  -0.295348211585
  62  C  4.628399690816  4.423640151583  4.533847352956  -0.172340914589  -0.109504145523  -0.259614677984
  63  C  1.507631632234  6.215732980341  7.038571387041  0.214300870969  0.138082978525  0.173682618793
  64  C  -1.594536100562  6.223506850457  7.031156493407  0.377176966989  0.318598572489  -0.663217467230
  65  C  -0.059862633196  3.539028673955  7.017402356956  0.215900986581  -0.091896344227  -0.028456406444
  66  C  3.028872878397  1.723435898080  9.568745714552  -0.213189254662  -0.303973051849  -0.340938288871
  67  C  6.120913490734  1.714269332912  9.617126562037  -0.215956476875  -0.429539019376  -0.833122750149
  68  C  4.573546496437  4.386808669947  9.608139956853  0.121058670216  0.103969003675  -0.705450049634
  69  C  1.564102818098  6.253622216289  1.965961191830  0.103726951102  -0.007668945033  3.410560439657
  70  C  -1.547226520480  6.251975462415  1.937769863175  0.488796233744  0.333318754651  2.737316732323
  71  C  -0.010204327923  3.561129102429  1.937219859967  0.185723935176  0.338038360497  3.109358850425


MDSTEP:  3
LATTICE_CONSTANT: 1.889726125458
LATTICE_VECTORS
  9.242425063724  0.000000000000  0.000000000000
  -4.541088222922  8.179959281449  0.000000000000
  -0.193842849022  -0.117303658888  9.986747319855
VIRIAL (KBAR)
  27.645113623394  -14.240352780817  22.659404628682
  -14.240352780817  -63.108339332943  17.718150943558
  22.659404628682  17.718150943558  136.475960075376
INDEX    LABEL    POSITIONS    FORCE (eV/Angstrom)
  0  Si  -0.010053129786  1.774019021704  2.548154865911  0.441878067496  -0.097686659079  1.304844895342
  1  Si  3.123319846234  7.122327626987  2.604481581120  0.149918540374  1.001737663194  1.026316149407
  2  Si  -3.079763706064  7.160311493628  2.546930501802  0.725991181076  1.023077606521  1.364059600004
  3  Si  4.637161580889  6.215872675764  5.168913143775  -0.468679312230  0.286946068602  -0.634136296731
  4  Si  1.502423114867  0.860631501024  5.102011679866  -0.169122290490  -1.033926536177  0.025516844660
  5  Si  7.718475040961  0.839791142752  5.148867638362  -0.679200577087  -1.232670181822  -0.077901174382
  6  Si  -0.069740662699  1.744470278018  7.635966765236  0.667562162215  -0.096334661920  0.875003028454
  7  Si  3.072082997584  7.114028002585  7.703997876128  -0.224829437357  0.604192466029  -0.216772036267
  8  Si  -3.124126830330  7.117544484848  7.637047840176  0.364378096900  1.333742436313  0.410680404420
  9  Si  4.780770569807  6.281075606717  0.255209784707  -0.544140452867  0.596429872847  -3.805729474320
  10  Si  1.661844224172  0.940241622749  0.197527573041  -0.576431301392  -0.892631777077  -3.447338489583
  11  Si  7.847845486475  0.908431854772  0.267097124200  -0.659337354505  -0.812557141527  -4.060768392916
  12  Si  -1.570376485452  4.465026624183  2.552683192979  0.978466156608  0.199854618691  1.596828986976
  13  Si  1.544803292259  4.454721471164  2.582496483725  -0.048884666352  -0.094795886137  0.869447559556
  14  Si  0.016291052766  7.145120481330  2.591865007435  -0.002627831919  0.958718723198  0.624218293694
  15  Si  6.167333823275  3.512530727822  5.167866139387  -0.310572775215  0.418614504146  -0.391297388785
  16  Si  3.054877962331  3.530818572961  5.134677845335  0.208098224135  0.216212921241  0.099387789003
  17  Si  4.613734914319  0.835845328493  5.156503995650  -0.460444841646  -0.584465977977  -0.555872786872
  18  Si  -1.595116319508  4.437349512837  7.624324277562  0.196174570089  -0.012175573173  0.958045137245
  19  Si  1.483273173632  4.406370435036  7.686472438522  0.389027220926  0.490421603200  -0.253138703480
  20  Si  -0.037840351385  7.119834493874  7.663858877523  0.215837018214  0.712000820688  0.112899892064
  21  Si  6.317282157516  3.624055668482  0.246676483448  -0.609203110072  -0.560626772236  -3.205143054559
  22  Si  3.216141842912  3.618994967639  0.218393656468  -0.151459909655  -0.047998330486  -2.867358895189
  23  Si  4.743019535639  0.920173946618  0.226595416873  0.041821089583  -0.719376124260  -3.572080256698
  24  Si  3.078929448741  1.750039798722  2.564320939105  0.024569551607  -0.208987178190  1.238264156256
  25  Si  6.179052391060  1.742567436823  2.613794133108  0.111618794425  -0.232230496834  0.740156989443
  26  Si  4.634672342610  4.428007916133  2.621627816097  0.348956657053  -0.002364842821  0.864481381605
  27  Si  1.531225582044  6.224197272542  5.133545515094  -0.010413188580  0.612790606260  0.214905522727
  28  Si  -1.580770852460  6.245750705640  5.098416723737  0.259069848671  0.329537753541  0.197266106045
  29  Si  -0.011754011713  3.538587160331  5.117010389405  -0.452943857205  0.422067487611  -0.239390681339
  30  Si  3.040012194780  1.724028179612  7.669634717023  -0.178754655992  -0.044615147535  -0.196186482901
  31  Si  6.132116885035  1.725061705342  7.677760171635  0.183114307380  -0.530290474249  0.662608120267
  32  Si  4.606819929427  4.413602987664  7.684395241265  -0.348268039085  0.013116829539  0.315236548838
  33  Si  1.673881947094  6.304364013551  0.235507874066  -0.241131677423  0.648037947055  -3.676966959099
  34  Si  -1.420835152863  6.322104795097  0.180697174278  -0.101161143608  0.299030079767  -2.788357497570
  35  Si  0.122441238030  3.633513313783  0.192775977052  -0.337519749000  0.090366078813  -2.925368804504
  36  C  -0.040346871033  1.752479999776  4.455807873738  0.544205652480  0.158129772513  0.213003255217
  37  C  3.087708861865  7.111571216617  4.528970441245  0.238722460401  1.018966849649  -0.193820601057
  38  C  -3.119471825117  7.147462795105  4.453815514814  0.605269533537  0.972272467434  0.551647729753
  39  C  4.617291820271  6.212414158122  7.055829293911  -0.496610881282  -0.110031278750  -0.217862055326
  40  C  1.475989712435  0.856225408736  7.009678457471  0.196138884254  -1.051494721275  0.200745462294
  41  C  7.697776882947  0.824744389727  7.067214841127  -1.053501335380  -1.107466312237  -0.508085239101
  42  C  -0.089992680496  1.743747419430  9.562541444912  0.519569666365  -0.612554896401  -0.479126302967
  43  C  3.029632924186  7.080636143002  9.606859551026  0.475027075636  0.897049042742  -0.136847887569
  44  C  -3.150966471919  7.114352234119  9.530189056903  0.245149488534  0.795749854209  0.447191825495
  45  C  4.679007437591  6.221483094051  2.001613031823  -0.721079997063  0.044175893194  2.217902668395
  46  C  1.527165776654  0.864657056840  1.944487576338  0.142071480374  -0.807265683095  2.856671360480
  47  C  7.738163274907  0.838298925585  2.004248991816  -0.699949303221  -0.991086767270  2.763057756757
  48  C  -1.586139219457  4.463240847586  4.472997550086  0.678284576768  -0.362930886028  0.191668505412
  49  C  1.531513081902  4.464016014617  4.500729600730  -0.074509918657  -0.614425215141  -0.364534433852
  50  C  -0.003454779056  7.144257484569  4.502111165634  0.038692305064  0.731297392518  -0.011790649936
  51  C  6.143901047783  3.507976161198  7.069354171156  -0.396567327293  0.015949581616  -0.611301669570
  52  C  3.052349213724  3.534115237890  7.039170381996  -0.150063026682  -0.187248999589  0.159701447119
  53  C  4.592493127467  0.830367671722  7.045169377018  -0.294554046170  -0.856678047506  0.202771101896
  54  C  -1.629028275519  4.416226715114  9.548841653632  0.681544541174  0.143277224069  -0.395828071808
  55  C  1.491804976518  4.422116066852  9.590253729841  -0.232008288761  -0.427404293333  -0.627908414427
  56  C  -0.061079537162  7.114362297744  9.579680530288  0.308719202805  0.598392944286  -0.365016510522
  57  C  6.200239772377  3.534894983591  2.001966377027  -0.813290579139  -0.085239003942  2.122705534189
  58  C  3.096359403285  3.540374447324  1.971563132149  -0.025550609439  0.343290580359  2.666266149780
  59  C  4.627281360405  0.863215815232  1.964272052033  0.072886131504  -0.931227974174  3.397954462722
  60  C  3.044613966265  1.751850698240  4.489620698623  0.525165072307  -0.333624747082  -0.220568908208
  61  C  6.177384327853  1.742437813376  4.530146785743  -0.387324532514  -0.451444338006  -0.309070375114
  62  C  4.624902788225  4.425324097203  4.531651089341  -0.111733507277  -0.179570462147  -0.176031321501
  63  C  1.503611496271  6.219972512817  7.034483089376  0.278636101596  0.050328327897  0.227650742340
  64  C  -1.594448058037  6.221321545323  7.027432124160  0.341128905405  0.399587584893  -0.553081287860
  65  C  -0.061945324450  3.540630423264  7.022130621047  0.302512023156  -0.151676291570  -0.133832659605
  66  C  3.025745914471  1.723265209370  9.571431585602  -0.165345456272  -0.333716298754  -0.454556744618
  67  C  6.125377918155  1.710120399343  9.614274148550  -0.332656081584  -0.311428053854  -0.799090939428
  68  C  4.574292184100  4.388428274270  9.611542237391  0.099652235535  0.059332895760  -0.817958167132
  69  C  1.561346615204  6.255465440512  1.970075865928  0.205532579019  0.020578257094  3.134016577951
  70  C  -1.543299180481  6.255570028637  1.942873655144  0.402961185812  0.310440503825  2.489967963714
  71  C  -0.015067159823  3.562361578235  1.940967398796  0.321520473942  0.294532772340  2.947029665277


MDSTEP:  4
LATTICE_CONSTANT: 1.889726125458
LATTICE_VECTORS
  9.242425063724  0.000000000000  0.000000000000
  -4.541088222922  8.179959281449  0.000000000000
  -0.193842849022  -0.117303658888  9.986747319855
VIRIAL (KBAR)
  27.456720529252  -13.682899881387  23.176659264175
  -13.682899881387  -62.535771708862  18.088126579813
  23.176659264175  18.088126579813  135.157746362300
INDEX    LABEL    POSITIONS    FORCE (eV/Angstrom)
  0  Si  -0.007711612454  1.776263741297  2.546812357211  0.437313345925  -0.132974131869  1.277989499154
  1  Si  3.119857646720  7.125826522846  2.602117177848  0.353420290435  0.959468597961  1.102285128634
  2  Si  -3.082179278525  7.159498941018  2.546926272801  0.788152713772  1.060170154592  1.417007336836
  3  Si  4.635993647574  6.217195953680  5.165380265275  -0.401058179027  0.309884315980  -0.601840650996
  4  Si  1.500918106806  0.863343309063  5.102913721246  -0.182766900602  -1.069516643389  0.031415622471
  5  Si  7.714955641539  0.841906257476  5.150913988998  -0.582627492447  -1.313829215795  -0.193496185547
  6  Si  -0.070351668000  1.743331353939  7.635389362690  0.679189217608  -0.078686401057  0.936374912973
  7  Si  3.070114521977  7.115062798328  7.700338981778  -0.097976593960  0.510545616393  -0.172335954977
  8  Si  -3.120668077864  7.117439819847  7.640353832849  0.232882286817  1.370788180502  0.367247722170
  9  Si  4.782035195786  6.280953846930  0.253666888088  -0.555003040477  0.573137161448  -3.740463543792
  10  Si  1.659923005196  0.937647117374  0.194235186383  -0.565507526565  -0.849304155205  -3.390668430889
  11  Si  7.848255894615  0.906502049061  0.262597853140  -0.718733530493  -0.836046057379  -3.851352142396
  12  Si  -1.567969511917  4.464930538876  2.553114439762  0.844588476629  0.225575606333  1.663432915527
  13  Si  1.542233580425  4.457668133519  2.579751645127  -0.021433112977  -0.101570288929  1.027162601733
  14  Si  0.014573103488  7.142831275327  2.587952037811  0.006016502373  0.972537364572  0.776322021645
  15  Si  6.170554249348  3.510920802431  5.170293781178  -0.406004185407  0.459205942864  -0.455446624856
  16  Si  3.056198795918  3.532449662458  5.132017338247  0.180837481693  0.212668441926  0.062010265760
  17  Si  4.609797170460  0.839461004732  5.158596496516  -0.355112411858  -0.657217455164  -0.644277893451
  18  Si  -1.598262012616  4.440344475386  7.622223118364  0.347320767501  -0.061364313265  0.988056278642
  19  Si  1.487509532923  4.406838733554  7.687779412649  0.320429866704  0.438092032569  -0.301236606792
  20  Si  -0.038049833638  7.122806621608  7.667154652896  0.262272920889  0.637899451701  0.046161303857
  21  Si  6.318832065894  3.623076616312  0.243030806453  -0.648866731523  -0.561168344365  -3.020196911305
  22  Si  3.218895696390  3.616111957870  0.218850173338  -0.274885921485  0.082292699554  -2.858697809065
  23  Si  4.741571556970  0.918658263060  0.225638164007  -0.018465589467  -0.666927764990  -3.529971053464
  24  Si  3.078582902280  1.751133305253  2.566548589573  0.103612326336  -0.234413518255  1.115747720768
  25  Si  6.178759225872  1.742829186817  2.609946027101  0.203928716112  -0.248661793230  0.735554895536
  26  Si  4.632871891279  4.425447083994  2.623530125390  0.397325256629  0.118340022255  0.750082864753
  27  Si  1.530757912550  6.222219109939  5.134890238443  -0.021778247217  0.768824489899  0.200505583634
  28  Si  -1.583013366211  6.244613037804  5.098603638687  0.287071197282  0.473868345996  0.243941389989
  29  Si  -0.012520534951  3.537433097029  5.113196213766  -0.452859420070  0.493382126335  -0.113995422970
  30  Si  3.036582913868  1.726581050152  7.672713799723  -0.173948938344  -0.149913125917  -0.312852844324
  31  Si  6.136219805996  1.725056028036  7.676196946636  0.069024941176  -0.553747510343  0.703139054984
  32  Si  4.604044842718  4.412438989707  7.683997051499  -0.384573440300  0.133695052767  0.328254991234
  33  Si  1.676736150824  6.306106688674  0.236620523699  -0.283797579402  0.606035628242  -3.515534348472
  34  Si  -1.421813830955  6.319221688402  0.179129512910  -0.087119977358  0.310861918474  -2.722953961883
  35  Si  0.119032713928  3.634377903478  0.195653671826  -0.214702189976  0.026557682829  -2.964636118450
  36  C  -0.044870334684  1.757292474842  4.451654238304  0.623256285231  0.069359330103  0.292891328674
  37  C  3.091742064493  7.110018242679  4.527490495678  0.096948007743  1.063881255457  -0.179905802294
  38  C  -3.119548100684  7.148654396377  4.457368941117  0.592163633498  0.997887808736  0.444824242625
  39  C  4.622859888557  6.218149463891  7.050430812303  -0.624384833179  -0.259957196557  -0.103110604321
  40  C  1.470060314307  0.849707176934  7.014890687450  0.339199070534  -0.930248901806  0.129233766753
  41  C  7.702002358780  0.818011642331  7.065780256082  -1.179878023558  -0.961852396923  -0.472419456716
  42  C  -0.093589329972  1.739698998076  9.565690618115  0.558276627378  -0.511165224993  -0.548519719545
  43  C  3.031573304345  7.075944249413  9.606260736888  0.455088815688  0.988485578251  -0.190290601661
  44  C  -3.151925029365  7.114482875640  9.531840941774  0.290749151429  0.763365939967  0.405154008594
  45  C  4.682687642801  6.222322488979  1.999614646000  -0.861890918829  0.012090034572  2.248000522835
  46  C  1.531129247261  0.866199157805  1.941340462958  0.099096490264  -0.803239367081  2.907476815536
  47  C  7.743472904892  0.837187493414  2.005002463816  -0.778675199102  -0.944848832683  2.606251182115
  48  C  -1.587393995480  4.468418828029  4.478443277157  0.707356967813  -0.483866267786  0.099279778573
  49  C  1.526416560699  4.468611663866  4.505204917167  0.023841816114  -0.755275163303  -0.504804954538
  50  C  -0.007336532079  7.150194508197  4.507543588841  0.099687504508  0.624906029000  -0.117881313383
  51  C  6.138373313737  3.512062998466  7.074809194612  -0.269793510292  -0.099948216928  -0.720874961941
  52  C  3.052340365395  3.527677517199  7.035341103047  -0.136234122050  -0.061817180980  0.205517517607
  53  C  4.589554963919  0.831298284554  7.042309499943  -0.229860768071  -0.810904223604  0.326766007497
  54  C  -1.625323911676  4.410457808142  9.551339630627  0.591538045720  0.260506001061  -0.502996110109
  55  C  1.489720825595  4.426495484708  9.587021879674  -0.174285957118  -0.541126841672  -0.506876310622
  56  C  -0.060162057698  7.117067786216  9.585197749991  0.278840259359  0.550200895551  -0.442114634398
  57  C  6.201161337938  3.536575906490  2.002819413942  -0.825796514668  -0.131177539551  2.026199090004
  58  C  3.090100350078  3.546947267581  1.971975037413  0.069475664509  0.177038800685  2.662760560806
  59  C  4.632740443913  0.857380835074  1.964013646065  -0.073000967114  -0.815919984735  3.368951130978
  60  C  3.048857215007  1.748930245739  4.485457769739  0.390880575485  -0.204890769846  -0.114151111324
  61  C  6.179989158267  1.740560850352  4.523639484413  -0.485832313690  -0.378860531898  -0.152167116212
  62  C  4.627327786129  4.430124534289  4.525310660493  -0.135853712957  -0.311104347001  -0.015408149407
  63  C  1.508739816073  6.215908779774  7.036433033350  0.146494335921  0.148718893131  0.211288690721
  64  C  -1.598639605312  6.227042552316  7.029218201116  0.492731548378  0.281863429249  -0.539518368802
  65  C  -0.057004640936  3.537663515548  7.022628934985  0.159706448370  -0.078321681323  -0.158018364896
  66  C  3.021236014501  1.727168854031  9.567549751102  -0.095245387960  -0.443055436917  -0.339936614789
  67  C  6.120196753070  1.709269532787  9.618212246618  -0.228149406922  -0.340639680791  -0.922773330551
  68  C  4.574953450783  4.387984017918  9.615414928260  0.102160236089  0.049665395039  -0.930373427663
  69  C  1.566710313742  6.254043282397  1.978383592840  0.076289663578  0.075370555750  2.804461750712
  70  C  -1.547112197372  6.251854795359  1.941664260357  0.470635751857  0.366133059206  2.484003330118
  71  C  -0.016584039476  3.567896840639  1.944958154008  0.368299437119  0.210256666578  2.856345622355


MDSTEP:  5
LATTICE_CONSTANT: 1.889726125458
LATTICE_VECTORS
  9.242425063724  0.000000000000  0.000000000000
  -4.541088222922  8.179959281449  0.000000000000
  -0.193842849022  -0.117303658888  9.986747319855
VIRIAL (KBAR)
  28.349736455091  -13.069024474089  23.378966411095
  -13.069024474089  -63.472039343901  17.637256087020
  23.378966411095  17.637256087020  134.948438429480
INDEX    LABEL    POSITIONS    FORCE (eV/Angstrom)
  0  Si  -0.008818665232  1.777310804307  2.547415953578  0.450545883757  -0.138489027578  1.224462071147
  1  Si  3.118832292410  7.126173511117  2.604332304144  0.311573558132  0.922334761173  1.079328366749
  2  Si  -3.086469091673  7.161283041199  2.548543473670  0.903830474421  0.993297821102  1.428897178973
  3  Si  4.637688529223  6.217492767472  5.168914238838  -0.560474071081  0.307182614972  -0.736203840948
  4  Si  1.498408652746  0.864634713199  5.105043709902  -0.185205373992  -1.044702129417  -0.011968121150
  5  Si  7.714418576171  0.844182065250  5.147788120997  -0.624185228461  -1.317804032625  -0.217097988546
  6  Si  -0.071772463339  1.741733821805  7.637015884434  0.761816443185  0.034518912622  0.876361612149
  7  Si  3.067072055937  7.112811520431  7.695781432978  -0.119849160959  0.628702793323  -0.142860591931
  8  Si  -3.124012145724  7.117131703158  7.637757560589  0.355193037857  1.388166562060  0.416931052581
  9  Si  4.780759090342  6.283779480386  0.248877833282  -0.578778595396  0.454565759891  -3.567941155648
  10  Si  1.655122386779  0.933995914208  0.195389918852  -0.470828697863  -0.751458729005  -3.508488628910
  11  Si  7.848298052602  0.906439500008  0.258880814221  -0.810127129257  -0.890502237545  -3.527182250809
  12  Si  -1.570284709888  4.465402996394  2.557442742010  0.987043443012  0.181880563374  1.573203538499
  13  Si  1.545482125187  4.455129994840  2.579320842116  -0.129634991379  -0.179558916019  0.979683941587
  14  Si  0.016840942549  7.142946348615  2.584363022645  -0.017396924964  0.907108586697  0.826266705018
  15  Si  6.170068865518  3.515253487038  5.173739635685  -0.434772849553  0.314069910588  -0.545665742498
  16  Si  3.057586497238  3.530312650633  5.129339593804  0.042019209087  0.304293182109  0.073860695364
  17  Si  4.607574710147  0.838747209746  5.157980304473  -0.395666212739  -0.685295508181  -0.667286322743
  18  Si  -1.600010626975  4.441142180395  7.626119533252  0.408716431420  -0.041052407073  0.985486690965
  19  Si  1.487760111273  4.411453459968  7.689130758027  0.286350221502  0.381677942712  -0.386258608221
  20  Si  -0.036592393520  7.127614521672  7.669996789042  0.197399755114  0.609532768046  0.025814389445
  21  Si  6.317565203599  3.623030786629  0.240313305687  -0.542202866231  -0.606507083308  -2.887804095565
  22  Si  3.220094266970  3.618412703647  0.221313986997  -0.278051003679  0.014879568212  -2.916868758824
  23  Si  4.741884184258  0.919226654034  0.220637248880  -0.015874859065  -0.696282937177  -3.268536084801
  24  Si  3.082884657402  1.749385187209  2.567655529374  0.009019553368  -0.269745255686  1.069467810145
  25  Si  6.174508855727  1.745461141828  2.610366408146  0.327223228955  -0.251875322709  0.732737789196
  26  Si  4.637021154146  4.424799826360  2.626476294203  0.325314151634  0.102203251210  0.614415597799
  27  Si  1.527333275444  6.224425732260  5.132428721544  0.004553742070  0.623423066753  0.263421070119
  28  Si  -1.581995880859  6.240119523076  5.101706700802  0.292745009466  0.628734502707  0.154674050274
  29  Si  -0.012931150100  3.537817651962  5.115909658552  -0.488342997118  0.497233059979  -0.203841497873
  30  Si  3.032992081830  1.723381069519  7.675216808822  -0.035722823056  0.026506037017  -0.319394907395
  31  Si  6.140269594735  1.725404235510  7.674465084929  -0.014319804275  -0.536557678050  0.725186524131
  32  Si  4.601528008388  4.409585502872  7.679678003532  -0.460767943194  0.222651959823  0.452687080949
  33  Si  1.672968979026  6.308465314452  0.236509334808  -0.208443801068  0.422422772201  -3.607344392960
  34  Si  -1.424570767713  6.321014197235  0.182353897133  -0.001999191451  0.229912767495  -2.583496050821
  35  Si  0.121686444581  3.636483181284  0.196781538681  -0.299713434694  -0.114854736304  -3.057355437921
  36  C  -0.047176707016  1.759455419787  4.446885521616  0.638344487226  0.052337742948  0.423691848795
  37  C  3.085889801359  7.114988950289  4.532546495857  0.239805571378  0.958064467528  -0.240661801243
  38  C  -3.121637723543  7.147742992865  4.463040803279  0.638228879866  1.035094793634  0.384954517121
  39  C  4.617175704377  6.223071806524  7.048757194386  -0.532295531928  -0.387593202303  -0.036800927638
  40  C  1.476593479507  0.855925729795  7.015823414245  0.137388754832  -1.049141894232  0.128638321717
  41  C  7.704072875311  0.823127077002  7.059818861077  -1.216359368722  -1.042756841731  -0.431917010968
  42  C  -0.100374353225  1.734295737273  9.562468641411  0.687226963538  -0.391065711945  -0.507656015309
  43  C  3.025162681020  7.073368388299  9.599380661132  0.571785277752  1.010541509658  -0.103874108648
  44  C  -3.149556698412  7.114790364450  9.535251053850  0.214539614725  0.764361951786  0.277503979366
  45  C  4.683256875206  6.218963022329  2.000476276772  -0.915670915323  0.088470904103  2.120684444067
  46  C  1.528518365747  0.866611861558  1.937604914757  0.157846960833  -0.816737731054  3.094563359601
  47  C  7.742387073676  0.838790468285  2.012375192014  -0.786122519055  -0.987415187505  2.245928668013
  48  C  -1.589319735479  4.475060970557  4.474854953334  0.696169223753  -0.689687319810  0.236403989227
  49  C  1.522022110260  4.462619001153  4.499028326550  0.126500347124  -0.583816473331  -0.362946692340
  50  C  -0.006026674293  7.144337070070  4.501409476281  0.006376646207  0.736947036832  -0.018674863171
  51  C  6.132981107814  3.515875770061  7.081312959836  -0.133734380384  -0.147438701496  -0.857545691839
  52  C  3.048707720985  3.531521597978  7.030362238948  -0.100917805343  -0.139755267193  0.283525569952
  53  C  4.590299930999  0.834998587881  7.041292286005  -0.242353357585  -0.840649962385  0.357924674718
  54  C  -1.623412153546  4.409919383988  9.556584303200  0.554665234172  0.305739335222  -0.604222351821
  55  C  1.486867871290  4.419340529485  9.581660087352  -0.075249637443  -0.352211173784  -0.364514569691
  56  C  -0.056361047780  7.115333185394  9.588180102298  0.115786759187  0.610960285344  -0.488610087082
  57  C  6.205238008423  3.541067802891  2.002912390567  -0.938327864496  -0.246031750651  1.983161742837
  58  C  3.092941137467  3.541958622134  1.972376035201  0.087487075171  0.261031022924  2.689383177972
  59  C  4.639032872001  0.854415104989  1.966830156582  -0.188088679596  -0.789932311360  3.131395369190
  60  C  3.042517036256  1.754919307247  4.486351017990  0.493289609604  -0.398184572545  -0.148659682001
  61  C  6.174139461181  1.734000512624  4.521161085624  -0.418716915498  -0.136354049800  -0.054708018853
  62  C  4.621607909601  4.427329588301  4.519601690938  -0.005979180441  -0.215505430837  0.165955460839
  63  C  1.505336963209  6.221646998358  7.042492048947  0.170288631205  0.069388713596  0.027598794658
  64  C  -1.595809861522  6.227090128903  7.026692228082  0.408696102273  0.308438933690  -0.425528390957
  65  C  -0.056027854842  3.541942972898  7.020923328914  0.100130132546  -0.152489221704  -0.081653358418
  66  C  3.024287550299  1.727498164312  9.570755596726  -0.227466913222  -0.471498596731  -0.386617485718
  67  C  6.119244863108  1.707186984085  9.618312998256  -0.192422154010  -0.303362310314  -0.962251037747
  68  C  4.579966386164  4.381765812002  9.617612881898  -0.040847429574  0.236745401592  -1.038004038694
  69  C  1.562730280437  6.246962626693  1.974037302371  0.211035024534  0.168524007026  2.927695441133
  70  C  -1.543431073119  6.245587704555  1.950448364279  0.349479254548  0.568853129488  2.262078641172
  71  C  -0.019234345295  3.563279278006  1.940551197746  0.418495918646  0.295515311950  3.026466444234


MDSTEP:  6
LATTICE_CONSTANT: 1.889726125458
LATTICE_VECTORS
  9.242425063724  0.000000000000  0.000000000000
  -4.541088222922  8.179959281449  0.000000000000
  -0.193842849022  -0.117303658888  9.986747319855
VIRIAL (KBAR)
  28.276716892483  -12.717542148843  24.098250682067
  -12.717542148843  -62.882237936294  17.784447503851
  24.098250682067  17.784447503851  132.792513601833
INDEX    LABEL    POSITIONS    FORCE (eV/Angstrom)
  0  Si  -0.007262665754  1.774968994397  2.546377009667  0.381687670754  -0.157030433185  1.294942339588
  1  Si  3.121455792244  7.126889739485  2.602071796340  0.300631200793  0.932991147827  1.028844176436
  2  Si  -3.084617601822  7.158541912017  2.551520464848  0.925970877739  0.956649241136  1.406803384282
  3  Si  4.632272036590  6.220378486108  5.169049922462  -0.454295141799  0.253192548440  -0.674365872101
  4  Si  1.497223161358  0.864077720452  5.100678082837  -0.188302815636  -1.089011605975  0.060391040053
  5  Si  7.710358495857  0.848220879826  5.147287100754  -0.604117987871  -1.328999545478  -0.202059682453
  6  Si  -0.069498518931  1.744566581060  7.637598485340  0.701823887215  0.070255281931  0.768771508650
  7  Si  3.065932301698  7.118164266821  7.696081314806  -0.115656008432  0.524129107096  -0.158494440100
  8  Si  -3.124528094210  7.119894026810  7.638737873106  0.363184029047  1.250729710785  0.353940087635
  9  Si  4.779599157898  6.278837013128  0.250264537327  -0.536412659693  0.649045210299  -3.719711027261
  10  Si  1.654385913466  0.935287463617  0.189255687849  -0.564095205581  -0.755889815966  -3.104104842895
  11  Si  7.851232537145  0.904952613573  0.258386651276  -0.883503589400  -0.895710616236  -3.575797990009
  12  Si  -1.574611247834  4.460578378083  2.560865556138  1.119587215951  0.195934524810  1.558724254400
  13  Si  1.548505180289  4.450204389103  2.580072813680  -0.183105939752  -0.025127936170  0.907971360091
  14  Si  0.015044033755  7.142519327352  2.579617072538  0.087674153533  0.929385620747  0.956535983075
  15  Si  6.169014180335  3.516024213190  5.178261031898  -0.310447609089  0.241717587949  -0.678126814950
  16  Si  3.061516303252  3.527845115052  5.131647599591  -0.005495702460  0.382036001561  0.098669611477
  17  Si  4.606388552384  0.840088250700  5.159923321076  -0.416410804327  -0.714690897170  -0.743756882263
  18  Si  -1.595324352674  4.436819447805  7.625668650918  0.356856523535  0.055177952834  1.016250995618
  19  Si  1.487994296573  4.411561988007  7.688357111676  0.346669982009  0.415957803563  -0.401885765934
  20  Si  -0.039023433847  7.132473734624  7.665667292826  0.357283912639  0.531681393127  0.077931617275
  21  Si  6.315198302899  3.625437906506  0.239049014394  -0.575476691798  -0.765006604102  -2.640318822925
  22  Si  3.223782833206  3.621614792599  0.220399735149  -0.336036208178  -0.013757346916  -2.935938487331
  23  Si  4.743298037328  0.920004888482  0.219985391334  -0.063259182512  -0.717441170129  -3.071125855790
  24  Si  3.079475339291  1.753766152796  2.573002452684  0.069687236760  -0.456509908661  0.987888921558
  25  Si  6.171426171257  1.743695799005  2.611013349655  0.489487847966  -0.253824206416  0.721750899249
  26  Si  4.633399544587  4.421824369274  2.629757639186  0.432861272430  0.175138901057  0.547459749723
  27  Si  1.531131228082  6.225826238516  5.131918828251  -0.116720857356  0.601766794743  0.228959810440
  28  Si  -1.581173787316  6.240820587532  5.102097946032  0.421039892948  0.513388777761  0.204137850016
  29  Si  -0.007919713387  3.533362222510  5.110908012959  -0.497909174741  0.648777178765  -0.150918186598
  30  Si  3.032270939287  1.721512194023  7.680072402220  -0.048529576083  0.052859252511  -0.422394061730
  31  Si  6.140464567875  1.726408420040  7.677047897731  -0.031194558875  -0.570368564761  0.681221434963
  32  Si  4.606544538811  4.409387474283  7.680117049594  -0.584696341121  0.174235487439  0.421471869466
  33  Si  1.672912897741  6.304508095996  0.231323881288  -0.163663504489  0.507381151339  -3.509567170767
  34  Si  -1.429332013840  6.318825553152  0.176746692331  0.148044758650  0.317335678456  -2.292287360013
  35  Si  0.116555302691  3.636228119566  0.194579856450  -0.243184864295  -0.041536473965  -2.757993977839
  36  C  -0.045724778604  1.761482523083  4.448885335081  0.572433763435  -0.073261593226  0.356344789342
  37  C  3.083692848949  7.115525245260  4.527803097388  0.326018309889  1.005500463102  -0.180891054619
  38  C  -3.116409102625  7.141420876202  4.467565298564  0.478764979134  1.125735815239  0.320905348465
  39  C  4.613957448903  6.215502972057  7.053892295890  -0.444406861458  -0.183894209471  -0.149216257730
  40  C  1.474395647292  0.854765105319  7.010196115584  0.177621087698  -1.036609576410  0.245724033897
  41  C  7.700356644855  0.830300845295  7.063582274825  -1.115392941897  -1.116012942108  -0.546069609608
  42  C  -0.107016496284  1.741882454761  9.557727834012  0.816089806417  -0.533802509990  -0.446459388292
  43  C  3.026884954601  7.074081173800  9.596714755497  0.565217783511  0.974257657780  -0.061657781533
  44  C  -3.146132040184  7.116049423497  9.537447584755  0.079855013769  0.786464044640  0.210611528155
  45  C  4.686580211744  6.220013940523  1.995800160167  -0.971360807817  -0.022535673798  2.341007155981
  46  C  1.522919911980  0.859851161077  1.943719781745  0.340620136714  -0.725985865556  2.746394988748
  47  C  7.745713380395  0.837526670810  2.009551419732  -0.859162406095  -0.949716213726  2.323202410642
  48  C  -1.581329166465  4.470728667553  4.471286898555  0.558719472616  -0.633412652850  0.404564626562
  49  C  1.525746719068  4.463604685908  4.495744930420  0.162295091126  -0.617692954596  -0.298916592471
  50  C  -0.005257497242  7.152099135748  4.506108394668  0.001962192172  0.605299306639  -0.118345202128
  51  C  6.135930697332  3.512164682680  7.085325830185  -0.142374047590  -0.061101498389  -0.915268379753
  52  C  3.047770448701  3.528646084675  7.035169004255  -0.021391848710  -0.113192187175  0.230568094732
  53  C  4.592939638381  0.840846594404  7.038036227239  -0.316823624202  -0.889865075478  0.463789048448
  54  C  -1.630738257506  4.411917010998  9.561223985544  0.686947388268  0.242992708006  -0.730695329669
  55  C  1.489032961437  4.416844922277  9.579448578120  -0.163189167275  -0.345190274267  -0.319239989755
  56  C  -0.052398575296  7.115909646996  9.587787896658  -0.014596375398  0.591740327868  -0.516784019553
  57  C  6.203959084776  3.536890041736  2.012058777381  -0.997607178694  -0.204501957078  1.604493306742
  58  C  3.095881914636  3.537595919914  1.970287863356  0.030616343412  0.352117721695  2.714863293602
  59  C  4.646017916746  0.860854745774  1.974575324694  -0.432746595416  -0.885305865102  2.800946582646
  60  C  3.039033999367  1.754414097057  4.490607764880  0.545722798280  -0.362761460304  -0.206954826674
  61  C  6.166614123290  1.728739052696  4.513877056333  -0.303705995307  0.021702821182  0.137475871259
  62  C  4.627139469576  4.429171940681  4.517755274846  -0.132971596237  -0.235296307762  0.277987480897
  63  C  1.507565528071  6.218529000468  7.039034197297  0.139789245453  0.196022857947  0.101852159206
  64  C  -1.588909765007  6.224416090645  7.032645999827  0.211344298701  0.360864696299  -0.516170823835
  65  C  -0.052274172499  3.549147805850  7.016917065168  0.085035569589  -0.336710057157  -0.046601691740
  66  C  3.017835780059  1.730292595333  9.574613625203  -0.067294207022  -0.523723401363  -0.433504463708
  67  C  6.120845142495  1.701567722816  9.609704894547  -0.239094716063  -0.143383412403  -0.758642456130
  68  C  4.581218125530  4.387474520863  9.612395134340  -0.043318152814  0.078262684928  -0.931029091061
  69  C  1.567959385097  6.251729071112  1.971055830259  0.135443055319  0.007240362414  2.926777729099
  70  C  -1.540884659560  6.238772836768  1.954770451156  0.302591249739  0.653661539891  2.009101757930
  71  C  -0.020279923302  3.557079455901  1.948358996737  0.468372898272  0.397231451536  2.676017098871


MDSTEP:  7
LATTICE_CONSTANT: 1.889726125458
LATTICE_VECTORS
  9.242425063724  0.000000000000  0.000000000000
  -4.541088222922  8.179959281449  0.000000000000
  -0.193842849022  -0.117303658888  9.986747319855
VIRIAL (KBAR)
  27.964652083106  -11.079550766497  25.253540778939
  -11.079550766497  -61.824561057356  17.888200530215
  25.253540778939  17.888200530215  130.195420782102
INDEX    LABEL    POSITIONS    FORCE (eV/Angstrom)
  0  Si  -0.007557795321  1.779990130418  2.546371919025  0.386859977880  -0.345787208809  1.399504240214
  1  Si  3.125439178152  7.128058818683  2.605430898488  0.130624588366  0.883021473130  0.939936868739
  2  Si  -3.088615911809  7.158684677998  2.547210620252  0.971773770764  1.050265841040  1.493420971022
  3  Si  4.626568311736  6.217179879988  5.163528992846  -0.172658156031  0.472974130663  -0.482341673049
  4  Si  1.494519974727  0.861668154660  5.103387483001  0.001696512599  -1.041986556081  -0.010193912229
  5  Si  7.704765703960  0.852696184052  5.151793104936  -0.417884317692  -1.448589817896  -0.277442472795
  6  Si  -0.074508363431  1.744720907637  7.640653110185  0.897533740800  0.058435458904  0.661292512772
  7  Si  3.063234955146  7.116362604321  7.696400142391  0.097100796229  0.511496555423  -0.169419002738
  8  Si  -3.125144059759  7.125673271825  7.639768393728  0.471244539168  1.185249241010  0.261788860405
  9  Si  4.774741999570  6.277708070268  0.251025894993  -0.416585125241  0.638558564254  -3.721869582864
  10  Si  1.659067130734  0.938966555519  0.189586665068  -0.779283560631  -0.866036265428  -2.995842793131
  11  Si  7.849637104322  0.906746821631  0.253687178572  -0.843506290515  -1.012517114084  -3.287932973316
  12  Si  -1.578229832415  4.464148146766  2.563461099928  1.336256244069  0.116268887341  1.578752720993
  13  Si  1.545362864650  4.453867513047  2.584876157030  -0.186931203036  -0.012510029651  0.790139199081
  14  Si  0.012422444478  7.138154922435  2.576684707628  0.128461921373  0.985955364450  1.097681845706
  15  Si  6.163227516730  3.511755266652  5.173982007767  -0.180605731258  0.408308752637  -0.453455230553
  16  Si  3.066126779946  3.524090374015  5.133482585982  -0.157634688983  0.530681099980  -0.031305182529
  17  Si  4.607931422142  0.839016072556  5.165204122192  -0.421738418263  -0.675775636562  -0.912148031526
  18  Si  -1.598859504794  4.440987973236  7.631186704500  0.535051768161  0.166074077575  0.896960414931
  19  Si  1.491081524032  4.416898536810  7.686319094018  0.228775124151  0.299864330662  -0.364126406264
  20  Si  -0.039610259448  7.137008096912  7.662015937228  0.370404786477  0.448104713576  0.128195957118
  21  Si  6.309971460222  3.622517933926  0.242282691945  -0.521653769373  -0.673084489710  -2.654941499566
  22  Si  3.220884186237  3.620666647606  0.221317355614  -0.268020421794  0.081340191953  -2.763881998695
  23  Si  4.748270104160  0.921452538408  0.218811371455  -0.225939087717  -0.775810147402  -2.894157813707
  24  Si  3.083267538103  1.758368689116  2.574256157099  0.047586837531  -0.523200849570  1.070171880956
  25  Si  6.166384657518  1.748404910938  2.613540588791  0.671700794493  -0.353458674907  0.734859072860
  26  Si  4.630009475097  4.425576261366  2.634055966280  0.487937145083  0.147459150282  0.561145369010
  27  Si  1.535070393536  6.225693670335  5.129564133851  -0.248727183876  0.652405626041  0.336024514155
  28  Si  -1.577230512532  6.242716861788  5.098167339639  0.328932423006  0.446037845229  0.206218088867
  29  Si  -0.004840171382  3.532556185344  5.106332122006  -0.635249094052  0.634308545384  0.022586220129
  30  Si  3.027887959850  1.725508815038  7.685471904737  0.090888389068  -0.094912946050  -0.675803611716
  31  Si  6.138126368709  1.730878747275  7.674452434016  0.108825032686  -0.684071872342  0.582046134454
  32  Si  4.602439983819  4.405613451884  7.682205884598  -0.473681098959  0.293090108052  0.262701105420
  33  Si  1.676596195200  6.300125370560  0.228039389790  -0.241379530460  0.673105626652  -3.413106376243
  34  Si  -1.431377526513  6.323862749732  0.172922809363  0.066163816806  0.129640275299  -2.016551862588
  35  Si  0.121006655693  3.641649304319  0.189675340121  -0.387673848394  -0.202800912637  -2.515562636070
  36  C  -0.043587121004  1.755581928041  4.457507951588  0.512104002996  0.036570913662  0.180772306054
  37  C  3.083175680349  7.107834055517  4.526733275119  0.318234467081  1.167413123305  -0.190594790670
  38  C  -3.111782479037  7.148376941252  4.460786514473  0.320711530611  0.968457072876  0.433066133726
  39  C  4.620466819004  6.217635594213  7.053904521482  -0.623308388063  -0.268663304783  -0.206358563981
  40  C  1.483228825409  0.858278064226  7.007867199163  -0.063471578897  -1.041793992407  0.374046620603
  41  C  7.707887604829  0.821448939176  7.059010669755  -1.365776657211  -0.970752077225  -0.397729661167
  42  C  -0.111002690695  1.736270987945  9.556115731562  0.917590763900  -0.360854562235  -0.395580051686
  43  C  3.034411974229  7.066657372785  9.597185446854  0.351692904481  1.118626425552  -0.096641162266
  44  C  -3.150915708924  7.114011146002  9.536930840695  0.144651061519  0.862643422071  0.266608427761
  45  C  4.685051078901  6.215518258144  1.996564326613  -0.974341397020  0.054507639261  2.302724770355
  46  C  1.525135898041  0.865210239518  1.947709885977  0.353358802948  -0.752369536786  2.582159067901
  47  C  7.746559904170  0.833184933276  2.013444684775  -0.885450301277  -0.802121564277  2.118250943654
  48  C  -1.589010189072  4.462141016932  4.470948630642  0.699948870303  -0.446946267566  0.425039456448
  49  C  1.519452706315  4.470638058661  4.488379866363  0.331522077137  -0.781674074360  -0.081006739368
  50  C  -0.002806184271  7.160063410778  4.511976090194  0.040110495035  0.458944468291  -0.266764699031
  51  C  6.144481785804  3.519278566172  7.091339976966  -0.446359649534  -0.233852676542  -1.091125317399
  52  C  3.043543749524  3.522334327735  7.028178920395  0.073824309953  0.035476596427  0.400935064273
  53  C  4.595964188561  0.832241876191  7.031769092321  -0.381411888374  -0.622485590784  0.740588521772
  54  C  -1.635129179373  4.408116539155  9.560069292860  0.738616948353  0.360069536289  -0.598110933856
  55  C  1.492015218964  4.420565157386  9.582888861455  -0.175931216792  -0.453142997247  -0.474768613589
  56  C  -0.059155364186  7.113582858544  9.588269729442  0.173235411914  0.664370495870  -0.567419546978
  57  C  6.206938571135  3.544202351469  2.019407854623  -1.219305931490  -0.378016563781  1.389813824023
  58  C  3.092972369718  3.545967550472  1.979192113662  0.129507596188  0.226270895923  2.428864720078
  59  C  4.650814921506  0.853065929020  1.982336266185  -0.539542008156  -0.698223644592  2.455314103904
  60  C  3.046234103882  1.758236811019  4.494688440382  0.420603740469  -0.457611652286  -0.265381732664
  61  C  6.170352608265  1.732794038029  4.516655352114  -0.462814930857  -0.066012308071  0.114454930671
  62  C  4.629022465161  4.437552991981  4.523167646032  -0.220423147426  -0.456084526527  0.168189529391
  63  C  1.511234363754  6.221793560363  7.045157224870  0.085335579858  0.145310040424  -0.058594333455
  64  C  -1.583081118494  6.231612347643  7.025534865076  0.073089024197  0.263768959582  -0.368035896533
  65  C  -0.055856740672  3.550155014268  7.022922697983  0.164505229686  -0.282726006688  -0.148917489943
  66  C  3.009085545216  1.733146541257  9.568764288120  0.191811593630  -0.533321732340  -0.214550066820
  67  C  6.121595898447  1.699766040012  9.602328929167  -0.304600745531  -0.102497267461  -0.618608221107
  68  C  4.579444295953  4.391658778963  9.604227431077  -0.089408887898  -0.112220962836  -0.706287301075
  69  C  1.564310506080  6.252258879531  1.967651517886  0.217759546099  0.014356518991  2.969521580218
  70  C  -1.547630376994  6.237841611234  1.963485116043  0.412110580724  0.701742386821  1.610513319167
  71  C  -0.013903513059  3.551182662207  1.952904920717  0.303155509005  0.640739475044  2.402268884340


MDSTEP:  8
LATTICE_CONSTANT: 1.889726125458
LATTICE_VECTORS
  9.242425063724  0.000000000000  0.000000000000
  -4.541088222922  8.179959281449  0.000000000000
  -0.193842849022  -0.117303658888  9.986747319855
VIRIAL (KBAR)
  26.564556313848  -10.505593811751  25.635474923825
  -10.505593811751  -61.712649103429  16.928684473875
  25.635474923825  16.928684473875  131.344239095074
INDEX    LABEL    POSITIONS    FORCE (eV/Angstrom)
  0  Si  -0.007476962839  1.783048813088  2.548417756344  0.361366958697  -0.329902008913  1.306285134984
  1  Si  3.122932070324  7.127891083259  2.603354043248  0.129013010807  0.917054405436  0.957509412266
  2  Si  -3.092734375463  7.156405051749  2.544032321551  1.078126375467  1.139079584685  1.537108121064
  3  Si  4.623495947688  6.218284122809  5.166721922094  -0.098907930435  0.483907457834  -0.711230841502
  4  Si  1.489608487663  0.862284199815  5.102895707580  0.056100501097  -0.909246264711  -0.181814509157
  5  Si  7.701990428730  0.847684925356  5.156173871674  -0.409146292719  -1.267405298164  -0.538398740532
  6  Si  -0.075441753309  1.745154777332  7.642105238063  0.759735075712  0.055551960066  0.578353474510
  7  Si  3.062956915308  7.120459169713  7.691784571127  0.061794352192  0.364317430409  -0.098111927252
  8  Si  -3.123192144797  7.131234903167  7.640427278485  0.316256591232  1.065921690524  0.262191823180
  9  Si  4.775234070551  6.281152676637  0.252093625574  -0.407347197168  0.509228021589  -3.801895755073
  10  Si  1.654969637146  0.935691192566  0.187930299415  -0.530084529401  -0.825085091391  -2.905709644827
  11  Si  7.853233586327  0.907020149706  0.257610368772  -0.965217110510  -1.039407125622  -3.135457343581
  12  Si  -1.582435264610  4.466507949981  2.560264786807  1.478602143929  -0.095032333042  1.709188117228
  13  Si  1.543093783851  4.459321024484  2.588501669420  -0.014874912076  -0.232208459776  0.596113057567
  14  Si  0.007469354858  7.132888386354  2.575238894563  0.271443441532  1.057775593893  1.168203749230
  15  Si  6.163830972105  3.509809567113  5.173640703848  -0.211597389217  0.342824751796  -0.464862148960
  16  Si  3.065063210622  3.527095977699  5.127549107232  -0.063715524803  0.398385746147  -0.009687832538
  17  Si  4.601851065671  0.835144805098  5.169039872111  -0.176142760194  -0.546251446645  -1.134091196322
  18  Si  -1.603017528764  4.445346938806  7.634647413213  0.713620644493  0.091252105106  0.816816247937
  19  Si  1.493538225140  4.415787655645  7.686420793445  0.260974563367  0.260816665647  -0.460716808863
  20  Si  -0.040909530834  7.138269368146  7.665459931766  0.362887054437  0.361161841917  0.076712831544
  21  Si  6.313889570178  3.621129292281  0.239240725110  -0.604721739435  -0.704569250614  -2.670767031668
  22  Si  3.223791184148  3.621023684795  0.214406824248  -0.381089930062  -0.011690371360  -2.717512151090
  23  Si  4.753603867368  0.925461240517  0.223464891084  -0.320137092482  -0.935863217793  -2.923270099075
  24  Si  3.085898334946  1.763617949775  2.568515355328  0.073755578271  -0.681589077742  1.201690573297
  25  Si  6.161255950671  1.748226990359  2.611749616005  0.834998796123  -0.299695002477  0.910265710443
  26  Si  4.630783113807  4.430712013057  2.628877606592  0.600984357140  -0.069953165666  0.692692696537
  27  Si  1.535819226967  6.231218423288  5.126820325593  -0.328207405539  0.498252310426  0.480235980800
  28  Si  -1.578285107520  6.237677880434  5.093529850337  0.251694773026  0.544418952040  0.351692852791
  29  Si  -0.009224445557  3.536110987585  5.106568645414  -0.548886599901  0.588737545998  -0.028832819306
  30  Si  3.030130939952  1.721235574620  7.680424826635  0.086136806110  -0.017225458353  -0.704321042742
  31  Si  6.137624466392  1.736651423272  7.674831079118  0.048704471697  -0.770746861766  0.466181516549
  32  Si  4.605759091844  4.408569907124  7.676652914900  -0.539827204227  0.190917330920  0.323702380252
  33  Si  1.680185100203  6.302472765385  0.231649833723  -0.248860545379  0.542213930450  -3.712299675949
  34  Si  -1.428186163873  6.322486889359  0.176291042984  0.037744942971  0.195823981439  -2.136853738890
  35  Si  0.124084644921  3.640950764537  0.186664651460  -0.467017882580  -0.186147382439  -2.551646971436
  36  C  -0.050795846503  1.764982096175  4.452740985516  0.621466054802  -0.143357214881  0.332700330472
  37  C  3.077003731170  7.110012629280  4.520367640659  0.465232274943  1.112359626309  -0.069064586109
  38  C  -3.112918888712  7.158016013365  4.456387983464  0.279692469730  0.769643919119  0.510452613753
  39  C  4.620778106361  6.210504675531  7.044689163339  -0.590553627752  0.018301995155  0.070353185397
  40  C  1.474933901402  0.863313915800  7.002039301879  0.077216781905  -1.115607108980  0.495417761635
  41  C  7.700589600087  0.816311465500  7.052343656634  -1.164881748431  -0.803837577207  -0.183866973461
  42  C  -0.106787470457  1.727541929889  9.563223058324  0.813736704266  -0.159869597542  -0.573459837053
  43  C  3.038949068463  7.074137285072  9.598363062909  0.313610222909  1.016881280402  -0.124079423519
  44  C  -3.148636783579  7.116724966963  9.545634013465  0.122476375109  0.815787931591  0.088976046141
  45  C  4.683235229660  6.213087491001  1.996535753641  -0.996457734742  0.132803202801  2.272371279736
  46  C  1.530510082887  0.863916944413  1.947870830233  0.226122804938  -0.709035815465  2.543073047145
  47  C  7.736621017872  0.834829827570  2.023879495239  -0.655392387646  -0.813777329041  1.793257274993
  48  C  -1.594482295924  4.453271441702  4.479478630363  0.800569619637  -0.214886552334  0.149553541318
  49  C  1.518343968115  4.471717334545  4.480182511118  0.308309598378  -0.707089454396  0.094464844578
  50  C  -0.003792859485  7.163301092723  4.518907991442  0.007649290379  0.320866533663  -0.441513657235
  51  C  6.146381698682  3.525164597630  7.083846257023  -0.444315051259  -0.366383169753  -0.930105132142
  52  C  3.048919760923  3.522509081344  7.022850347504  0.004023445473  0.013925163484  0.439358321455
  53  C  4.598993859644  0.826736915792  7.023888932128  -0.427048281462  -0.534242639783  0.977676751829
  54  C  -1.639350277098  4.414969343467  9.562540343490  0.854897931107  0.157416291201  -0.685227369772
  55  C  1.486142717344  4.416325803607  9.573578695494  0.020319942900  -0.343781821196  -0.283072663877
  56  C  -0.057220001609  7.105925795861  9.587601970046  0.184934613331  0.833903699704  -0.448263739091
  57  C  6.215247716633  3.535886078877  2.013195854863  -1.402024355405  -0.206594672254  1.461609053261
  58  C  3.101692486069  3.541508070357  1.974709996010  -0.059648745208  0.431619095461  2.418189800770
  59  C  4.657780402914  0.855894488139  1.988988340802  -0.739410552668  -0.835123520283  2.234663624142
  60  C  3.055244340370  1.750834014403  4.492618223562  0.172125190716  -0.263333380590  -0.246973321715
  61  C  6.176393638459  1.737370037791  4.511558403084  -0.665543457523  -0.225545801998  0.273914733402
  62  C  4.638046744398  4.437726606781  4.527665862245  -0.405212641199  -0.395377099326  -0.042381769405
  63  C  1.505447869392  6.216380597071  7.053874095648  0.219106700301  0.273682667620  -0.270155123186
  64  C  -1.587946786179  6.230885853948  7.031160972103  0.152201015567  0.362965033045  -0.493039696656
  65  C  -0.048291710641  3.552664087204  7.015443738926  -0.070261620776  -0.309429190078  0.071439791075
  66  C  3.017149474667  1.727844765243  9.562447594369  0.024857319227  -0.495718123871  -0.124850502907
  67  C  6.119643364271  1.694693226569  9.597080788277  -0.133229998676  0.013119594065  -0.553707695037
  68  C  4.579741924367  4.385788491503  9.603673356584  -0.028930615590  0.105650519903  -0.773287472280
  69  C  1.567827387399  6.244483427327  1.964033950275  0.110110632864  0.184761411318  3.156904811085
  70  C  -1.548683414235  6.229884958717  1.961146398120  0.350243386979  0.879177019770  1.739601300645
  71  C  -0.007495363583  3.558995563300  1.946425508966  0.185850050708  0.514501594522  2.571607449193


MDSTEP:  9
LATTICE_CONSTANT: 1.889726125458
LATTICE_VECTORS
  9.242425063724  0.000000000000  0.000000000000
  -4.541088222922  8.179959281449  0.000000000000
  -0.193842849022  -0.117303658888  9.986747319855
VIRIAL (KBAR)
  26.463003812480  -11.155371563173  25.189480344756
  -11.155371563173  -61.529822739993  17.255851016340
  25.189480344756  17.255851016340  130.077046186538
INDEX    LABEL    POSITIONS    FORCE (eV/Angstrom)
  0  Si  -0.013229042938  1.787880276002  2.549937604296  0.448429568108  -0.430795764659  1.289279974868
  1  Si  3.126697884411  7.122513246247  2.607455912258  0.093819274044  0.992015998642  0.875092854639
  2  Si  -3.089089872632  7.154227271253  2.541122832100  1.014151688842  1.118370231123  1.692103634691
  3  Si  4.624307531730  6.214506055495  5.171503679952  -0.142341304070  0.455463247318  -0.854289980400
  4  Si  1.491899796882  0.856984786728  5.097905953782  0.009648741344  -0.803934513372  -0.047405664223
  5  Si  7.706395296160  0.847628366075  5.154139321835  -0.537453946700  -1.379585475859  -0.558961044596
  6  Si  -0.080503567689  1.739253876282  7.642981610350  0.872269858524  0.156343316553  0.566862581769
  7  Si  3.064220959983  7.123550256598  7.693556918613  0.104551285297  0.362338200357  -0.276515951376
  8  Si  -3.119468766836  7.127045861354  7.642940568697  0.226447332033  1.232055735936  0.261932416680
  9  Si  4.769620446850  6.287625866664  0.251741617362  -0.305773902377  0.383317055656  -3.746974017601
  10  Si  1.650008518524  0.929273386394  0.186274603491  -0.300873344640  -0.696743370438  -2.711894155171
  11  Si  7.855750426203  0.910806575652  0.256739224949  -1.156783134405  -1.047801330176  -2.888653279009
  12  Si  -1.581862307889  4.467336558920  2.565045269355  1.280467928782  -0.232474881454  1.531985105816
  13  Si  1.546272471711  4.454391700690  2.582399075829  0.008070674895  -0.058064531814  0.725918588681
  14  Si  0.009216136028  7.137230638941  2.570902166994  0.183609218733  0.981470326455  1.263816699732
  15  Si  6.167040883845  3.511895258966  5.175678165138  -0.267887262406  0.227010238238  -0.567799054574
  16  Si  3.059917972502  3.530434307932  5.130379326487  0.179885585503  0.393965859389  -0.025554086198
  17  Si  4.603901253855  0.832845053359  5.167893362444  -0.220850446807  -0.493646951324  -1.106907425962
  18  Si  -1.605411981073  4.440324558696  7.636172266017  0.660489135778  0.177234246007  0.749228753338
  19  Si  1.499967852277  4.411906218133  7.687248629545  0.117348941581  0.304650633563  -0.487855302867
  20  Si  -0.040047139101  7.136199764255  7.666894419746  0.302880931765  0.396918785979  0.046500722586
  21  Si  6.307205725388  3.614985627116  0.237318465469  -0.535837813060  -0.517125019775  -2.629948127041
  22  Si  3.223946571278  3.621739413112  0.219886132334  -0.315010297254  -0.004082573247  -3.113045256034
  23  Si  4.751417120475  0.922486900028  0.217467592529  -0.378977931295  -0.859080964294  -2.537103398175
  24  Si  3.084095892048  1.768940861830  2.574470402249  0.062481794999  -0.747228884068  1.071266827957
  25  Si  6.161533339866  1.750407336677  2.613016090217  0.635882520142  -0.344071199817  0.999464982564
  26  Si  4.626620901545  4.434404307571  2.626714430241  0.740419773239  -0.177145651380  0.757952199708
  27  Si  1.540727710741  6.230660254940  5.129028441613  -0.463540749726  0.581794420155  0.408847034058
  28  Si  -1.580490665516  6.241052327622  5.097196446036  0.248147237512  0.550327324879  0.296049796145
  29  Si  -0.003904433438  3.539284260503  5.112689842035  -0.668713399883  0.513366214687  -0.145368248589
  30  Si  3.030098856879  1.718382023635  7.677563911222  0.084376058299  0.066158840665  -0.612710691833
  31  Si  6.132431287193  1.733619277621  7.673027044174  0.007758323808  -0.598024235753  0.454189205427
  32  Si  4.605915369114  4.412710817952  7.682076045992  -0.613772755181  0.041550529804  0.201411505271
  33  Si  1.680297870381  6.298101228688  0.226477210257  -0.267190232123  0.718502569713  -3.268013893140
  34  Si  -1.426411578426  6.322724939756  0.170660359941  -0.078560715464  0.007089659313  -1.782081188022
  35  Si  0.124671660042  3.634491747512  0.189731142894  -0.463196532562  0.048461189780  -2.895587143901
  36  C  -0.057720839676  1.758433264357  4.454694980288  0.851570342281  0.109683282709  0.302458840242
  37  C  3.076307154189  7.102125091315  4.510858012166  0.573466646036  1.180448665912  0.215349060562
  38  C  -3.120665889376  7.156373952213  4.462243507447  0.427006828107  0.812335156808  0.389602250446
  39  C  4.627779634232  6.206656838022  7.044708635952  -0.765096462495  0.139989166972  0.141022269880
  40  C  1.481821559613  0.868486506926  7.008071414495  -0.158152948535  -1.265543153508  0.311469920867
  41  C  7.692449113764  0.823793428527  7.043572797576  -1.029562150128  -0.974506308840  0.001895746584
  42  C  -0.106316426422  1.726038139666  9.570396595545  0.805761572141  -0.181771158650  -0.728747413283
  43  C  3.037115423655  7.083907579738  9.588902434527  0.310989291370  0.921880645866  0.114407185385
  44  C  -3.146557832795  7.119001868994  9.546631290342  0.030937235719  0.760687574732  0.108164449300
  45  C  4.686953396717  6.205933098851  1.999533623480  -1.065371317143  0.351161745808  2.064784501449
  46  C  1.531214303203  0.858687691512  1.954678101081  0.147593184175  -0.570635570329  2.325922589835
  47  C  7.728278228469  0.838471749727  2.031328945068  -0.486811066887  -0.889096215687  1.488622479142
  48  C  -1.601084032510  4.459448393751  4.473321742856  1.021988749233  -0.324388149073  0.362400789718
  49  C  1.526817885241  4.474949204130  4.480144447008  0.124572345917  -0.803368549411  0.049959580858
  50  C  -0.005623123825  7.164158740143  4.514482522197  0.055799408166  0.281229959173  -0.308441344381
  51  C  6.139796891723  3.528291060263  7.077130374137  -0.357358550667  -0.440927276302  -0.769230511229
  52  C  3.044097566427  3.515732795613  7.025884815114  0.158264316245  0.171996417516  0.366570327307
  53  C  4.591433967590  0.827460328793  7.026283645143  -0.305663327773  -0.625356985436  0.890138138776
  54  C  -1.645215710572  4.408203319602  9.555195190714  0.950847058217  0.203665356120  -0.499516102270
  55  C  1.490558279164  4.423701408709  9.569321138809  -0.080241206583  -0.587122937784  -0.152452817992
  56  C  -0.061525362592  7.104744402434  9.588577651153  0.316023063235  0.827179379754  -0.458497867042
  57  C  6.204406325094  3.536078153756  2.009975770177  -1.113067475006  -0.147200368803  1.561107431889
  58  C  3.107963963988  3.544993603186  1.968582295503  -0.234435284719  0.345167335748  2.697755831722
  59  C  4.647203181985  0.856563070833  1.996538708315  -0.533931607921  -0.802041076856  1.869674742760
  60  C  3.055311030615  1.760151127456  4.488749350571  0.153612986431  -0.411511380447  -0.119487660811
  61  C  6.181742241420  1.730464004296  4.521554360441  -0.745434207781  -0.056082375443  0.076461613803
  62  C  4.647661366648  4.435884336183  4.520594648169  -0.636319294951  -0.393930866293  0.116744736291
  63  C  1.508219923614  6.217884562295  7.057798099803  0.218762616614  0.214662732883  -0.332806450217
  64  C  -1.593644755922  6.235934977253  7.038039070100  0.365157992913  0.150983191779  -0.590670698781
  65  C  -0.050937474644  3.551546693726  7.020401438840  0.004348068793  -0.288808321857  0.047587425054
  66  C  3.020575574286  1.732149420356  9.555370722216  -0.128763661596  -0.592871970691  0.045463115391
  67  C  6.114252629659  1.699717115942  9.600043062070  -0.023649491374  -0.179979683662  -0.675010332192
  68  C  4.580066384381  4.387180489649  9.599572434145  -0.106069244843  0.184651998244  -0.652915159443
  69  C  1.570218906248  6.245981345062  1.974455240081  0.144181865080  0.150602027192  2.582695740352
  70  C  -1.550369365444  6.221843510245  1.969932192066  0.466852524902  1.066778585567  1.300647472005
  71  C  -0.002958234481  3.566570023490  1.939129192507  0.077819097556  0.343439849508  2.921635142809


MDSTEP:  10
LATTICE_CONSTANT: 1.889726125458
LATTICE_VECTORS
  9.242425063724  0.000000000000  0.000000000000
  -4.541088222922  8.179959281449  0.000000000000
  -0.193842849022  -0.117303658888  9.986747319855
VIRIAL (KBAR)
  24.545690478011  -11.834518752671  25.674148856421
  -11.834518752671  -60.078372085537  17.148558513792
  25.674148856421  17.148558513792  129.524918091581
INDEX    LABEL    POSITIONS    FORCE (eV/Angstrom)
  0  Si  -0.010211241588  1.792628905437  2.549784583301  0.264199245536  -0.430609339163  1.370581065842
  1  Si  3.131661976828  7.122609139848  2.601111155158  -0.078290107464  1.018403222887  0.998921759749
  2  Si  -3.087881959766  7.157276853734  2.545289255765  1.012015278824  1.095411267188  1.693850557231
  3  Si  4.623214025315  6.208597893541  5.167255939159  -0.117299411772  0.623465912906  -0.781191721890
  4  Si  1.487311605814  0.859939228892  5.104128073093  0.100245357492  -0.801356848772  -0.227270358654
  5  Si  7.703729196215  0.853666619607  5.156717024106  -0.348354264833  -1.568517706862  -0.613916394957
  6  Si  -0.073389443778  1.739122317734  7.639912569811  0.632130530988  0.018683099519  0.507603384526
  7  Si  3.061725133249  7.118145176462  7.698070137566  0.317780386579  0.384579659726  -0.333814475512
  8  Si  -3.123403877361  7.127516220499  7.648523136916  0.352873202023  1.170605271041  0.062000948572
  9  Si  4.763677413806  6.283903090195  0.253964625088  -0.170993377109  0.539588479442  -3.570136124467
  10  Si  1.644526341492  0.934981400340  0.186811740586  -0.189843833665  -0.757321127237  -2.525925872329
  11  Si  7.856316351721  0.914387748027  0.250032628518  -1.121772850309  -1.152708418411  -2.706872840056
  12  Si  -1.580166366666  4.465119240665  2.569460838224  1.225935656315  -0.113259973623  1.330888242647
  13  Si  1.544178292794  4.458127792808  2.587411185272  0.047230123044  -0.190938597396  0.562380044751
  14  Si  0.010166108715  7.143670452174  2.572391603900  0.322154533110  0.826134897945  1.223430317211
  15  Si  6.167136053918  3.508656322758  5.176112464187  -0.345292799590  0.343651340523  -0.646412688173
  16  Si  3.055998607893  3.527129089226  5.123876544817  0.147087210959  0.613927264884  0.152674621484
  17  Si  4.603518530471  0.833641250287  5.162427621980  -0.157724619145  -0.533870154640  -1.003165161534
  18  Si  -1.607821805029  4.444276426761  7.638329383451  0.774187186888  0.076915783737  0.600841425324
  19  Si  1.495925918415  4.417001972117  7.692064383761  0.180659547180  0.072392574452  -0.535744386266
  20  Si  -0.033576965919  7.142886501516  7.670903031110  0.168204943153  0.242864931620  -0.036965494542
  21  Si  6.307918462325  3.615383584698  0.237410634183  -0.559997851712  -0.595168537186  -2.689375399015
  22  Si  3.225959063039  3.616631567361  0.224612979827  -0.425971802825  0.118919278106  -3.201122358958
  23  Si  4.750358798274  0.921926467966  0.219210245679  -0.337779694431  -0.871583727728  -2.627491747333
  24  Si  3.081013856596  1.762367652856  2.576617235281  0.216073079524  -0.578887831635  1.040528437354
  25  Si  6.166641648430  1.751097931056  2.618759428596  0.502955149040  -0.313995183322  0.751359688490
  26  Si  4.625456390828  4.438109182578  2.621996135335  0.680917155888  -0.336559651274  0.878416343878
  27  Si  1.539593677667  6.227380913294  5.132094098192  -0.310265943401  0.732129104418  0.329934307613
  28  Si  -1.579527567949  6.242063539971  5.097176233528  0.161593777280  0.465769027333  0.236902020743
  29  Si  -0.008294696522  3.543138623824  5.110570976027  -0.578013044000  0.507228566845  -0.129529320186
  30  Si  3.024012573568  1.721510771721  7.674896770264  0.125333870292  -0.074126099075  -0.529841968064
  31  Si  6.137249415859  1.730478572350  7.678240145851  -0.031215868280  -0.504320321161  0.280297272582
  32  Si  4.604577555050  4.418848647154  7.689033961011  -0.608646287343  -0.224688592201  0.015520223856
  33  Si  1.677937351852  6.296605399920  0.225039818890  -0.250763128274  0.820886862831  -2.807352887828
  34  Si  -1.433031123345  6.324819303750  0.170355053782  0.130667237737  -0.046573362984  -1.620730934843
  35  Si  0.126636874406  3.634552079815  0.182913996277  -0.508221453166  0.122104560881  -2.659957527257
  36  C  -0.056140351322  1.767027836135  4.462402382321  0.799723126266  -0.007962912219  0.138877920324
  37  C  3.080660455117  7.099479900979  4.502565894028  0.446939007199  1.224772325974  0.391624178859
  38  C  -3.122566530977  7.165384738043  4.465957881982  0.473921707445  0.673293582007  0.362173787176
  39  C  4.635344266881  6.198156155407  7.043238170860  -0.958660167855  0.299256942709  0.199953080796
  40  C  1.476100743559  0.860114968832  7.000878082001  -0.009436962694  -1.164471312717  0.552108140919
  41  C  7.692881061424  0.812409874591  7.042251692981  -0.966178071343  -0.788846825041  0.113933729137
  42  C  -0.107286512570  1.724177455536  9.567243008529  0.862569596213  -0.086549502823  -0.755530656614
  43  C  3.035672378905  7.090073596363  9.594370705509  0.342442044992  0.809442718879  0.052263315426
  44  C  -3.138097694726  7.125566780630  9.544684068710  -0.280270731400  0.692334619918  0.251335986807
  45  C  4.684392858697  6.204808126077  2.009834299492  -0.884914918435  0.466566956582  1.673242032603
  46  C  1.531334245239  0.868327979696  1.963085681711  0.095761260578  -0.755083809718  2.040905580320
  47  C  7.724743651568  0.841139515127  2.024861130941  -0.292081448115  -0.865616575528  1.554463348239
  48  C  -1.601262357086  4.449716802038  4.463698125611  0.944767528869  -0.085435348305  0.624783401439
  49  C  1.518710731691  4.483621416134  4.472266038411  0.219778595572  -1.038887208046  0.289845838109
  50  C  -0.004759940582  7.157499115589  4.509570621477  0.040718915944  0.455871720599  -0.149899446998
  51  C  6.143493975480  3.532919655930  7.071856924177  -0.492202800268  -0.594606957032  -0.593388985392
  52  C  3.036276894443  3.508627065108  7.030418428259  0.260596591490  0.383826318594  0.232839475110
  53  C  4.591281772190  0.828630545593  7.026053975339  -0.282022097822  -0.588520014826  0.858910694195
  54  C  -1.649591506981  4.407865450204  9.549193715158  1.004898657669  0.248112412500  -0.368492970060
  55  C  1.493929422930  4.431632907785  9.572800730088  -0.125601113315  -0.808988899717  -0.215577449566
  56  C  -0.059803209366  7.103204068410  9.591300746202  0.229752231236  0.855895652464  -0.482886663850
  57  C  6.200910297251  3.541220907244  2.007093880090  -1.031558612572  -0.221597028444  1.639461033727
  58  C  3.108119444249  3.538923251669  1.967751807072  -0.275525008635  0.415728336080  2.858253319142
  59  C  4.647812670088  0.851973266819  1.993751248199  -0.488153823303  -0.675989445947  2.061189617705
  60  C  3.059163618792  1.767302729929  4.488087774881  0.039958001252  -0.641469643160  -0.109045405348
  61  C  6.190817822762  1.731275946099  4.515423656118  -0.981431143740  -0.065684364940  0.222651148410
  62  C  4.641559747459  4.439086406845  4.517861739003  -0.501292310450  -0.567523265477  0.113128463230
  63  C  1.517653674465  6.211059534962  7.066985965467  -0.005661309838  0.362938378770  -0.505224926673
  64  C  -1.595647460860  6.234528508727  7.035908984295  0.497748042481  0.270882873553  -0.507175613374
  65  C  -0.048220899507  3.542613207618  7.016577877829  -0.093002319351  -0.025813714319  0.160867525081
  66  C  3.016177945607  1.735049299175  9.559949973330  -0.065342944870  -0.680605333019  -0.107361341139
  67  C  6.123640181663  1.689737449725  9.598695220242  -0.289868706680  0.076756457271  -0.645718234315
  68  C  4.574642456844  4.388446870533  9.602504046480  0.018035699475  0.119401791242  -0.649766341042
  69  C  1.572607723594  6.237649440724  1.986649855963  0.132626437215  0.397111427986  2.069654543115
  70  C  -1.541401396090  6.228586098954  1.977969769780  0.258012332908  0.944930116283  1.097280849912
  71  C  -0.005477700855  3.571796611064  1.938716582837  0.133157579347  0.267353896254  2.741008024602


