6e-05 0.00064791 0.000652612
0.00012 0.00258993 0.00261
0.00018 0.00582213 0.00586996
0.00024 0.0103387 0.0104282
0.0003 0.0161316 0.0162782
0.00036 0.02319 0.023412
0.00042 0.0315001 0.0318201
0.00048 0.0410451 0.0414914
0.00054 0.0518051 0.0524135
0.0006 0.063757 0.0645728
0.00066 0.0768753 0.0779549
0.00072 0.0911328 0.0925439
0.00078 0.106503 0.108323
0.00084 0.12296 0.125275
0.0009 0.140482 0.143381
0.00096 0.159046 0.162622
0.00102 0.178633 0.18298
0.00108 0.199221 0.204435
0.00114 0.220791 0.226967
0.0012 0.243318 0.250555
0.00126 0.26678 0.27518
0.00132 0.291151 0.300823
0.00138 0.316403 0.327465
0.00144 0.342506 0.355089
