ATOMIC_SPECIES
Si 28.085 Si_ONCV_PBE-1.0.upf
C 12.011 C_ONCV_PBE-1.0.upf

LATTICE_CONSTANT
1.8897261254578281

LATTICE_VECTORS
9.36974903489901 0.0 0.0 
-4.692809407836224 8.159289153370848 0.0 
-0.048920666976177675 0.12837986868614354 10.386515602304998 

ATOMIC_POSITIONS
Cartesian    # Cartesian(Unit is LATTICE_CONSTANT)
Si
0.0
36
0.001910926124 1.828310351045 2.554325675470 1 1 1
3.131107032449 7.235857661838 2.516407775535 1 1 1
-3.143891909364 7.250099754992 2.502592703075 1 1 1
4.685471288303 6.363579475808 5.110585692908 1 1 1
1.558785116082 0.936790315032 5.132299268268 1 1 1
7.831532305237 0.946552383655 5.158020049642 1 1 1
-0.021796891489 1.868306924277 7.694812625215 1 1 1
3.107458856940 7.272762949279 7.680728617210 1 1 1
-3.135288039872 7.285860001625 7.649010261764 1 1 1
4.657396783675 6.390309027935 10.254274216097 1 1 1
1.529990159159 0.959595939996 10.280391558845 1 1 1
7.802146862004 0.957904934462 10.287827637826 1 1 1
-1.565326532642 4.539197401541 2.540052665630 1 1 1
1.568423191110 4.546442277126 2.535700125036 1 1 1
-0.006924540361 7.243455752720 2.517613670333 1 1 1
6.246946175533 3.650665240948 5.122033408903 1 1 1
3.096436326443 3.644987928550 5.133553446103 1 1 1
4.670715825247 0.940086718793 5.136476473374 1 1 1
-1.580516207035 4.555417596804 7.654552720000 1 1 1
1.526104815732 4.576629844364 7.671859369098 1 1 1
-0.012986325686 7.281895875004 7.660388100534 1 1 1
6.233033246262 3.691890489612 10.258304905069 1 1 1
3.103108561301 3.675131351310 10.266957096706 1 1 1
4.667763984929 0.972953061076 10.287204636519 1 1 1
3.114937560700 1.824816707190 2.562747629571 1 1 1
6.253380066222 1.825384420721 2.574679015832 1 1 1
4.695531577830 4.548522538707 2.547502738189 1 1 1
1.540828405749 6.344729402461 5.100335063866 1 1 1
-1.574064346796 6.349855892619 5.103478943302 1 1 1
-0.014407441324 3.644431395430 5.108865362026 1 1 1
3.111405412652 1.865561336371 7.702983124727 1 1 1
6.252033017458 1.876515708691 7.716469789787 1 1 1
4.685148059288 4.573812285215 7.700689659303 1 1 1
1.535784347803 6.367234606232 10.253394920365 1 1 1
-1.595348508859 6.381744667439 10.218595333459 1 1 1
-0.046607587202 3.662545593849 10.249963674892 1 1 1
C
0.0
36
-0.014969983240 1.835006466591 4.478468597591 1 1 1
3.115826872577 7.260486769040 4.455014867715 1 1 1
-3.152375336408 7.246893829847 4.448604193628 1 1 1
4.681488476209 6.368429352263 7.042959368001 1 1 1
1.541433581143 0.937593461592 7.068309213392 1 1 1
7.803233485520 0.951759751523 7.076330026577 1 1 1
-0.041766195078 1.882166122738 9.617510713347 1 1 1
3.121656176219 7.294117155848 9.579758493003 1 1 1
-3.175289134180 7.298583125368 9.597278619314 1 1 1
4.703619435671 6.355544297465 1.895577956698 1 1 1
1.559483844492 0.915549671010 1.930437255858 1 1 1
7.834953088081 0.916026663512 1.931068796784 1 1 1
-1.578622154318 4.548206878241 4.471521712471 1 1 1
1.556525634431 4.525538266482 4.468740844302 1 1 1
-0.002238047990 7.249808041988 4.456449909481 1 1 1
6.242091557446 3.663401876686 7.065895602120 1 1 1
3.108728810555 3.659299376321 7.048249328127 1 1 1
4.669409913578 0.957763281899 7.084444932432 1 1 1
-1.603872630944 4.588182851897 9.590818427733 1 1 1
1.536570103433 4.583208914816 9.609052496449 1 1 1
-0.020854852921 7.273399360555 9.604444090448 1 1 1
6.260728932029 3.631228029886 1.917280521919 1 1 1
3.127422630383 3.645542312411 1.914072085455 1 1 1
4.694716997298 0.921274523921 1.959470122274 1 1 1
3.119745130188 1.829403894336 4.491038332705 1 1 1
6.236700047107 1.827148407872 4.505225495924 1 1 1
4.678864944758 4.548511177937 4.490718511374 1 1 1
1.528881071638 6.369998428400 7.012026418320 1 1 1
-1.592311731733 6.376771777619 7.022232413648 1 1 1
-0.019845368729 3.652429858864 7.047169875055 1 1 1
3.094890047072 1.861263183123 9.641406278814 1 1 1
6.243089093987 1.866419713790 9.639023458158 1 1 1
4.662960620285 4.581516275327 9.626819335028 1 1 1
1.580512023849 6.344370501272 1.906714802228 1 1 1
-1.568696199887 6.347701083910 1.874781270917 1 1 1
0.004342166232 3.635760361377 1.903395238304 1 1 1

NUMERICAL_ORBITAL
Si_gga_9au_100Ry_3s3p2d.orb
C_gga_9au_100Ry_3s3p2d.orb
