MDSTEP:  0
LATTICE_CONSTANT: 1.889726125458
LATTICE_VECTORS
  9.207162925781  0.000000000186  0.000000000000
  -4.603581462727  7.973637015956  0.000000000001
  0.000000000000  0.000000000002  10.072447331752
VIRIAL (KBAR)
  67.784384016196  -0.000003416582  -0.000000000351
  -0.000003416582  67.784363055951  -0.000000001407
  -0.000000000351  -0.000000001407  66.227807575408
INDEX    LABEL    POSITIONS    FORCE (eV/Angstrom)
  0  Si  0.000000581752  1.771915196138  2.515743581935  0.000002001619  0.000050625892  0.006425076576
  1  Si  3.069057604254  7.087679922490  2.515743581936  -0.000044875404  -0.000023596577  0.006425077719
  2  Si  -3.069058185596  7.087678914863  2.515743581936  0.000042839958  -0.000027083263  0.006425076718
  3  Si  4.603580881369  6.201721950134  5.033836065005  -0.000001996527  -0.000035750520  0.006805498827
  4  Si  1.534523746045  0.885957028632  5.033836065022  0.000031990856  0.000016164818  0.006805498745
  5  Si  7.672639761320  0.885958036143  5.033836065022  -0.000029961991  0.000019639793  0.006805498789
  6  Si  0.000000581459  1.771915196125  7.551975320726  0.000001980101  0.000041913279  0.007000698760
  7  Si  3.069057604438  7.087679922259  7.551975320727  -0.000037320202  -0.000019258415  0.007000697949
  8  Si  -3.069058185470  7.087678915139  7.551975320727  0.000035306610  -0.000022708737  0.007000698988
  9  Si  4.603580881436  6.201721690456  10.070106569858  -0.000001993071  -0.000056785671  0.006632601954
  10  Si  1.534523970900  0.885957158530  10.070106569875  0.000050206334  0.000026683535  0.006632601399
  11  Si  7.672639536389  0.885958165940  10.070106569875  -0.000048178727  0.000030156587  0.006632601681
  12  Si  -1.534527288450  4.429797357045  2.515742794360  0.000020521811  0.000016537339  0.006385719976
  13  Si  1.534528075164  4.429798719305  2.515742794360  -0.000024614468  0.000009486466  0.006385721042
  14  Si  -0.000000786286  7.087677957228  2.515742794361  0.000004059937  -0.000026078339  0.006385721611
  15  Si  6.138108796463  3.543839685074  5.033835519055  -0.000019051211  -0.000015698240  0.006784984971
  16  Si  3.069053342914  3.543838322757  5.033835519055  0.000023151770  -0.000008631947  0.006784984143
  17  Si  4.603582249382  0.885959006976  5.033835519055  -0.000004068189  0.000024384504  0.006784985464
  18  Si  -1.534527364058  4.429797313143  7.551974909075  0.000014425080  0.000013037095  0.007000454675
  19  Si  1.534528150989  4.429798675808  7.551974909075  -0.000018534920  0.000005957514  0.007000453635
  20  Si  -0.000000786521  7.087678044659  7.551974909075  0.000004075772  -0.000019047929  0.007000454147
  21  Si  6.138108782847  3.543839677620  10.070105916433  -0.000015900812  -0.000013879998  0.006613517290
  22  Si  3.069053356186  3.543838314708  10.070105916433  0.000020002744  -0.000006814272  0.006613518173
  23  Si  4.603582249709  0.885959022511  10.070105916433  -0.000004068518  0.000020748343  0.006613517857
  24  Si  3.069051902338  1.771916663044  2.515742644726  0.000012482129  0.000020637862  0.006414800317
  25  Si  6.138112136427  1.771918590639  2.515742644726  -0.000024144838  0.000000474686  0.006414800250
  26  Si  4.603580350161  4.429801763908  2.515742644727  0.000011628566  -0.000021164413  0.006414799532
  27  Si  1.534529628862  6.201720391737  5.033835252805  -0.000001064717  -0.000014054302  0.006801068161
  28  Si  -1.534530740934  6.201718465216  5.033835252805  0.000012736246  0.000006121130  0.006801069311
  29  Si  0.000001112281  3.543835173870  5.033835252804  -0.000011636489  0.000007986154  0.006801067674
  30  Si  3.069051976313  1.771916708297  7.551974657829  0.000011033662  0.000019807001  0.007010554577
  31  Si  6.138112060258  1.771918632092  7.551974657829  -0.000022701824  -0.000000364676  0.007010554583
  32  Si  4.603580352330  4.429801677247  7.551974657830  0.000011636175  -0.000019495101  0.007010554017
  33  Si  1.534529418075  6.201720269325  10.070105782008  -0.000022439748  -0.000026389602  0.006636614929
  34  Si  -1.534530529510  6.201718343877  10.070105782008  0.000034104684  -0.000006223262  0.006636614182
  35  Si  0.000001111670  3.543835417639  10.070105781989  -0.000011632908  0.000032663713  0.006636614720
  36  C  0.000000599647  1.771914338041  4.409035670327  0.000001842151  0.000022691489  -0.006815545660
  37  C  3.069058340870  7.087680371301  4.409035670328  -0.000020610192  -0.000009776263  -0.006815545899
  38  C  -3.069058940123  7.087679332650  4.409035670328  0.000018732381  -0.000012986196  -0.006815545634
  39  C  4.603580864370  6.201722544971  6.927166337654  -0.000001852452  -0.000033294638  -0.006715390145
  40  C  1.534523236998  0.885956712272  6.927166337653  0.000029797717  0.000015067429  -0.006715390136
  41  C  7.672640287374  0.885957749240  6.927166337653  -0.000027910108  0.000018296861  -0.006715390500
  42  C  0.000000599371  1.771914652096  9.445308085947  0.000001842861  0.000055160645  -0.006614556917
  43  C  3.069058069037  7.087680214021  9.445308085948  -0.000048728343  -0.000026008668  -0.006614557794
  44  C  -3.069058667989  7.087679175863  9.445308085948  0.000046851140  -0.000029221723  -0.006614558103
  45  C  4.603580862980  6.201722496817  1.890953567257  -0.000001839743  -0.000044541046  -0.006731739250
  46  C  1.534523279370  0.885956735129  1.890953567256  0.000039530203  0.000020702978  -0.006731740067
  47  C  7.672640246384  0.885957774491  1.890953567256  -0.000037655773  0.000023908925  -0.006731739665
  48  C  -1.534527277698  4.429797343093  4.409036026244  0.000005506833  0.000007409518  -0.006818111164
  49  C  1.534528084317  4.429798739857  4.409036026244  -0.000009206842  0.000001039324  -0.006818111606
  50  C  -0.000000806225  7.087677959128  4.409036026245  0.000003667418  -0.000008518875  -0.006818111398
  51  C  6.138108676240  3.543839632527  6.927166975138  -0.000013857254  -0.000012178741  -0.006684837375
  52  C  3.069053446105  3.543838240708  6.927166975138  0.000017513129  -0.000005886775  -0.006684838666
  53  C  4.603582266414  0.885959133161  6.927166975137  -0.000003621243  0.000018135071  -0.006684839041
  54  C  -1.534527235636  4.429797368519  9.445308608170  0.000014330448  0.000012487034  -0.006588013732
  55  C  1.534528041250  4.429798763572  9.445308608170  -0.000018017002  0.000006141977  -0.006588013263
  56  C  -0.000000805228  7.087677909975  9.445308608171  0.000003650500  -0.000018699664  -0.006588014889
  57  C  6.138108764433  3.543839688163  1.890953807967  -0.000005985403  -0.000007712552  -0.006738301395
  58  C  3.069053353791  3.543838289237  1.890953807967  0.000009709649  -0.000001302220  -0.006738300142
  59  C  4.603582270518  0.885959028934  1.890953807966  -0.000003689455  0.000009086050  -0.006738301028
  60  C  3.069051191221  1.771916287899  4.409036345187  0.000002388558  0.000015363430  -0.006802148013
  61  C  6.138112819307  1.771918166558  4.409036345187  -0.000014536312  -0.000005637776  -0.006802147870
  62  C  4.603580378381  4.429802571575  4.409036345188  0.000012112171  -0.000009794771  -0.006802148033
  63  C  1.534530222745  6.201720698279  6.927167188879  -0.000003254549  -0.000015821268  -0.006679471012
  64  C  -1.534531305743  6.201718822057  6.927167188897  0.000015366008  0.000005116642  -0.006679469876
  65  C  0.000001083249  3.543834502091  6.927167188879  -0.000012077523  0.000010773780  -0.006679469564
  66  C  3.069051420581  1.771916420844  9.445308772955  0.000021693586  0.000026496191  -0.006591888877
  67  C  6.138112589495  1.771918298748  9.445308772955  -0.000033830449  0.000005515903  -0.006591889095
  68  C  4.603580378833  4.429802306444  9.445308772956  0.000012103035  -0.000032080012  -0.006591888659
  69  C  1.534530090631  6.201720623916  1.890954077900  -0.000020816635  -0.000026019458  -0.006731585358
  70  C  -1.534531175303  6.201718744794  1.890954077900  0.000032978484  -0.000004994718  -0.006731586910
  71  C  0.000001084915  3.543834653671  1.890954077900  -0.000012126483  0.000031081667  -0.006731586606


MDSTEP:  1
LATTICE_CONSTANT: 1.889726125458
LATTICE_VECTORS
  9.207162925781  0.000000000186  0.000000000000
  -4.603581462727  7.973637015956  0.000000000001
  0.000000000000  0.000000000002  10.072447331752
VIRIAL (KBAR)
  67.848009671674  0.069766183513  -0.083592944776
  0.069766183513  67.682640515011  -0.013570485366
  -0.083592944776  -0.013570485366  66.273501699186
INDEX    LABEL    POSITIONS    FORCE (eV/Angstrom)
  0  Si  0.000873890511  1.771195084219  2.516328206448  -0.022456308199  0.019735616202  -0.023334349434
  1  Si  3.068929315242  7.087103561958  2.515960943562  0.006848618806  0.025796259749  -0.006821725103
  2  Si  -3.069008833385  7.088391499958  2.515963702301  0.001858289719  -0.030649611092  0.004804742022
  3  Si  4.604399919596  6.200621204096  5.034125226567  -0.026656769275  0.040931954044  0.006531056471
  4  Si  1.534528091698  0.886747285651  5.034117301952  -0.006967731769  -0.019762478548  -0.004670122136
  5  Si  7.673198042476  0.886378295870  5.033503489661  -0.025207274610  -0.013627425246  0.014895953160
  6  Si  -0.000001171726  1.771927412377  7.551697174568  -0.002532512619  0.005234371730  0.012161295583
  7  Si  3.069861831196  7.088499335021  7.552025834959  -0.014846168029  -0.010901489669  0.005682941680
  8  Si  -3.068522770722  7.087927814159  7.551502850621  -0.011139274770  -0.002000127528  0.023067752289
  9  Si  4.603328960521  6.202036251466  10.070348691795  0.015165495274  -0.017930457776  -0.008605836940
  10  Si  1.534436097353  0.886894171509  10.070016346636  -0.003758198096  -0.029775110948  0.005536497735
  11  Si  7.672528112387  0.885199542391  10.070078477151  -0.000470131920  0.019060554069  0.008931263192
  12  Si  -1.534291366263  4.429113424881  2.515562676405  -0.008772187544  0.001636693212  0.003317671375
  13  Si  1.534592595069  4.430506665841  2.515935366831  -0.006397987564  -0.005810125638  -0.012047623554
  14  Si  -0.000531529499  7.087144837869  2.515243967816  -0.006587586177  0.019964067991  0.031148346123
  15  Si  6.137602581317  3.543216558100  5.034001131231  0.019243246211  0.017683391086  -0.013675421555
  16  Si  3.068780781642  3.545032397158  5.034369449766  0.012399397118  -0.012735872696  -0.023470395334
  17  Si  4.603505616579  0.886416308517  5.034442051584  0.000542489619  -0.011365576165  -0.000832170527
  18  Si  -1.534526022334  4.429660849800  7.551564309284  -0.002800018982  -0.008760017592  0.008674767009
  19  Si  1.534932217678  4.430348976437  7.551249328402  -0.019763445002  -0.008436494864  0.022439320264
  20  Si  -0.000407058749  7.086895401547  7.551386602453  0.015211165116  0.024828147416  0.026336556078
  21  Si  6.138504542776  3.543967359646  10.069662440054  -0.026965988540  -0.006544392625  0.026578102725
  22  Si  3.068678566921  3.543429333233  10.069688223581  0.001128342709  -0.003175102977  0.023335990080
  23  Si  4.604452549989  0.886255749169  10.069800699948  -0.026709715450  -0.012943696295  0.016315888763
  24  Si  3.069291731819  1.772555835526  2.515673591301  0.008083589683  -0.009485922650  0.016464833986
  25  Si  6.137790227064  1.772356786076  2.516230093945  0.004267112065  -0.020333237357  -0.006437889919
  26  Si  4.603595265926  4.429614775869  2.515772303760  0.003054072305  0.001602809710  0.006602500208
  27  Si  1.533930984144  6.202739248203  5.033412162183  0.020759817299  -0.009685256342  0.011246155314
  28  Si  -1.534730982543  6.201116195166  5.034401818879  -0.000579673806  0.021611788645  -0.004285920837
  29  Si  -0.000086498521  3.544438269736  5.033180053504  0.009739460148  -0.004169855685  0.000904291601
  30  Si  3.069266725809  1.771302895527  7.552229911867  -0.020319073050  0.019664709088  -0.011404756347
  31  Si  6.136785537896  1.772326118004  7.552769487351  0.046887654816  -0.010711916296  -0.004083057275
  32  Si  4.603651902130  4.429054236697  7.552814041088  -0.006826009797  0.019082536391  -0.028031464421
  33  Si  1.534545141062  6.200944232463  10.069739648320  -0.009177383230  0.006193918040  0.035112357355
  34  Si  -1.533826872519  6.201616478374  10.069502847214  -0.016102942298  0.000579629482  0.031595767671
  35  Si  0.000014966473  3.544262156566  10.069619915408  -0.022339159241  -0.014538893677  0.012904978279
  36  C  -0.001193883695  1.771929404141  4.408324138362  0.036126033359  0.013707329089  0.010229846177
  37  C  3.069309680498  7.088061391963  4.408029747760  0.004709412608  -0.009451944647  0.027325927894
  38  C  -3.069699756787  7.087084882904  4.408956675235  0.020368972998  0.024634199518  0.005789041070
  39  C  4.604167327726  6.202445085242  6.927570403029  -0.005574429802  -0.030209768600  -0.007174551877
  40  C  1.533681314055  0.885826936953  6.927233685285  0.026705342065  0.006220221419  -0.010902619797
  41  C  7.673180529997  0.886376194288  6.927511406895  -0.026387759324  0.004343801807  -0.013907260118
  42  C  -0.000327533005  1.772223174282  9.444757809227  -0.000943861324  -0.006641868552  0.001015227593
  43  C  3.068149154304  7.087065423849  9.445661867051  0.020667824944  0.006865185648  -0.016221824485
  44  C  -3.067947395178  7.087345012841  9.444867128799  -0.026690211312  0.016994473341  0.003583143887
  45  C  4.603899368224  6.200966355393  1.890797530244  -0.006420298227  0.018883304223  -0.006398617751
  46  C  1.535391317477  0.885747803010  1.891468632376  -0.009686651080  0.010474634145  -0.020406742106
  47  C  7.672298681402  0.886691280670  1.890528523926  0.013916572820  -0.021583779322  0.006674292025
  48  C  -1.534007402881  4.430591410970  4.408544649356  -0.020797117666  -0.028271586408  0.006756580219
  49  C  1.535233535966  4.430479352605  4.407529943136  -0.019874580563  -0.002771521277  0.030737067214
  50  C  -0.000314802297  7.087733201593  4.409759692446  -0.010416654390  0.010471168561  -0.017858165455
  51  C  6.138261969217  3.543178528065  6.926090280296  -0.009702910391  0.015227277617  0.019571832024
  52  C  3.068080700127  3.544191096653  6.925837751635  0.025323128026  -0.010222559524  0.029714034255
  53  C  4.604133881291  0.886576877811  6.927795409128  -0.020468690221  -0.022762558729  -0.012905225642
  54  C  -1.535966951985  4.429790301003  9.445052096904  0.035981671361  -0.000657179081  -0.014269687827
  55  C  1.534056685639  4.428966496278  9.446095157686  0.009737911506  0.014912474092  -0.041188076466
  56  C  0.000267415887  7.086980698576  9.445210060699  0.004444580142  0.014826111590  -0.013301626589
  57  C  6.137433001149  3.542912829573  1.891146184216  0.014358198456  0.023214809410  -0.015512497455
  58  C  3.068840183702  3.544147626997  1.891307300816  0.002386616083  0.001253315009  -0.021422368497
  59  C  4.603720580928  0.886027314237  1.890961579666  -0.007261646437  -0.002612286547  -0.010431262957
  60  C  3.069593892202  1.772217050175  4.409463934522  -0.014245225627  0.011986351264  -0.009569693198
  61  C  6.137460457596  1.771937517020  4.408723930209  0.014611344869  -0.002126135897  0.006810407464
  62  C  4.604168143021  4.431018480525  4.409030797713  -0.011754105466  -0.038197982884  -0.004806691218
  63  C  1.534281028352  6.202377042064  6.927616637725  0.016396490723  -0.004140166937  -0.023939927325
  64  C  -1.534385652115  6.201824039146  6.928034383530  -0.006112838086  -0.010488433926  -0.030895967383
  65  C  -0.000062113489  3.543391369016  6.926289543293  0.007261605685  0.019105113753  0.004238203974
  66  C  3.068418598991  1.771795218720  9.444676207862  0.021835309821  -0.000970968732  0.006282405529
  67  C  6.137902226715  1.772211277008  9.445663109959  0.011424285447  -0.004459156022  -0.017022794415
  68  C  4.602600296977  4.428572808866  9.444534611063  0.017432040692  0.025372643076  0.016307907064
  69  C  1.533836307061  6.202721172534  1.892442949234  0.013737008145  -0.022201672425  -0.051169968447
  70  C  -1.534847560599  6.200905851017  1.891678017958  0.000194360845  0.009682767411  -0.032964454508
  71  C  0.000377921532  3.543943597506  1.890108846754  0.000905058399  -0.010668996654  0.010345811543


MDSTEP:  2
LATTICE_CONSTANT: 1.889726125458
LATTICE_VECTORS
  9.207162925781  0.000000000186  0.000000000000
  -4.603581462727  7.973637015956  0.000000000001
  0.000000000000  0.000000000002  10.072447331752
VIRIAL (KBAR)
  67.840105755460  0.622179772552  -0.546122383175
  0.622179772552  67.416323159815  -0.250599625769
  -0.546122383175  -0.250599625769  66.626542126019
INDEX    LABEL    POSITIONS    FORCE (eV/Angstrom)
  0  Si  0.002892900675  1.769550353849  2.514515361598  -0.067315070790  0.075181071689  0.051326513512
  1  Si  3.068949886782  7.088844064147  2.516883247582  0.014668076302  0.013556942232  -0.021626811561
  2  Si  -3.066880633244  7.086754973869  2.515410110251  0.006523364849  0.003533878703  0.001135925909
  3  Si  4.605475502457  6.202577291840  5.034376969852  -0.035125546070  0.046661862259  -0.054849713367
  4  Si  1.535783586455  0.889017106654  5.032710828311  -0.051678794835  -0.054523848567  0.041254260556
  5  Si  7.675434888838  0.886644411154  5.035790141573  -0.075108465832  -0.021134214642  -0.044262805393
  6  Si  -0.000031484095  1.772205932134  7.554012940072  0.008846304744  0.039765735387  -0.029058432500
  7  Si  3.071434073699  7.090149224429  7.552525223450  -0.038697293236  -0.057864934305  -0.024080334243
  8  Si  -3.067699087851  7.090534399021  7.553805110568  -0.047094033066  -0.053602156444  0.010941329421
  9  Si  4.602410551970  6.204000465981  10.070815058427  0.040405308618  -0.082699841910  0.030793977330
  10  Si  1.535160036254  0.888249028583  10.071468074553  -0.078972316953  -0.053809200832  -0.015170798565
  11  Si  7.674080365705  0.883957382330  10.070630998074  -0.042217180031  0.005886325413  0.050087526487
  12  Si  -1.534449330699  4.427360827419  2.517119285506  -0.000660520066  0.012735279985  -0.010907045141
  13  Si  1.536512216788  4.432468263976  2.516796709699  -0.095298421204  -0.054574751504  -0.037823838219
  14  Si  -0.000994486569  7.087741165949  2.515764747679  -0.035145275621  -0.007893881655  0.050532697728
  15  Si  6.138375642334  3.543425595702  5.032145295749  -0.034792056287  -0.031597879001  0.036631673314
  16  Si  3.069201012713  3.542569528766  5.035418983959  0.027662240302  0.132877350876  -0.059895241628
  17  Si  4.603601348555  0.888163266958  5.034520984455  -0.050175461610  -0.072534672150  -0.019025114797
  18  Si  -1.536566015747  4.429604199900  7.551621767027  0.010800526068  0.027344967762  0.010318951856
  19  Si  1.532548718399  4.432000832275  7.550649876183  0.055091274731  -0.051415623269  0.003597584741
  20  Si  0.000322793756  7.086651902170  7.549521562139  0.024940354437  -0.031603209272  0.053209691958
  21  Si  6.138037718093  3.542633483940  10.069180787671  0.045499380086  0.047988339202  0.026342884362
  22  Si  3.066138833373  3.544573677471  10.070084310845  0.051103873716  -0.024305903822  -0.054776191602
  23  Si  4.606090735285  0.886686543952  10.069525956455  -0.047671083200  -0.059941053247  -0.014956318603
  24  Si  3.069175338845  1.775159137504  2.513356355246  -0.020807361698  -0.121278590006  0.061021883095
  25  Si  6.135550588675  1.773090798332  2.516739965454  0.072408900612  -0.001549509369  -0.042895948850
  26  Si  4.602136086681  4.428140282274  2.516460175449  0.068949669747  0.075747672445  -0.031898223056
  27  Si  1.536167498253  6.203988435438  5.033220479030  -0.018838464441  -0.019467353362  0.058807199071
  28  Si  -1.535054594007  6.202969116150  5.036783172515  -0.036292483366  -0.020906181636  -0.023051519876
  29  Si  0.002279925883  3.546537637113  5.034585931185  -0.061367406843  -0.038238645210  -0.007851372217
  30  Si  3.068383649288  1.771503064744  7.550747518581  -0.013097887102  0.036122795540  0.025256023595
  31  Si  6.136683475109  1.774690304035  7.552589995226  0.010800337253  -0.046385188589  -0.000899480901
  32  Si  4.605672616152  4.431520550551  7.551139743379  -0.076226464367  0.040508422859  0.033131412526
  33  Si  1.534321104313  6.202421466602  10.071154298264  -0.063476324619  -0.018330000013  -0.029745324423
  34  Si  -1.531701624088  6.200340600459  10.070890836673  -0.136173653781  -0.023932546099  -0.059267714576
  35  Si  0.002447193176  3.543371993589  10.069110468170  -0.106061443916  0.024073467524  -0.013619044200
  36  C  -0.000675582078  1.772378692584  4.409315728927  0.044402419593  0.047954593158  -0.015230872809
  37  C  3.066826409226  7.087876396560  4.406925623341  0.086175052278  0.019996860670  0.066740906560
  38  C  -3.068444747007  7.090457446219  4.406632554570  0.025079118660  -0.012591722709  0.045118538812
  39  C  4.605020454592  6.205362352713  6.924423568409  0.011214174995  -0.036845237570  0.069467248290
  40  C  1.532684961917  0.883409074134  6.928404332617  0.038660631638  0.112353039306  -0.054967708200
  41  C  7.673905450420  0.887800844312  6.928275722278  -0.053852092332  0.009525868186  -0.003538670048
  42  C  -0.003879217396  1.772707822495  9.445270709543  0.111735229328  -0.029642284154  0.004771945091
  43  C  3.066094038941  7.083198439484  9.444391846427  0.056341182446  0.106279276172  0.018885441360
  44  C  -3.071920519759  7.090769150259  9.445686435700  0.074115849055  -0.054248274494  0.027192368520
  45  C  4.606073080620  6.204098243796  1.894279991681  -0.088123116617  -0.063801752743  -0.072037099633
  46  C  1.532751889533  0.885337497756  1.891353398008  0.101956946889  0.004785979022  -0.014157632202
  47  C  7.674686307175  0.887792888493  1.894282361582  -0.066006062911  -0.034313521585  -0.073795795729
  48  C  -1.536798458629  4.428901573446  4.411626607375  0.071113748295  0.028770125882  -0.044484216124
  49  C  1.534139170473  4.433692324533  4.409547979841  0.046481040256  -0.058549206687  -0.026989429134
  50  C  -0.000517921204  7.085914286516  4.413340552887  -0.010363376266  0.067436231934  -0.093021110378
  51  C  6.135214108934  3.546134271726  6.927097648931  0.053922106968  -0.050704228340  -0.048822794911
  52  C  3.069861183922  3.547600190307  6.923318531033  -0.024504598570  -0.083353970555  0.114680323171
  53  C  4.602364944739  0.883879459797  6.925394173155  0.035548069702  0.061894479736  0.050915628651
  54  C  -1.534922810842  4.427183676481  9.442035530266  0.014215416275  0.043038605901  0.053647286330
  55  C  1.531871453296  4.432575969058  9.442148966394  0.069428272100  -0.057213076342  0.056183054274
  56  C  -0.002459187353  7.083933735179  9.444892271412  0.084571383718  0.114356849464  -0.026667514080
  57  C  6.138640240325  3.546273771581  1.887920844934  -0.041094996212  -0.067275884400  0.072382200001
  58  C  3.069761561947  3.540691857686  1.890434807557  -0.044512141443  0.126705550685  -0.012607651752
  59  C  4.603686018843  0.885514759780  1.889288393740  -0.025396031152  0.015707602173  0.032673924610
  60  C  3.067522345330  1.775546191999  4.409988834272  0.055115832782  -0.050435143900  -0.066522401341
  61  C  6.134982577238  1.768190536098  4.408180779477  0.085502147564  0.090415853927  0.034915715067
  62  C  4.606685449756  4.433027384580  4.407870900173  -0.081607971797  -0.086023608336  0.022330767637
  63  C  1.538302578781  6.198636090893  6.927786957847  -0.051059836966  0.129283139650  -0.040799070905
  64  C  -1.536797772925  6.203117945385  6.929617739428  0.038102977640  -0.029170302409  -0.040058506218
  65  C  -0.001443873988  3.546540713305  6.927473895989  0.021175080951  -0.056976683774  -0.015670156242
  66  C  3.067160161269  1.768173541922  9.446828049574  0.059524297097  0.115739304982  -0.055698535970
  67  C  6.140353041963  1.773807223469  9.447113803593  -0.033230392519  -0.082796591090  -0.056435662030
  68  C  4.605867780536  4.427087460271  9.446580023607  -0.084224228363  0.075726218568  -0.037254967408
  69  C  1.532220817646  6.205193598605  1.889898980096  0.076490794829  -0.058365820077  0.020150690308
  70  C  -1.534114015124  6.197319066298  1.888443466324  0.018024786477  0.068360511478  0.067425638682
  71  C  -0.002380095148  3.541875566521  1.887188533813  0.119671683080  0.039582291297  0.092549856007


MDSTEP:  3
LATTICE_CONSTANT: 1.889726125458
LATTICE_VECTORS
  9.207162925781  0.000000000186  0.000000000000
  -4.603581462727  7.973637015956  0.000000000001
  0.000000000000  0.000000000002  10.072447331752
VIRIAL (KBAR)
  69.050650802682  1.396816808823  -1.072383851199
  1.396816808823  66.649633620684  0.064253186877
  -1.072383851199  0.064253186877  66.411243565784
INDEX    LABEL    POSITIONS    FORCE (eV/Angstrom)
  0  Si  0.003489228106  1.766504253568  2.517240734778  -0.101334721545  0.256764399429  0.030546603881
  1  Si  3.072051557346  7.085762682031  2.519831471220  -0.062097999454  0.073653372674  -0.117323188971
  2  Si  -3.067093522065  7.085066907323  2.516015305527  0.013617825873  0.059381695934  -0.029156118889
  3  Si  4.603161559822  6.203181264324  5.034193770352  0.017261965418  0.030705668879  -0.086952790437
  4  Si  1.537959177676  0.891959922374  5.032909356357  -0.123726834449  -0.188154000739  0.023129784113
  5  Si  7.675980796961  0.888231667987  5.033865078711  -0.049025638225  -0.098573413941  -0.032140455865
  6  Si  -0.001667659537  1.773148126606  7.554268309146  0.081784810889  0.012693331961  -0.014142627162
  7  Si  3.068061072277  7.093128778271  7.551457259899  0.050909949824  -0.107851743439  -0.098386271617
  8  Si  -3.069760814187  7.090673273407  7.553120629823  0.012863225926  -0.047967515386  -0.049852295825
  9  Si  4.601084082134  6.205222545303  10.071834447366  0.042431263000  -0.110317762481  -0.011677649779
  10  Si  1.534739060353  0.886625043163  0.000427855511  -0.168303826794  -0.020154311490  -0.030738370856
  11  Si  7.672904313647  0.881975093151  0.000002602162  -0.010669985114  0.031829924967  0.057198113210
  12  Si  -1.536130895990  4.428641204657  2.513752542847  0.036958417874  0.000377035857  0.094206398202
  13  Si  1.538878387316  4.434899085064  2.517484105155  -0.209766544834  -0.110417392726  -0.129316856130
  14  Si  -0.002247450003  7.088905926071  2.515968601640  0.003092433262  0.042868223345  0.078604158088
  15  Si  6.140782598886  3.541678480434  5.030463448105  -0.161546609510  0.080936316935  0.068441939857
  16  Si  3.066244125391  3.542715147324  5.038107951201  0.058739279727  0.131028797228  -0.159828677159
  17  Si  4.604358515703  0.888354053082  5.036747982317  -0.078494056984  -0.043390214044  -0.116163125974
  18  Si  -1.533372147906  4.431259195470  7.550540691846  -0.105600471664  -0.004835001117  0.099591656708
  19  Si  1.531594119220  4.428812975509  7.547341539141  0.087197225184  0.103753981173  0.139520727359
  20  Si  -0.003108797318  7.086552450105  7.548100213164  0.064724793031  0.001657973191  0.082319758670
  21  Si  6.139500957989  3.544875270250  10.069241340650  -0.000137502792  -0.068751905564  0.055534205841
  22  Si  3.065930283703  3.541633845543  10.067917554274  0.045913623667  0.081811888029  0.054452140350
  23  Si  4.605960699552  0.889608823084  10.066347006606  -0.018292669422  -0.058711711328  0.090685006277
  24  Si  3.066279478425  1.773344011542  2.514846422924  -0.018771624817  -0.026684689326  0.012019161313
  25  Si  6.136348689414  1.770260270855  2.519933515920  0.016288742357  0.084505177872  -0.095243252609
  26  Si  4.604714010036  4.425845362805  2.516282029681  0.006726665218  0.059159143136  -0.031917830768
  27  Si  1.537949362942  6.205910653275  5.029813756694  -0.149449951907  -0.044910777230  0.103393463469
  28  Si  -1.534520635090  6.204605553651  5.038469372498  -0.123636517357  -0.109645642008  -0.147787770817
  29  Si  0.005196093528  3.543719151078  5.036582603448  -0.184841228179  0.048825077493  -0.071552941373
  30  Si  3.071482270189  1.768745409490  7.549191526550  -0.134952473418  0.109078068475  0.110454677637
  31  Si  6.134875233783  1.776827355473  7.549774874213  0.117276248253  -0.091132276826  0.027839667823
  32  Si  4.607361423336  4.429985904406  7.548880275262  -0.027979478758  0.138306298747  0.129836551575
  33  Si  1.537341796790  6.204228391595  10.068340657352  -0.138660527065  -0.046360606023  0.090536159283
  34  Si  -1.528404274849  6.202732331982  10.069769035768  -0.188781736532  -0.082640758711  -0.024090130161
  35  Si  0.003748547779  3.543077998926  10.068649797974  -0.153464321667  0.009038177508  0.070389971977
  36  C  0.000997239865  1.770546352430  4.410371613752  0.041810680172  0.076270511300  -0.005113197400
  37  C  3.062962690382  7.083441773012  4.405682482137  0.185711330271  0.171986490490  0.100993466703
  38  C  -3.072283353802  7.092146652453  4.402570926729  0.093062566223  -0.035429665040  0.162806834022
  39  C  4.609075701963  6.206209102552  6.921406168699  -0.149946700579  -0.051495672166  0.135872880664
  40  C  1.534505131756  0.883806341967  6.926365596412  0.012295930377  0.139607533487  -0.005411380590
  41  C  7.678573148710  0.890659224139  6.924256076591  -0.196952751336  -0.026827067406  0.036071251415
  42  C  -0.008697191152  1.772842763209  9.444204212739  0.227891744755  -0.072033262460  0.034083716110
  43  C  3.063073559779  7.082780534749  9.440794915992  0.156196735157  0.131316788774  0.081349706222
  44  C  -3.073899104709  7.090021497866  9.440451602216  0.130664148831  -0.041830711098  0.152007164242
  45  C  4.607594355174  6.200074145500  1.893817684629  -0.098258732242  0.013694636674  -0.077937731319
  46  C  1.528414137327  0.888320093799  1.894381167684  0.173523347873  -0.124495941998  -0.100593885625
  47  C  7.676596193097  0.892125575880  1.898125980467  -0.110237663621  -0.226882056221  -0.113578840603
  48  C  -1.541389622180  4.424111739195  4.411878649566  0.229806910293  0.155307411097  -0.051113489087
  49  C  1.530744791546  4.438193029116  4.405375979452  0.108447571318  -0.163106490002  0.121412997684
  50  C  -0.001716722777  7.086990865439  4.414736966725  0.022453929759  0.080462459451  -0.116417982863
  51  C  6.137386812286  3.546512461463  6.926065851068  0.042051438379  -0.045386519715  -0.046858620146
  52  C  3.073268527632  3.548358864930  6.927891273167  -0.109798104318  -0.132295235753  0.017079408571
  53  C  4.599435754895  0.887003519283  6.924097968816  0.120529660421  -0.019834260123  0.080948709147
  54  C  -1.536166794452  4.422940021985  9.445351890095  0.088317505330  0.208339444531  -0.048973700142
  55  C  1.530729589423  4.435158290306  9.446808961503  0.106887944522  -0.113287676777  -0.108210372624
  56  C  0.001321118386  7.087548668998  9.447150019318  0.007810469528  0.068011323632  -0.134345263491
  57  C  6.140044295783  3.546391263402  1.889303967737  -0.070757979665  -0.122479549250  0.032799518004
  58  C  3.069751327819  3.541631330632  1.892251156039  -0.041142013082  0.076847307830  -0.060334571349
  59  C  4.598664473355  0.888247793925  1.890374410678  0.085087689915  -0.022641373614  -0.004034824111
  60  C  3.063729600192  1.771721172430  4.406703128813  0.172761908700  0.075331137652  0.048470225311
  61  C  6.137999824195  1.771922494657  4.410709924979  -0.003687924436  -0.038169762860  0.006636485814
  62  C  4.603261433607  4.434730192290  4.405901125416  -0.020886789673  -0.166463726328  0.098351910769
  63  C  1.534069276603  6.202868554394  6.923526365458  0.021907421755  0.021612925663  0.018378562281
  64  C  -1.536982111039  6.200653274946  6.926393958375  0.008870870778  0.058246659384  0.060130899208
  65  C  -0.003682989999  3.548170513835  6.932212431370  0.111227234075  -0.117499352162  -0.136971266760
  66  C  3.064252270152  1.768340011246  9.449743055822  0.107632452214  0.076004041966  -0.171397153685
  67  C  6.144964254597  1.769936830652  9.444885308576  -0.155707110892  0.043044261396  -0.034059536247
  68  C  4.606448562931  4.428684376957  9.450519070187  -0.101000504997  0.029073885977  -0.159954974167
  69  C  1.529442735747  6.206996097654  1.891290113015  0.176487908058  -0.032977087965  -0.036138559393
  70  C  -1.530564849305  6.200700789608  1.891402515069  -0.085311090965  0.030974045854  -0.033586739369
  71  C  -0.007295987310  3.542868290363  1.888512647708  0.265998218088  0.001129715329  0.085208561563


MDSTEP:  4
LATTICE_CONSTANT: 1.889726125458
LATTICE_VECTORS
  9.207162925781  0.000000000186  0.000000000000
  -4.603581462727  7.973637015956  0.000000000001
  0.000000000000  0.000000000002  10.072447331752
VIRIAL (KBAR)
  68.649396841576  2.075309972460  -0.774775298680
  2.075309972460  67.563267777322  0.151898606344
  -0.774775298680  0.151898606344  66.168723617266
INDEX    LABEL    POSITIONS    FORCE (eV/Angstrom)
  0  Si  0.005644126169  1.768870743853  2.515460444384  -0.092839481889  0.218495413471  -0.004745657697
  1  Si  3.068516520130  7.088942737070  2.517074173780  0.153673885540  0.016226367047  -0.040538630836
  2  Si  -3.069753828444  7.083923279618  2.515532441074  0.073722279809  0.121292114780  0.004955550384
  3  Si  4.602160570304  6.204416511552  5.030848875250  0.081745944837  0.047003235721  -0.046190525891
  4  Si  1.536469765100  0.894962293255  5.033810577669  -0.143621672679  -0.238134909100  0.029999340946
  5  Si  7.672677892416  0.890736398555  5.035927150316  0.036862110873  -0.227375368867  -0.154885371395
  6  Si  -0.002479907046  1.772046658796  7.553385443041  0.106694039355  0.035568093452  0.083653309530
  7  Si  3.066187326183  7.093918953172  7.547839036656  0.190398399788  -0.237110699977  -0.019743000578
  8  Si  -3.066422823694  7.090093925730  7.556268407745  -0.113748815469  -0.039360960594  -0.069464273282
  9  Si  4.602550223221  6.204857984299  10.071594986878  0.026404930892  -0.135077536141  0.005390625844
  10  Si  1.532958052455  0.884330275038  10.070756564234  -0.154372921733  0.041983327687  -0.024320986563
  11  Si  7.673537569688  0.880335374311  10.069365378988  -0.079404453268  -0.012264706237  0.129738955509
  12  Si  -1.534047374864  4.428476589371  2.513667567748  -0.092520129356  0.031232516731  0.169076867068
  13  Si  1.536253404952  4.437840380692  2.514396143773  -0.185187266926  -0.127595953678  0.042549292970
  14  Si  -0.003963434099  7.086302082134  2.511868187771  0.003904023424  0.039560258876  0.229188063406
  15  Si  6.144054222491  3.539952546625  5.033049032085  -0.267672353394  0.131232273832  0.007898416374
  16  Si  3.067513647121  3.544316972049  5.035358391005  0.036535856471  0.133925048248  -0.192198391104
  17  Si  4.600551989991  0.892155614420  5.038991544236  0.054155851305  -0.110653267908  -0.194405648403
  18  Si  -1.536621515005  4.434256679852  7.548144613302  0.049224667128  -0.059245351472  0.163871294541
  19  Si  1.535726785641  4.429148435422  7.548783410341  0.022119907677  0.040917388124  0.104998265145
  20  Si  -0.003370193763  7.089280541495  7.551385482816  0.112968968577  -0.066614812160  0.029164407886
  21  Si  6.141260109191  3.544065200345  10.066715860413  -0.040394348894  -0.064357625022  0.140076347131
  22  Si  3.068751944318  3.538795431721  10.069377851336  -0.092796144207  0.228267765132  0.006228762370
  23  Si  4.604492068965  0.888320108978  10.066648086733  -0.077903793367  0.009332332538  0.076793253455
  24  Si  3.065918042221  1.774500147595  2.516652800276  0.065683607599  -0.047090521439  -0.131681131833
  25  Si  6.136022773847  1.770630834524  2.515798410443  0.119653243492  0.067241166353  -0.113884816276
  26  Si  4.602795986527  4.423305667064  2.517876383476  0.063192230679  0.176483533578  -0.166595672991
  27  Si  1.537433927749  6.203706539160  5.031120170381  -0.160635826588  0.121158479860  0.092759734370
  28  Si  -1.536894626567  6.203317005560  5.038537745132  -0.095448452579  0.036727309641  -0.088573434859
  29  Si  0.004521676214  3.542436861366  5.032826088006  -0.196025974301  0.134157167198  0.061080764110
  30  Si  3.068068037397  1.771351080915  7.552375954982  -0.133814220165  -0.008703683128  0.005711280432
  31  Si  6.138955536259  1.776972549766  7.547993576248  0.012537702246  -0.115800785710  0.107220622316
  32  Si  4.604696370886  4.428864914949  7.548418391834  -0.072964999021  0.270256760479  0.166462619264
  33  Si  1.540231204203  6.205732507995  10.070747622381  -0.174655631033  -0.082456266086  0.087018380953
  34  Si  -1.529413054756  6.199718103314  10.069151030896  -0.178564602758  -0.072146367506  -0.021937732305
  35  Si  0.000403255415  3.543914648641  0.000109345734  -0.007561043665  -0.045709657439  -0.029803798303
  36  C  -0.003929801375  1.775293069347  4.406042763762  0.141534167441  -0.022141355590  0.058795559328
  37  C  3.066953308777  7.081208413499  4.404439362886  0.039282131339  0.261929563807  0.108461426644
  38  C  -3.072771089007  7.092528759164  4.405811994270  0.087324208187  0.021406487454  0.046367719996
  39  C  4.614922248145  6.211991430406  6.916291844977  -0.287805205720  -0.221372397938  0.246673550348
  40  C  1.528428051226  0.878244931399  6.931412219077  0.163897468397  0.294992241335  -0.099519293258
  41  C  7.683486696344  0.884794562225  6.923258616471  -0.346388645175  0.152033711474  0.046127547200
  42  C  -0.012528147655  1.769228546873  9.447765651338  0.290498268919  0.027229176307  -0.056874443176
  43  C  3.064757821172  7.077473522788  9.440371381592  0.140643602342  0.252481997139  0.033134361538
  44  C  -3.074949629074  7.089479304736  9.441866363069  0.189589703807  -0.074114072840  0.114622065623
  45  C  4.611774877304  6.200889054609  1.889975033266  -0.255359982440  -0.017202130020  0.007406745118
  46  C  1.532402873451  0.890410668737  1.888858461301  0.117187646692  -0.156633538405  0.019115012961
  47  C  7.682379542795  0.891628034995  1.896568629054  -0.221605686995  -0.169934085940  -0.134282449034
  48  C  -1.543004663622  4.429706024288  4.417129348068  0.273670867615  0.024327947542  -0.153049286812
  49  C  1.525795241445  4.443151226029  4.410241661048  0.211844932048  -0.310685835777  -0.057364105235
  50  C  -0.005611520206  7.092405068561  4.420085342023  0.088777811290  -0.033003423277  -0.240507055620
  51  C  6.132211423932  3.550550026988  6.931974295792  0.168112059425  -0.163737819622  -0.179998670359
  52  C  3.073292024412  3.541965289003  6.923947424882  -0.096529953395  0.009154376728  0.057179657869
  53  C  4.596831031153  0.888606374906  6.921140230914  0.178485635125  0.008054226746  0.204582994973
  54  C  -1.532938974266  4.417223379974  9.448128497767  -0.003977420083  0.333914182744  -0.170974284539
  55  C  1.528917676346  4.439790040359  9.443994588610  0.156270365504  -0.245508367281  0.017839775053
  56  C  0.001996875643  7.089828097998  9.452852538937  -0.016977610685  0.000921494304  -0.221602891929
  57  C  6.141562343263  3.548042270696  1.888478167722  -0.113581134072  -0.177446279832  0.036856988643
  58  C  3.063479749921  3.547990115041  1.890472762817  0.073838132054  -0.099461440310  0.011032872602
  59  C  4.604133358465  0.883142688091  1.887383161603  -0.074265506477  0.105708599232  0.047966161126
  60  C  3.067689760872  1.769129237210  4.402756321051  0.022173252525  0.210575866846  0.137211799892
  61  C  6.140912832729  1.770377518150  4.404456233302  -0.117505990336  0.020416778603  0.153781006791
  62  C  4.605759409350  4.439541158113  4.399781110644  -0.043394721523  -0.312055017543  0.258808284683
  63  C  1.538991364361  6.198781754056  6.925308199545  -0.122345119725  0.129035333109  -0.006812235720
  64  C  -1.541440563646  6.206100080254  6.928672633208  0.167158381125  -0.049451069383  0.050699562507
  65  C  0.001104033033  3.545231060707  6.932708224042  -0.034615412610  -0.037455838828  -0.171119367682
  66  C  3.059961655351  1.772572787281  9.446088685512  0.175163855430  -0.049502513058  -0.064916202266
  67  C  6.139925233926  1.769370714324  9.449437962018  -0.039368988656  0.007671338035  -0.184138143466
  68  C  4.606948643787  4.428215813318  9.454920339878  -0.092167287595  0.020046853474  -0.281260740396
  69  C  1.534783102486  6.205530918135  1.897051230904  0.021596778987  0.033051739510  -0.181300135822
  70  C  -1.534770098920  6.196761058861  1.888165930160  -0.000157212641  0.101493851581  0.032227805886
  71  C  -0.008857468401  3.548167859925  1.890204480901  0.309651091479  -0.086102660613  0.069961324846


MDSTEP:  5
LATTICE_CONSTANT: 1.889726125458
LATTICE_VECTORS
  9.207162925781  0.000000000186  0.000000000000
  -4.603581462727  7.973637015956  0.000000000001
  0.000000000000  0.000000000002  10.072447331752
VIRIAL (KBAR)
  69.562329319531  2.889956841267  -0.890937053894
  2.889956841267  65.918272193122  -0.138108651548
  -0.890937053894  -0.138108651548  67.231093339148
INDEX    LABEL    POSITIONS    FORCE (eV/Angstrom)
  0  Si  0.004354940837  1.770038553264  2.515623360596  -0.072398346894  0.209949507642  -0.074120002838
  1  Si  3.067422543489  7.088965677051  2.518896686099  0.114165069460  -0.018178804411  -0.071478382299
  2  Si  -3.074289082214  7.085384830816  2.516664535413  0.200501155982  0.072381919247  0.011298404126
  3  Si  4.604021317991  6.204623013267  5.034573740894  -0.094614812113  0.034317755105  -0.179986422059
  4  Si  1.533973759276  0.896539316313  5.035940079765  -0.154243953146  -0.229498542407  -0.020107816959
  5  Si  7.672353651009  0.893385454578  5.032814546955  -0.010285184604  -0.219558049517  -0.165043647509
  6  Si  -0.004097381538  1.770488378482  7.554719014609  0.184290363262  0.160024955673  0.028336295233
  7  Si  3.063243930584  7.091410819991  7.543333910748  0.173888505175  -0.050142940797  0.006138089994
  8  Si  -3.069885975722  7.089301356158  7.553522104273  0.001733992559  0.034614850726  -0.019915606358
  9  Si  4.601473858896  6.207440312532  10.068092810031  -0.005883018491  -0.257382689343  0.040754304471
  10  Si  1.528298678207  0.880985271248  0.000620464411  -0.064140346006  0.167242097009  -0.138027051466
  11  Si  7.673799367432  0.880555833088  10.067016033032  -0.178198633790  -0.095108447022  0.240351265700
  12  Si  -1.536684513935  4.428882280853  2.517482488061  0.055367833465  -0.034520137272  0.055717306973
  13  Si  1.539445692423  4.435293300967  2.513627079552  -0.299798431263  -0.215752066697  -0.028298689534
  14  Si  -0.001696320775  7.086096633688  2.508091206230  -0.023856227319  -0.040721935581  0.268523349107
  15  Si  6.143616362184  3.544172556774  5.036654067514  -0.299602443388  -0.009724801345  -0.077538433486
  16  Si  3.068851774012  3.542152908146  5.032593313873  -0.107677507747  0.238408354347  -0.168991591265
  17  Si  4.598470132672  0.891629590067  5.038529904572  -0.012038840756  -0.176824650906  -0.231848959476
  18  Si  -1.538472539464  4.435055112825  7.551757881692  0.116689044388  -0.038849067300  0.186258074254
  19  Si  1.535874880420  4.433626713573  7.550274316599  -0.010011840301  -0.011120056895  0.029609564792
  20  Si  -0.001964046609  7.093846407610  7.554221779724  0.041732119837  -0.085418847733  0.019803971849
  21  Si  6.140202285919  3.544190048627  10.065084062884  0.069425990017  -0.115784865870  0.202096186639
  22  Si  3.070013071343  3.541146326830  0.000378570934  -0.099593924898  0.151948761560  -0.082569783096
  23  Si  4.604784276420  0.889120827260  10.062886265622  -0.061937476589  -0.030536763911  0.171873471083
  24  Si  3.070206767035  1.772816383853  2.517331189305  -0.032407064228  -0.089721157028  -0.183161080750
  25  Si  6.131743451094  1.773371317134  2.515926968798  0.256472119857  0.072319446559  -0.128987053607
  26  Si  4.606830458907  4.422678384473  2.520507629883  -0.004918593607  0.150443615742  -0.320917290794
  27  Si  1.533961586501  6.205690657594  5.028621637690  -0.130622886266  -0.021484109540  0.171743431055
  28  Si  -1.536008554795  6.198673312224  5.041526572688  -0.087617409944  0.200935637655  -0.183313344630
  29  Si  0.004199295494  3.542698005546  5.035599679737  -0.254614832731  0.152746191087  -0.033034114252
  30  Si  3.064490993532  1.768199612400  7.554988405916  0.023429636509  0.201571619150  0.009127897393
  31  Si  6.142985918962  1.777471212640  7.546056988392  -0.064016168160  -0.097342062058  0.160171331687
  32  Si  4.602286588784  4.426058343515  7.544043760539  -0.154586987132  0.368806828117  0.320837720009
  33  Si  1.536501527823  6.207854604265  10.071874080630  -0.096392808587  -0.283674703028  -0.006388966727
  34  Si  -1.532201407066  6.201379030696  0.000856010108  -0.074670709900  -0.152636368661  0.007519835457
  35  Si  0.003128148843  3.545995099200  0.002245466208  -0.110141135285  -0.194329591476  -0.118380041143
  36  C  -0.006623144641  1.777382511116  4.401085996214  0.171693137845  -0.037451420292  0.175888717285
  37  C  3.061054722219  7.085534907395  4.409727010589  0.189909574662  0.136368645867  0.018516399235
  38  C  -3.075266253104  7.090832940997  4.411163773366  0.147532662017  0.089922894989  -0.018495037536
  39  C  4.609508440864  6.216944768493  6.914899211254  -0.193375646370  -0.361490169497  0.300593388927
  40  C  1.534820395356  0.885447729514  6.932161186850  -0.044047153040  0.098287883715  -0.089316917260
  41  C  7.686226761045  0.890804789830  6.917713774103  -0.385311705060  0.011095073700  0.102610468556
  42  C  -0.019528279240  1.764257782268  9.444938616914  0.447013096317  0.142354836506  -0.013846461511
  43  C  3.058094601686  7.074306424564  9.433670784759  0.270342671791  0.306745622662  0.130046498718
  44  C  -3.072662560252  7.089114039669  9.445043088691  0.113643668747  -0.076259025671  -0.017705069104
  45  C  4.612831340487  6.197506057347  1.889036778517  -0.336010538166  0.064241562524  0.017775225448
  46  C  1.529806524696  0.891342795726  1.882802670743  0.187261164997  -0.188432106893  0.212762882572
  47  C  7.681741209630  0.893853504601  1.901739866357  -0.255859562491  -0.242118886857  -0.265499061534
  48  C  -1.545278786867  4.436756402980  4.413338326445  0.284307728232  -0.210416838756  -0.006210016097
  49  C  1.521551815296  4.437515705204  4.404424502968  0.316644008617  -0.154001336582  0.068794920661
  50  C  -0.004310426258  7.086019126915  4.413852723299  -0.019998979528  0.131130982790  -0.131927600832
  51  C  6.127170990786  3.554311555924  6.938912550934  0.302419395952  -0.211788680661  -0.342210992151
  52  C  3.069691274654  3.545866381757  6.918849399885  -0.061048952803  -0.084990754835  0.139385378964
  53  C  4.597904025913  0.892964553603  6.920024866460  0.156721839357  -0.043670427200  0.235258794505
  54  C  -1.531505598106  4.416743925154  9.453639885923  -0.030725835261  0.375726661741  -0.273498054601
  55  C  1.526330260375  4.432872557639  9.439054304593  0.257301036438  -0.062308149223  0.150155791635
  56  C  0.005560252882  7.087652256979  9.456012029954  -0.191582589028  0.077228996048  -0.266421527863
  57  C  6.146211141620  3.552496999076  1.886973091152  -0.236898702777  -0.284348307297  0.075036726420
  58  C  3.066324041713  3.542779354909  1.888743608178  0.097362777007  0.002631212410  0.085072007978
  59  C  4.610424770740  0.880917309050  1.887531900379  -0.212876687558  0.134611826820  -0.011201755660
  60  C  3.061053396806  1.775452046134  4.403851490984  0.150078493282  -0.011396485580  0.088218306690
  61  C  6.135359014897  1.764137922833  4.402223604898  -0.048384192030  0.263460348247  0.238758429919
  62  C  4.600113805812  4.436745448444  4.394292421174  0.088912264387  -0.209128736773  0.441449649689
  63  C  1.535372550777  6.204504160691  6.931192013058  -0.107623270476  0.040139634663  -0.200663162060
  64  C  -1.538872355184  6.205881509458  6.926620786594  0.096006157817  -0.013151158027  0.157222322977
  65  C  0.001924718941  3.549543345890  6.930992093839  -0.090455083307  -0.117906473497  -0.094880798826
  66  C  3.063230412891  1.773218241531  9.449515457064  0.022648474921  -0.086515959442  -0.105692304875
  67  C  6.139124992668  1.767567966434  9.450132064754  0.002224114405  0.047638933028  -0.241761913409
  68  C  4.611805474434  4.421973814609  9.457639730529  -0.235470283926  0.216875615055  -0.404101320551
  69  C  1.530759133983  6.198416267414  1.890306455871  0.172646484751  0.153652102845  -0.042299816930
  70  C  -1.531467166130  6.190281381428  1.894980504705  -0.129485677458  0.321294012278  -0.071535732873
  71  C  -0.011554886869  3.543312229657  1.883559201564  0.371059860373  0.034567190376  0.261669411918


MDSTEP:  6
LATTICE_CONSTANT: 1.889726125458
LATTICE_VECTORS
  9.207162925781  0.000000000186  0.000000000000
  -4.603581462727  7.973637015956  0.000000000001
  0.000000000000  0.000000000002  10.072447331752
VIRIAL (KBAR)
  69.244482653813  3.358770755893  -0.412926126216
  3.358770755893  66.411176083141  -0.098076172328
  -0.412926126216  -0.098076172328  67.282069441646
INDEX    LABEL    POSITIONS    FORCE (eV/Angstrom)
  0  Si  0.005731284254  1.767816448460  2.514138292364  -0.139847615716  0.192003687229  -0.011900514268
  1  Si  3.069978224176  7.089358794556  2.516240821782  0.114310827737  -0.004543943901  -0.129478444325
  2  Si  -3.072679219229  7.082327323494  2.519154514408  0.231158660510  0.023745981353  -0.012378304962
  3  Si  4.598764870032  6.207414989927  5.034900511492  0.011994787076  -0.026751180634  -0.116461691342
  4  Si  1.532798904600  0.896262384529  5.031571656330  -0.162615375092  -0.303974950281  0.048295371134
  5  Si  7.668504474375  0.897801568559  5.032331409838  0.002656173294  -0.272457972191  -0.146979078636
  6  Si  -0.002021844636  1.773364254995  7.555010278736  0.137800693417  0.216990577217  -0.062346733888
  7  Si  3.062205089117  7.096530350786  7.543684980665  0.169814397087  -0.146596832061  -0.007998003696
  8  Si  -3.070523354096  7.091598670821  7.554352339315  0.021123549583  -0.084830443795  -0.056850048171
  9  Si  4.600510743162  6.202253257330  10.070719271535  0.036708137651  -0.047954681615  -0.093104206596
  10  Si  1.527701921565  0.882592437817  10.068091478020  -0.177682733422  0.163610788016  0.040440526034
  11  Si  7.676950949282  0.879342202015  10.067816195926  -0.265933336920  -0.107433427800  0.170893731265
  12  Si  -1.541331126490  4.423983318673  2.520383973943  0.189821001167  -0.028013661738  0.024062688938
  13  Si  1.542410288340  4.430355261172  2.514032761439  -0.356893410974  -0.047059708743  -0.118030048038
  14  Si  -0.003495448644  7.085343987840  2.503153644918  0.080554681931  0.009747896236  0.387233347244
  15  Si  6.142608114424  3.544832044138  5.041336287584  -0.159263763529  -0.069712724691  -0.207123357683
  16  Si  3.072730152128  3.539662738012  5.034817888420  -0.149433228376  0.328351415342  -0.132376557092
  17  Si  4.597415769043  0.893145314793  5.040622514491  -0.044437017904  -0.180462986518  -0.295547399472
  18  Si  -1.533886590374  4.430733137186  7.551032426551  0.068070182304  0.055763187222  0.248895860019
  19  Si  1.536007251344  4.433600296933  7.549643540622  0.057721091978  0.026506475213  0.025348005293
  20  Si  -0.004448566127  7.098466871835  7.549890218646  0.214454439828  -0.147056246081  0.087989309123
  21  Si  6.138045508640  3.546765754780  10.064881298384  0.039020843074  -0.287860307225  0.281503814372
  22  Si  3.073762946021  3.544395505528  0.000438034751  -0.159740992707  0.118311549614  -0.147052374143
  23  Si  4.606182304804  0.890127776986  10.063416351372  -0.090206184068  -0.045073500192  0.208370601564
  24  Si  3.066783216923  1.777259196227  2.522247775385  0.021455364537  -0.285016078954  -0.266652457360
  25  Si  6.128636460274  1.771717350536  2.516277867093  0.446531294029  0.074699668735  -0.159055101507
  26  Si  4.603095398791  4.419719500233  2.523467643810  0.115759561267  0.228349454682  -0.405686210562
  27  Si  1.537713099578  6.206869607753  5.028080248794  -0.263462035342  -0.039732728485  0.146575651052
  28  Si  -1.535317133721  6.199227407550  5.041801703272  0.047511963335  0.087082165060  -0.113579420699
  29  Si  0.009291028879  3.538124228572  5.030656714553  -0.261830847720  0.322915865449  0.026650942948
  30  Si  3.063790172655  1.766390880207  7.559956862425  0.008113229442  0.229559058964  -0.088488876029
  31  Si  6.143163819052  1.778626288494  7.548445691770  -0.077916140187  -0.127613244072  0.121909659572
  32  Si  4.607408306838  4.425910526031  7.544437510115  -0.289610869160  0.302885584268  0.297766463681
  33  Si  1.536483941351  6.203654807952  10.067925725502  -0.043622143081  -0.181466585216  0.008552569582
  34  Si  -1.536987619294  6.199058962905  10.068586273482  0.099223419721  -0.053083466054  0.147924399097
  35  Si  -0.001937866001  3.545712734112  0.001053460939  -0.032988617139  -0.106193952833  0.000032144284
  36  C  -0.005546080702  1.779337486114  4.402886747594  0.116189065812  -0.174575021568  0.090977793154
  37  C  3.058817687986  7.085411128047  4.405191811882  0.280598191414  0.234855251788  0.078790663704
  38  C  -3.070431812080  7.083751560772  4.415364174645  -0.013404736888  0.224957092811  -0.078761291583
  39  C  4.606562442236  6.209396902784  6.920305344103  -0.128920544358  -0.150726271681  0.163622032962
  40  C  1.532476814336  0.885208843849  6.926358803137  0.002899044624  0.094228807269  0.028383604057
  41  C  7.683178117312  0.898825125145  6.921906577721  -0.295534727127  -0.105208370320  -0.044660911936
  42  C  -0.026363387872  1.772273000419  9.440594490375  0.602881193595  -0.017393441111  0.041517448299
  43  C  3.059574724196  7.074453845633  9.431192789274  0.276308458990  0.277601083765  0.186176913034
  44  C  -3.069318952482  7.089697821680  9.447002475988  -0.038005751100  -0.048627491741  -0.076622495526
  45  C  4.616620322486  6.198537511932  1.882671379413  -0.400416515692  -0.061827288671  0.211284518744
  46  C  1.524231699577  0.885086817791  1.886602566135  0.372291163949  -0.088781076393  0.107625462655
  47  C  7.685493480496  0.893188409146  1.896898645640  -0.343015541260  -0.208649819945  -0.154138689520
  48  C  -1.537619069233  4.432809101492  4.409575378045  0.129693180578  -0.171851008233  0.164937458539
  49  C  1.525429167912  4.438846663631  4.401487928063  0.347867213755  -0.200281593048  0.117883689715
  50  C  -0.003562436941  7.093294536084  4.418460664926  -0.026194987647  -0.033564788140  -0.252023485679
  51  C  6.130470945853  3.550548775730  6.943339393451  0.284708469960  -0.117678155461  -0.421944967446
  52  C  3.068786029314  3.543034861191  6.923540376312  0.027365665892  -0.052001544531  0.083152128457
  53  C  4.600864313346  0.899452779670  6.916670269286  0.070328588669  -0.117478372017  0.342889359712
  54  C  -1.539301951033  4.418797773501  9.458545241536  0.121172541521  0.306340150904  -0.409418854319
  55  C  1.528762490933  4.430609831670  9.437256233862  0.156268211852  -0.067593680009  0.195447409017
  56  C  0.009275813300  7.087799968296  9.455798310024  -0.325841121304  0.067155411231  -0.292389506603
  57  C  6.145495681196  3.548288457949  1.894586667055  -0.313435821691  -0.228744025660  -0.119503361561
  58  C  3.069272752106  3.538209078214  1.884563373946  0.032258848050  0.107283292431  0.164550043259
  59  C  4.617389903095  0.888099642966  1.892752597022  -0.494196839044  -0.029206172560  -0.152858669716
  60  C  3.057294655894  1.775257545669  4.408298523711  0.213568924578  0.015206875895  0.009407109203
  61  C  6.128131168017  1.759197636763  4.395175319371  0.077185099468  0.427792325374  0.428829686239
  62  C  4.605721592785  4.438592923270  4.392667311598  -0.047297387945  -0.232259395984  0.547470014616
  63  C  1.537377866958  6.201362666800  6.927550796893  -0.127386325533  0.181197554354  -0.127764225002
  64  C  -1.532223444810  6.202949135506  6.933042686289  -0.104383497124  0.041886065370  0.023968488645
  65  C  0.005525302773  3.556775959419  6.926975204392  -0.107124612347  -0.307636083108  -0.066282805942
  66  C  3.056979562189  1.776321931947  9.453599154812  0.199966737478  -0.137313417071  -0.152610660814
  67  C  6.140881632839  1.762230667055  9.442102735277  -0.044424017136  0.212800776212  -0.020152879206
  68  C  4.612900871825  4.427666561924  9.452931201704  -0.231293409747  0.053386697250  -0.297692415989
  69  C  1.535957400846  6.203170765122  1.884939164644  0.079113623595  -0.041183806426  0.047950495283
  70  C  -1.529305508637  6.183267647575  1.897427981929  -0.187768243080  0.410984211822  -0.176196103892
  71  C  -0.012638570611  3.536902786000  1.889146018691  0.399659867615  0.149270495682  0.106800748711


MDSTEP:  7
LATTICE_CONSTANT: 1.889726125458
LATTICE_VECTORS
  9.207162925781  0.000000000186  0.000000000000
  -4.603581462727  7.973637015956  0.000000000001
  0.000000000000  0.000000000002  10.072447331752
VIRIAL (KBAR)
  68.713292218384  5.196540742952  0.473987930140
  5.196540742952  67.522595994427  -0.600160816513
  0.473987930140  -0.600160816513  67.560678952997
INDEX    LABEL    POSITIONS    FORCE (eV/Angstrom)
  0  Si  0.005256982665  1.772957494199  2.513684239432  -0.123988719640  0.005481943454  0.101732700237
  1  Si  3.073897600229  7.090205786136  2.519201985361  -0.055037883750  -0.070834749940  -0.227376671900
  2  Si  -3.076916230052  7.082149593110  2.514357113823  0.278685456227  0.139768500873  0.074578242486
  3  Si  4.593221337808  6.204120209903  5.029571248331  0.304059556743  0.213571887331  0.087462794147
  4  Si  1.530104542819  0.894122515934  5.034276901059  0.030948651772  -0.240985533616  -0.014566264093
  5  Si  7.663120138083  0.902639844754  5.036856336811  0.191229370013  -0.479902980815  -0.252680735105
  6  Si  -0.007225457762  1.773568992082  7.557779375182  0.341497239735  0.204509104361  -0.164019970806
  7  Si  3.059605815143  7.094498262224  7.544055510889  0.401911858624  -0.165341792669  0.006298265591
  8  Si  -3.071256833588  7.096919087796  7.555241734109  0.122423761224  -0.140596161253  -0.136454744465
  9  Si  4.595850478916  6.200884862061  0.000279208307  0.180262481368  -0.063992085853  -0.144150231630
  10  Si  1.532515889782  0.886587421637  10.069502755203  -0.408634547245  0.007233612105  0.037369332255
  11  Si  7.675567681031  0.881407220546  10.064403888919  -0.233312551554  -0.281189871314  0.279967231943
  12  Si  -1.545269129711  4.427476150568  2.522452288948  0.408097576038  -0.141187871924  0.031143387059
  13  Si  1.539208268490  4.434010850516  2.518483624810  -0.359265341676  -0.032092194539  -0.266311965231
  14  Si  -0.006119483796  7.080663643897  2.500025697643  0.116913228242  0.040907290094  0.533606338810
  15  Si  6.136873389616  3.540456106568  5.037219075403  -0.035305859761  0.104995515115  0.026913945054
  16  Si  3.077291179479  3.535889553782  5.036573499532  -0.304228847217  0.489839316734  -0.262900845826
  17  Si  4.599086429379  0.892256669187  5.046057296750  -0.041195933414  -0.102311207508  -0.451576226710
  18  Si  -1.537520954252  4.434901863672  7.556286857375  0.232786773332  0.156341799343  0.134221921811
  19  Si  1.538995211202  4.438803050797  7.547752297958  -0.064120377246  -0.104350280712  0.073143449490
  20  Si  -0.005084460403  7.102768055663  7.546242318340  0.235909794573  -0.279015912288  0.177808885159
  21  Si  6.133029774911  3.544009704506  10.069118760114  0.089554357391  -0.187514270134  0.195614429983
  22  Si  3.070924864792  3.543492732443  0.002313769414  -0.076935701001  0.229885104325  -0.109961168207
  23  Si  4.611145114068  0.891806416986  10.063368993535  -0.247551476903  -0.125055569353  0.206071378802
  24  Si  3.070558845807  1.781920648784  2.523070485539  -0.000896567622  -0.352152515714  -0.182959891291
  25  Si  6.123580188929  1.776539325949  2.518502507736  0.647814901594  -0.031504439046  -0.157948396858
  26  Si  4.599596389876  4.423489672665  2.527438520215  0.187645444570  0.186198161309  -0.392277825225
  27  Si  1.541601852502  6.206516654166  5.025697251541  -0.407251193069  0.012383919425  0.265856181623
  28  Si  -1.531502183437  6.200977225335  5.037761945980  -0.053831936430  0.016273644270  -0.108121802680
  29  Si  0.012451674947  3.537206242643  5.026141826990  -0.414701928526  0.317064232989  0.201641022624
  30  Si  3.059426652699  1.770448205956  7.565471077156  0.175802168079  0.072640860154  -0.332117163373
  31  Si  6.140809568814  1.783248723108  7.545658078024  0.080539934704  -0.251185050037  0.028627889189
  32  Si  4.603405127653  4.422180701021  7.546483846465  -0.179670804862  0.421764909027  0.135723616093
  33  Si  1.540208478691  6.199035430759  10.065849874421  -0.149158625936  0.008386973530  0.028900388494
  34  Si  -1.539049904405  6.203968903001  10.065600718592  0.015869515443  -0.246417937158  0.252481191599
  35  Si  0.002585699347  3.551111705967  10.069543788695  -0.175927348763  -0.269749086272  0.079259663155
  36  C  -0.003774927836  1.773355505247  4.411296192834  0.055205213944  -0.053051628934  -0.103467509740
  37  C  3.058264033070  7.077100873317  4.404330593854  0.274395848929  0.499355719829  0.081033068423
  38  C  -3.066200552057  7.089984023624  4.408264335392  -0.162579910281  0.054036807934  0.016695599386
  39  C  4.613325244824  6.211556168990  6.920568875003  -0.312426107688  -0.238413148567  0.098360530970
  40  C  1.541169636946  0.889630213578  6.923855295544  -0.244099897212  0.062191445509  0.155769910393
  41  C  7.691367675442  0.890785205801  6.917737757959  -0.573120890717  0.067705756172  0.110706313914
  42  C  -0.030520854335  1.767076368821  9.439374383320  0.731005493712  0.155396142616  0.093932618535
  43  C  3.066869660831  7.066470415250  9.431862568070  0.046467732891  0.493120145716  0.161891453478
  44  C  -3.074197299644  7.086988708989  9.446254994717  0.025222788162  0.084464475320  0.001018082005
  45  C  4.615549833407  6.194010266309  1.881724723943  -0.419254447546  0.036067389230  0.225309271727
  46  C  1.526473127207  0.890957767543  1.888472927328  0.376366513895  -0.154860353178  0.055621524583
  47  C  7.686754628858  0.889441975717  1.898801844290  -0.408162526803  -0.050366457377  -0.183656189184
  48  C  -1.545644731827  4.424592226746  4.409044615859  0.299465016048  0.000029483548  0.179741782778
  49  C  1.519284226615  4.446215346012  4.394457682749  0.522648350305  -0.375774952928  0.337157551260
  50  C  -0.001133742841  7.100745606872  4.424220975700  0.017860998887  -0.212330983398  -0.433853278002
  51  C  6.139365112863  3.557617210775  6.949749830571  -0.013405494664  -0.271807557475  -0.608614054098
  52  C  3.064598497408  3.536772259147  6.916431872119  0.125646442729  0.115873486010  0.256612483214
  53  C  4.604199865757  0.891468525397  6.910306014757  -0.012970622957  0.219129076117  0.606146834430
  54  C  -1.544147364011  4.415048189126  9.457648632617  0.189029898768  0.422932463364  -0.272281526531
  55  C  1.532001370931  4.434553062173  9.441109969382  0.138599320738  -0.177627516260  0.035136885003
  56  C  0.002268999208  7.085051776909  9.456460400576  -0.111776801735  0.163675060841  -0.335570737595
  57  C  6.149024767457  3.555581293848  1.900550845046  -0.539168326904  -0.392217184248  -0.238132621679
  58  C  3.066364526624  3.546384031468  1.891418938792  0.119494475901  -0.032437787378  0.034740108612
  59  C  4.622137544421  0.880998537415  1.898140724949  -0.615591998055  0.183565359730  -0.310375069367
  60  C  3.064227938750  1.779383884386  4.412553004354  0.083785710388  -0.090173176081  -0.078181974209
  61  C  6.132175625619  1.763578836792  4.398187661823  -0.101933488951  0.318906950331  0.386507986298
  62  C  4.607673411094  4.446976414144  4.398296160093  -0.139397755582  -0.478170222752  0.413037504222
  63  C  1.540832078532  6.204615317419  6.933489371929  -0.198665790890  0.122866102393  -0.301028036226
  64  C  -1.526648424765  6.209889154615  6.926365449435  -0.242842134687  -0.064113410947  0.159088030262
  65  C  0.001788370907  3.557806523175  6.932965027223  -0.019493953178  -0.248993274777  -0.178687195769
  66  C  3.048444020035  1.779486283864  9.447975461795  0.483012093717  -0.153156920239  0.041797039628
  67  C  6.141788769200  1.760715109638  9.435320004027  -0.106931183596  0.243545983776  0.108315111580
  68  C  4.610976040336  4.431830836960  9.445272262467  -0.269808303838  -0.142642646965  -0.059851805976
  69  C  1.532263271980  6.203661674049  1.879222269103  0.176876105253  -0.043870501509  0.162053732170
  70  C  -1.536445135471  6.182141477552  1.904387180912  -0.082427232996  0.462939985583  -0.390558079638
  71  C  -0.006317358053  3.530806803440  1.891628072211  0.198038438957  0.412338624698  0.018586302943


MDSTEP:  8
LATTICE_CONSTANT: 1.889726125458
LATTICE_VECTORS
  9.207162925781  0.000000000186  0.000000000000
  -4.603581462727  7.973637015956  0.000000000001
  0.000000000000  0.000000000002  10.072447331752
VIRIAL (KBAR)
  67.289135270955  5.881047860842  1.048367545185
  5.881047860842  67.969497629020  -1.560887023955
  1.048367545185  -1.560887023955  69.008942951259
INDEX    LABEL    POSITIONS    FORCE (eV/Angstrom)
  0  Si  0.005162314475  1.776136854425  2.515284230887  -0.131163860174  0.027374069655  -0.006895910795
  1  Si  3.071326708567  7.089710356014  2.516724102745  -0.051157995316  -0.033696412942  -0.222458913125
  2  Si  -3.081272802303  7.079557167989  2.510691375581  0.380448157678  0.240427781542  0.117425885617
  3  Si  4.590312748827  6.205135335794  5.032959932347  0.370296338915  0.222995987738  -0.138955009620
  4  Si  1.525203105247  0.895013742800  5.033783623529  0.077102213614  -0.071622664492  -0.179624275425
  5  Si  7.660554122195  0.897961375772  5.041245610376  0.194427315105  -0.288433430597  -0.516567132104
  6  Si  -0.008349872459  1.774053044978  7.558947969212  0.241692197265  0.237920919272  -0.202004276307
  7  Si  3.059432492311  7.098362301652  7.539500306813  0.353314201367  -0.361964486937  0.109366477859
  8  Si  -3.069424755050  7.102025228575  7.555763803364  -0.004496237791  -0.219014301941  -0.117092183754
  9  Si  4.596547595261  6.204088109076  0.002576054589  0.182233664515  -0.204868568932  -0.270948411007
  10  Si  1.528545731649  0.883612068162  10.068888441283  -0.117400429520  0.104066167467  0.079010169098
  11  Si  7.679373793426  0.881931794096  10.069552821479  -0.376470026400  -0.272279835005  0.297669909484
  12  Si  -1.549793428279  4.429747505218  2.518724298872  0.566491689637  -0.377122836979  0.171328471415
  13  Si  1.536879982769  4.439457634554  2.521746196291  -0.163754471365  -0.276868205458  -0.491470137150
  14  Si  -0.011076540938  7.075072439134  2.498386097980  0.259585435800  0.157128401243  0.582475179463
  15  Si  6.137526762364  3.538406204596  5.037042801000  -0.080507332697  0.035406894344  0.022825702195
  16  Si  3.076177248133  3.538881126383  5.030560456725  -0.206089995499  0.354689922485  -0.237844775386
  17  Si  4.593136807238  0.888582413866  5.050051274852  0.253163252698  0.061969446742  -0.661597873058
  18  Si  -1.541782820534  4.439257485745  7.559485529364  0.413556184947  0.074986684162  0.068714755021
  19  Si  1.541351288861  4.437553302808  7.548004220248  -0.017710577974  -0.155548028407  -0.011375169213
  20  Si  -0.006429937176  7.103779526593  7.549703357264  0.224316533890  -0.368543147089  0.139297604386
  21  Si  6.137157863748  3.542787879182  10.067056093975  -0.004050300428  -0.231622092918  0.171910236793
  22  Si  3.073897509336  3.543900801833  10.068762317045  -0.186701174639  0.127785744922  -0.135683055471
  23  Si  4.616471452399  0.896038684051  10.069087588427  -0.341970439129  -0.353876613667  0.092267066343
  24  Si  3.073172986309  1.787228672630  2.516899173774  0.021129720385  -0.515262795241  -0.037553597493
  25  Si  6.118443276148  1.776472011867  2.516404813385  0.815134382498  0.030704245811  0.014225187805
  26  Si  4.600266864192  4.428638733038  2.521932614595  0.327236989524  -0.053869501169  -0.253456478970
  27  Si  1.542296225443  6.211821529411  5.022929337145  -0.492912372457  -0.142535357335  0.427031351846
  28  Si  -1.532688276073  6.195790599665  5.033016466068  -0.135433361257  0.120631878498  0.066208706817
  29  Si  0.008143169148  3.540652056468  5.026439864185  -0.314224647776  0.279564119312  0.151917318230
  30  Si  3.061698804698  1.766232528190  7.560542071593  0.171291902184  0.160424057752  -0.356804189729
  31  Si  6.140297949230  1.789170116190  7.545846597801  0.027945135984  -0.338939837116  -0.079845029288
  32  Si  4.606825242111  4.425181362138  7.540887253997  -0.246717404543  0.307376812161  0.222166079323
  33  Si  1.543829065933  6.201154463308  10.070642810368  -0.158597637292  -0.134189754522  -0.240308522977
  34  Si  -1.535875820234  6.202463848857  10.069748472315  -0.024126124142  -0.180308415380  0.138208747217
  35  Si  0.005736433506  3.550390166323  10.067424544141  -0.278073245583  -0.239953190049  0.047013449571
  36  C  -0.011350683505  1.782683678931  4.406300894820  0.187903749252  -0.247076700542  0.037974328675
  37  C  3.052056868006  7.078742791636  4.398183160058  0.434673694445  0.438281140967  0.190187569452
  38  C  -3.067725193315  7.098888535188  4.403531330859  -0.190906224230  -0.172390177825  0.073550907362
  39  C  4.613886266212  6.204449550481  6.911598299959  -0.311241584839  0.051035231728  0.353688240645
  40  C  1.532729612878  0.895552904804  6.917852054967  -0.096462519880  -0.056704120158  0.286995178063
  41  C  7.684706416929  0.886481932968  6.911479175209  -0.419929150276  0.233499013608  0.299604788329
  42  C  -0.026455519422  1.758762018767  9.446874939223  0.627809753124  0.368022020933  -0.108304761846
  43  C  3.071161565431  7.073447853725  9.433247865284  0.006737307595  0.361216854901  0.117271847678
  44  C  -3.072014311913  7.089077413058  9.454744816801  0.005594565245  0.001678623922  -0.181890608178
  45  C  4.614179889610  6.191564685977  1.880027347766  -0.445755031642  0.141266556824  0.241264931967
  46  C  1.531865794318  0.890144455975  1.886604285325  0.233827369079  -0.127810767042  0.079422546517
  47  C  7.677199151353  0.891690760438  1.907387515762  -0.177071624940  -0.097591112789  -0.361758137589
  48  C  -1.551438550316  4.416081710437  4.417377566147  0.412636942315  0.244930392633  -0.127374362187
  49  C  1.518329021561  4.447620683657  4.386596241966  0.488503234917  -0.319011371447  0.512192293584
  50  C  -0.002138291240  7.103444048291  4.431018653459  -0.013612143051  -0.380107810152  -0.638315271151
  51  C  6.141612821010  3.563472752797  6.942643715488  -0.017289267907  -0.402980779475  -0.447849207380
  52  C  3.070016137908  3.537011596171  6.910987363833  0.052778240095  0.089961266879  0.298532128483
  53  C  4.607525508428  0.886639640272  6.902317856563  -0.063755615634  0.304063487071  0.842067209704
  54  C  -1.548809949070  4.421951491692  9.460381424415  0.338276255775  0.209760671852  -0.353001743708
  55  C  1.526381534013  4.430535032014  9.432209414273  0.341468210057  -0.071354996080  0.221404640169
  56  C  0.003975409370  7.076992501887  9.455978887040  -0.097461347112  0.409015092423  -0.194119973299
  57  C  6.157880272514  3.547253613794  1.893031103890  -0.764455544432  -0.190811150943  -0.145285044912
  58  C  3.075076599362  3.541716728758  1.885013603167  -0.095175808799  0.195126739253  0.116365598555
  59  C  4.629041934311  0.884535444151  1.902571101038  -0.830411342972  -0.029176881561  -0.425555562532
  60  C  3.072967606829  1.772276253810  4.410633166482  -0.195043300469  0.124299415553  -0.096730724620
  61  C  6.138506554540  1.768464045035  4.393309255020  -0.339642734143  0.133426703985  0.539348121144
  62  C  4.616762778627  4.447132287341  4.402991064491  -0.331568165817  -0.414620582857  0.170084209545
  63  C  1.534817443772  6.199184324746  6.942011493924  -0.043504158873  0.275787691975  -0.515235912781
  64  C  -1.531767882283  6.208899270592  6.932414999004  -0.160082400309  0.048600618554  -0.008139274367
  65  C  0.009205593037  3.560342693863  6.925462153941  -0.260848082297  -0.281147994186  0.045411989479
  66  C  3.056741872998  1.774489897049  9.441864693566  0.290453062126  -0.121724656667  0.134115959685
  67  C  6.139995024443  1.755920275294  9.430655806015  0.080114014464  0.360538311916  0.172667406906
  68  C  4.611128752567  4.425936111536  9.445237474380  -0.205345804078  0.078931918690  -0.140758597964
  69  C  1.535747311330  6.195839447650  1.873349441845  0.070716194700  0.169492169037  0.324853997115
  70  C  -1.537895438589  6.173992993303  1.900440987563  -0.127580809162  0.668555394658  -0.269208302283
  71  C  0.000006350104  3.538436228443  1.883233830646  0.067842385649  0.282086127431  0.197946234127


MDSTEP:  9
LATTICE_CONSTANT: 1.889726125458
LATTICE_VECTORS
  9.207162925781  0.000000000186  0.000000000000
  -4.603581462727  7.973637015956  0.000000000001
  0.000000000000  0.000000000002  10.072447331752
VIRIAL (KBAR)
  66.928832378081  5.448392106653  0.452717290698
  5.448392106653  67.883951301482  -0.915483836815
  0.452717290698  -0.915483836815  69.779202862490
INDEX    LABEL    POSITIONS    FORCE (eV/Angstrom)
  0  Si  -0.000758973241  1.781091058560  2.516352939081  -0.025840362741  -0.073678115512  -0.034894997461
  1  Si  3.075030625397  7.084005891158  2.520420596863  -0.069438442557  0.098430913609  -0.359116356614
  2  Si  -3.077867984915  7.077070658123  2.507294158180  0.324200983679  0.212882768395  0.291874745786
  3  Si  4.591285526713  6.201267633057  5.037938294002  0.313716178455  0.187064772201  -0.281275304843
  4  Si  1.527501629547  0.890002093011  5.028794622180  0.028692043746  0.068277441038  -0.029339449435
  5  Si  7.665166345688  0.898241139599  5.039218560727  0.062223313564  -0.466735892060  -0.559121494226
  6  Si  -0.013589659055  1.768214796285  7.559556251728  0.361522964562  0.348493169776  -0.186692945298
  7  Si  3.060796687834  7.101203876369  7.541343932937  0.397301353767  -0.311139899597  -0.085409685613
  8  Si  -3.065811570847  7.097394750516  7.558146791592  -0.090609977998  0.015705271600  -0.125410495331
  9  Si  4.591136520453  6.210315973171  0.003437093683  0.294690403656  -0.337510332737  -0.318239844980
  10  Si  1.523726389522  0.877513469365  10.068258137691  0.148794846399  0.293100558310  0.138199589585
  11  Si  7.682092895753  0.885981764525  10.069861119138  -0.594151564833  -0.269019426325  0.395586767034
  12  Si  -1.549533824611  4.430479202735  2.522976453944  0.418219820347  -0.496419189708  -0.005028417746
  13  Si  1.540007523463  4.434512968026  2.515269966467  -0.140394553995  -0.104304883552  -0.352688446937
  14  Si  -0.009333833554  7.079105276840  2.493848144962  0.156059502599  0.046075170530  0.676029820728
  15  Si  6.140781709735  3.540386283885  5.039247806119  -0.144344290317  -0.084550301493  -0.070800475992
  16  Si  3.070983097653  3.542204445035  5.033312293286  0.056534466039  0.362495567723  -0.248337440985
  17  Si  4.595334482329  0.886491614752  5.049067088976  0.183917360935  0.127773197741  -0.641524562448
  18  Si  -1.544280359168  4.434229517694  7.560753373946  0.362332402700  0.163237054925  0.000755642484
  19  Si  1.547685174480  4.433528824343  7.548986426440  -0.172735720659  -0.094518244589  -0.030929678648
  20  Si  -0.005615150965  7.101459234548  7.551159346072  0.164502037930  -0.309146513731  0.111249229906
  21  Si  6.130680377989  3.536806693719  10.066110428338  0.050222143047  -0.033490023919  0.185831964667
  22  Si  3.074119678191  3.544664446787  0.002681273706  -0.130636708000  0.127403372804  -0.437360393679
  23  Si  4.614277204719  0.893264283469  10.064126269420  -0.393893242275  -0.257923599205  0.268293241760
  24  Si  3.071352463941  1.792608725625  2.522428481749  0.007957249371  -0.576620606610  -0.187793150246
  25  Si  6.118713840978  1.778765865944  2.517363455325  0.598678175032  -0.007762656954  0.115115309948
  26  Si  4.596010606771  4.432336553051  2.519444391282  0.474280991971  -0.176490672826  -0.192678325026
  27  Si  1.547148125275  6.211043220212  5.025119174860  -0.640607315012  -0.049813957794  0.364941392916
  28  Si  -1.535026830881  6.199019455962  5.036584984469  -0.137162951393  0.127830186688  0.021922371591
  29  Si  0.013543798740  3.543719113701  5.032623157022  -0.467861110353  0.218401494663  0.013538327637
  30  Si  3.061695976425  1.763440008211  7.557800544645  0.176249907101  0.256559537796  -0.245700942429
  31  Si  6.135097638217  1.786286316662  7.543854976930  -0.010832851376  -0.160508824071  -0.057433025229
  32  Si  4.607082216451  4.429362282302  7.546275502571  -0.335353404271  0.136751182095  0.101969515137
  33  Si  1.543972845687  6.196550549974  10.066662979970  -0.154439871092  0.075570085129  -0.066181537225
  34  Si  -1.534122490423  6.202572679998  10.064899380769  -0.141132804969  -0.371048124706  0.316632845051
  35  Si  0.006388360040  3.543912664460  10.071383798258  -0.280492154955  0.023731644854  -0.222142599728
  36  C  -0.018623960478  1.776051528485  4.408018134019  0.435313102003  0.023161177157  0.007889506275
  37  C  3.051335743091  7.070313761448  4.388881790736  0.549808712356  0.573315047845  0.513992539990
  38  C  -3.075850229383  7.096489731092  4.409035888476  -0.025540819057  -0.143649747061  -0.064892102298
  39  C  4.621112167509  6.200628007823  6.911845377713  -0.502535618934  0.192271756147  0.410278374595
  40  C  1.539477753224  0.901576120517  6.923716740184  -0.346234358192  -0.293168636878  0.108751063899
  41  C  7.677164356526  0.894797196136  6.903096692588  -0.292189627424  -0.016133222788  0.500913366122
  42  C  -0.026133831879  1.757682287778  9.454422138949  0.636812966479  0.353706120431  -0.285538459352
  43  C  3.069081407346  7.082691448318  9.423981116160  0.007358825753  0.261409235261  0.358682760044
  44  C  -3.070029253149  7.090700335072  9.455524504496  -0.088263617871  -0.092518431238  -0.175161679253
  45  C  4.618340440213  6.184417092502  1.881393614883  -0.547766666528  0.384034382615  0.127674053117
  46  C  1.532576203767  0.885382105447  1.891432487540  0.132409178949  0.027160246755  0.000856867886
  47  C  7.669240600549  0.895908000269  1.913105825802  -0.009449324635  -0.242416656424  -0.488895792273
  48  C  -1.558351916085  4.422628036832  4.410998220411  0.694588038409  0.107111159216  0.103743117231
  49  C  1.526947689565  4.451164299230  4.386893741399  0.283521528247  -0.430761359830  0.437178597456
  50  C  -0.003985635045  7.103738597846  4.426435092025  0.035603689139  -0.421488951092  -0.503339986548
  51  C  6.135371047015  3.566569816301  6.936315232346  0.062937656573  -0.482744146096  -0.290280624943
  52  C  3.065233108499  3.530296390803  6.913908704723  0.229302635445  0.263796959947  0.219005928483
  53  C  4.600257452054  0.888036470773  6.904603633433  0.063196403155  0.173003776657  0.755896389695
  54  C  -1.555090388549  4.415227516454  9.453303150937  0.461804397228  0.251182212431  -0.151609534510
  55  C  1.531055076607  4.438129479595  9.428357107930  0.214106934445  -0.336536010231  0.354771306703
  56  C  -0.000556802373  7.075469792304  9.457158723711  0.054973925663  0.398691977649  -0.216430759779
  57  C  6.147551044707  3.547458367692  1.888520189313  -0.512645434692  -0.169413465023  -0.028982327933
  58  C  3.081319538129  3.545012285531  1.877036830286  -0.266658495035  0.116949654157  0.312875530370
  59  C  4.618391611775  0.885851449729  1.907984494841  -0.619678375539  0.014736770843  -0.568250440426
  60  C  3.072739347914  1.781904755150  4.406884984478  -0.188288807605  -0.055786357917  0.038992430456
  61  C  6.144116955958  1.761846376805  4.403518436977  -0.428203976273  0.303913308525  0.307651086912
  62  C  4.626436560027  4.445274558310  4.396090525904  -0.577340195771  -0.415426652952  0.327253480111
  63  C  1.537378540753  6.200689980952  6.945738622871  -0.043728335634  0.202467877217  -0.578887309860
  64  C  -1.537716711599  6.213695862641  6.939682621090  0.052935093258  -0.158672617287  -0.132731820177
  65  C  0.006406729522  3.559248018879  6.930398945530  -0.178455562508  -0.259217780402  0.018672275429
  66  C  3.060381327637  1.779094983876  9.434995851084  0.110027849677  -0.235729639736  0.314648426048
  67  C  6.134775670651  1.761223248688  9.434201582289  0.193733472004  0.149375092244  0.028685616338
  68  C  4.611311496958  4.427306646432  9.441644667054  -0.277101560877  0.153890810767  -0.007325333460
  69  C  1.538107184336  6.197325099489  1.881495724327  0.074463281196  0.115548027557  0.027933372385
  70  C  -1.539965229502  6.165782350924  1.907613089926  -0.004607676600  0.871570280109  -0.516977530657
  71  C  0.004448682778  3.545823987573  1.874030734611  -0.034378054914  0.107265676937  0.469116417811


MDSTEP:  10
LATTICE_CONSTANT: 1.889726125458
LATTICE_VECTORS
  9.207162925781  0.000000000186  0.000000000000
  -4.603581462727  7.973637015956  0.000000000001
  0.000000000000  0.000000000002  10.072447331752
VIRIAL (KBAR)
  64.658934870467  4.703050861269  0.980739926625
  4.703050861269  69.626466238377  -1.336347018321
  0.980739926625  -1.336347018321  71.051321805931
INDEX    LABEL    POSITIONS    FORCE (eV/Angstrom)
  0  Si  0.002095893971  1.785962374786  2.515745001395  -0.197620958091  -0.058719317244  0.055504441692
  1  Si  3.079938631071  7.083794796047  2.513651830563  -0.244316491350  0.153302869860  -0.233452744606
  2  Si  -3.076897102728  7.079809162862  2.510979537039  0.344286292111  0.232179642163  0.293460238313
  3  Si  4.590348697600  6.195267263541  5.033887410834  0.335385786111  0.369780574177  -0.202099690727
  4  Si  1.522919980754  0.893256181207  5.035022948090  0.116006338740  0.082573325782  -0.212131307115
  5  Si  7.662706263225  0.904593000110  5.041796207876  0.257671056016  -0.727861537751  -0.628270483728
  6  Si  -0.006651000843  1.768149250294  7.556228329248  0.152713949070  0.230564238384  -0.208638400465
  7  Si  3.058401434585  7.095567424673  7.545922805926  0.641920361021  -0.283462289833  -0.120581445083
  8  Si  -3.069855605543  7.097447235784  7.563596289213  0.037241690173  -0.056282419714  -0.300605430097
  9  Si  4.585399775279  6.206345558424  0.006838033660  0.459324359061  -0.149176815834  -0.302453737040
  10  Si  1.518398694766  0.883561541486  10.069774416699  0.259324504768  0.214691769711  0.202042555624
  11  Si  7.682852111808  0.889830485294  10.064282814395  -0.559726984086  -0.361748334647  0.534159247267
  12  Si  -1.548134106368  4.428171207134  2.526863986018  0.369407359895  -0.356672568900  -0.230649225745
  13  Si  1.537862339723  4.438233174398  2.519911523412  -0.094771905616  -0.263200252117  -0.540582739746
  14  Si  -0.008393325496  7.085223737625  2.495135649293  0.306312434736  -0.144964646103  0.638303627328
  15  Si  6.140919322658  3.537040311904  5.039852847671  -0.227886270454  0.049907969433  -0.146460027638
  16  Si  3.067021356104  3.538888414797  5.026732975003  0.021465713425  0.601906449245  -0.052570026794
  17  Si  4.595090815819  0.887501298873  5.043761229521  0.261264612933  0.047284102976  -0.555324435002
  18  Si  -1.546792614055  4.438176577063  7.562653355488  0.476723709624  0.054341688601  -0.148424740526
  19  Si  1.543543582826  4.438487444951  7.553959156205  -0.109200698344  -0.369191500185  -0.061102741568
  20  Si  0.000807482525  7.107903405007  7.555190201609  0.009647893606  -0.487775196563  0.034614345315
  21  Si  6.131594454222  3.537370802782  10.067169950603  0.003918445941  -0.126310145192  0.110489239385
  22  Si  3.076195510994  3.539601772673  0.008327345419  -0.247494943101  0.259621759659  -0.512811690153
  23  Si  4.613213758404  0.892910377376  10.066832708916  -0.345154439691  -0.277771264244  0.175329684660
  24  Si  3.068251696730  1.786094128658  2.524142768167  0.168176892711  -0.398969226724  -0.226384245385
  25  Si  6.123809368091  1.779571998204  2.522802977792  0.456185806825  0.026051066190  -0.162484325424
  26  Si  4.594754664804  4.436041653074  2.514399509858  0.416099117213  -0.351623165311  -0.069939369146
  27  Si  1.545953261467  6.207546891235  5.028169747776  -0.468910593894  0.115597300810  0.286866391421
  28  Si  -1.534196105576  6.199885520575  5.036470596234  -0.235378411368  0.040922212933  -0.032606345078
  29  Si  0.009222537910  3.547472142699  5.030558882934  -0.368416549122  0.220980276518  0.038407977531
  30  Si  3.055641256123  1.766634167936  7.555259488883  0.214376549860  0.089639951489  -0.155942593763
  31  Si  6.139909379936  1.783295918614  7.548892312188  -0.041634559253  -0.058217237610  -0.225839343975
  32  Si  4.605840052594  4.435532817428  7.553199254565  -0.338189618191  -0.159806744878  -0.077622768995
  33  Si  1.541651062236  6.194833843509  10.066325569354  -0.104879987155  0.186057344827  0.177638621180
  34  Si  -1.540763531812  6.204537135790  10.065315082077  0.085100650069  -0.418425115974  0.386666631661
  35  Si  0.008416341993  3.543964500995  10.065485106204  -0.332661167705  0.114769652643  -0.117202350534
  36  C  -0.017377854638  1.784576596417  4.415488906332  0.391185412802  -0.099159579518  -0.171861119193
  37  C  3.055670039426  7.067180856194  4.380829575109  0.413904891876  0.686845970073  0.705953924956
  38  C  -3.078114405850  7.104732567192  4.412385164343  0.029793886876  -0.296216904062  -0.102820577638
  39  C  4.628887717222  6.192169324198  6.910591208037  -0.714933309202  0.368816583225  0.455936854585
  40  C  1.533605849985  0.893985698050  6.916360562135  -0.184670254126  -0.180301073157  0.350951701088
  41  C  7.678188640977  0.884183510374  6.902176452529  -0.274387288822  0.147958300098  0.581607303522
  42  C  -0.027239635689  1.756251756499  9.451624584958  0.705023337948  0.449587124622  -0.331283991599
  43  C  3.067394454001  7.088326903384  9.429645615515  0.047678693566  0.125370418434  0.288586985268
  44  C  -3.061664870006  7.096579860025  9.453349684893  -0.433804078863  -0.154534799426  -0.013874874053
  45  C  4.616195697830  6.183318526560  1.890138195772  -0.394256673822  0.490852652492  -0.138181859540
  46  C  1.532683948380  0.895502607423  1.897972325711  0.055703209614  -0.221817889573  -0.146494875674
  47  C  7.666089491859  0.899095248133  1.905049456650  0.163842740615  -0.264974721926  -0.376515480666
  48  C  -1.558793244069  4.413243071699  4.401166821549  0.607943516309  0.345229994545  0.368869556873
  49  C  1.518968221067  4.460135829341  4.379326388696  0.380665165887  -0.678970616899  0.685119669753
  50  C  -0.003138675172  7.096514474004  4.421366627787  0.021827381321  -0.182476457551  -0.331599829996
  51  C  6.139405757818  3.571164820168  6.931426526365  -0.078956730172  -0.635273682602  -0.114131097101
  52  C  3.057469502122  3.523264404351  6.918323778296  0.342495746451  0.511475555833  0.073778141209
  53  C  4.600401564399  0.889848016667  6.904266126241  0.077035907567  0.211897313422  0.717040940875
  54  C  -1.559859036538  4.414927817698  9.447581151295  0.545262511719  0.291180548040  -0.016031569054
  55  C  1.534662672408  4.446262277000  9.432244156093  0.161517696999  -0.568153264565  0.291518835233
  56  C  0.000955648154  7.073585251187  9.460076273053  -0.039664934567  0.443596997228  -0.238252114114
  57  C  6.144537340320  3.552583277235  1.884360968384  -0.432953067066  -0.249806356796  0.072149944602
  58  C  3.081449133247  3.538758605065  1.874290549904  -0.299172105943  0.206069472341  0.481268745443
  59  C  4.618932218867  0.881917769389  1.903238631429  -0.554931512235  0.192612081121  -0.385820018639
  60  C  3.076317283856  1.789342114160  4.406350717015  -0.302338352142  -0.303974889387  0.034557386266
  61  C  6.153447370687  1.762947505797  4.397573448865  -0.685624428014  0.276785763070  0.457624634434
  62  C  4.620382319184  4.448459361248  4.393526719966  -0.430753454819  -0.613938830309  0.310527791138
  63  C  1.546601430684  6.193855157401  6.954728809964  -0.294528049936  0.372559044425  -0.772959848496
  64  C  -1.539970227497  6.212040645319  6.937920400967  0.215148861918  -0.023691849362  -0.055793618894
  65  C  0.008976457153  3.550338303071  6.926552156766  -0.276308425112  0.020231966289  0.130275778973
  66  C  3.056175521942  1.782281757765  9.439791340745  0.179360444600  -0.330652681392  0.163661339894
  67  C  6.144337847994  1.751508155593  9.433419024612  -0.096531876014  0.410757593632  0.068359182287
  68  C  4.605750177899  4.428548316627  9.445094886462  -0.143462541289  0.080927968986  -0.004216859493
  69  C  1.540439996228  6.188965036015  1.891638080740  0.044273159984  0.380264217617  -0.256259007398
  70  C  -1.531375987607  6.172368127361  1.914190556058  -0.243282165893  0.723807841216  -0.621414122069
  71  C  0.001839087603  3.550860854691  1.871647998546  0.021586735495  0.027121773239  0.430419354176


