MDSTEP:  0
LATTICE_CONSTANT: 1.889726125458
LATTICE_VECTORS
  9.117566484866  0.000000000000  0.000000000000
  -4.625761992083  8.140788132535  0.000000000000
  -0.254746671030  -0.092906361151  10.210550857413
VIRIAL (KBAR)
  129.415773447985  30.450938029883  41.225965167047
  30.450938029883  -23.344039354764  14.846510351334
  41.225965167047  14.846510351334  -2.825045782912
INDEX    LABEL    POSITIONS    FORCE (eV/Angstrom)
  0  Si  -0.046657014042  1.757594809084  2.519032045026  2.406640854190  0.820426562954  0.638279061579
  1  Si  3.012770687225  7.093481374355  2.589787033488  -0.357448138053  1.401282066217  -0.296441996236
  2  Si  -3.129423490546  7.061072409683  2.501639399518  1.970094926822  2.712967600435  0.687248466538
  3  Si  4.509692883230  6.200280370268  5.122613517742  -0.551542266282  0.131028483947  -0.804671024351
  4  Si  1.467196182964  0.868427163382  5.053855633718  0.264179207778  -1.346228727208  -0.360520572639
  5  Si  7.604454165635  0.896086061221  5.137694356191  -0.866993447477  -1.868452716208  -0.719519097502
  6  Si  -0.096142375013  1.739756181363  7.563103014065  1.742172229669  0.487448712135  0.728509183053
  7  Si  2.940307132721  7.072781489487  7.630328007987  -0.052370293236  1.246676531381  -0.256692301125
  8  Si  -3.197898494090  7.041276588227  7.546041401423  2.092588845166  2.541855099504  0.868834419309
  9  Si  4.443752644071  6.178922721885  10.160723349352  -0.991987670258  -0.127473916543  0.893402596540
  10  Si  1.404554801924  0.846496088974  10.092614278861  -0.284129416547  -1.498698922288  1.305525730390
  11  Si  7.539824027486  0.873185644280  10.168008883949  -1.252214435703  -2.003069192442  0.952312605899
  12  Si  -1.584843729499  4.407518323127  2.519038830146  1.896901250840  1.093132984447  0.457731425683
  13  Si  1.479982004050  4.432834047449  2.556995589655  0.165950126349  -0.392706383337  -0.433091874894
  14  Si  -0.050439642728  7.079507747887  2.552171361945  -0.256216429342  1.524286430250  -0.524010625093
  15  Si  6.060041682511  3.549170389121  5.134071260111  -0.870939602524  -0.613176308939  -0.611297506877
  16  Si  2.980113917727  3.539222349846  5.092522403279  0.401782078541  -0.135181573291  -0.290099480791
  17  Si  4.532705976383  0.880988262287  5.088665705677  0.062402275094  -1.505808509764  -0.200561693197
  18  Si  -1.652453964664  4.385772967245  7.544910924014  2.089873234908  1.111151096944  1.103138035372
  19  Si  1.422277402499  4.401572609937  7.588631922196  -0.143034487481  -0.062015183183  -0.064453029072
  20  Si  -0.120562333293  7.049508939975  7.585716916086  -0.222008507848  1.493671965071  -0.235176052671
  21  Si  5.995470977957  3.522853704683  10.163370444547  -1.196419441228  -0.493344505902  1.147613940210
  22  Si  2.927028072339  3.511444601190  10.122876482513  -0.321006659447  -0.225242641869  1.525602543776
  23  Si  4.470729641017  0.859728385205  10.131860120258  -0.545856152077  -1.663258801467  1.193812665578
  24  Si  3.024627108387  1.772882537437  2.559031918667  -0.003485881473  -0.528165689666  -0.526434994015
  25  Si  6.089073222123  1.788500911085  2.593081524214  -0.085031992607  -0.783102067029  -0.282683563011
  26  Si  4.550301833782  4.435522328019  2.594434507001  -0.118854346339  -0.176341399295  -0.160358686806
  27  Si  1.448506055466  6.187388545590  5.079331331577  -0.007824934704  0.451241296651  -0.279737617788
  28  Si  -1.619369898520  6.171268651046  5.032406100569  0.165974521848  0.668079962552  -0.120644019597
  29  Si  -0.081932556304  3.527047540168  5.050843768719  0.417616060378  -0.011201536919  -0.228687218526
  30  Si  2.964683065357  1.747115242112  7.593232543455  0.047111241699  -0.545305392288  -0.150197384489
  31  Si  6.043322378373  1.763945207383  7.641103572178  -0.538864547834  -0.630600392696  -0.251778405454
  32  Si  4.488121865579  4.413693773728  7.634460904431  -0.254415275494  -0.146483923599  -0.123631976281
  33  Si  1.380772354783  6.162972187516  10.114724876589  -0.556880480543  0.191154785173  1.364257608182
  34  Si  -1.683008268448  6.152444624280  10.078956537692  -0.183920372571  0.427616991665  1.401074802263
  35  Si  -0.146938066473  3.500285906274  10.078502803181  -0.004358611288  0.125244810652  1.677083039796
  36  C  -0.059742627038  1.753971585551  4.413652450770  0.768093634711  0.129562338309  0.393963397539
  37  C  2.984901816472  7.088906642175  4.483073562428  -0.163908671482  1.278176092634  0.550988539554
  38  C  -3.145473789771  7.064987741185  4.396562766088  0.687892876638  1.725885249298  0.870906633147
  39  C  4.493873255899  6.187441151007  7.007728629954  -2.128662107795  -0.644139242393  -0.905860754962
  40  C  1.441276985696  0.859937048542  6.948616662678  0.123380586465  -1.451787968017  0.344843361625
  41  C  7.578068737357  0.892598456823  7.035743847119  -1.693576974529  -2.604922149484  -0.876552094136
  42  C  -0.129252364983  1.741034278431  9.455696841858  0.907453008284  -0.149287465103  0.340779040951
  43  C  2.912909131042  7.049247383244  9.512744911814  -0.062985259481  1.535083094504  0.816521790812
  44  C  -3.212379968430  7.029801199174  9.438026021039  0.685681503880  1.963843713459  0.944282748450
  45  C  4.546220342319  6.209924255727  1.985505334008  -1.420590760465  -0.587132281100  -2.580211895737
  46  C  1.501639409716  0.886603956898  1.910210666767  0.441686227562  -1.397767576085  -1.054671252229
  47  C  7.651342023914  0.913065438651  1.999166957337  -2.214464778067  -2.725142107828  -2.386564656016
  48  C  -1.607776206866  4.397381798917  4.407493627188  0.883063201061  0.519524021238  0.466729942584
  49  C  1.466550500431  4.410374337594  4.445011991604  -0.202598371977  0.167118219270  0.231852196785
  50  C  -0.081500828662  7.065853991984  4.437285686443  0.066881715432  1.456520061589  0.584165892105
  51  C  6.036349971537  3.538303287797  7.020583271919  -2.074035002555  -1.111959151856  -0.940616596812
  52  C  2.959531873404  3.527911681098  6.980293513579  0.246853669167  0.040444017964  0.179635618632
  53  C  4.518939806505  0.868762327013  6.988541977335  -0.044782331391  -1.335755911547  0.261770570458
  54  C  -1.673828262196  4.381233568031  9.443893699624  0.913476924936  0.435538028533  0.488651668315
  55  C  1.401000897701  4.382312954904  9.477695812022  -0.148607562223  0.182546160416  0.400622508426
  56  C  -0.154290559945  7.052476205603  9.476880499791  0.216828015899  1.318385430736  0.673159753006
  57  C  6.095497488264  3.555105693280  1.987500445334  -1.521295963423  -0.678777704258  -2.403560255872
  58  C  3.035861695470  3.546767742319  1.956632666658  0.170771920916  0.346875093432  -1.447542201289
  59  C  4.567009722754  0.892856536357  1.950016366127  0.547579820072  -1.312431880880  -1.078402629836
  60  C  3.008742394759  1.763831951659  4.451371898061  -0.094415420240  -0.233024269217  0.098094374519
  61  C  6.071188017282  1.774409349048  4.493973225057  -0.135264091101  -0.344503968786  0.026730201483
  62  C  4.540465825543  4.429100664351  4.494893533533  -0.520302246596  -0.164957394896  0.090313771100
  63  C  1.426875028411  6.176844091517  6.974797617139  0.002282301777  0.383243973629  -0.003828250296
  64  C  -1.653957709931  6.153287493608  6.932073585358  0.304127381723  0.653762268010  0.061202352439
  65  C  -0.100785446136  3.507937810857  6.937343065864  0.085944102529  0.303182794534  0.291629264005
  66  C  2.934425559115  1.737422083703  9.490130761213  0.181591312518  -0.196885658563  0.134729710850
  67  C  6.001446041421  1.756997052810  9.525586860736  -0.027303867773  -0.490023966671  0.389583501738
  68  C  4.467440529679  4.407930201878  9.521659478638  -0.286916119911  -0.221121150710  0.439195173482
  69  C  1.480606661378  6.193872079969  1.951488592083  0.645440150195  0.777204405544  -1.639371660089
  70  C  -1.579290578047  6.189658787679  1.905036174025  0.437493935148  0.418678947474  -1.402975943469
  71  C  -0.036398526021  3.533349623132  1.916040371884  0.365703777171  0.342638340772  -1.383930825016


MDSTEP:  1
LATTICE_CONSTANT: 1.889726125458
LATTICE_VECTORS
  9.117566484866  0.000000000000  0.000000000000
  -4.625761992083  8.140788132535  0.000000000000
  -0.254746671030  -0.092906361151  10.210550857413
VIRIAL (KBAR)
  128.895612284277  30.183142500743  41.038928048460
  30.183142500743  -23.535638873411  14.815781056566
  41.038928048460  14.815781056566  -2.824984086000
INDEX    LABEL    POSITIONS    FORCE (eV/Angstrom)
  0  Si  -0.045370308184  1.757015616120  2.519725205393  2.335149455188  0.805236085995  0.587922623437
  1  Si  3.012581005755  7.093145721187  2.589952370536  -0.350618861026  1.410337975779  -0.311438421064
  2  Si  -3.129035735332  7.062251015731  2.501976467390  1.936182334767  2.665805269684  0.668310283336
  3  Si  4.510417181381  6.199202137610  5.122763289034  -0.579042452659  0.174544888455  -0.802758107200
  4  Si  1.467245902143  0.868986171025  5.054073773713  0.259473848050  -1.351138970057  -0.362198376463
  5  Si  7.604863525324  0.896185366664  5.137237017415  -0.890726135991  -1.877412167524  -0.708483023174
  6  Si  -0.095844869285  1.739852121251  7.562948804040  1.717147681166  0.477180075754  0.728202293129
  7  Si  2.941102370054  7.073815051714  7.630333226715  -0.072060282318  1.236412532893  -0.252438155555
  8  Si  -3.197003633818  7.041962114832  7.545716971626  2.053888713530  2.526054077847  0.876646387448
  9  Si  4.443330326173  6.179215395993  10.161117794993  -0.970184217497  -0.137862471576  0.872796377248
  10  Si  1.404418113810  0.847175660411  10.092747171214  -0.281577304542  -1.513165444353  1.298291384166
  11  Si  7.539497514337  0.872082941080  10.168143234115  -1.244308969825  -1.981680479528  0.948020364743
  12  Si  -1.584281973217  4.407022159546  2.518936241482  1.853608179030  1.076872129371  0.437374568327
  13  Si  1.480075034040  4.433474535754  2.557112671462  0.163212346830  -0.388009828827  -0.456917550828
  14  Si  -0.051014397865  7.079236465225  2.551581427293  -0.256516402092  1.537365435064  -0.499903516686
  15  Si  6.059385866178  3.548441937321  5.134130702012  -0.843293175175  -0.592335358744  -0.636062346601
  16  Si  2.979910368045  3.540393205101  5.093005337067  0.409337384044  -0.149340804168  -0.315638505278
  17  Si  4.532640063344  0.881186901441  5.089236621514  0.061758567145  -1.511442491907  -0.202399711786
  18  Si  -1.652093640300  4.385827368123  7.544688611758  2.049595911492  1.085298345236  1.095110474041
  19  Si  1.422656902818  4.402112256969  7.587894067699  -0.158956309229  -0.065214661887  -0.043960046877
  20  Si  -0.121006741430  7.048982873595  7.585087009925  -0.203009509849  1.509030687162  -0.206994061479
  21  Si  5.995661227303  3.522896645515  10.163122961956  -1.221439459635  -0.501589875083  1.156939428685
  22  Si  2.926598139158  3.510996930140  10.122719711924  -0.319972918832  -0.229523619200  1.529855631265
  23  Si  4.471506178302  0.859739404292  10.131758833284  -0.571295822824  -1.665971583679  1.198470705721
  24  Si  3.024866336941  1.773430981435  2.558871335697  0.009950865002  -0.537643922264  -0.520834276098
  25  Si  6.088736710653  1.788804590153  2.593519313957  -0.083931728138  -0.806163031835  -0.300925629716
  26  Si  4.550296331507  4.435305052813  2.594435518746  -0.118271395761  -0.171706775913  -0.166576808954
  27  Si  1.447906066813  6.188484915827  5.078859021164  0.013256306820  0.444951914201  -0.270486494889
  28  Si  -1.619541632270  6.170781138466  5.032950774938  0.169128040831  0.693418947958  -0.127577505837
  29  Si  -0.081948429679  3.527648710533  5.050148118740  0.429580853169  -0.015571768531  -0.228292607982
  30  Si  2.964905905427  1.746407756851  7.593460793314  0.028737825268  -0.527769767829  -0.165600476104
  31  Si  6.041903297189  1.764244372837  7.641853948580  -0.492620705702  -0.647459914672  -0.259554466558
  32  Si  4.488149711545  4.412921174450  7.635277846747  -0.265307890812  -0.126032460446  -0.153598077787
  33  Si  1.380692424241  6.162228990539  10.114591946391  -0.562534744993  0.202098240620  1.373636381399
  34  Si  -1.682336209985  6.152416213170  10.078593130612  -0.195301263992  0.433064627526  1.410700096063
  35  Si  -0.146924958366  3.500734153345  10.078303875251  -0.022540338004  0.108537468516  1.678792409455
  36  C  -0.060628603477  1.754038681728  4.413101893147  0.797439017812  0.141325415904  0.404647565555
  37  C  2.985087329855  7.089801050910  4.482291683930  -0.156464712973  1.259553120435  0.574104754944
  38  C  -3.145838319246  7.065086504836  4.396836311348  0.700704239854  1.727715255112  0.870228018357
  39  C  4.493604735007  6.187904983746  7.007771550274  -2.098851341614  -0.657276126128  -0.891400989925
  40  C  1.440484607052  0.859224151176  6.948825215180  0.150447910339  -1.440734410564  0.338055230334
  41  C  7.577928759746  0.891970617927  7.035739543238  -1.693811636581  -2.579037426516  -0.869442476449
  42  C  -0.129216016249  1.741282816600  9.455286097058  0.892757727271  -0.156156872537  0.353689075947
  43  C  2.911974937619  7.049249175310  9.513429308669  -0.040321326582  1.534516797852  0.797746934633
  44  C  -3.210993307930  7.030255832965  9.437966995303  0.646386859324  1.952886947396  0.949157035066
  45  C  4.545968262779  6.208932308345  1.984315649192  -1.387452821691  -0.547460498185  -2.553148534114
  46  C  1.502684836849  0.885833597958  1.910304823113  0.427704879774  -1.384106919809  -1.051476077990
  47  C  7.650111026105  0.912704371842  1.997786045333  -2.139410517074  -2.689959810813  -2.350586736355
  48  C  -1.606901648667  4.398384532559  4.407192452623  0.845414308685  0.484834227621  0.477842766729
  49  C  1.467174581394  4.411122073574  4.443601771306  -0.218772054581  0.163932208436  0.263836927059
  50  C  -0.081787962920  7.066494254528  4.438246723550  0.055130272596  1.456243727880  0.562655034364
  51  C  6.035670226266  3.537195565730  7.019131459938  -2.038569512481  -1.073413293486  -0.898687991483
  52  C  2.958658270079  3.528280783896  6.979039126376  0.266186108481  0.025962738218  0.213758253552
  53  C  4.519473435847  0.868843553086  6.989278237431  -0.068369835291  -1.343909967481  0.249616059962
  54  C  -1.674901082922  4.381401430956  9.443836103204  0.939947336171  0.433682575341  0.477104285562
  55  C  1.400469860551  4.381554005483  9.478645919146  -0.138176375116  0.196411463114  0.364076139502
  56  C  -0.153935250523  7.052308536089  9.477054975519  0.218168893607  1.317205864457  0.659043550386
  57  C  6.094210693245  3.553906204218  1.986730129199  -1.465541963194  -0.634765407775  -2.380594324088
  58  C  3.035717112653  3.547216404263  1.956407455302  0.168576230661  0.339762886369  -1.444961958763
  59  C  4.567367972102  0.892397674901  1.949593699894  0.531405933498  -1.302246148188  -1.071171405287
  60  C  3.009247172479  1.764039112706  4.451841619471  -0.107528296169  -0.219876424421  0.092026779332
  61  C  6.070481332087  1.774290330484  4.493674278471  -0.118979016209  -0.342910500066  0.034704709694
  62  C  4.540844604001  4.430250321489  4.494926993026  -0.525342602565  -0.198192907672  0.084694242849
  63  C  1.426626752021  6.177654373014  6.975248211188  0.015723521418  0.374745603185  -0.019808885354
  64  C  -1.653689908590  6.153655294670  6.932968044975  0.295370576784  0.637442163963  0.038089021733
  65  C  -0.100814118257  3.507616447943  6.936585237082  0.092781972541  0.316141474781  0.297705659032
  66  C  2.933865665632  1.737221791086  9.489554958462  0.200385698337  -0.197123434393  0.149234158924
  67  C  6.001224725529  1.757093208920  9.526100323047  -0.016106948686  -0.489311306024  0.376297313178
  68  C  4.466345202043  4.406611903059  9.521064368764  -0.267783369347  -0.191627389788  0.456308245431
  69  C  1.480172129589  6.195184806055  1.952321707505  0.651373905335  0.744525155800  -1.653598726804
  70  C  -1.579431255535  6.189014059854  1.905199307383  0.434463243521  0.425884380130  -1.406729428650
  71  C  -0.035874798262  3.533596176438  1.914641983580  0.364615270707  0.326163533814  -1.361445468417


MDSTEP:  2
LATTICE_CONSTANT: 1.889726125458
LATTICE_VECTORS
  9.117566484866  0.000000000000  0.000000000000
  -4.625761992083  8.140788132535  0.000000000000
  -0.254746671030  -0.092906361151  10.210550857413
VIRIAL (KBAR)
  128.125846838041  30.281859325987  40.408447535553
  30.281859325987  -24.150721084197  14.645841709713
  40.408447535553  14.645841709713  -3.144103341476
INDEX    LABEL    POSITIONS    FORCE (eV/Angstrom)
  0  Si  -0.042541349006  1.755640742289  2.518122356205  2.243990539947  0.830724816047  0.629385817075
  1  Si  3.012478770320  7.095361878897  2.590770024323  -0.341233718305  1.400393018539  -0.340086961582
  2  Si  -3.126243003454  7.061540849344  2.501650820855  1.919457230227  2.662600700100  0.647880165931
  3  Si  4.511302993651  6.201204127713  5.122737003239  -0.580860817901  0.190482673886  -0.866228876259
  4  Si  1.468592932177  0.870798601274  5.052544472218  0.220634498312  -1.382987879753  -0.308487147064
  5  Si  7.606803025048  0.895811183795  5.139275154457  -0.934524393979  -1.863203452847  -0.761377689640
  6  Si  -0.095284390225  1.740292776664  7.565510563472  1.676253770240  0.476748784213  0.676277773224
  7  Si  2.942654956805  7.075893452445  7.630743938409  -0.108706645545  1.186152144189  -0.270991466799
  8  Si  -3.195470516228  7.045437205805  7.548312476180  1.938256372036  2.457599928216  0.837288395410
  9  Si  4.442073403422  6.181138408192  10.161886964946  -0.941226738076  -0.191777087140  0.879937689475
  10  Si  1.405046608717  0.848020902792  10.094643021538  -0.349826115362  -1.542082008035  1.272804751256
  11  Si  7.540622450223  0.870153431907  10.169018376531  -1.280163175556  -1.966942541673  0.963715030236
  12  Si  -1.583800121971  4.405638956279  2.520641969644  1.830227266977  1.071508603192  0.413061635265
  13  Si  1.482052924925  4.435304830225  2.557821180484  0.079079424359  -0.416520691338  -0.490326294673
  14  Si  -0.051563217296  7.080354092396  2.551919765740  -0.271165249154  1.505338446943  -0.483489629881
  15  Si  6.059862605165  3.548441404649  5.132061047204  -0.903862675999  -0.646291714580  -0.575710697729
  16  Si  2.980466966076  3.537883406457  5.093954497705  0.408345918772  -0.011226365979  -0.347154135775
  17  Si  4.532756825936  0.882418512559  5.089246306407  0.004989634410  -1.548570044124  -0.208065704715
  18  Si  -1.653428538702  4.386146578983  7.545119311517  2.010523858949  1.093823778691  1.079580166222
  19  Si  1.420225584212  4.403744606823  7.587271804158  -0.074442496409  -0.099478302368  -0.056685715656
  20  Si  -0.120351858041  7.049249267943  7.583141809516  -0.182475744632  1.467247564977  -0.175070300209
  21  Si  5.994784044525  3.521392698288  10.163029642116  -1.131611410795  -0.442475374649  1.158911350262
  22  Si  2.923948092149  3.512063512964  10.123633359893  -0.270993643675  -0.252096624369  1.452069486408
  23  Si  4.472957272530  0.859602305864  10.131890215846  -0.585190222140  -1.677872575892  1.177768995839
  24  Si  3.024750585464  1.775852836176  2.556369512001  -0.006819352499  -0.652089253484  -0.483143619410
  25  Si  6.086466771794  1.789268632731  2.593928015008  -0.021296342953  -0.788085657154  -0.346183439473
  26  Si  4.548795471229  4.433771019184  2.595063895157  -0.056969829912  -0.092705090578  -0.214252119173
  27  Si  1.450140003112  6.189890292419  5.078570549529  -0.030020552080  0.437791524175  -0.215738285030
  28  Si  -1.619806941114  6.172864856963  5.035289772086  0.140349323564  0.659627412423  -0.139215281047
  29  Si  -0.079437769913  3.529744160815  5.051475256453  0.361456013129  -0.048197264611  -0.227382522492
  30  Si  2.964039682270  1.746419856450  7.591925426510  0.038450381292  -0.512775772982  -0.122364616284
  31  Si  6.041615887779  1.766389805834  7.641586689952  -0.531510154467  -0.693054470940  -0.247135513701
  32  Si  4.490081624822  4.415337634444  7.633560410971  -0.343375227480  -0.105239653432  -0.082865319917
  33  Si  1.380278283083  6.163773527072  10.116466442604  -0.612332679248  0.188161208628  1.328515134759
  34  Si  -1.680272524648  6.151288914294  10.080454907593  -0.311363387470  0.416733854922  1.343134867920
  35  Si  -0.144492800778  3.499886272916  10.078366739085  -0.099756769300  0.142154422392  1.659026966824
  36  C  -0.059498733519  1.754590486722  4.414410322379  0.787510244344  0.171597574587  0.370960741436
  37  C  2.982474586219  7.090635456643  4.481626790979  -0.068942771262  1.262985292274  0.584844626792
  38  C  -3.144036791124  7.069827165734  4.395206600895  0.683329937576  1.673126099691  0.899820039283
  39  C  4.492776317077  6.190318524183  7.003914410029  -1.987235685281  -0.618566664613  -0.779808614772
  40  C  1.439587658233  0.855643939019  6.950276182928  0.162236802873  -1.354618170496  0.300182244045
  41  C  7.577314226260  0.891320018740  7.035816600867  -1.658258115613  -2.519214167035  -0.834408464542
  42  C  -0.132049783556  1.741647358307  9.456082302880  0.987221384938  -0.174421350876  0.356560298132
  43  C  2.909870829220  7.046609364762  9.512813155158  -0.003990259005  1.583946862132  0.803573545041
  44  C  -3.214425744732  7.035235087098  9.439545888691  0.734493210161  1.873598477308  0.970651969301
  45  C  4.547032581555  6.211609248591  1.985752287621  -1.439144062559  -0.613484314355  -2.548516972515
  46  C  1.500396768750  0.884303015047  1.909361323137  0.536809684798  -1.361350691287  -1.041219714401
  47  C  7.650768868331  0.911662453501  1.999646277803  -2.158961730484  -2.659839419396  -2.346525468865
  48  C  -1.608996870381  4.397106876724  4.410652837654  0.933531623382  0.540881911328  0.402101895473
  49  C  1.465920440092  4.414468959839  4.445807058849  -0.143265180473  0.108916033651  0.196957998139
  50  C  -0.081938427496  7.065836739222  4.442293914530  0.058705772392  1.476975939444  0.464518127960
  51  C  6.030992562465  3.539276796384  7.019401183679  -1.905432932741  -1.099340020761  -0.942760533865
  52  C  2.960632240885  3.531718945467  6.976667749853  0.203633126493  -0.052415877101  0.295370192970
  53  C  4.517666019951  0.865084847607  6.987087886744  -0.018206429754  -1.264881290834  0.312912518616
  54  C  -1.673130779488  4.379143714765  9.441214260906  0.889550998648  0.463556843243  0.550666215175
  55  C  1.398165807570  4.385309277740  9.475025279591  -0.075477335887  0.127125954412  0.455735692180
  56  C  -0.156490167445  7.050307783961  9.477277286076  0.294892819723  1.370465597101  0.627521608852
  57  C  6.094229117698  3.556738585860  1.981604902228  -1.481210164514  -0.711894510423  -2.280846146489
  58  C  3.036771992242  3.544032562190  1.954391422181  0.116710330372  0.453590730414  -1.426192674994
  59  C  4.567766125660  0.890841114969  1.947068413581  0.494942367742  -1.265472465216  -1.019418018516
  60  C  3.007100690627  1.767181997450  4.452448132417  -0.034951298426  -0.274669033858  0.030477400154
  61  C  6.067896137606  1.770269594966  4.493153535437  -0.041799421715  -0.248016368650  0.050562011265
  62  C  4.542949341304  4.432130700440  4.493838992247  -0.581357791592  -0.235055154777  0.092474317299
  63  C  1.430647761848  6.174217783579  6.975421849807  -0.056498323727  0.496886794044  -0.034302915146
  64  C  -1.655859845547  6.155469688340  6.934606817024  0.333616014267  0.607186612079  0.027428729837
  65  C  -0.102127179614  3.511004403734  6.938005334351  0.102632077460  0.228622982811  0.270274989168
  66  C  2.932750658756  1.733442543564  9.491821634372  0.235662522327  -0.081009331700  0.092441229065
  67  C  6.003653424734  1.758299670069  9.527866973628  -0.061671762982  -0.556246023954  0.328071245421
  68  C  4.469383569958  4.404952236736  9.523463236828  -0.362427838928  -0.133369566708  0.390150529495
  69  C  1.479068858600  6.198273149447  1.948490495516  0.694793183714  0.685773514637  -1.582316694358
  70  C  -1.578348858661  6.185761612963  1.900861200205  0.445982808846  0.478896865112  -1.317384882966
  71  C  -0.038340643844  3.531798725511  1.910619700578  0.480289305612  0.366313282171  -1.277959953268


MDSTEP:  3
LATTICE_CONSTANT: 1.889726125458
LATTICE_VECTORS
  9.117566484866  0.000000000000  0.000000000000
  -4.625761992083  8.140788132535  0.000000000000
  -0.254746671030  -0.092906361151  10.210550857413
VIRIAL (KBAR)
  128.625899989036  30.767793251008  39.862183718552
  30.767793251008  -24.568470266233  14.797711631079
  39.862183718552  14.797711631079  -2.946919726079
INDEX    LABEL    POSITIONS    FORCE (eV/Angstrom)
  0  Si  -0.041150978852  1.752854206995  2.521046320078  2.185271053463  0.987231609705  0.590641916281
  1  Si  3.015458171796  7.092756940524  2.593608841847  -0.416238457491  1.402290247205  -0.423216436853
  2  Si  -3.125798709075  7.060766297935  2.502478203346  1.868098290400  2.648635876615  0.603964601489
  3  Si  4.508801565156  6.201857509443  5.122275056646  -0.525185814211  0.183064682968  -0.900009069241
  4  Si  1.470862075885  0.873285026808  5.052622847560  0.152440346328  -1.487391757036  -0.305825636054
  5  Si  7.607053683178  0.896765602778  5.137103728737  -0.906061599008  -1.892977389313  -0.729957034564
  6  Si  -0.096347732392  1.741385095469  7.566008248871  1.738587239200  0.438490113361  0.697063803658
  7  Si  2.939257903861  7.079300384952  7.629591149213  -0.031041190830  1.125852610794  -0.331124798730
  8  Si  -3.196850180861  7.046438796801  7.547911884710  1.980769690146  2.444763722885  0.785162979577
  9  Si  4.440409696579  6.182323014324  10.163198074885  -0.926509698024  -0.203124150118  0.831033414486
  10  Si  1.404532581734  0.845885625320  10.096492614725  -0.427793424995  -1.491144753966  1.235394999653
  11  Si  7.539021105203  0.867493382766  10.171151186602  -1.235521986941  -1.927406918128  0.943304425510
  12  Si  -1.584852690768  4.407283072197  2.517420880265  1.848117037623  1.056192067293  0.504423720755
  13  Si  1.484479002486  4.437611305775  2.558353119957  -0.027899886507  -0.452923972949  -0.590452174291
  14  Si  -0.052897264747  7.082038719347  2.551940157790  -0.222125459754  1.538836695009  -0.451466988072
  15  Si  6.061970994882  3.546483112995  5.130168831012  -1.045767014661  -0.544942290366  -0.533293362229
  16  Si  2.977640861592  3.537979518578  5.096544777939  0.425029821143  -0.010392796452  -0.437900522283
  17  Si  4.533532944902  0.882102210767  5.091408359892  -0.025541014286  -1.516347304843  -0.297074604853
  18  Si  -1.649547671378  4.388167960432  7.544405578104  1.818051858612  1.023383823882  1.141810231884
  19  Si  1.419226484059  4.400540238255  7.583942756954  -0.035484871584  0.063493378086  0.088434865573
  20  Si  -0.123854706349  7.049664741963  7.581642035574  -0.137942151395  1.472670137943  -0.129377876443
  21  Si  5.995842891227  3.523465987129  10.163479285895  -1.182957465275  -0.568167538698  1.169797565287
  22  Si  2.923628886758  3.509045424156  10.121984276034  -0.276412648172  -0.149161691604  1.516660194595
  23  Si  4.472642573566  0.861968749044  10.129121023518  -0.551815024493  -1.688132851803  1.235854339071
  24  Si  3.021859530586  1.773855351661  2.557672633109  0.003739025759  -0.554641010918  -0.540357221673
  25  Si  6.087232680353  1.786167892912  2.597017371886  -0.080805001514  -0.704234640094  -0.411341980807
  26  Si  4.551330135284  4.431418228229  2.594823102207  -0.124265593355  -0.104132863027  -0.224959098026
  27  Si  1.451918026226  6.191969600294  5.075069507843  -0.162917743035  0.417767183358  -0.162574851925
  28  Si  -1.619212297387  6.174735089920  5.036936064327  0.060163644567  0.581218299408  -0.251483533270
  29  Si  -0.076376342438  3.526922253522  5.053396509389  0.238689748415  0.039131175942  -0.280186477515
  30  Si  2.967156012438  1.743473628594  7.590318719812  -0.078101653060  -0.446036651332  -0.033625763568
  31  Si  6.039621337167  1.768304695809  7.638686975222  -0.424490860740  -0.748887673143  -0.213566233773
  32  Si  4.491678653780  4.413752916946  7.631261092493  -0.304438373386  -0.006632777432  0.024368006615
  33  Si  1.383110417461  6.165651391556  10.114119428359  -0.683861832168  0.166860085493  1.405318052683
  34  Si  -1.677035361363  6.153832035555  10.079814898260  -0.358083430801  0.371430858088  1.335919910011
  35  Si  -0.143189280221  3.499632844643  10.078480701853  -0.141033394556  0.122807415905  1.714574578620
  36  C  -0.057228967575  1.752857469888  4.415776437777  0.773752390254  0.194238141489  0.372960469147
  37  C  2.978486260082  7.087199334877  4.480799846318  0.036480701585  1.353653570785  0.582888921223
  38  C  -3.147346620178  7.072870521539  4.391831561078  0.733806123131  1.609212894557  0.997377636284
  39  C  4.495226194924  6.190697972906  7.000214780749  -2.109143476668  -0.632890004443  -0.705820843155
  40  C  1.441507097723  0.854862778051  6.948522741302  0.131713699417  -1.300231706134  0.340356201608
  41  C  7.580693093349  0.892147043030  7.031129511340  -1.787025438406  -2.514009667672  -0.792982280844
  42  C  -0.136164472821  1.741665996928  9.455298400257  1.075788929357  -0.214613387899  0.388960352012
  43  C  2.906801885366  7.047378481307  9.509846570470  0.100021125979  1.589030315048  0.842537303157
  44  C  -3.215873843673  7.036036088232  9.435068943268  0.769203053732  1.839990126306  1.086389215070
  45  C  4.547468571011  6.207143586236  1.983300606007  -1.384595578464  -0.508758627879  -2.511075138300
  46  C  1.496408336959  0.886188183418  1.911564046260  0.610649103077  -1.440084719323  -1.100359017205
  47  C  7.650997467515  0.913886036553  2.001664196166  -2.169727704611  -2.751144025566  -2.349966527290
  48  C  -1.612895247287  4.392728425650  4.411263625764  1.094929602342  0.669578579049  0.371633134502
  49  C  1.462373636625  4.419104190485  4.441814957082  -0.069661639387  0.001974077678  0.339084310349
  50  C  -0.083081745312  7.068045611796  4.444138203754  0.089197655023  1.477207543122  0.426619944647
  51  C  6.031591301450  3.538812609248  7.017651279031  -1.825444791449  -1.045572429914  -0.909542064673
  52  C  2.964222849312  3.532502472888  6.981385641494  0.109999059339  -0.108186922148  0.189703218356
  53  C  4.514693648721  0.867143098323  6.986002146441  0.063402292786  -1.305582451535  0.327818811074
  54  C  -1.673671599562  4.375237865673  9.444929879709  0.956128780131  0.627096871285  0.435229012865
  55  C  1.396907539952  4.388039679893  9.480006238284  -0.035546064209  0.074712458798  0.284947081872
  56  C  -0.152540908944  7.054931759209  9.480060548933  0.212424111870  1.330190122311  0.520826892901
  57  C  6.094476318010  3.556338250780  1.981097659328  -1.479524238465  -0.760217371838  -2.272220073706
  58  C  3.036891269315  3.545234624413  1.955072227380  0.113179337507  0.384748841889  -1.421355671044
  59  C  4.563162571849  0.892544967709  1.947309277295  0.590501769955  -1.280904213900  -1.010098579528
  60  C  3.003235593898  1.763176849143  4.449240347615  0.085875139982  -0.153102679428  0.140236556053
  61  C  6.070811122273  1.773729688423  4.495695249725  -0.128940529130  -0.365681710868  0.013619306180
  62  C  4.539123872437  4.433713790008  4.491925564321  -0.504233931577  -0.308968339094  0.154316745338
  63  C  1.426410090893  6.178745545809  6.971166475827  0.009521824963  0.379899035861  0.025392215134
  64  C  -1.655806795858  6.153516208109  6.931437248966  0.298645113226  0.684282444115  0.123233499058
  65  C  -0.104300860619  3.512863628584  6.942973571578  0.191668393045  0.159644061386  0.140774005681
  66  C  2.929984260775  1.733450963256  9.494855642388  0.278863807342  -0.115037945413  -0.019693590323
  67  C  6.008241790205  1.754048951827  9.525947355848  -0.183184617746  -0.429758557850  0.341396077268
  68  C  4.469740869339  4.406381185234  9.527745621398  -0.374071715507  -0.170586338453  0.255369308563
  69  C  1.476787463574  6.200673421117  1.948594354556  0.775237456148  0.688807998159  -1.575674501649
  70  C  -1.574455911003  6.189473123156  1.902707820435  0.337370603748  0.435446691209  -1.358172861391
  71  C  -0.042966849207  3.533053914770  1.910842873826  0.626077486266  0.318176373596  -1.250643010812


MDSTEP:  4
LATTICE_CONSTANT: 1.889726125458
LATTICE_VECTORS
  9.117566484866  0.000000000000  0.000000000000
  -4.625761992083  8.140788132535  0.000000000000
  -0.254746671030  -0.092906361151  10.210550857413
VIRIAL (KBAR)
  127.611080795868  31.106939464067  40.025157944733
  31.106939464067  -24.338511877661  15.032022872654
  40.025157944733  15.032022872654  -3.884636993401
INDEX    LABEL    POSITIONS    FORCE (eV/Angstrom)
  0  Si  -0.038210523626  1.755471647293  2.519458448897  2.131997717822  0.918513532958  0.525950142417
  1  Si  3.011801470594  7.096393445129  2.590746455619  -0.198315717871  1.356521712504  -0.370187876561
  2  Si  -3.127821913761  7.060512201424  2.502212845786  1.928786284796  2.664239557175  0.648114464166
  3  Si  4.507614219186  6.203145099194  5.118650838283  -0.460237011786  0.205735807456  -0.851427368568
  4  Si  1.469467539789  0.875841048111  5.053411057137  0.133151212928  -1.515715161925  -0.283902583445
  5  Si  7.603456346272  0.898653870766  5.138926067365  -0.798443033005  -1.962267908458  -0.838872317940
  6  Si  -0.096590789956  1.740429908979  7.565369715790  1.721316986254  0.443144283023  0.786846105608
  7  Si  2.937356003676  7.080514395612  7.625892969285  0.097754605483  1.052109223999  -0.257946125685
  8  Si  -3.192836121482  7.046715820125  7.551346529847  1.815532755856  2.463358817116  0.754580473397
  9  Si  4.441542960649  6.181926569940  10.163248125479  -0.938842020461  -0.219690314358  0.861424830470
  10  Si  1.402662426894  0.843085502448  10.094808968354  -0.396769798242  -1.440063010383  1.245209140534
  11  Si  7.539233566688  0.865180573463  10.168371051077  -1.312788409710  -1.956740550942  1.011125294073
  12  Si  -1.582146951050  4.407481179278  2.517476834206  1.669272017764  1.060583225162  0.548667885654
  13  Si  1.481916499915  4.440434934204  2.555106736797  0.002590874506  -0.459324606466  -0.423354333674
  14  Si  -0.054690621834  7.079948811288  2.547657639429  -0.201814851007  1.540616660132  -0.313952644900
  15  Si  6.064938846984  3.544542160302  5.132547690475  -1.150169303948  -0.495654488271  -0.592096802098
  16  Si  2.979036221436  3.539532758301  5.093699686921  0.389779808760  -0.009355929675  -0.463510613512
  17  Si  4.529744611064  0.885397741723  5.093589770166  0.107643699409  -1.594305351414  -0.371287624802
  18  Si  -1.652136172978  4.391518686580  7.542367550901  1.928222979833  0.955993561788  1.185727907803
  19  Si  1.423317003381  4.400861866748  7.585367077746  -0.092604964028  0.010129477851  0.059790582984
  20  Si  -0.124185728468  7.052898195561  7.584854577082  -0.079087430605  1.395658771234  -0.168046003616
  21  Si  5.997195687864  3.522484344349  10.161336607788  -1.220809688099  -0.568700875224  1.229530256790
  22  Si  2.926339813064  3.506127659992  10.123946910676  -0.423342006121  -0.002412587097  1.479012197414
  23  Si  4.470990652833  0.860120251761  10.129815523438  -0.603395535103  -1.655836440187  1.218582062372
  24  Si  3.021505827855  1.774830109764  2.559289243065  0.102163277714  -0.569775236625  -0.693968640330
  25  Si  6.086873408496  1.786267487173  2.592773671555  0.021848684877  -0.723372900841  -0.436952566694
  26  Si  4.549367109742  4.428822433966  2.596351137202  -0.073443835413  0.017971201391  -0.364873119960
  27  Si  1.451397964209  6.189924437927  5.076284548842  -0.175357955844  0.582645064759  -0.167072993625
  28  Si  -1.621523144820  6.173683886248  5.036968812565  0.095231154587  0.731482141626  -0.185449632092
  29  Si  -0.076905256842  3.525636633497  5.049568318466  0.230466743632  0.119753009178  -0.138725250546
  30  Si  2.963761310590  1.745888591874  7.593453649802  -0.074976403719  -0.564218569155  -0.132837321537
  31  Si  6.043515517034  1.768223920033  7.636822742920  -0.527754814100  -0.782963223180  -0.120656686255
  32  Si  4.488918624632  4.412582134066  7.630762975636  -0.354985165834  0.122895802222  0.068783840644
  33  Si  1.385812522456  6.167228759341  10.116978083113  -0.713951835818  0.137900677674  1.369564357104
  34  Si  -1.678102304404  6.150973801949  10.079664121120  -0.334478153927  0.392077597512  1.344261844278
  35  Si  -0.146530301974  3.500508579470  10.082952436491  0.016852632368  0.061265068396  1.624422374651
  36  C  -0.061568034637  1.757698951073  4.411751297155  0.847299734423  0.091870863248  0.437769031780
  37  C  2.982357000412  7.085915217253  4.479943837243  -0.110281622552  1.386656612003  0.555111168875
  38  C  -3.147319641354  7.074573781758  4.395743045506  0.719069343693  1.629331933289  0.856769432339
  39  C  4.499498903872  6.196013262402  6.994424318245  -2.196262012450  -0.773413473994  -0.582516915289
  40  C  1.435525946369  0.848144733993  6.953847121618  0.291365105537  -1.176426655054  0.255823357453
  41  C  7.584329323855  0.884284408973  7.029466066398  -1.894921875366  -2.359811359997  -0.742434937219
  42  C  -0.139314307256  1.737937244925  9.459144913878  1.130293545700  -0.103281214759  0.293837925393
  43  C  2.908441020477  7.043242461382  9.510034503685  0.089919979333  1.668009836916  0.764627569372
  44  C  -3.216411425022  7.037005575671  9.437234300120  0.808296851624  1.804406747132  1.048959668749
  45  C  4.550615769257  6.207538804781  1.977503397403  -1.538219741164  -0.532351063915  -2.422434952454
  46  C  1.500748219429  0.887221936180  1.905238221168  0.543270190152  -1.418258461909  -1.004291132690
  47  C  7.655126413660  0.911360737394  1.998310338015  -2.198247124890  -2.664596986823  -2.311253648118
  48  C  -1.613815329285  4.398735828569  4.416853919750  1.118053106253  0.539145507287  0.255186575114
  49  C  1.457281010080  4.424194997837  4.446855495650  0.041334280624  -0.142613399836  0.151000223522
  50  C  -0.086922927014  7.074581830555  4.449922805428  0.154041133422  1.378944088433  0.292488379926
  51  C  6.024915739589  3.542046718048  7.022866723776  -1.642796534070  -1.129049626125  -1.013436223099
  52  C  2.964422910777  3.526128263348  6.977580463189  0.113237907243  0.023989349707  0.226669140850
  53  C  4.512043034143  0.867713102933  6.983242721115  0.114355767924  -1.255500728228  0.440556125001
  54  C  -1.669746660174  4.369857614594  9.448095450995  0.849043247308  0.746487535462  0.311840864356
  55  C  1.394981208584  4.392822451842  9.477507691676  0.020511019778  -0.054033743010  0.407797666165
  56  C  -0.151700784038  7.058225105756  9.486289373182  0.182037606211  1.286686373944  0.445633816106
  57  C  6.094862693155  3.557476958573  1.978420220060  -1.462377328297  -0.790917514057  -2.209065969913
  58  C  3.030743658898  3.551840748397  1.952200515862  0.222390955718  0.191176805716  -1.354109905288
  59  C  4.569037459821  0.886429090047  1.943509849779  0.409719759453  -1.153653344567  -0.960073511020
  60  C  3.007125957795  1.760401411351  4.445367256424  -0.061453380153  -0.020936650678  0.224066132107
  61  C  6.073623514465  1.771921619151  4.489447167399  -0.243907452278  -0.304866910162  0.152186872305
  62  C  4.541233571852  4.438410280824  4.485850506514  -0.510614870880  -0.447528257280  0.297555969247
  63  C  1.431322229210  6.174946559348  6.972953944033  -0.137825565002  0.473102913213  -0.000431109263
  64  C  -1.660032470676  6.159465912584  6.933766614583  0.448924104398  0.564251806804  0.116334599379
  65  C  -0.099449218610  3.510146806806  6.943692479078  0.042639299053  0.226442496001  0.097763908136
  66  C  2.925831197386  1.737530273852  9.491323136670  0.337970655865  -0.235719895217  0.089600119819
  67  C  6.003180696650  1.753103029505  9.530801615556  -0.071048512219  -0.454218964259  0.179419620427
  68  C  4.470021590075  4.405752233063  9.532480524152  -0.359515182203  -0.169843433019  0.124572153636
  69  C  1.482608810245  6.199788056886  1.953118751859  0.602174773269  0.749902429954  -1.661429276990
  70  C  -1.578321617293  6.185858308270  1.898407185716  0.417160869524  0.499898886037  -1.290081313263
  71  C  -0.044239075964  3.538608170253  1.911461607590  0.663318463074  0.214519458791  -1.260484679973


MDSTEP:  5
LATTICE_CONSTANT: 1.889726125458
LATTICE_VECTORS
  9.117566484866  0.000000000000  0.000000000000
  -4.625761992083  8.140788132535  0.000000000000
  -0.254746671030  -0.092906361151  10.210550857413
VIRIAL (KBAR)
  127.904293644648  31.612624102359  39.870562495416
  31.612624102359  -25.566296454377  14.712416434280
  39.870562495416  14.712416434280  -3.410934057109
INDEX    LABEL    POSITIONS    FORCE (eV/Angstrom)
  0  Si  -0.038735372222  1.756879946015  2.519803684200  2.102756509083  0.874736455860  0.422974048708
  1  Si  3.010586568887  7.096876839911  2.592455717840  -0.232354387658  1.304922631989  -0.403314026431
  2  Si  -3.131719865364  7.062847375263  2.503565895611  2.018944263529  2.571384799953  0.636796398561
  3  Si  4.509288770110  6.203406133050  5.122099067011  -0.642692035743  0.195480989000  -0.983092585789
  4  Si  1.467066618534  0.876979161965  5.055432719085  0.125845322957  -1.486582526753  -0.316405667797
  5  Si  7.602845138066  0.900706909201  5.135578482158  -0.840430793014  -1.980201637179  -0.854860593075
  6  Si  -0.097653565149  1.739011650350  7.566944867321  1.794758886284  0.553370418545  0.741444508741
  7  Si  2.934380780556  7.078449170411  7.621306009345  0.079817573684  1.160211101158  -0.199354651448
  8  Si  -3.195636474101  7.046783053091  7.548883324695  1.894564851486  2.453982889933  0.816615761901
  9  Si  4.440134988373  6.184479829684  10.160040036843  -0.967838940362  -0.327149651958  0.866590235984
  10  Si  1.397919777862  0.839231345693  10.097556343888  -0.287849136736  -1.330775687931  1.168173961308
  11  Si  7.539071638746  0.864733012880  10.166324502987  -1.417862170127  -2.001920498912  1.084490758518
  12  Si  -1.584178831246  4.408240501382  2.521422161976  1.824984860113  1.006916445942  0.434016884931
  13  Si  1.485173298053  4.437773890008  2.554177612659  -0.106287822819  -0.534741121929  -0.500557075434
  14  Si  -0.052494182666  7.080259046665  2.543694063382  -0.214306848147  1.476987011056  -0.287280630981
  15  Si  6.064197807263  3.548546805218  5.135946599187  -1.162968697072  -0.616322380395  -0.683205572734
  16  Si  2.980495704321  3.537319470610  5.090841401216  0.236422519949  0.091873872904  -0.439948619910
  17  Si  4.527681129348  0.884362012753  5.093067363183  0.034536565478  -1.595126714221  -0.384798143550
  18  Si  -1.653341672704  4.392665902106  7.546331875337  1.937325750696  0.948898691069  1.188760904224
  19  Si  1.423425684745  4.405329567797  7.586842453029  -0.117847597032  -0.029752534252  -0.009671865930
  20  Si  -0.122845561765  7.057966421767  7.587623122892  -0.142730980657  1.366240779720  -0.160654858070
  21  Si  5.995732336130  3.522435926886  10.160079089171  -1.100164519847  -0.622543445175  1.278251094357
  22  Si  2.927487381962  3.508399305499  10.127900932747  -0.434601319229  -0.077558024484  1.418428822927
  23  Si  4.471102329037  0.860348905864  10.126445960750  -0.574577239112  -1.685645672257  1.280666110214
  24  Si  3.025807085160  1.772966779118  2.559774459758  0.016231022514  -0.614532277428  -0.749088262836
  25  Si  6.082560485254  1.788736356481  2.592791240868  0.153443766933  -0.719088103100  -0.460453113312
  26  Si  4.553354641175  4.428140694897  2.598914265934  -0.149274202884  -0.004911419007  -0.522755061788
  27  Si  1.447920565214  6.192067098816  5.073696751327  -0.145153809960  0.447924055376  -0.078431446134
  28  Si  -1.620571565590  6.169278874034  5.039924358568  0.109943919240  0.902254944113  -0.271426104099
  29  Si  -0.077081117155  3.525892829168  5.052273267387  0.171718088444  0.141347197787  -0.227195075033
  30  Si  2.960204480295  1.742546277739  7.596018502742  0.086385503840  -0.360416679039  -0.121762018063
  31  Si  6.047360283720  1.768493381076  7.634807868438  -0.610000859299  -0.775752788004  -0.055322294452
  32  Si  4.486411955273  4.409724937177  7.626354787064  -0.443784538661  0.221233756667  0.228464773803
  33  Si  1.381897572339  6.169426558636  10.118545156525  -0.632103211164  -0.044646537764  1.325326135986
  34  Si  -1.680944220388  6.152794212207  10.084285786212  -0.218144258094  0.322608233160  1.345250929525
  35  Si  -0.143797021295  3.502625780904  10.085656861844  -0.080062299286  -0.102351679407  1.587617048754
  36  C  -0.063694431213  1.759879979699  4.407098961795  0.860842842483  0.073834939826  0.553976394575
  37  C  2.976338268186  7.091145212689  4.485590281982  0.044149796646  1.290162595415  0.453740267889
  38  C  -3.149307319919  7.074169621972  4.401745826279  0.770100703241  1.660126386093  0.763807057106
  39  C  4.492552019151  6.200523141817  6.992365589700  -2.050834731360  -0.879699185291  -0.493638555626
  40  C  1.442020686192  0.854165530447  6.954881538765  0.075128294471  -1.297146906614  0.237807575784
  41  C  7.585825440382  0.888276852889  7.023287765966  -1.914038650526  -2.402761561313  -0.717248079462
  42  C  -0.145639825096  1.732861640359  9.456599609287  1.281121819743  0.030136763059  0.328592644461
  43  C  2.901737054330  7.041212467121  9.503921520745  0.226555741270  1.663927704002  0.827574824952
  44  C  -3.213627344181  7.038149340246  9.441161586036  0.713862851478  1.802546422055  0.914652743232
  45  C  4.550641701726  6.203741984577  1.974613232882  -1.568996443561  -0.433458810315  -2.348358306495
  46  C  1.498494145926  0.887140590555  1.898360320898  0.605652393712  -1.416610526637  -0.860643038899
  47  C  7.652900229837  0.911582225877  2.001732798283  -2.166202488083  -2.671034077193  -2.338167411842
  48  C  -1.615411154044  4.406199764006  4.413390837009  1.094298641705  0.291899700611  0.403591040813
  49  C  1.452900611467  4.418694490841  4.441205718174  0.152409249058  0.008622042651  0.269525966770
  50  C  -0.085569406557  7.069330116767  4.444118345872  0.046683366558  1.460857163139  0.362240442108
  51  C  6.018420590202  3.545032804883  7.029135472379  -1.439199201277  -1.135005237752  -1.145585318163
  52  C  2.960990669090  3.530041273146  6.972618590345  0.138698849326  -0.075427695607  0.302692068467
  53  C  4.513064512907  0.871056258606  6.982316915618  0.089660515563  -1.281458597832  0.463377822664
  54  C  -1.667628046214  4.369709582994  9.453994688124  0.804508442309  0.781966620075  0.214026111587
  55  C  1.392284736129  4.386058782101  9.472880663711  0.125523306643  0.117692590083  0.537152313949
  56  C  -0.147977536405  7.057082129156  9.489984860372  0.002034112944  1.336086406201  0.389189831453
  57  C  6.098427993573  3.561438880983  1.975110976998  -1.585641332038  -0.911325083888  -2.156598053940
  58  C  3.033707284270  3.546863460114  1.949374731952  0.245585348016  0.282134518117  -1.298026731968
  59  C  4.575717661033  0.883192056260  1.942848822845  0.251204291876  -1.130301324702  -0.969537371331
  60  C  3.000422415838  1.766538244561  4.446532197083  0.069766196045  -0.227495381461  0.172601007779
  61  C  6.067968157405  1.765420721045  4.487213258416  -0.167498871281  -0.066070925618  0.222165748888
  62  C  4.535212646919  4.435505744501  4.480392943345  -0.368582618139  -0.344984569135  0.464559095560
  63  C  1.427690980070  6.180945358010  6.978842883552  -0.130860310387  0.376285797278  -0.196091219485
  64  C  -1.657237917729  6.159740333839  6.931767493079  0.370138679760  0.585877820531  0.220330774326
  65  C  -0.098566473422  3.514671083470  6.942192344795  -0.017685140067  0.134008888901  0.167672424436
  66  C  2.929230738830  1.738026138304  9.494874032324  0.174249875222  -0.273618568266  0.058234185010
  67  C  6.002355006997  1.750929241725  9.531787766927  -0.030954173209  -0.409930914972  0.111088403247
  68  C  4.474663658185  4.399357694085  9.535525923362  -0.498748403444  0.032329905043  -0.009146574493
  69  C  1.479051224331  6.193249257616  1.945184978160  0.727859210691  0.854727893069  -1.555538112865
  70  C  -1.574683449807  6.179698672542  1.904159539585  0.278908026501  0.713838508268  -1.343417462262
  71  C  -0.046652390821  3.533994031953  1.903747571156  0.723656070782  0.328911807139  -1.120893219803


MDSTEP:  6
LATTICE_CONSTANT: 1.889726125458
LATTICE_VECTORS
  9.117566484866  0.000000000000  0.000000000000
  -4.625761992083  8.140788132535  0.000000000000
  -0.254746671030  -0.092906361151  10.210550857413
VIRIAL (KBAR)
  126.797848561890  31.494189708826  40.135631823959
  31.494189708826  -25.321453609368  14.747597524253
  40.135631823959  14.747597524253  -3.323533300847
INDEX    LABEL    POSITIONS    FORCE (eV/Angstrom)
  0  Si  -0.036611760301  1.754886226950  2.518489391270  1.974962984741  0.819635556334  0.463687858512
  1  Si  3.013023203762  7.097724505297  2.589685852296  -0.229978440445  1.310952214406  -0.472410737171
  2  Si  -3.129485281221  7.060648393548  2.506270762732  2.008387678739  2.512576043336  0.598824004888
  3  Si  4.503844031719  6.206253476898  5.122149932682  -0.532093721689  0.143389316329  -0.914086688478
  4  Si  1.465987987762  0.876270362416  5.050962503334  0.123375681448  -1.528064952073  -0.230224060730
  5  Si  7.598710767179  0.904518158891  5.134858360316  -0.815203009368  -1.982396138368  -0.824392253398
  6  Si  -0.095024756189  1.742022659621  7.567481117825  1.691460147586  0.566148932668  0.628936695552
  7  Si  2.933309621277  7.083984515028  7.621586482793  0.060581146206  1.046532925225  -0.201393753099
  8  Si  -3.195623575609  7.049911535029  7.550000947802  1.805057429549  2.278750364000  0.738656618479
  9  Si  4.438841395312  6.179268806233  10.162950212023  -0.905936719327  -0.104161462776  0.774955770324
  10  Si  1.397246166677  0.840323872345  10.093028767532  -0.390992195462  -1.337186186114  1.268419955707
  11  Si  7.541797337577  0.862864301741  10.167414667696  -1.486896266997  -2.007042296508  1.036575327164
  12  Si  -1.588217496709  4.403699321892  2.524453611643  1.953069391401  1.014222017517  0.390033721846
  13  Si  1.488204374010  4.432726262395  2.554421051469  -0.155334068918  -0.340138092795  -0.600468178687
  14  Si  -0.054358739326  7.080027805576  2.538565557132  -0.092070322306  1.487271965616  -0.157581532431
  15  Si  6.062892952386  3.548997897642  5.140420743967  -0.991419681979  -0.651431093483  -0.827227452986
  16  Si  2.984492297060  3.534778958955  5.092972889218  0.180286873034  0.176856632093  -0.396224063903
  17  Si  4.526642766573  0.885390483683  5.095107427828  -0.004058054576  -1.640925054736  -0.453182925165
  18  Si  -1.648130248851  4.388683264509  7.545950827303  1.845639336034  1.021487332110  1.231623219104
  19  Si  1.423521008990  4.405296750020  7.586198182023  -0.045201376780  0.016574351924  -0.004888515082
  20  Si  -0.125393453077  7.063085599688  7.583229565677  0.035455674960  1.288667046165  -0.079971645060
  21  Si  5.993173749230  3.524837537515  10.160246034748  -1.135667811603  -0.807960873539  1.300459280123
  22  Si  2.931122165765  3.511569637768  10.128476060531  -0.496000887048  -0.113997386177  1.371719772048
  23  Si  4.472324241432  0.860787247449  10.127356969180  -0.595539147638  -1.682779784856  1.279303451450
  24  Si  3.022400244530  1.777229294066  2.564496623102  0.080932676216  -0.808351161063  -0.841300098615
  25  Si  6.079418099325  1.786810503984  2.593028264904  0.340311490640  -0.721794637907  -0.494368937904
  26  Si  4.549569988085  4.425128438859  2.601804939046  -0.034646175766  0.077048688583  -0.615767721946
  27  Si  1.451667086232  6.193407312866  5.073069415537  -0.277458036027  0.432359994904  -0.097397495866
  28  Si  -1.619812272862  6.170073905690  5.040169218255  0.250310771351  0.795381419881  -0.195829300246
  29  Si  -0.071842918261  3.521315136101  5.047263598736  0.167109839620  0.307535952525  -0.160098663772
  30  Si  2.959525287734  1.740544476002  7.600941992378  0.076031729558  -0.334952213640  -0.212482434825
  31  Si  6.047350612262  1.769415390779  7.637122539569  -0.631752164385  -0.815415514186  -0.092533555963
  32  Si  4.491434320299  4.409526421368  7.626716802166  -0.582751630026  0.160596222976  0.210852667914
  33  Si  1.381695944023  6.165308879796  10.115054308480  -0.570549384058  0.066508220111  1.339280753455
  34  Si  -1.685779722561  6.150637413398  10.080028291694  -0.024488700224  0.429826711488  1.425901201638
  35  Si  -0.148852702637  3.502375014576  10.085050947211  0.007103227147  -0.014953028083  1.642191588843
  36  C  -0.062063768229  1.761924351852  4.409203433797  0.781357494114  -0.062873196493  0.463183714215
  37  C  2.973984144048  7.091948284538  4.481404701820  0.136784158911  1.333493480337  0.479307058929
  38  C  -3.143972765392  7.068349597802  4.406574656606  0.589734078944  1.738153007488  0.676349130959
  39  C  4.488113909928  6.192558994981  6.997133710165  -1.855987666407  -0.625079295426  -0.582676614714
  40  C  1.439772839689  0.852805681714  6.949341936572  0.123130416713  -1.282196945509  0.346031747133
  41  C  7.581548759009  0.894358119352  7.026821971160  -1.755984451934  -2.433624075690  -0.833475738967
  42  C  -0.151804888034  1.740786712904  9.452530566610  1.404602637676  -0.123760503961  0.389370022348
  43  C  2.903182002476  7.042450122575  9.502003854914  0.225039988956  1.618332482503  0.875483294198
  44  C  -3.209801575911  7.040242380542  9.443869943246  0.528884828261  1.799612048551  0.864895488069
  45  C  4.553440217045  6.204373632779  1.966347101246  -1.585395867250  -0.527295270921  -2.181082337426
  46  C  1.493255417569  0.879898007829  1.901297941390  0.792093385930  -1.324695914837  -0.878295061662
  47  C  7.655117908130  0.908965964920  1.995226587781  -2.184142655659  -2.582785817927  -2.221665146040
  48  C  -1.607100764730  4.402655977102  4.409957084822  0.897921054439  0.303764356591  0.581466248600
  49  C  1.456646033088  4.420156085829  4.438430391999  0.193821078276  -0.038538444542  0.312307106750
  50  C  -0.084767850820  7.077673704793  4.449123256336  0.040122133145  1.340950162138  0.241364569110
  51  C  6.020321490193  3.540528398015  7.032916958370  -1.395719607587  -1.013122980193  -1.201088956851
  52  C  2.960245882633  3.527217434656  6.977440752242  0.215405839882  -0.053595622165  0.236429205954
  53  C  4.515970929484  0.876550160298  6.979145568144  -0.002806057416  -1.325939878592  0.556617321193
  54  C  -1.674753449281  4.372089766898  9.459291675499  0.951434810765  0.720711892136  0.065416075773
  55  C  1.394611108664  4.383940652055  9.471393470143  0.027949230052  0.112724411351  0.574538873966
  56  C  -0.144106442262  7.058241089924  9.490297797887  -0.137320587959  1.296056156692  0.346788764551
  57  C  6.096629078239  3.556726684782  1.980931864209  -1.643876865225  -0.848412719332  -2.257359958782
  58  C  3.036775062948  3.542517710488  1.944083444292  0.171580521998  0.378913960347  -1.227753669021
  59  C  4.583055593064  0.889358276104  1.947299681414  -0.048773063587  -1.245767255329  -1.067493845455
  60  C  2.996599159465  1.766170150258  4.451047015057  0.136495049630  -0.199651673324  0.090636503263
  61  C  6.060644624824  1.760215720070  4.480151643866  -0.038563079554  0.095902377058  0.393262748924
  62  C  4.540452924876  4.437244085334  4.478786397757  -0.491484889647  -0.359691192019  0.553495011641
  63  C  1.429677629765  6.178073892813  6.975205340062  -0.155267009213  0.505587607165  -0.121788098857
  64  C  -1.650368794676  6.157289164287  6.938240088259  0.168446736538  0.628172985419  0.089383502803
  65  C  -0.094907432957  3.522106062468  6.938386366291  -0.037581005541  -0.069664297207  0.187366136637
  66  C  2.923101670652  1.740979527813  9.499089413431  0.347292182005  -0.317790318380  0.013596663980
  67  C  6.004084994805  1.745224373110  9.524041884715  -0.081042559497  -0.241590227175  0.330343829753
  68  C  4.475547562319  4.404902194469  9.531134664600  -0.491319185742  -0.121086093072  0.086392464548
  69  C  1.484695497675  6.198566934681  1.938602091439  0.617053296668  0.632273063528  -1.444870663740
  70  C  -1.572193726637  6.173000272581  1.905585304827  0.210623801927  0.792205557524  -1.372206050664
  71  C  -0.047452831425  3.527821037499  1.908223765515  0.743453543780  0.439536141384  -1.193861212840


MDSTEP:  7
LATTICE_CONSTANT: 1.889726125458
LATTICE_VECTORS
  9.117566484866  0.000000000000  0.000000000000
  -4.625761992083  8.140788132535  0.000000000000
  -0.254746671030  -0.092906361151  10.210550857413
VIRIAL (KBAR)
  125.961441802206  33.242508470719  41.058426239307
  33.242508470719  -24.380664401368  14.812908675976
  41.058426239307  14.812908675976  -2.599000841155
INDEX    LABEL    POSITIONS    FORCE (eV/Angstrom)
  0  Si  -0.036359524490  1.760242893901  2.518198725424  1.895993134720  0.583062348445  0.529942865037
  1  Si  3.016824300178  7.099023431986  2.592529202422  -0.396502911440  1.261032684404  -0.584126659696
  2  Si  -3.133111729874  7.061325693927  2.501683339029  2.020433341854  2.571097021990  0.668905906382
  3  Si  4.498113579376  6.203017148177  5.116546647635  -0.216675099330  0.394332131925  -0.716462506338
  4  Si  1.463391877427  0.873709961047  5.053572063474  0.329022048581  -1.489653695879  -0.292259213950
  5  Si  7.593045457600  0.908768990504  5.139150563845  -0.626559037056  -2.077414560325  -0.893494957544
  6  Si  -0.099694613857  1.742347349106  7.570487702803  1.883400782197  0.553083360836  0.540230944010
  7  Si  2.930672820518  7.082362322931  7.621890572436  0.287805862414  1.053183110812  -0.182757900457
  8  Si  -3.195744189494  7.056043953728  7.551163636735  1.888741255356  2.215051582688  0.664645143458
  9  Si  4.433857288003  6.177881101280  10.165255700178  -0.750164067033  -0.117218234656  0.728418435747
  10  Si  1.401986853011  0.843803261468  10.094861913690  -0.615734021057  -1.432268293544  1.268390070336
  11  Si  7.539994610849  0.864276714838  10.164299763234  -1.454225525887  -2.110601621493  1.123258016531
  12  Si  -1.591549740767  4.407550211006  2.526647654996  2.208951345368  0.933017336696  0.408039609430
  13  Si  1.485071599321  4.436281165461  2.558706174540  -0.149557848876  -0.309948031810  -0.760664535937
  14  Si  -0.057042079326  7.075855060987  2.535250440196  -0.044245720704  1.547083074072  -0.027208969288
  15  Si  6.056872342688  3.544422112317  5.136090496720  -0.866066193975  -0.486199645997  -0.577164392585
  16  Si  2.989166598850  3.530953729107  5.094637856240  0.005849031732  0.336111674403  -0.528869561215
  17  Si  4.528327298991  0.884000100327  5.100488054833  0.000754443254  -1.615127867806  -0.619112118498
  18  Si  -1.651153933706  4.393183762885  7.551542871423  2.066160787976  1.169365251375  1.142294214817
  19  Si  1.426473610115  4.410496091730  7.584296551685  -0.157929484532  -0.104306069372  0.050048223121
  20  Si  -0.126090841889  7.067880022327  7.579523962844  0.064055894753  1.228578112256  -0.010402275934
  21  Si  5.987754454425  3.521902808113  10.164833555842  -1.064086548224  -0.704004210928  1.186062552446
  22  Si  2.928168563368  3.510587055584  10.130873565213  -0.410583994753  -0.008795106204  1.358932666875
  23  Si  4.477113444938  0.861903257933  10.127677527395  -0.755439282041  -1.722278007825  1.241372304210
  24  Si  3.026196306682  1.781710956286  2.565121914630  0.067847240964  -0.867962527337  -0.769472139222
  25  Si  6.074325336456  1.791358845955  2.595137709395  0.531241873116  -0.820614546790  -0.505737354567
  26  Si  4.546019307689  4.428846632327  2.605703642523  0.036133229736  0.040614835962  -0.614905849784
  27  Si  1.455551030868  6.193216545443  5.070602601976  -0.422883343958  0.486922944054  0.026001493576
  28  Si  -1.615927651602  6.172067057748  5.036101204242  0.155095186763  0.732398113239  -0.181384027370
  29  Si  -0.068534910792  3.520391866445  5.042684553856  0.010446812115  0.303052004450  0.027030313000
  30  Si  2.955185100993  1.744407865448  7.606413609462  0.245074366634  -0.489571630210  -0.439334597278
  31  Si  6.044806093173  1.773801532804  7.634261254443  -0.462480935310  -0.950875293792  -0.179428076469
  32  Si  4.487330433407  4.405747713237  7.628733279519  -0.480035026761  0.282305334841  0.054166258777
  33  Si  1.385239456950  6.160774693670  10.113435625428  -0.673809911540  0.257478729082  1.369892298614
  34  Si  -1.687884508633  6.155713255965  10.077481782241  -0.103941063184  0.248397637811  1.456120548242
  35  Si  -0.144315363846  3.507805331999  10.081658102603  -0.128679352903  -0.188859104048  1.652955315718
  36  C  -0.059758280654  1.756032101886  4.417911874801  0.708971777925  0.044746540488  0.258367838077
  37  C  2.973314962257  7.084520574007  4.480865221569  0.137128332757  1.477049022580  0.430451223458
  38  C  -3.139256999507  7.075797622103  4.400081403129  0.398181475792  1.574142836142  0.786058774350
  39  C  4.493489346748  6.194337209900  6.996797733853  -2.009976943202  -0.713227012966  -0.641828837681
  40  C  1.448562245048  0.856121358475  6.947093598078  -0.128929725991  -1.287973352800  0.464630087578
  41  C  7.588565127094  0.884447766483  7.022019490624  -2.023051691574  -2.279226236172  -0.670390343101
  42  C  -0.155318325743  1.735504635858  9.451589892096  1.523824312097  0.055157488415  0.436947855404
  43  C  2.910435754770  7.035543711621  9.503227358615  -0.014523217293  1.745451702551  0.814434370304
  44  C  -3.214224535686  7.039017972317  9.443878790321  0.577522063522  1.843680316429  0.914491776279
  45  C  4.551417825306  6.199472473290  1.963478639820  -1.562736014284  -0.410490185649  -2.137627282077
  46  C  1.495834075424  0.884776138068  1.902376305348  0.787930998477  -1.343847780546  -0.906450453128
  47  C  7.654900065489  0.903312370518  1.995468927166  -2.126409142560  -2.382559363423  -2.145687048010
  48  C  -1.614509304202  4.394821167691  4.409760923288  1.065298151691  0.474284007712  0.581426814364
  49  C  1.450377345393  4.427654697675  4.431556328452  0.386061107371  -0.220101227982  0.534738428687
  50  C  -0.082285883687  7.086228933587  4.455279909376  0.083553189899  1.217792008778  0.074104852630
  51  C  6.027865756924  3.546877515622  7.038701503372  -1.748191486982  -1.203404179800  -1.415186277721
  52  C  2.956209404788  3.520953552077  6.970455376656  0.300956721250  0.104582455429  0.408150214766
  53  C  4.519247732294  0.867595139977  6.972953002863  -0.092096353720  -1.073074101165  0.831390921319
  54  C  -1.678931906449  4.368673050402  9.458776504984  0.991775873879  0.824464068290  0.205969939824
  55  C  1.397746909076  4.388028733411  9.475551732636  0.013705405702  0.011269083289  0.409466391279
  56  C  -0.150961816418  7.056480083576  9.491473345063  0.081638385882  1.342885089030  0.278835583975
  57  C  6.099089411388  3.563521736246  1.985178686214  -1.895759091910  -1.040318255088  -2.350231651716
  58  C  3.033978755595  3.550910866662  1.949820561289  0.246248384572  0.222908178339  -1.286284676993
  59  C  4.588161046597  0.881279898055  1.951953076153  -0.186765294367  -1.061709418783  -1.148889302795
  60  C  3.003470528308  1.770123891516  4.455366747872  0.010283810814  -0.299582763318  -0.000634153987
  61  C  6.064596101060  1.764330310454  4.483135415134  -0.220114009110  -0.003123661196  0.348327081370
  62  C  4.542047924086  4.445525209306  4.484420086177  -0.572584858866  -0.592681374384  0.409268994917
  63  C  1.433109444581  6.181587128356  6.981148715765  -0.232072013289  0.444088802604  -0.295907014727
  64  C  -1.644574608091  6.164700152006  6.931615399769  0.031697117038  0.519429787365  0.221424260523
  65  C  -0.098588499930  3.523327790717  6.944579947189  0.048483594032  -0.017145849811  0.066755231685
  66  C  2.914684476115  1.743998901303  9.493599235985  0.627647665141  -0.325162788671  0.201013285908
  67  C  6.004962715220  1.743343800046  9.517540710057  -0.142462718383  -0.196479586619  0.441280099593
  68  C  4.473413850204  4.408926314225  9.523784263583  -0.523473234077  -0.304540658116  0.306513437721
  69  C  1.481433499720  6.199598836483  1.931686001642  0.698605771198  0.611576729303  -1.336549163195
  70  C  -1.579013322200  6.172180340479  1.911583740191  0.312093942367  0.840217544208  -1.492798540065
  71  C  -0.040855446869  3.521958227475  1.909660987680  0.530130445242  0.700453294215  -1.209504763011


MDSTEP:  8
LATTICE_CONSTANT: 1.889726125458
LATTICE_VECTORS
  9.117566484866  0.000000000000  0.000000000000
  -4.625761992083  8.140788132535  0.000000000000
  -0.254746671030  -0.092906361151  10.210550857413
VIRIAL (KBAR)
  123.303807910387  33.240638150372  41.133986121231
  33.240638150372  -24.604780834389  13.687928431464
  41.133986121231  13.687928431464  -2.341233117709
INDEX    LABEL    POSITIONS    FORCE (eV/Angstrom)
  0  Si  -0.035760233437  1.763620680297  2.519945827310  1.767046495707  0.526575642890  0.364379600535
  1  Si  3.014136099139  7.098985561280  2.589928759324  -0.395155112841  1.288989562840  -0.590538127678
  2  Si  -3.136869929401  7.059568545072  2.498221780432  2.106746207388  2.633867024983  0.698181741005
  3  Si  4.495026093427  6.204094373755  5.119659145311  -0.133004770842  0.417297758552  -0.959964827502
  4  Si  1.458592842156  0.874172211380  5.052983385289  0.375865707863  -1.358926012863  -0.466474936391
  5  Si  7.590198492741  0.903541700787  5.143319687436  -0.596653815326  -1.894770586666  -1.171142581714
  6  Si  -0.100289311809  1.742951153735  7.571898240310  1.650895983679  0.511845558833  0.465139643897
  7  Si  2.930460296883  7.086644983258  7.617270418631  0.227634806182  0.904555908340  -0.094673683019
  8  Si  -3.193305297410  7.061959370849  7.551960921667  1.620104259371  2.034032969788  0.651630633659
  9  Si  4.434234758850  6.181066062596  10.167852315041  -0.745263440140  -0.250450376445  0.620491167615
  10  Si  1.397945546420  0.840333371050  10.094670513579  -0.306641117212  -1.383803619544  1.287508323354
  11  Si  7.543381281930  0.864172798983  10.169738406038  -1.605347924122  -2.135602927372  1.102810426662
  12  Si  -1.595455360947  4.410190605918  2.523049146587  2.348920517466  0.718688303830  0.544573149477
  13  Si  1.482815358036  4.441632492886  2.561798912547  0.045161088083  -0.536933890983  -0.982909063849
  14  Si  -0.062054502184  7.070781298797  2.533418173967  0.118919087126  1.595132243087  0.037603442617
  15  Si  6.057240309994  3.542169106864  5.135706692856  -0.929512454237  -0.571550101573  -0.561402583491
  16  Si  2.988159193912  3.533892488997  5.088533440608  0.098178659477  0.205974733391  -0.493652246627
  17  Si  4.522392088787  0.879806120978  5.104424476438  0.309071113263  -1.502055138339  -0.837657021969
  18  Si  -1.654785949359  4.397887406395  7.555087863893  2.214383593707  1.079543052129  1.082231360295
  19  Si  1.428797459912  4.409246358930  7.584540539673  -0.105895420079  -0.149558116023  -0.031009319851
  20  Si  -0.127495358599  7.069409423063  7.582920342339  0.060614482133  1.143666853526  -0.046827533620
  21  Si  5.991486213083  3.520503544083  10.163111155447  -1.155196901797  -0.763846073121  1.187196710255
  22  Si  2.931026583953  3.510913127037  10.125379415554  -0.517178303620  -0.113234855536  1.319565849513
  23  Si  4.482265299802  0.865586803597  10.133751797090  -0.846209633023  -1.840839316641  1.167417717469
  24  Si  3.028834063931  1.786841775013  2.558749108186  0.105645803081  -1.032137971429  -0.634236087627
  25  Si  6.069148375331  1.791020435254  2.592920533099  0.693610545358  -0.767488926999  -0.352189298263
  26  Si  4.546637730399  4.433945677946  2.600121253654  0.171726569351  -0.192269278900  -0.490452492867
  27  Si  1.456240033426  6.198684447272  5.067752286158  -0.512929751659  0.340223680021  0.192626004001
  28  Si  -1.617041967896  6.167126454681  5.031330555292  0.079972358652  0.839249671383  -0.005527103831
  29  Si  -0.072697357904  3.523832866408  5.042922604019  0.115341510437  0.262914924196  -0.013972575651
  30  Si  2.957481051266  1.739999041118  7.601447769642  0.241154506859  -0.406691557887  -0.457293422982
  31  Si  6.044107920253  1.779482549216  7.634378297162  -0.515190244044  -1.044645418240  -0.278994251498
  32  Si  4.490647358557  4.408700463398  7.623108668244  -0.556637939256  0.173040618618  0.150158350068
  33  Si  1.388679801678  6.162979301011  10.118689255479  -0.674059084443  0.132664350555  1.176578282030
  34  Si  -1.684751585059  6.154378194359  10.082043042974  -0.137953941230  0.317260495810  1.390393527269
  35  Si  -0.141148397767  3.507111581888  10.080079496887  -0.230211854881  -0.164014457686  1.649860938152
  36  C  -0.066808860816  1.765438837561  4.413207241792  0.813947035707  -0.153652402419  0.405745193339
  37  C  2.966997529184  7.086947880574  4.474998477957  0.300485062060  1.428639324328  0.527522273032
  38  C  -3.140331177003  7.085923246060  4.395966433714  0.341401237063  1.374426651362  0.856606048939
  39  C  4.492686713019  6.186849169910  6.987232559225  -1.851057214442  -0.356838012992  -0.321739207884
  40  C  1.440214738029  0.860959452352  6.941338467161  0.024486834017  -1.361077479613  0.578744125102
  41  C  7.580739128465  0.878259185856  7.015133447164  -1.730631882741  -2.061829028351  -0.409622893190
  42  C  -0.150616113621  1.727109763354  9.459365994671  1.415714717688  0.262914761762  0.219829022900
  43  C  2.914678664890  7.043527157280  9.505136848370  -0.059077103893  1.644082665031  0.772611888675
  44  C  -3.211597881870  7.042519867457  9.453102412568  0.546043499601  1.799572614102  0.742604625857
  45  C  4.549129314324  6.196668169961  1.959883099266  -1.560550236541  -0.295402411239  -2.108184460392
  46  C  1.501557355323  0.883007704123  1.899734823823  0.624377056564  -1.295943195199  -0.879099050948
  47  C  7.643964307794  0.903687687462  2.002478484766  -1.746096510626  -2.325990927422  -2.213819566048
  48  C  -1.619687923280  4.386691623542  4.418416550128  1.190723133379  0.728948897030  0.235763667781
  49  C  1.449312418799  4.429185089172  4.423853605846  0.357052530685  -0.165088607343  0.699860565621
  50  C  -0.083237661063  7.090076203363  4.462485633651  0.043909097262  1.100612924560  -0.115818587091
  51  C  6.028719898677  3.551984699201  7.030947462868  -1.705552139517  -1.320452462055  -1.250019290695
  52  C  2.961767873329  3.521183818933  6.965132599749  0.217655195650  0.072928302179  0.445153503419
  53  C  4.522509812682  0.861728218501  6.965145784907  -0.152203148941  -0.986701576309  1.058918825917
  54  C  -1.682949639741  4.375898906270  9.461893479715  1.128977029068  0.612779369739  0.125423555411
  55  C  1.392026743955  4.384162445285  9.466951879182  0.216041974181  0.106893921658  0.601630661831
  56  C  -0.149100034408  7.049368076675  9.491485388660  0.093463379278  1.465936604277  0.372840388967
  57  C  6.106855157069  3.554673431817  1.975962280316  -2.083702445983  -0.839797570821  -2.271228515204
  58  C  3.042792650684  3.546448685251  1.942354036702  0.032236746092  0.435581458701  -1.193848131050
  59  C  4.595409916143  0.883816466369  1.955709867568  -0.423788992889  -1.193489767327  -1.268726384464
  60  C  3.012151151768  1.762848040673  4.453509204736  -0.268145395063  -0.093244901744  -0.028484415171
  61  C  6.070832094697  1.768956829130  4.478226337328  -0.464799372465  -0.188841351169  0.495947703693
  62  C  4.550789309221  4.445589094849  4.489111963304  -0.762154180943  -0.517486550341  0.158983430724
  63  C  1.427067974355  6.176414176250  6.989674951514  -0.083603289570  0.591218680873  -0.509880678585
  64  C  -1.649473526201  6.164179032542  6.937715024492  0.115101500686  0.622728987305  0.057134482033
  65  C  -0.091116670935  3.526050206153  6.937274239622  -0.186493862020  -0.063774291676  0.279624389557
  66  C  2.923098515900  1.738864340905  9.487616367342  0.423561323086  -0.302675112346  0.296381535839
  67  C  6.003140427719  1.738195489913  9.513143985279  0.045221386667  -0.070725186518  0.500432860565
  68  C  4.473362791525  4.402901534933  9.524043779401  -0.458451635747  -0.082933705080  0.221187408994
  69  C  1.485336648361  6.192303135683  1.924609335616  0.570828189492  0.824678126166  -1.229016245851
  70  C  -1.580146703545  6.164334926077  1.906752108944  0.253500215966  1.033744143764  -1.410286263948
  71  C  -0.034264966752  3.529819097119  1.900280211497  0.393628680756  0.553552380604  -1.062602177119


MDSTEP:  9
LATTICE_CONSTANT: 1.889726125458
LATTICE_VECTORS
  9.117566484866  0.000000000000  0.000000000000
  -4.625761992083  8.140788132535  0.000000000000
  -0.254746671030  -0.092906361151  10.210550857413
VIRIAL (KBAR)
  122.053284770226  32.249775099196  40.251540102569
  32.249775099196  -24.867623060836  13.811886876060
  40.251540102569  13.811886876060  -1.453857349520
INDEX    LABEL    POSITIONS    FORCE (eV/Angstrom)
  0  Si  -0.041029396175  1.768746383767  2.521142086191  1.804797808771  0.390353635899  0.303356666131
  1  Si  3.017721836700  7.093735501574  2.593498800834  -0.411860803295  1.345253413712  -0.709507801719
  2  Si  -3.132872047038  7.057904294715  2.495024080117  2.000279483204  2.602839038272  0.830686052650
  3  Si  4.495825963593  6.200293422861  5.124355451288  -0.199700410091  0.378546684241  -1.093133341817
  4  Si  1.460994005837  0.868718312045  5.047895837180  0.328316318604  -1.263163750850  -0.322679682164
  5  Si  7.594538942474  0.903269611875  5.141067760181  -0.748451450917  -2.006660734610  -1.162868162491
  6  Si  -0.105044970296  1.737207011103  7.572735718295  1.741986757677  0.592447294459  0.485779496264
  7  Si  2.931781315593  7.089921667595  7.619043947315  0.260329364171  0.885728425349  -0.260501014563
  8  Si  -3.189133986148  7.058102921020  7.554608002517  1.512089373329  2.182160868942  0.666363997970
  9  Si  4.428505044948  6.187278267186  10.169019605765  -0.620207195508  -0.365486396979  0.545412461267
  10  Si  1.393061191172  0.833723618655  10.094455386223  -0.020339387549  -1.249406882942  1.277256622141
  11  Si  7.545678206616  0.867582629858  10.170323307520  -1.825173271644  -2.152106696713  1.152391144695
  12  Si  -1.594583408728  4.411298766357  2.527429528847  2.053276637439  0.511676957416  0.310591716564
  13  Si  1.486014671100  4.436598481503  2.555153850223  0.076503327747  -0.348789349284  -0.853019973159
  14  Si  -0.060360120339  7.075308158792  2.528693031753  0.022685047373  1.521029015747  0.113840966390
  15  Si  6.060203583977  3.543940667736  5.137710987944  -0.981657255106  -0.688204626182  -0.658441054891
  16  Si  2.983069574097  3.537164716952  5.091197395212  0.354965020650  0.200303808905  -0.489071680531
  17  Si  4.524608970871  0.877178005494  5.103379805922  0.230086245031  -1.436068916714  -0.816859956265
  18  Si  -1.656664818659  4.393204550938  7.556703899333  2.102558160771  1.130158519362  1.008347981582
  19  Si  1.435101049869  4.405223938283  7.585516000606  -0.258485369803  -0.077209674891  -0.042825505066
  20  Si  -0.126736811781  7.067608646629  7.584312388364  0.008141944116  1.172688411391  -0.048934366497
  21  Si  5.984613254056  3.514339514526  10.162514288702  -1.081985689960  -0.556164772605  1.206585298849
  22  Si  2.931135218294  3.511593970025  10.132245650749  -0.464668156100  -0.109902194398  1.114507922493
  23  Si  4.479897822125  0.862301561043  10.129159843150  -0.893643578043  -1.768904761558  1.260213974539
  24  Si  3.027042576832  1.792044256954  2.564073427522  0.096473867215  -1.084133646306  -0.787985519590
  25  Si  6.069377190979  1.793040072248  2.593753294344  0.475310262803  -0.810135595979  -0.269126725550
  26  Si  4.542328047798  4.437595951094  2.597551611008  0.316109240385  -0.310298422552  -0.436026391734
  27  Si  1.461085056343  6.198071988621  5.069861594556  -0.665092325751  0.430839244082  0.136310043873
  28  Si  -1.619306520658  6.170602190156  5.034874429052  0.081508533224  0.856763545279  -0.040069945181
  29  Si  -0.067149152033  3.526894203855  5.049048905836  -0.042934213938  0.210260915366  -0.144025695423
  30  Si  2.957502224101  1.737011690119  7.598671719893  0.252554424490  -0.313576583919  -0.342168394645
  31  Si  6.038721016565  1.776356306465  7.632318259120  -0.560553144172  -0.876985606308  -0.245622612482
  32  Si  4.490797860545  4.412835232731  7.628472178759  -0.649986463379  0.010674281490  0.033662219058
  33  Si  1.388646496061  6.158467064675  10.115196192669  -0.658212411764  0.340894690471  1.241332093107
  34  Si  -1.683037360483  6.154657963939  10.077624136085  -0.247978214330  0.136547370191  1.477384348015
  35  Si  -0.140480028582  3.500660168569  10.084589404877  -0.227413404977  0.105460171707  1.467235080526
  36  C  -0.073579232597  1.758881735543  4.415219914043  1.074004438457  0.120495773304  0.347841377244
  37  C  2.966168609551  7.079314412424  4.465968092092  0.415882151465  1.476311741430  0.797468255037
  38  C  -3.148028606559  7.084767011341  4.402100025307  0.500110914017  1.432661888736  0.706815649889
  39  C  4.498675669054  6.182699979664  6.986937061123  -1.998402527324  -0.221324795317  -0.249482582836
  40  C  1.447060037883  0.865934855317  6.947437516460  -0.229795862473  -1.513115054368  0.374182137975
  41  C  7.572144170882  0.884730595064  7.006181236710  -1.561740636160  -2.184320586929  -0.227078208035
  42  C  -0.149661496203  1.725945598928  9.467176786689  1.417780595989  0.250530910039  0.022033029161
  43  C  2.912545637602  7.053801287448  9.496396538739  -0.060796246265  1.539329575800  1.002767671642
  44  C  -3.209178676488  7.045587050986  9.454624754108  0.424713160336  1.734726184007  0.768442155148
  45  C  4.552394341711  6.189169797081  1.959362036343  -1.601861452458  -0.021447637036  -2.149277870445
  46  C  1.502581496219  0.877306984192  1.903793038563  0.507128487554  -1.163296845292  -0.888855027379
  47  C  7.634745347718  0.906114837272  2.006709020189  -1.496080005077  -2.335289516107  -2.272154780606
  48  C  -1.625976246668  4.393626765574  4.412328915852  1.457712847656  0.583740081470  0.457484589710
  49  C  1.457825491481  4.432852352038  4.424301860588  0.152090311736  -0.267744675746  0.608213640313
  50  C  -0.085038797632  7.091560226813  4.458321797660  0.099753362997  1.047947619932  0.006353943378
  51  C  6.021121930655  3.554344750929  7.023974590576  -1.548105505354  -1.349415682520  -1.073387611628
  52  C  2.957117290795  3.514454930858  6.968171722671  0.387159934817  0.232228951908  0.359565129299
  53  C  4.515170705751  0.862088167898  6.967605760281  -0.029723043464  -1.071375650987  0.960879706601
  54  C  -1.688594903452  4.369498678927  9.455199528811  1.224750149375  0.637452454951  0.327226801506
  55  C  1.396599530727  4.391900081538  9.463405011209  0.093776739151  -0.149573170386  0.733764416333
  56  C  -0.153478874908  7.048694399945  9.493120668775  0.239595117746  1.464039459853  0.343310167829
  57  C  6.095466168487  3.554356850133  1.969743579656  -1.668803396160  -0.725383744218  -2.108046794964
  58  C  3.049137940896  3.549937401075  1.933324759460  -0.151475866781  0.338572158799  -1.086725808560
  59  C  4.585086236343  0.884197170811  1.960445936025  -0.217991977941  -1.175480437063  -1.315673006545
  60  C  3.011864169401  1.772301787057  4.449815845497  -0.254266854175  -0.260052278839  0.105395548681
  61  C  6.076341956863  1.762080280591  4.488400655409  -0.546336909393  -0.017220807041  0.260485898500
  62  C  4.560117197697  4.443648732827  4.482202507380  -0.996544423732  -0.504057933774  0.303415902905
  63  C  1.429596859409  6.178173220497  6.993406382361  -0.084637022704  0.510549815544  -0.573873499332
  64  C  -1.655201298259  6.169436826148  6.945035081468  0.326070402901  0.407121621731  -0.061577209761
  65  C  -0.093855805156  3.525130149069  6.942399175760  -0.111032656884  -0.049825570699  0.248642236149
  66  C  2.926844897388  1.743324068895  9.480877873995  0.231255762522  -0.415837385762  0.475032935612
  67  C  5.997893044422  1.743152026155  9.516953057961  0.159019432786  -0.269035858130  0.343164823884
  68  C  4.473342214133  4.404142041979  9.520741725974  -0.527219095309  -0.001450013715  0.351585388942
  69  C  1.488098265024  6.194315103239  1.931507382661  0.562673335167  0.750491677009  -1.386107400400
  70  C  -1.581910369258  6.156417642517  1.913007574957  0.372878940537  1.223224036145  -1.544894615055
  71  C  -0.029560927542  3.537424927094  1.890064507617  0.278828325769  0.358396013779  -0.875327252540


MDSTEP:  10
LATTICE_CONSTANT: 1.889726125458
LATTICE_VECTORS
  9.117566484866  0.000000000000  0.000000000000
  -4.625761992083  8.140788132535  0.000000000000
  -0.254746671030  -0.092906361151  10.210550857413
VIRIAL (KBAR)
  118.665559038481  30.799848804173  40.503208324229
  30.799848804173  -23.489529546764  13.565017471476
  40.503208324229  13.565017471476  -0.405034717168
INDEX    LABEL    POSITIONS    FORCE (eV/Angstrom)
  0  Si  -0.037545618224  1.773777116833  2.520650353939  1.510330603186  0.324484839420  0.342303470682
  1  Si  3.022512204109  7.093952748924  2.586609658511  -0.591641314197  1.363891933933  -0.583111015551
  2  Si  -3.131325352664  7.061463862396  2.498894566127  1.951034775657  2.530802608171  0.808535864722
  3  Si  4.494712751615  6.194358836432  5.120025656511  -0.169236725313  0.562135383235  -1.007363498207
  4  Si  1.456515292144  0.871514987260  5.054023386855  0.423834141731  -1.262431550863  -0.503965335638
  5  Si  7.591800354913  0.909092435417  5.143437991812  -0.548690166599  -2.172932170565  -1.211081729052
  6  Si  -0.097632057522  1.737225274885  7.569638821884  1.419367707756  0.407167780665  0.420415651422
  7  Si  2.929339005992  7.084696396739  7.623562668157  0.492510690523  0.928475810916  -0.289223345578
  8  Si  -3.192627417864  7.058899686185  7.560329512100  1.605362305272  2.124937854543  0.481999087243
  9  Si  4.422453989206  6.183298241339  10.172717251130  -0.414764442449  -0.155402840624  0.497783656935
  10  Si  1.387675390813  0.839241766562  10.096362985161  0.107065337473  -1.301836983350  1.305296329314
  11  Si  7.546014508529  0.870784421145  10.165005000852  -1.793626934805  -2.278355579248  1.288975014746
  12  Si  -1.592621971186  4.409337099431  2.531425491356  1.943773966788  0.607614972180  0.068369065737
  13  Si  1.483944002033  4.440234695905  2.559623519640  0.122582704093  -0.500473075266  -1.046473797737
  14  Si  -0.059465432711  7.081933335937  2.529787397640  0.189704164298  1.384907006077  0.056051696930
  15  Si  6.060053540321  3.540387311962  5.138114147181  -1.054157604803  -0.545037589264  -0.744553023313
  16  Si  2.979210357548  3.533792966179  5.084535373339  0.304418969232  0.429140946517  -0.289344947389
  17  Si  4.524381165555  0.877650435932  5.098013710472  0.308852271352  -1.443752000302  -0.712001124523
  18  Si  -1.658579223745  4.397483793532  7.558950036469  2.195196736665  1.018390706269  0.874064902848
  19  Si  1.430929999157  4.410188505203  7.590484643593  -0.188437920655  -0.341595995725  -0.072067775811
  20  Si  -0.120367895373  7.074561897425  7.588288213264  -0.131205500518  1.017129924365  -0.124386797786
  21  Si  5.985138363384  3.514724060108  10.163924487985  -1.116272722232  -0.642160212196  1.154144460313
  22  Si  2.933096295507  3.506449770233  10.138424862578  -0.584351871397  0.016768602742  1.082408095196
  23  Si  4.478662687949  0.861428561503  10.132207054301  -0.840373084751  -1.773414134435  1.204481164596
  24  Si  3.023972219264  1.785355305270  2.565581519493  0.265804893412  -0.909848743326  -0.830356940205
  25  Si  6.074430335383  1.793570551478  2.599060811510  0.324971334206  -0.774059529252  -0.548209553704
  26  Si  4.541017766358  4.441255081830  2.592423128021  0.251312394356  -0.480030739297  -0.331536418502
  27  Si  1.459881780776  6.194740786737  5.072833621798  -0.498594383668  0.597063538042  0.063456728758
  28  Si  -1.618400671362  6.171718677831  5.034738743526  -0.010343847362  0.777727519989  -0.087824515071
  29  Si  -0.071324430389  3.530644436179  5.046930501059  0.061265353148  0.210771372190  -0.109583202276
  30  Si  2.951473718007  1.740009981138  7.596097523001  0.289703549612  -0.473837130137  -0.251984256933
  31  Si  6.043343903380  1.773119764777  7.637290942360  -0.590984781984  -0.784077699429  -0.414815961851
  32  Si  4.489447605361  4.418962454482  7.635372463969  -0.656524114380  -0.277543171522  -0.138721007869
  33  Si  1.386151642930  6.156841509753  10.115307974786  -0.601541324120  0.447562422950  1.394467411973
  34  Si  -1.689715108320  6.156796802776  10.078438610399  -0.010170416041  0.099834192869  1.504085102178
  35  Si  -0.138433811570  3.500740082716  10.079271093906  -0.276694499022  0.195198983089  1.526671326287
  36  C  -0.071820061291  1.767484993074  4.422963772202  1.014853953760  -0.010155904059  0.159334550770
  37  C  2.970395321691  7.076906891081  4.458143594600  0.275697933063  1.492554495888  0.941922455804
  38  C  -3.149870523108  7.094276110215  4.406069219708  0.541198274689  1.290982808613  0.670549145080
  39  C  4.505249577837  6.173909050875  6.985152900601  -2.167049852794  -0.048952935339  -0.197723529275
  40  C  1.441281670548  0.857364440887  6.940294561153  -0.062256264569  -1.407186707307  0.613434647604
  41  C  7.572148615636  0.872375188388  7.004676195647  -1.430581617993  -1.955247566067  -0.077746640316
  42  C  -0.150139942951  1.724432186240  9.464626307145  1.472171481043  0.349267433704  -0.025539646700
  43  C  2.910803934785  7.060463305357  9.502578436258  -0.027396524714  1.440508558519  0.937333675758
  44  C  -3.200402215312  7.052934415027  9.453207938430  0.025622694787  1.617974091242  0.924634071627
  45  C  4.549402837205  6.187745504439  1.966277524944  -1.371585933238  0.115156837423  -2.300274621956
  46  C  1.502990255619  0.886471183198  1.909618164601  0.431408598255  -1.344623016628  -0.992966374540
  47  C  7.630400017628  0.907620864919  1.997220145927  -1.171674662905  -2.235184446086  -2.129207615045
  48  C  -1.625804550859  4.384624679972  4.402781680125  1.341018604570  0.806648925711  0.721156394927
  49  C  1.449740443317  4.441954834654  4.416871901597  0.258127346135  -0.512011495703  0.853454469734
  50  C  -0.084140305853  7.085516512216  4.453662774319  0.087375000444  1.188939598659  0.141791865282
  51  C  6.023862478594  3.558243551153  7.018456808972  -1.664815120738  -1.493804943692  -0.896855060969
  52  C  2.949480492351  3.507397585593  6.972699708489  0.488005394114  0.466766735503  0.206772699951
  53  C  4.515240175219  0.862900094612  6.967432917700  -0.019862374288  -1.034085410449  0.929761359986
  54  C  -1.692750671486  4.369509273908  9.449862181933  1.284069862850  0.667214928873  0.453687933489
  55  C  1.400110464394  4.400183067572  9.467596507335  0.043937251791  -0.373210802225  0.674645292019
  56  C  -0.151818116815  7.047665660325  9.496487862137  0.141033856575  1.480065708510  0.316384980773
  57  C  6.091523713876  3.559035144647  1.963914230893  -1.523330747517  -0.768913334351  -2.002786123821
  58  C  3.049360063070  3.543861751604  1.929454168991  -0.184183930835  0.413657502449  -0.963277497995
  59  C  4.585949521083  0.879307380201  1.955099662549  -0.172577524756  -1.041091747154  -1.144380976884
  60  C  3.015389104692  1.779575057744  4.449334920148  -0.369035915329  -0.489168525338  0.098164626509
  61  C  6.085577474535  1.762923440179  4.482417779153  -0.804199923223  -0.039814790414  0.400433454082
  62  C  4.553726207003  4.446762337603  4.479619552540  -0.837418215879  -0.697703455275  0.273887192074
  63  C  1.438786887090  6.171585881441  7.002400597085  -0.333151858031  0.665259869439  -0.771576627834
  64  C  -1.657235402546  6.168236115515  6.943330020368  0.478240802713  0.529720260221  0.008689353103
  65  C  -0.091231916207  3.516388639569  6.938737123563  -0.202280801424  0.219319364042  0.348307544841
  66  C  2.922736474971  1.746366160902  9.485802201717  0.295361796999  -0.506422277980  0.331306036814
  67  C  6.007427335721  1.733100820455  9.516423123752  -0.127007250498  -0.015948306030  0.386754197775
  68  C  4.467579973812  4.405258925743  9.524480261015  -0.389899274195  -0.068301914733  0.346639440295
  69  C  1.490823259657  6.186465094685  1.940513829683  0.513897886596  1.014398005125  -1.563185866599
  70  C  -1.573017889577  6.163285905012  1.918759307707  0.140495155549  1.085882825765  -1.587607351512
  71  C  -0.031918921719  3.542663529065  1.886601770027  0.336311654530  0.270292375780  -0.862822237735


