ATOMIC_SPECIES
Si 28.085 Si_ONCV_PBE-1.0.upf
C 12.011 C_ONCV_PBE-1.0.upf

LATTICE_CONSTANT
1.8897261254578281

LATTICE_VECTORS
8.695551626286496 -7.758054985704635e-15 -1.0956077215167617e-15 
-7.758054985704635e-15 8.695551626286496 -1.8716435556831468e-15 
-1.0956077215167617e-15 -1.8716435556831468e-15 8.695551626286496 

ATOMIC_POSITIONS
Cartesian    # Cartesian(Unit is LATTICE_CONSTANT)
Si
0.0
32
3.260831859857 1.086943953286 3.260831859840 1 1 1
3.260831859857 1.086943953286 7.608607673018 1 1 1
3.260831859857 5.434719766429 3.260831859840 1 1 1
3.260831859857 5.434719766429 7.608607673018 1 1 1
7.608607673001 1.086943953286 3.260831859840 1 1 1
7.608607673001 1.086943953286 7.608607673018 1 1 1
7.608607673001 5.434719766429 3.260831859840 1 1 1
7.608607673001 5.434719766429 7.608607673018 1 1 1
3.260831859857 3.260831859849 1.086943953295 1 1 1
3.260831859857 3.260831859849 5.434719766420 1 1 1
3.260831859857 7.608607673009 1.086943953295 1 1 1
3.260831859857 7.608607673009 5.434719766420 1 1 1
7.608607673001 3.260831859857 1.086943953295 1 1 1
7.608607673001 3.260831859849 5.434719766420 1 1 1
7.608607673001 7.608607673001 1.086943953295 1 1 1
7.608607673001 7.608607673009 5.434719766420 1 1 1
1.086943953286 1.086943953286 1.086943953295 1 1 1
1.086943953286 1.086943953286 5.434719766420 1 1 1
1.086943953286 5.434719766429 1.086943953295 1 1 1
1.086943953286 5.434719766429 5.434719766420 1 1 1
5.434719766429 1.086943953286 1.086943953295 1 1 1
5.434719766429 1.086943953286 5.434719766420 1 1 1
5.434719766429 5.434719766429 1.086943953295 1 1 1
5.434719766429 5.434719766429 5.434719766420 1 1 1
1.086943953286 3.260831859849 3.260831859840 1 1 1
1.086943953286 3.260831859849 7.608607673018 1 1 1
1.086943953286 7.608607673009 3.260831859840 1 1 1
1.086943953286 7.608607673009 7.608607673018 1 1 1
5.434719766429 3.260831859849 3.260831859840 1 1 1
5.434719766429 3.260831859849 7.608607673018 1 1 1
5.434719766429 7.608607673009 3.260831859840 1 1 1
5.434719766429 7.608607673009 7.608607673018 1 1 1
C
0.0
32
8.695551626286 0.000000000004 0.000000000019 1 1 1
8.695551626286 0.000000000003 4.347775813126 1 1 1
8.695551626286 4.347775813143 0.000000000020 1 1 1
8.695551626286 4.347775813143 4.347775813126 1 1 1
4.347775813143 0.000000000004 0.000000000022 1 1 1
4.347775813143 0.000000000004 4.347775813117 1 1 1
4.347775813143 4.347775813135 0.000000000023 1 1 1
4.347775813143 4.347775813143 4.347775813117 1 1 1
8.695551626286 2.173887906572 2.173887906563 1 1 1
8.695551626286 2.173887906563 6.521663719724 1 1 1
8.695551626286 6.521663719715 2.173887906563 1 1 1
8.695551626286 6.521663719724 6.521663719724 1 1 1
4.347775813143 2.173887906563 2.173887906563 1 1 1
4.347775813143 2.173887906563 6.521663719724 1 1 1
4.347775813143 6.521663719724 2.173887906563 1 1 1
4.347775813143 6.521663719724 6.521663719724 1 1 1
2.173887906572 0.000000000004 2.173887906563 1 1 1
2.173887906572 0.000000000004 6.521663719724 1 1 1
2.173887906572 4.347775813135 2.173887906563 1 1 1
2.173887906572 4.347775813143 6.521663719724 1 1 1
6.521663719715 0.000000000004 2.173887906563 1 1 1
6.521663719715 0.000000000003 6.521663719724 1 1 1
6.521663719715 4.347775813143 2.173887906563 1 1 1
6.521663719715 4.347775813143 6.521663719724 1 1 1
2.173887906572 2.173887906572 0.000000000022 1 1 1
2.173887906572 2.173887906563 4.347775813117 1 1 1
2.173887906572 6.521663719715 0.000000000022 1 1 1
2.173887906572 6.521663719724 4.347775813126 1 1 1
6.521663719715 2.173887906572 0.000000000021 1 1 1
6.521663719715 2.173887906563 4.347775813126 1 1 1
6.521663719715 6.521663719715 0.000000000020 1 1 1
6.521663719715 6.521663719724 4.347775813126 1 1 1

NUMERICAL_ORBITAL
Si_gga_9au_100Ry_3s3p2d.orb
C_gga_9au_100Ry_3s3p2d.orb
