ATOMIC_SPECIES
Si 28.085 Si_ONCV_PBE-1.0.upf
C 12.011 C_ONCV_PBE-1.0.upf

LATTICE_CONSTANT
1.8897261254578281

LATTICE_VECTORS
9.300164571495607 1.8761644545182428e-10 5.0076220629506415e-15 
-4.650082285582803 8.05417880399556 1.4873541731066004e-12 
5.483744668240828e-15 1.8860712028726163e-12 10.174189223991451 

ATOMIC_POSITIONS
Cartesian    # Cartesian(Unit is LATTICE_CONSTANT)
Si
0.0
36
0.000000587621 1.789813329435 2.541155133271 1 1 1
3.100058186121 7.159272648983 2.541155133272 1 1 1
-3.100058773329 7.159271631180 2.541155133272 1 1 1
4.650081698357 6.264365606194 5.084682893950 1 1 1
1.550023985916 0.894906089520 5.084682893959 1 1 1
7.750141173057 0.894907107218 5.084682893959 1 1 1
0.000000587323 1.789813329420 7.628257899716 1 1 1
3.100058186293 7.159272648750 7.628257899727 1 1 1
-3.100058773208 7.159271631455 7.628257899727 1 1 1
4.650081698422 6.264365343902 10.171824818042 1 1 1
1.550024213035 0.894906220740 10.171824818051 1 1 1
7.750140945859 0.894907238317 10.171824818051 1 1 1
-1.550027564100 4.474542784896 2.541154337731 1 1 1
1.550028358754 4.474544160911 2.541154337731 1 1 1
-0.000000794227 7.159270663863 2.541154337742 1 1 1
6.200109895425 3.579636045529 5.084682342478 1 1 1
3.100053881727 3.579634669450 5.084682342478 1 1 1
4.650083080186 0.894908087857 5.084682342487 1 1 1
-1.550027640459 4.474542740543 7.628257483918 1 1 1
1.550028435346 4.474544116976 7.628257483918 1 1 1
-0.000000794469 7.159270752186 7.628257483919 1 1 1
6.200109881666 3.579636037999 10.171824158011 1 1 1
3.100053895133 3.579634661324 10.171824158011 1 1 1
4.650083080521 0.894908103547 10.171824158021 1 1 1
3.100052426605 1.789814811152 2.541154186593 1 1 1
6.200113269121 1.789816758216 2.541154186593 1 1 1
4.650081161775 4.474547236276 2.541154186593 1 1 1
1.550029928152 6.264364032055 5.084682073544 1 1 1
-1.550031051439 6.264362086070 5.084682073544 1 1 1
0.000001123524 3.579631488752 5.084682073533 1 1 1
3.100052501328 1.789814856861 7.628257230122 1 1 1
6.200113192185 1.789816800091 7.628257230122 1 1 1
4.650081163979 4.474547148728 7.628257230123 1 1 1
1.550029715234 6.264363908408 10.171824022227 1 1 1
-1.550030837893 6.264361963511 10.171824022227 1 1 1
0.000001122901 3.579631734985 10.171824022216 1 1 1
C
0.0
36
0.000000605710 1.789812462661 4.453571384176 1 1 1
3.100058930181 7.159273102321 4.453571384167 1 1 1
-3.100059535482 7.159272053179 4.453571384167 1 1 1
4.650081681189 6.264366207036 6.997137714810 1 1 1
1.550023471719 0.894905769979 6.997137714799 1 1 1
7.750141704422 0.894906817413 6.997137714799 1 1 1
0.000000605422 1.789812779900 9.540715238332 1 1 1
3.100058655598 7.159272943453 9.540715238333 1 1 1
-3.100059260602 7.159271894811 9.540715238333 1 1 1
4.650081679780 6.264366158396 1.910054108347 1 1 1
1.550023514523 0.894905793053 1.910054108346 1 1 1
7.750141663022 0.894906842920 1.910054108346 1 1 1
-1.550027553223 4.474542770794 4.453571743672 1 1 1
1.550028367989 4.474544181675 4.453571743672 1 1 1
-0.000000814362 7.159270665780 4.453571743672 1 1 1
6.200109773984 3.579635992452 6.997138358724 1 1 1
3.100053985963 3.579634586573 6.997138358724 1 1 1
4.650083097396 0.894908215314 6.997138358723 1 1 1
-1.550027510740 4.474542796488 9.540715765834 1 1 1
1.550028324497 4.474544205621 9.540715765834 1 1 1
-0.000000813362 7.159270616143 9.540715765835 1 1 1
6.200109863070 3.579636048653 1.910054351489 1 1 1
3.100053892725 3.579634635598 1.910054351489 1 1 1
4.650083101535 0.894908110029 1.910054351489 1 1 1
3.100051708298 1.789814432220 4.453572065847 1 1 1
6.200113958896 1.789816329863 4.453572065847 1 1 1
4.650081190294 4.474548052092 4.453572065837 1 1 1
1.550030528026 6.264364341698 6.997138574631 1 1 1
-1.550031621962 6.264362446519 6.997138574641 1 1 1
0.000001094191 3.579630810188 6.997138574630 1 1 1
3.100051939988 1.789814566508 9.540715932283 1 1 1
6.200113726754 1.789816463386 9.540715932283 1 1 1
4.650081190740 4.474547784292 9.540715932284 1 1 1
1.550030394569 6.264364266584 1.910054624138 1 1 1
-1.550031490207 6.264362368473 1.910054624138 1 1 1
0.000001095884 3.579630963297 1.910054624137 1 1 1

NUMERICAL_ORBITAL
Si_gga_9au_100Ry_3s3p2d.orb
C_gga_9au_100Ry_3s3p2d.orb
