ATOMIC_SPECIES
Si 28.085 Si_ONCV_PBE-1.0.upf
C 12.011 C_ONCV_PBE-1.0.upf

LATTICE_CONSTANT
1.8897261254578281

LATTICE_VECTORS
9.327391178096933 0.0 0.0 
-4.454111663560598 8.161255608253562 0.0 
-0.06523261769447758 0.0034242138683564585 9.90815265162053 

ATOMIC_POSITIONS
Cartesian    # Cartesian(Unit is LATTICE_CONSTANT)
Si
0.0
36
0.012786773523 1.770212290456 2.511412056284 1 1 1
3.154213887842 7.054357714702 2.533953963248 1 1 1
-2.977966182185 7.130742412961 2.502818698561 1 1 1
4.661691219145 6.148608561264 5.043781840698 1 1 1
1.526379510889 0.871088092992 5.043125091893 1 1 1
7.674472672309 0.791193066948 5.055254776927 1 1 1
0.003912148079 1.769970736142 7.564653004450 1 1 1
3.135825005432 7.049357906209 7.562647244296 1 1 1
-3.003140380171 7.138213185022 7.545305897151 1 1 1
4.643736036400 6.147087578637 10.090396870838 1 1 1
1.514636625586 0.869944926265 10.078101270698 1 1 1
7.650329693927 0.790656970396 10.094108836415 1 1 1
-1.488200275151 4.446398436068 2.516314174523 1 1 1
1.580224974196 4.427840421607 2.528814474513 1 1 1
0.098529006065 7.086042055798 2.520885645776 1 1 1
6.167664110766 3.472145809375 5.066662993868 1 1 1
3.088527767340 3.505477255046 5.047615418596 1 1 1
4.598608733458 0.830574969193 5.046177770116 1 1 1
-1.504220620573 4.446947959187 7.529700446890 1 1 1
1.577349712107 4.415989765221 7.559987477017 1 1 1
0.075659041699 7.092520350351 7.548944897208 1 1 1
6.147292194765 3.461655495665 10.086621618416 1 1 1
3.078111404270 3.500521987807 10.082670417097 1 1 1
4.589175181805 0.830859061495 10.072483466521 1 1 1
3.083996679685 1.733377302118 2.516783660817 1 1 1
6.148031065421 1.695551079406 2.528554902668 1 1 1
4.649272230391 4.370612287362 2.531992796429 1 1 1
1.601023254806 6.189400338498 5.036451106737 1 1 1
-1.464372358397 6.234105654901 5.014380290159 1 1 1
0.025427182800 3.551054767576 5.035554161008 1 1 1
3.065532545518 1.731538724233 7.568579895888 1 1 1
6.147892907300 1.697084350113 7.576963370136 1 1 1
4.628793612511 4.369962241883 7.569315528530 1 1 1
1.572192659759 6.188241185861 10.070804187525 1 1 1
-1.483891389130 6.225697883754 10.074384344266 1 1 1
0.014628785994 3.542115087951 10.056427216537 1 1 1
C
0.0
36
0.007143584833 1.772857109119 4.400598529119 1 1 1
3.138984285568 7.064545640358 4.423825094402 1 1 1
-2.977409784732 7.138911243385 4.399839742102 1 1 1
4.665353482252 6.133468939125 6.935951349540 1 1 1
1.522055876817 0.870342108077 6.930789686901 1 1 1
7.659996231189 0.792191662163 6.962319753230 1 1 1
-0.012304093359 1.788719200767 9.444572886839 1 1 1
3.122242143226 7.039968799545 9.453682577097 1 1 1
-3.003111291083 7.125974535477 9.434527338489 1 1 1
4.670528099136 6.137666663845 1.918951323398 1 1 1
1.538108945514 0.870270014912 1.889014697094 1 1 1
7.688749131856 0.797034474484 1.923936321615 1 1 1
-1.498563253248 4.444969051669 4.402858698323 1 1 1
1.585140826552 4.399909060480 4.415632960741 1 1 1
0.082900895463 7.091588054201 4.411262861949 1 1 1
6.159323708692 3.469560363655 6.947379287298 1 1 1
3.080989983387 3.503854117321 6.930172339118 1 1 1
4.610434190692 0.828578196784 6.935061030253 1 1 1
-1.509396238105 4.455577537028 9.439263959065 1 1 1
1.564879282340 4.412201010017 9.439843852623 1 1 1
0.059400265510 7.097975314803 9.439509560846 1 1 1
6.172447007872 3.458796307910 1.913058785175 1 1 1
3.109889141841 3.496895973333 1.909805476431 1 1 1
4.603852844361 0.815496825538 1.897565147804 1 1 1
3.082507641043 1.729698325321 4.414511150653 1 1 1
6.145180552770 1.691276841133 4.426249345047 1 1 1
4.662892123986 4.365975884675 4.430014583304 1 1 1
1.600934398736 6.187210654310 6.928461861827 1 1 1
-1.481255594327 6.207982746765 6.918386438102 1 1 1
0.014162383987 3.539172025750 6.924311485912 1 1 1
3.048368528695 1.724666502994 9.458943070278 1 1 1
6.118612845354 1.693555491230 9.461556543788 1 1 1
4.631149325135 4.375507794028 9.454842925745 1 1 1
1.608207021891 6.182269433323 1.898279491594 1 1 1
-1.450613952262 6.220921361682 1.901513414655 1 1 1
0.045014858630 3.538581475921 1.903044174929 1 1 1

NUMERICAL_ORBITAL
Si_gga_9au_100Ry_3s3p2d.orb
C_gga_9au_100Ry_3s3p2d.orb
