ATOMIC_SPECIES
Si 28.085 Si_ONCV_PBE-1.0.upf
C 12.011 C_ONCV_PBE-1.0.upf

LATTICE_CONSTANT
1.8897261254578281

LATTICE_VECTORS
9.134429164664313 0.0 0.0 
0.26227517970389275 8.917371814406481 0.0 
-0.0355875943936987 0.0063345169366505055 8.997194591823876 

ATOMIC_POSITIONS
Cartesian    # Cartesian(Unit is LATTICE_CONSTANT)
Si
0.0
32
3.336974170852 1.069248413883 3.336275014507 1 1 1
3.315286140877 1.047291868818 7.782401026732 1 1 1
3.410626839599 5.502869929489 3.340038430332 1 1 1
3.372980571536 5.513835666741 7.776539087531 1 1 1
7.787517461794 1.012006986109 3.326190795713 1 1 1
7.783004453658 0.997878072091 7.775448427629 1 1 1
7.840799028748 5.415290929989 3.330641154187 1 1 1
7.820370759247 5.446292368569 7.788076765673 1 1 1
3.384988960582 3.272115318902 1.104453300058 1 1 1
3.340410834728 3.308138704479 5.546365440946 1 1 1
3.441958828578 7.715502311214 1.117544672357 1 1 1
3.425606037644 7.699339630091 5.554649900991 1 1 1
7.811330228291 3.214253623636 1.129945408971 1 1 1
7.807472105418 3.209638394245 5.574237326275 1 1 1
7.895804765923 7.649034265971 1.115959348997 1 1 1
7.864957330390 7.658382452987 5.547740198235 1 1 1
1.114058668184 1.080831860995 1.102710365438 1 1 1
1.099600933320 1.111158284854 5.531834634987 1 1 1
1.199480206344 5.513188204646 1.106073623490 1 1 1
1.178756532636 5.528148814406 5.515848439083 1 1 1
5.579294390246 1.045932496754 1.130520724015 1 1 1
5.548738312927 1.010558703440 5.551473761865 1 1 1
5.608351693997 5.456317248315 1.129049431085 1 1 1
5.610919819164 5.465601070558 5.575340464447 1 1 1
1.150920902156 3.312307579975 3.319044019078 1 1 1
1.139316508839 3.304810603913 7.769028605482 1 1 1
1.217281178275 7.751883444196 3.313407135131 1 1 1
1.206369161958 7.744824280196 7.756309085559 1 1 1
5.558653877159 3.239680623141 3.334188131647 1 1 1
5.576071156003 3.253643439283 7.751731104926 1 1 1
5.637381551547 7.690488305882 3.323271505858 1 1 1
5.655872044907 7.688292641360 7.767450130274 1 1 1
C
0.0
32
8.872605332742 -0.145864313848 0.018629495905 1 1 1
8.858596964406 -0.111154489441 4.450754866907 1 1 1
8.927576489140 4.314270134456 0.021694995234 1 1 1
8.940489222524 4.317464141362 4.470599077197 1 1 1
4.441537920000 -0.074923825784 0.030950364352 1 1 1
4.426231285305 -0.068848981038 4.450353803095 1 1 1
4.486622278354 4.388349450446 0.010974458637 1 1 1
4.498367397031 4.378455028425 4.446712955253 1 1 1
8.899487609220 2.102212679406 2.242677773879 1 1 1
8.879631363812 2.073662958493 6.683481361863 1 1 1
8.979108294477 6.528750271573 2.249808965244 1 1 1
8.952175957891 6.537082977443 6.657976459550 1 1 1
4.447845295676 2.154431416140 2.217531552313 1 1 1
4.465030842696 2.159741902973 6.660582676123 1 1 1
4.524431817382 6.585513066022 2.212823798181 1 1 1
4.523882611632 6.599827581587 6.639243259481 1 1 1
2.211332081884 -0.019589566599 2.235254828783 1 1 1
2.188801349503 -0.014852879035 6.669677715069 1 1 1
2.280475846322 4.401312663158 2.238562443157 1 1 1
2.267530038629 4.412658628988 6.643808627789 1 1 1
6.652006188416 -0.094323309792 2.247556858769 1 1 1
6.633755823282 -0.081405715495 6.650203527296 1 1 1
6.722151486528 4.345438847082 2.232238588311 1 1 1
6.702047709687 4.323148843108 6.658838730862 1 1 1
2.238750908052 2.170578965749 0.019962889718 1 1 1
2.262518995190 2.188772949242 4.439974372355 1 1 1
2.303236197441 6.611201434064 -0.007067324210 1 1 1
2.299650463698 6.599287441689 4.439314693367 1 1 1
6.680192291202 2.131080884147 0.024412717451 1 1 1
6.671499169841 2.124039041852 4.464941944175 1 1 1
6.739146567851 6.549752473913 0.015024893401 1 1 1
6.722524863125 6.566173133279 4.440979080679 1 1 1

NUMERICAL_ORBITAL
Si_gga_9au_100Ry_3s3p2d.orb
C_gga_9au_100Ry_3s3p2d.orb
