ATOMIC_SPECIES
Si 28.085 Si_ONCV_PBE-1.0.upf
C 12.011 C_ONCV_PBE-1.0.upf

LATTICE_CONSTANT
1.8897261254578281

LATTICE_VECTORS
9.032279624460308 0.0 0.0 
-4.342489167581198 8.290808115386904 0.0 
0.07514936353997238 -0.1318143471556115 10.077271130958444 

ATOMIC_POSITIONS
Cartesian    # Cartesian(Unit is LATTICE_CONSTANT)
Si
0.0
36
0.027064776519 1.776119879208 2.556409598207 1 1 1
3.189882748323 7.102621875230 2.573107226837 1 1 1
-3.011863720187 7.178729337780 2.596130553244 1 1 1
4.738551615214 6.185131481434 5.104375005784 1 1 1
1.572793808455 0.843365587234 5.087413491856 1 1 1
7.782378274877 0.783343178270 5.045656538463 1 1 1
0.050907301217 1.725188516686 7.643132255538 1 1 1
3.220655179889 7.078324347647 7.666041922534 1 1 1
-2.981445918196 7.136036853752 7.686747313025 1 1 1
4.753697890668 6.139593916359 10.184829148269 1 1 1
1.598279417231 0.816271756682 10.170577039754 1 1 1
7.796701960114 0.740899576437 10.148403552721 1 1 1
-1.496656353795 4.478693365876 2.581912315578 1 1 1
1.604056622054 4.433377676561 2.560084174846 1 1 1
0.095282557207 7.138613136056 2.587780015032 1 1 1
6.259322763676 3.484663309163 5.079139610048 1 1 1
3.148525211073 3.501717965287 5.092522511775 1 1 1
4.680796245993 0.815814155389 5.077834268089 1 1 1
-1.478932067553 4.441173099737 7.656878313289 1 1 1
1.622531483153 4.406958078154 7.655668174872 1 1 1
0.104435975695 7.113929817869 7.668033841307 1 1 1
6.270348551965 3.455883619678 10.164647253396 1 1 1
3.175908809663 3.475915103743 10.168289809728 1 1 1
4.696061389751 0.768615606460 10.157118356834 1 1 1
3.130642180822 1.729417631666 2.529179791476 1 1 1
6.217396243571 1.697589137261 2.524585309679 1 1 1
4.703189824706 4.403288032568 2.556164528830 1 1 1
1.637173572778 6.212960995164 5.119023133149 1 1 1
-1.459428846414 6.248518711488 5.122143073338 1 1 1
0.052914254352 3.538913194343 5.112779523056 1 1 1
3.146602773982 1.709089053921 7.626709865853 1 1 1
6.247492152397 1.671924910707 7.604763496141 1 1 1
4.731872217798 4.378227147609 7.624608494654 1 1 1
1.655478362240 6.175498395870 10.209426743978 1 1 1
-1.446765227094 6.212746179755 10.207374054169 1 1 1
0.081787061662 3.515915438741 10.192514543128 1 1 1
C
0.0
36
0.029585126912 1.761228980318 4.461482730995 1 1 1
3.188933171767 7.095683245978 4.491606252372 1 1 1
-3.015782101593 7.157250737503 4.511199917249 1 1 1
4.740544704231 6.169529291265 7.012149107228 1 1 1
1.574273567004 0.838082381760 6.985155935816 1 1 1
7.797484570141 0.769697099354 6.977568146691 1 1 1
0.049110550467 1.731618280133 9.546392440673 1 1 1
3.206463512055 7.072285800561 9.577254481868 1 1 1
-2.985439309363 7.128943803792 9.591516821242 1 1 1
4.739960825066 6.200192565241 1.931197236829 1 1 1
1.570375819575 0.862692717136 1.913567087867 1 1 1
7.776951907278 0.796662230458 1.881246074304 1 1 1
-1.479302458468 4.466989394994 4.491752457362 1 1 1
1.615525924849 4.424532182440 4.480320224199 1 1 1
0.090726423720 7.135101663775 4.502002814290 1 1 1
6.259188956025 3.468181075344 6.993973979751 1 1 1
3.159807333431 3.496835403177 7.004468405234 1 1 1
4.688140727898 0.789068817658 6.987713142203 1 1 1
-1.467292176346 4.422885931973 9.575151152977 1 1 1
1.634342516107 4.399764150284 9.567020723729 1 1 1
0.107528457282 7.105609836136 9.580298348364 1 1 1
6.255013879064 3.505671601387 1.910031053152 1 1 1
3.133928739146 3.530259559507 1.924104282357 1 1 1
4.663778684051 0.828797886201 1.904552631091 1 1 1
3.129650239423 1.730339674324 4.454577560399 1 1 1
6.239701136871 1.696457227780 4.438107564329 1 1 1
4.705934663811 4.385661899822 4.476560060606 1 1 1
1.641172679111 6.202762827787 7.026774121719 1 1 1
-1.461006473719 6.231703061685 7.047625322056 1 1 1
0.062957298649 3.529573975043 7.018735093223 1 1 1
3.164247915053 1.695912900992 9.529647813212 1 1 1
6.256099210033 1.663806791630 9.525320195844 1 1 1
4.739550150506 4.366005194851 9.552349910544 1 1 1
1.629713177763 6.240798220294 1.950078003090 1 1 1
-1.477669133599 6.262953414363 1.960209049363 1 1 1
0.041023876721 3.568142264470 1.934832565545 1 1 1

NUMERICAL_ORBITAL
Si_gga_9au_100Ry_3s3p2d.orb
C_gga_9au_100Ry_3s3p2d.orb
