ATOMIC_SPECIES
Si 28.085 Si_ONCV_PBE-1.0.upf
C 12.011 C_ONCV_PBE-1.0.upf

LATTICE_CONSTANT
1.8897261254578281

LATTICE_VECTORS
8.567384968634403 0.0 0.0 
-0.11822055613778372 8.557703916124412 0.0 
-0.18133586725657125 -0.09697800464028478 8.591444050017492 

ATOMIC_POSITIONS
Cartesian    # Cartesian(Unit is LATTICE_CONSTANT)
Si
0.0
32
3.257271124595 1.093798188039 3.333709337102 1 1 1
3.199037330916 1.085695481894 7.710996040131 1 1 1
3.217566797811 5.505093041076 3.351764681411 1 1 1
3.180559761549 5.480127807050 7.754899394873 1 1 1
7.638067359015 1.122691994030 3.386525045110 1 1 1
7.595878233837 1.125470289953 7.795856331139 1 1 1
7.598372047640 5.523519633055 3.429853483632 1 1 1
7.577518216948 5.485519322213 7.770017394116 1 1 1
3.261968957550 3.302134369327 1.174497263465 1 1 1
3.210239535515 3.297138632783 5.553391179970 1 1 1
3.236855235213 7.715792447782 1.183368813829 1 1 1
3.189075145024 7.684470120772 5.543162655265 1 1 1
7.645873426292 3.354416111110 1.173495097581 1 1 1
7.602624633770 3.293624841304 5.599098454170 1 1 1
7.608474783625 7.728394446816 1.237056858090 1 1 1
7.578559544538 7.701281632495 5.636331738566 1 1 1
1.080301332715 1.103332390163 1.110128062828 1 1 1
1.044041427981 1.079587037950 5.504777695795 1 1 1
1.056865219449 5.505502487113 1.144124642522 1 1 1
1.024801905817 5.454510766798 5.541348663832 1 1 1
5.450897100561 1.127193150247 1.171400514164 1 1 1
5.435700030874 1.108454656466 5.541978323142 1 1 1
5.420153691182 5.506225672253 1.168671178786 1 1 1
5.416491413189 5.533878128964 5.582284362553 1 1 1
1.032496615475 3.290705869234 3.321540486945 1 1 1
1.001557933883 3.276068938911 7.719489014577 1 1 1
1.008630290455 7.671140538057 3.345831439989 1 1 1
0.981196332920 7.655870620451 7.749779734829 1 1 1
5.430160913071 3.299591887735 3.369137561868 1 1 1
5.380892272583 3.282647573478 7.751278871554 1 1 1
5.404909694180 7.709662013707 3.397591394779 1 1 1
5.343492028387 7.668902774445 7.785895340703 1 1 1
C
0.0
32
8.798158251047 0.081164239904 0.094819826153 1 1 1
8.739748794197 0.046576711688 4.482484070392 1 1 1
8.763816288473 4.461695574128 0.135704373931 1 1 1
8.708739730899 4.441111839828 4.507409899731 1 1 1
4.400386158509 0.032072782540 0.036375664549 1 1 1
4.358369239413 0.009941374731 4.444473909658 1 1 1
4.374996547285 4.421682046899 0.076823436866 1 1 1
4.318898989723 4.386604778882 4.480983420917 1 1 1
8.748596618603 2.244653675587 2.310502849535 1 1 1
8.698447917388 2.223380965864 6.696666245459 1 1 1
8.694243673593 6.614430143877 2.316671613443 1 1 1
8.686232070856 6.615508036704 6.709119789056 1 1 1
4.336457195761 2.195042125030 2.247024934515 1 1 1
4.323390154287 2.195063723152 6.632092755624 1 1 1
4.339051408264 6.600093119619 2.280706757312 1 1 1
4.262011902685 6.589212860753 6.679977334827 1 1 1
2.187479792254 0.002743071033 2.234801693808 1 1 1
2.107297993765 -0.004538894520 6.612863407972 1 1 1
2.134401037404 4.379492942924 2.255267772585 1 1 1
2.102802193777 4.369929774993 6.629507643394 1 1 1
6.565563036459 0.043706557634 2.266209593379 1 1 1
6.514778540953 0.009124119341 6.651424275044 1 1 1
6.519305881028 4.411578845425 2.281388983810 1 1 1
6.487033338299 4.374463195997 6.690613057030 1 1 1
2.167442972512 2.214395264571 0.021331175143 1 1 1
2.139509073714 2.188126701350 4.424201944419 1 1 1
2.163801905515 6.597011939935 0.057120315319 1 1 1
2.107662581161 6.575379579148 4.433592607491 1 1 1
6.570297833238 2.232413117911 0.077924273696 1 1 1
6.528243831959 2.210308892260 4.470059120994 1 1 1
6.555211214245 6.631345638011 0.114799798618 1 1 1
6.505025724876 6.612393688824 4.507683237690 1 1 1

NUMERICAL_ORBITAL
Si_gga_9au_100Ry_3s3p2d.orb
C_gga_9au_100Ry_3s3p2d.orb
