MDSTEP:  0
LATTICE_CONSTANT: 1.889726125458
LATTICE_VECTORS
  8.464222414683  0.000000000000  0.000000000000
  0.189457436260  8.539041666647  0.000000000000
  0.027529322178  -0.026354767117  8.923178047954
VIRIAL (KBAR)
  180.080244650390  -77.195458208462  -54.350670112956
  -77.195458208462  185.680956072193  62.051463540697
  -54.350670112956  62.051463540697  64.426037544085
INDEX    LABEL    POSITIONS    FORCE (eV/Angstrom)
  0  Si  3.276717395101  1.050461148858  3.265432305806  -0.142934946232  0.432047971928  -0.284031883937
  1  Si  3.292429717411  1.046268156193  7.602697970000  -0.439943404688  0.359489301103  3.402763442530
  2  Si  3.329738504260  5.397741382788  3.275854372902  -0.461951552693  0.240691944155  -0.564059469191
  3  Si  3.325368085698  5.376327796198  7.618047949250  0.141826104988  0.365283570228  3.202979754210
  4  Si  7.638023286279  1.003623349986  3.257991690830  -1.386711237416  0.713798190055  -0.388059014520
  5  Si  7.636009910601  0.997475518134  7.603951565010  -1.245458119338  0.663670704047  3.166529300619
  6  Si  7.674999096535  5.353495117404  3.257135126947  -0.728201018870  -0.013050719964  -0.044344987760
  7  Si  7.680597895753  5.341216470385  7.618158626766  -0.785826880773  0.218207418762  2.920023526914
  8  Si  3.310509882316  3.233957889344  1.085326880868  -0.507100638443  -0.188478957342  -0.752950397825
  9  Si  3.302610871659  3.229171910977  5.424616288901  -0.289916299781  -0.282944142731  0.012136262939
  10  Si  3.342542585382  7.559562269344  1.098238389983  1.664391968039  -2.631748024149  -2.539883125495
  11  Si  3.356411054294  7.574873518000  5.436354716522  0.884238098561  -3.070046948874  -1.118549271351
  12  Si  7.648857089190  3.161430707192  1.076686018360  -0.947296497951  0.702324353937  -0.962280947669
  13  Si  7.660979085162  3.162170636817  5.427272794988  -1.197551641675  0.351627357515  -0.099612645400
  14  Si  7.719096129155  7.520060606956  1.074134021117  -0.430741078333  -2.405267049988  -1.542113364516
  15  Si  7.689459113610  7.500227981819  5.444823487116  1.151938407838  -2.654732571113  -2.023210103947
  16  Si  1.096667652533  1.072625722306  1.074234964575  4.194037916656  -0.799717462169  -1.872924215703
  17  Si  1.118471182735  1.063855362900  5.444656886205  3.593329780833  -1.351451912520  -1.758303976921
  18  Si  1.138404012553  5.426429143222  1.091418478359  4.675509134673  -2.300911474404  -2.683617853352
  19  Si  1.162935733577  5.415925787320  5.449228151817  4.065894396275  -1.759749460990  -1.928783462481
  20  Si  5.445696562732  1.022333857590  1.090026947083  -0.310221596697  0.731319903945  -1.120166608899
  21  Si  5.457109580852  1.029056884381  5.424831344989  -0.259519208919  0.211344538116  -0.070940157140
  22  Si  5.514106338499  5.355927756602  1.091820692779  -0.465388445791  0.405859425795  -1.053392379668
  23  Si  5.498697610810  5.372938523435  5.443960211597  -0.207177085293  -0.041685271998  -0.463174613375
  24  Si  1.133734439844  3.240114825756  3.269503039905  4.217856905038  -1.644099564147  -2.073147968740
  25  Si  1.128917389066  3.258848725989  7.617112357215  3.459828704974  -1.168493353778  2.498246888162
  26  Si  1.187283265700  7.596756345432  3.262298883563  7.507635876705  -7.118437485640  -5.889800056287
  27  Si  1.180206520190  7.574435094834  7.634427091343  4.888425210934  -3.451186941483  0.837552209596
  28  Si  5.489313473999  3.187995293008  3.247344963275  -0.642811266143  0.479354652730  0.063243036504
  29  Si  5.483952179352  3.196088669779  7.609813075282  -0.117846154286  -0.059860204437  3.101364158225
  30  Si  5.525534825893  7.544453222895  3.247115391038  1.351175727678  -3.156436228851  -1.393443228163
  31  Si  5.527605579521  7.541286214154  7.615341415642  0.515959091787  -2.288359669074  2.714712268537
  32  C  0.424912325559  8.442018465243  0.002591583580  -4.003035006193  3.187783843207  -0.603929106630
  33  C  0.430508830250  8.429934907497  4.324374478545  -7.256392378249  6.763104989480  6.716635244277
  34  C  0.311863297187  4.216586727636  8.911381446323  -2.806183586503  0.872114414200  -1.639279836296
  35  C  0.289821396858  4.235177213123  4.351512376076  -3.674370365540  2.114481240554  1.844341432344
  36  C  4.578299562004  8.469623377596  8.915012722196  -0.872126915540  1.510035880145  -1.920255474767
  37  C  4.555186820953  8.466339996248  4.343225897192  -1.519654091842  3.000665747384  1.519300856047
  38  C  4.401396165574  4.295241526581  0.000512746261  0.299457316935  -0.047728902703  -2.635667184249
  39  C  4.384646865702  4.297417509172  4.339236263608  0.963252660350  -0.366209272161  0.415151452449
  40  C  0.244274424242  2.091359632200  2.161845898981  -3.086994194653  1.204056766298  1.685674229693
  41  C  0.259721140209  2.066478458717  6.528416951212  -3.364263672098  1.839211512436  1.625908382917
  42  C  0.308876794669  6.419127114953  2.165844111240  -3.642231456981  2.061174748876  2.229368561894
  43  C  0.319858463775  6.424527766578  6.522979252080  -3.655082641675  1.392218918074  2.098578053467
  44  C  4.383263425268  2.126814013890  2.180921376917  0.086122828799  -0.216783466287  0.022198033148
  45  C  4.388506283487  2.110137355060  6.522541943784  0.171857478633  0.205950733193  -0.006089188329
  46  C  4.429717586338  6.460912946095  2.155348705647  0.449705590405  -0.270587798773  0.599230646021
  47  C  4.425234949878  6.466078686004  6.519783405827  0.395860538452  -0.263904179626  0.571363453169
  48  C  2.381405435218  8.508867720401  2.173570974195  -1.511644137469  2.554435542210  1.426199471384
  49  C  2.364601300312  8.508767471834  6.534051671496  -0.817397854715  2.047572610501  1.387772923105
  50  C  2.233275430969  4.311536550124  2.182295493806  0.209681992285  -0.138338747143  0.060471342497
  51  C  2.231581890104  4.315069856990  6.528969830768  0.390379004675  -0.470254797225  0.257272457949
  52  C  6.707867730467  8.473412381681  2.165686121206  -0.669993922071  2.070485677224  1.106614105825
  53  C  6.731236597750  8.440916474690  6.516574887935  -1.722961357233  3.110713058325  1.743742253163
  54  C  6.579903767460  4.266092820459  2.179476017039  0.358861861032  -0.151468222173  -0.004948619251
  55  C  6.583439512680  4.265650583245  6.518291844535  0.188272669440  -0.152365568725  0.273937387561
  56  C  2.207035273737  2.137310323389  0.007992545496  0.247383756740  0.063487560288  -2.795169271577
  57  C  2.190124094809  2.124433818310  4.348662447904  0.746112892450  0.001580173380  0.286430099556
  58  C  2.252223368711  6.491077745451  0.017955879011  0.351624000445  -0.587528856864  -2.946473147256
  59  C  2.245318785520  6.484296783653  4.361173442278  0.922711776407  -0.376342357028  -0.068299162139
  60  C  6.573320583962  2.077196304137  8.920386420735  -0.031913071176  -0.096090080511  -2.622949296061
  61  C  6.543928609288  2.093700002823  4.329170407197  0.552168851483  -0.095806543502  0.568383998007
  62  C  6.596821522287  6.444190922130  0.003406008498  0.409882335091  -0.082701202241  -2.652727924351
  63  C  6.606648383299  6.436175107318  4.344700936163  0.145458846660  -0.171325309478  0.164452710537


MDSTEP:  1
LATTICE_CONSTANT: 1.889726125458
LATTICE_VECTORS
  8.464222414683  0.000000000000  0.000000000000
  0.189457436260  8.539041666647  0.000000000000
  0.027529322178  -0.026354767117  8.923178047954
VIRIAL (KBAR)
  179.722607731092  -76.482299303436  -53.328897957687
  -76.482299303436  184.965448040216  60.833153057071
  -53.328897957687  60.833153057071  63.197304814245
INDEX    LABEL    POSITIONS    FORCE (eV/Angstrom)
  0  Si  3.277221057508  1.050234693442  3.265856115644  -0.151110340129  0.439668983088  -0.291942664162
  1  Si  3.292048120872  1.046717903717  7.603832706865  -0.428032767016  0.361074732616  3.364782977719
  2  Si  3.329303854794  5.397597458451  3.275675101474  -0.442532903203  0.222680397610  -0.558641474713
  3  Si  3.325385573417  5.375468622865  7.619147748432  0.147752904585  0.378731250974  3.166135752554
  4  Si  7.638186088635  1.003609927350  3.257107053930  -1.429802009305  0.724896506498  -0.350459627956
  5  Si  7.635610673535  0.997616249286  7.604687087007  -1.243315698578  0.664764855712  3.148625795121
  6  Si  7.674703340390  5.353146035485  3.257492728109  -0.739748952268  0.008849435338  -0.053060942794
  7  Si  7.680437916068  5.341282902753  7.617809805824  -0.796538572508  0.207942223749  2.917778738763
  8  Si  3.311595382088  3.233395316976  1.085616723629  -0.522179829115  -0.176019402415  -0.764220444158
  9  Si  3.302380983332  3.228524363517  5.424788556638  -0.286354826857  -0.270042656137  0.013976316970
  10  Si  3.343396476144  7.560120624662  1.098076913449  1.622055758551  -2.620709627775  -2.510236316172
  11  Si  3.356989006924  7.573498432187  5.436145576429  0.867821040614  -3.013041835991  -1.092681766120
  12  Si  7.648468713738  3.161702334396  1.076803194937  -0.953955350240  0.676332870199  -0.971705163822
  13  Si  7.661397599604  3.162953419018  5.426761236829  -1.215709224239  0.333971905029  -0.057044491715
  14  Si  7.719308592181  7.519536751157  1.073113797071  -0.455094501137  -2.371219298432  -1.516860856561
  15  Si  7.690190956926  7.500164523643  5.445327325514  1.098662493049  -2.634039020859  -2.018457614109
  16  Si  1.097342712223  1.073186721810  1.073459019915  4.156045900837  -0.766207288387  -1.831000143086
  17  Si  1.118546352047  1.064103262613  5.444530652124  3.571274691892  -1.313533116993  -1.730248889784
  18  Si  1.139160910076  5.426567295667  1.090691219481  4.627849384299  -2.300565394401  -2.660442091854
  19  Si  1.163541424845  5.415583710734  5.448748519528  4.023835121579  -1.707517389299  -1.880326873147
  20  Si  5.446000101534  1.021753932640  1.089912656385  -0.314774341474  0.747058262803  -1.139438204299
  21  Si  5.457247755688  1.029835424989  5.424964336225  -0.252805744014  0.201217208052  -0.059894732526
  22  Si  5.513444981113  5.355747053470  1.091326469992  -0.438069229224  0.410626774475  -1.046849452298
  23  Si  5.498440638748  5.372618172680  5.443707563331  -0.199087735126  -0.036941061900  -0.446138881314
  24  Si  1.134249082549  3.240680648081  3.269645347202  4.175486285594  -1.643134021356  -2.041092119258
  25  Si  1.129803364529  3.259011358705  7.618287228221  3.434416689950  -1.193422354645  2.459227920146
  26  Si  1.188554764326  7.595499439199  3.261105512690  7.275150260287  -6.853109938746  -5.564286391035
  27  Si  1.180759402612  7.574545345995  7.633976328766  4.854966597064  -3.421786176887  0.867721127874
  28  Si  5.488872736653  3.187127904387  3.247096491676  -0.631883547343  0.492142932897  0.092203674957
  29  Si  5.483854740559  3.195839887297  7.609634940026  -0.106380557854  -0.059414041667  3.093801021972
  30  Si  5.525226620303  7.543224763147  3.247154353769  1.348016344960  -3.101039305060  -1.368423443363
  31  Si  5.527609755901  7.541019948733  7.615924634821  0.528886271475  -2.270285063515  2.690590899808
  32  C  0.424190290461  8.443445158390  0.002872079254  -3.971147009896  3.146370255611  -0.648987195865
  33  C  0.426513425221  8.433133450558  4.326894482497  -6.974896018058  6.463405902502  6.364262300254
  34  C  0.310894638448  4.215735248977  8.910528364868  -2.786732248048  0.914317681844  -1.598614526693
  35  C  0.288307472334  4.236574424036  4.352138278272  -3.614480828150  2.065606187438  1.793253185056
  36  C  4.577050120719  8.470111802186  8.914414543239  -0.854198561947  1.507999395083  -1.908408143255
  37  C  4.554786703858  8.468273308891  4.343263692937  -1.491170317897  2.938405294855  1.498954659040
  38  C  4.430121583471  4.268423619830  8.922466905095  0.270779895930  -0.050463021853  -2.607143789709
  39  C  4.384035375973  4.298160693153  4.340486428200  0.962391766835  -0.385433906634  0.379945166079
  40  C  0.242544857456  2.090735134299  2.163185549937  -3.022393636139  1.213832083948  1.629480704985
  41  C  0.259289488745  2.066506249506  6.529594575103  -3.333445510887  1.847458832449  1.599763734935
  42  C  0.308470878012  6.419886727836  2.165663246630  -3.624911791872  2.010215012862  2.202166372749
  43  C  0.318099763666  6.424988825434  6.523301591783  -3.577024452036  1.348438906895  2.059117691542
  44  C  4.383335965352  2.125950382843  2.180636278297  0.085570756325  -0.209808736214  0.022819495946
  45  C  4.388541877780  2.110954447068  6.522451833459  0.158811577464  0.186416980696  0.009822423618
  46  C  4.428984307100  6.460338678652  2.156058226048  0.457362072638  -0.265595095812  0.573060882214
  47  C  4.426177318241  6.466416722823  6.519906489729  0.366926704509  -0.282887346225  0.580142120847
  48  C  2.380818804942  8.510085115583  2.174141678598  -1.471086096569  2.521977179796  1.384259590903
  49  C  2.364392530755  8.510121399631  6.533782811334  -0.787733125829  1.996532837448  1.369715090194
  50  C  2.233134583740  4.311753435541  2.182742804043  0.219016915829  -0.146793239454  0.035563078692
  51  C  2.230536262944  4.314823622213  6.528633097252  0.414965987684  -0.461552780272  0.270294623799
  52  C  6.707483718396  8.474548109815  2.165069814017  -0.658504904735  2.012829511266  1.103714036941
  53  C  6.731405814322  8.441317583596  6.516646078360  -1.738730915783  3.097713404634  1.752502336518
  54  C  6.580088189741  4.265536539722  2.179563899213  0.340074679583  -0.134542268194  -0.012229731203
  55  C  6.582618622206  4.265960608917  6.518991969840  0.204676075571  -0.155672641839  0.254053084390
  56  C  2.207038139876  2.138099003157  0.006352924837  0.254972933822  0.067544603661  -2.756186197243
  57  C  2.191370982640  2.124070207369  4.348269226275  0.714690664955  0.020432045197  0.291150634275
  58  C  2.252047206970  6.491222331851  0.017870046896  0.363922301747  -0.583009133397  -2.943711092328
  59  C  2.246205412055  6.483702636402  4.359749786106  0.894387686520  -0.358160336186  -0.035549776281
  60  C  6.572849714064  2.077046154874  8.918571071342  -0.030962120406  -0.090760090266  -2.584441286703
  61  C  6.544236096566  2.093948038452  4.330541332431  0.544974881777  -0.087751093287  0.523222487350
  62  C  6.596885448240  6.444450962658  0.001730349716  0.399190288994  -0.090665358241  -2.616696501932
  63  C  6.606034578546  6.436155034800  4.345187439545  0.159858732963  -0.174332412887  0.153312899246


MDSTEP:  2
LATTICE_CONSTANT: 1.889726125458
LATTICE_VECTORS
  8.464222414683  0.000000000000  0.000000000000
  0.189457436260  8.539041666647  0.000000000000
  0.027529322178  -0.026354767117  8.923178047954
VIRIAL (KBAR)
  179.377223913646  -74.855360868694  -50.892329234486
  -74.855360868694  183.199974663593  58.121707951954
  -50.892329234486  58.121707951954  60.398487397087
INDEX    LABEL    POSITIONS    FORCE (eV/Angstrom)
  0  Si  3.277342046123  1.048568197279  3.266047434686  -0.119246222067  0.523714339995  -0.271781925112
  1  Si  3.289345804227  1.046211396832  7.604368393603  -0.299669068443  0.446166694457  3.341984252738
  2  Si  3.328127486429  5.398923680259  3.274222157042  -0.331587611869  0.149111642750  -0.517759480960
  3  Si  3.326224142266  5.375874129840  7.622444203254  0.162123862255  0.361650368558  3.072248612370
  4  Si  7.638673921200  1.005489681545  3.258028132756  -1.455919920676  0.791311888745  -0.369454111758
  5  Si  7.634193638145  0.998612591214  7.603168384863  -1.266821253662  0.631667900519  3.187497869593
  6  Si  7.674622703114  5.354959425071  3.258098006128  -0.801864386892  -0.025827207294  -0.045498041904
  7  Si  7.680915404651  5.341451803527  7.618289530536  -0.813765404074  0.223980828863  2.891299279756
  8  Si  3.310690365393  3.234486968892  1.086943369987  -0.483413230834  -0.240094642302  -0.802975036654
  9  Si  3.303218615887  3.226604320153  5.422334492736  -0.201893345003  -0.214605721517  0.082379858327
  10  Si  3.341656300419  7.560197931455  1.095570133167  1.677229622265  -2.575802421594  -2.489928648980
  11  Si  3.357913344281  7.573517700374  5.436127253223  0.781319401930  -2.959985641010  -1.023589570420
  12  Si  7.645514896331  3.159332726570  1.075444140270  -0.942100132160  0.773303031681  -0.955765366374
  13  Si  7.659724845898  3.163886015971  5.428623819433  -1.193870200849  0.373902587455  -0.083583636356
  14  Si  7.717473869914  7.517887010994  1.073473568528  -0.482754503971  -2.335336862297  -1.502111916967
  15  Si  7.692563515107  7.500066608010  5.443650725345  0.968532266751  -2.504497557450  -1.837664684315
  16  Si  1.100797235396  1.071271982905  1.071025156424  3.950091166473  -0.619803251796  -1.702369151706
  17  Si  1.119791472419  1.065383641857  5.444860877453  3.460673163868  -1.172252972902  -1.581279611293
  18  Si  1.142878356810  5.424150946217  1.089221989169  4.396968770598  -2.186321001162  -2.476758665886
  19  Si  1.166008543121  5.416939123487  5.448352037930  3.904313720431  -1.754377296998  -1.782725964344
  20  Si  5.447149850173  1.024287192812  1.088116336272  -0.388321200318  0.710985871887  -1.088465609346
  21  Si  5.459406411218  1.030175349559  5.427225294001  -0.308030922652  0.241408857982  -0.087283189771
  22  Si  5.513265041296  5.356164844679  1.093278415250  -0.457472731183  0.389782633147  -1.121612748636
  23  Si  5.499949585564  5.374259116265  5.444051729670  -0.238353117082  -0.041470410514  -0.440001109350
  24  Si  1.136511069184  3.242723425881  3.271238470668  4.011544174196  -1.600313913769  -1.974979230876
  25  Si  1.130059630378  3.260571736193  7.619601412393  3.405647049820  -1.226282835832  2.412793413775
  26  Si  1.191779352326  7.594510158249  3.260643743182  6.863424748313  -6.446874844847  -5.105155518805
  27  Si  1.183979727943  7.572121092447  7.634823884599  4.742108679250  -3.312412893359  0.945875289311
  28  Si  5.488500704012  3.185543819003  3.248683637321  -0.543861313513  0.584532715971  0.075982604063
  29  Si  5.485740013539  3.197783069953  7.611563288705  -0.135254518319  -0.031870128827  3.039635690003
  30  Si  5.525229033709  7.542748879051  3.247194314570  1.340424465394  -3.064843849490  -1.325988080909
  31  Si  5.528557903386  7.540442961028  7.614997842640  0.519385840401  -2.247723174990  2.699778137668
  32  C  0.421636317653  8.442213277525  0.003967958933  -3.908243582315  3.126280882483  -0.721995794991
  33  C  0.421056542498  8.441002869314  4.332128078064  -6.488332803588  5.960798919085  5.763906102835
  34  C  0.305538068533  4.216387703336  8.909327489891  -2.684729661906  0.923860569742  -1.579347937274
  35  C  0.281769608290  4.240764093755  4.352650376519  -3.412858440085  1.932730158877  1.732133117812
  36  C  4.577471993432  8.470937801240  8.910015759194  -0.892415295288  1.506327661877  -1.809710438880
  37  C  4.552889160917  8.468597505049  4.343717337372  -1.431324410369  2.923593012743  1.470273553742
  38  C  4.426454898634  4.270134614583  8.920965981505  0.321411425912  -0.040300876740  -2.544786383199
  39  C  4.387327520725  4.298516617107  4.340362948058  0.880356207942  -0.338094399695  0.363300320352
  40  C  0.239934718458  2.095696014519  2.160942492851  -2.857685797265  1.041689312513  1.590995812436
  41  C  0.253184742052  2.069123417019  6.531662724757  -3.141466913030  1.777109466301  1.497810457563
  42  C  0.303326063897  6.419245997270  2.168480647666  -3.378451232513  1.918268846860  2.005700507649
  43  C  0.318635353907  6.427987308188  6.524656677621  -3.510248937635  1.249047222697  1.982630842478
  44  C  4.382910161823  2.128603866648  2.184298287197  0.089321633190  -0.282650737565  -0.065703819267
  45  C  4.392282933233  2.114316617218  6.524609034517  0.068357423812  0.112026958834  -0.009130465784
  46  C  4.428012034877  6.460421080670  2.154257772511  0.437987401254  -0.228285437710  0.604760468262
  47  C  4.426291373142  6.469810279249  6.520100198311  0.346207805543  -0.362472009845  0.586809912023
  48  C  2.382730613899  8.515872356276  2.172708152531  -1.488660098349  2.363135432834  1.394920958140
  49  C  2.363421976241  8.513980875128  6.537027867637  -0.731762529157  1.870714080697  1.233331934638
  50  C  2.236568786282  4.309684213281  2.184877205915  0.148590703187  -0.074510110878  -0.010046558229
  51  C  2.234600562076  4.313099306197  6.528064430683  0.346645243295  -0.408650620515  0.278645357505
  52  C  6.707444017853  8.476603307863  2.166939808505  -0.659648287273  1.987519406469  1.047073413227
  53  C  6.727522024565  8.443628597055  6.516927800885  -1.571348692232  2.965733896064  1.661401658795
  54  C  6.581600021475  4.268781235405  2.177225303935  0.281017621978  -0.217133207731  0.060856812643
  55  C  6.583640644854  4.268777091135  6.516054981308  0.177891503432  -0.173505167682  0.361757058342
  56  C  2.206225156780  2.135730402666  0.005318265606  0.291923314631  0.139360797021  -2.731400943115
  57  C  2.192691216832  2.125507781198  4.349278596916  0.684906417398  -0.021300364822  0.263128608116
  58  C  2.248788622262  6.491243979985  0.016017426822  0.422414767177  -0.572370672527  -2.907949502393
  59  C  2.244852162307  6.479542424341  4.358464239197  0.939375176595  -0.211829131869  -0.016094602090
  60  C  6.568873157826  2.080383732256  8.917311399114  0.010354133460  -0.120383419194  -2.586153846276
  61  C  6.546852748780  2.096994266657  4.334449242411  0.477422665148  -0.148904398591  0.446287221410
  62  C  6.622103796338  6.417604643784  8.922707544573  0.414346227133  -0.075838271127  -2.579843102502
  63  C  6.608539440734  6.437133938518  4.349059073076  0.099059161542  -0.162790532668  0.053695569149


MDSTEP:  3
LATTICE_CONSTANT: 1.889726125458
LATTICE_VECTORS
  8.464222414683  0.000000000000  0.000000000000
  0.189457436260  8.539041666647  0.000000000000
  0.027529322178  -0.026354767117  8.923178047954
VIRIAL (KBAR)
  178.676878454196  -73.581871557067  -48.925247946760
  -73.581871557067  181.488050753989  56.090743160789
  -48.925247946760  56.090743160789  57.768426372566
INDEX    LABEL    POSITIONS    FORCE (eV/Angstrom)
  0  Si  3.274905361625  1.047308513586  3.268610723265  -0.037709359354  0.539825776566  -0.366888104548
  1  Si  3.288311629138  1.049141077788  7.607237825176  -0.230377976854  0.398836860371  3.238359238615
  2  Si  3.327845398093  5.397396966345  3.277148829670  -0.261821115594  0.111145055444  -0.616334336910
  3  Si  3.323654668978  5.378540167282  7.624355976580  0.267076089232  0.374047574780  2.967539366090
  4  Si  7.639693668739  1.008712460651  3.255705187910  -1.552312208604  0.709699092838  -0.245679947664
  5  Si  7.632245104240  0.996516103039  7.602198867662  -1.247679014124  0.672328820018  3.226100672974
  6  Si  7.675223906361  5.352700124671  3.255487395583  -0.771640510658  0.016704050641  0.004635294896
  7  Si  7.678742081772  5.344635274272  7.615903767903  -0.843781461309  0.135730387933  2.872719411461
  8  Si  3.308166719072  3.231763073840  1.086402318374  -0.379323694018  -0.208493337114  -0.853326881265
  9  Si  3.304181776318  3.229416744223  5.419588396167  -0.139982738662  -0.271971036814  0.127307518861
  10  Si  3.343026484962  7.556328011689  1.093976166097  1.607359442485  -2.364475704263  -2.378655568472
  11  Si  3.358156956454  7.572060014292  5.434338001166  0.771866854246  -2.814311868361  -0.943513549324
  12  Si  7.643412291075  3.162464872666  1.075575691599  -0.902501482244  0.619769643085  -0.997071503162
  13  Si  7.657164849826  3.160780335259  5.428121356480  -1.213744500914  0.408042683173  -0.033965921805
  14  Si  7.719489929787  7.518845946703  1.071959256753  -0.648927145121  -2.299885992233  -1.436159402685
  15  Si  7.696357584067  7.495978664718  5.443183082756  0.768702567801  -2.343320930302  -1.770872283219
  16  Si  1.100075594005  1.072183646134  1.071829010092  3.841187395366  -0.575905123244  -1.662404202473
  17  Si  1.119782156371  1.067687199871  5.445337410465  3.476045565678  -1.145294053043  -1.485340786944
  18  Si  1.143287085342  5.420273109526  1.090224914983  4.414378775909  -2.059511576377  -2.476873260318
  19  Si  1.169458273001  5.417717643589  5.449004104679  3.811800174201  -1.830653329705  -1.833722270307
  20  Si  5.449825902495  1.023231215202  1.089497347763  -0.489159853702  0.745399255109  -1.146202899589
  21  Si  5.457896044778  1.032408685456  5.425034024485  -0.225342976338  0.175121752958  0.052223735902
  22  Si  5.513741177249  5.353194761269  1.090122841216  -0.424764542631  0.410105270903  -1.107665046908
  23  Si  5.497485457988  5.372466475199  5.441371630908  -0.155568821515  0.069309612486  -0.434583041293
  24  Si  1.138508677557  3.239101713878  3.273267712050  3.878537191414  -1.420445592000  -1.913740498077
  25  Si  1.134326262497  3.257064410512  7.623385974444  3.351456597628  -1.122558444453  2.327065565692
  26  Si  1.193922133228  7.590606071422  3.259494685993  6.414458030227  -5.929577833965  -4.471701503431
  27  Si  1.183306991065  7.571571063982  7.634984481438  4.665188663074  -3.318036288817  0.965648085494
  28  Si  5.490507207274  3.188706180858  3.248894096195  -0.597228515416  0.418153360137  -0.001133981596
  29  Si  5.486265258650  3.199366638492  7.610697690739  -0.124897515440  -0.021094824528  3.038047825937
  30  Si  5.524050318303  7.542624493389  3.247004127009  1.359400414628  -3.029032188598  -1.296062512617
  31  Si  5.525376629899  7.542670195058  7.614865653219  0.575237472401  -2.263685368942  2.620330305030
  32  C  0.415368865772  8.444965159546  0.002335558741  -3.759141518535  3.108577651403  -0.759992352290
  33  C  0.413794830777  8.447703400004  4.338300879084  -5.942027734671  5.439916719758  5.106709329585
  34  C  0.302779160435  4.214674811820  8.910218431965  -2.601613170683  0.973662877016  -1.615504034940
  35  C  0.277251862137  4.239282377545  4.356796909237  -3.215022329529  1.880028455845  1.558209464777
  36  C  4.574184105622  8.474099032886  8.903419509868  -0.866128262373  1.507267632287  -1.625581552949
  37  C  4.555407639976  8.474691787803  4.345969413866  -1.505162432992  2.749659905680  1.385627193602
  38  C  4.424815595566  4.271887470360  8.919206910878  0.296021350434  -0.099283498701  -2.514451512183
  39  C  4.391733571534  4.295590036579  4.338063763319  0.797113470979  -0.244087091186  0.365520084491
  40  C  0.233103087840  2.096685677824  2.166363827419  -2.640214734317  1.009322188094  1.360660692374
  41  C  0.251845352873  2.070880825930  6.536281315966  -3.075653419937  1.718756417005  1.389145388120
  42  C  0.305490330580  6.423303313749  2.168433304056  -3.376610481484  1.725401563337  1.902641753138
  43  C  0.314326886724  6.424143003751  6.521188534734  -3.353832374503  1.337637778644  2.107593736801
  44  C  4.377721424789  2.128241337147  2.182044110581  0.208165971294  -0.280397601431  -0.006718549106
  45  C  4.394551443581  2.117809407605  6.524680455241  -0.027149597776  0.062622598996  -0.017605779762
  46  C  4.428018124951  6.455755047424  2.151459079708  0.444259394837  -0.157647585893  0.678017666053
  47  C  4.426395684574  6.474019169620  6.515718380440  0.334555661128  -0.477930782850  0.641290057220
  48  C  2.377117513138  8.515058807824  2.176075170159  -1.267219749317  2.279328437038  1.206336726657
  49  C  2.364016516100  8.511156170977  6.542924536964  -0.722412769289  1.931553724334  1.044776441308
  50  C  2.240593937984  4.306075309817  2.184613482550  0.021841817331  -0.020863426944  0.030200615798
  51  C  2.237613644178  4.315720603734  6.523048015263  0.304996188900  -0.467794563325  0.419340147894
  52  C  6.707749681786  8.480713223807  2.170371478125  -0.610140715889  1.830494567671  0.918356233484
  53  C  6.730751219355  8.441721217458  6.521319735790  -1.614121020932  2.929163379606  1.480698759503
  54  C  6.586570875078  4.264370989564  2.174881591110  0.151920245892  -0.078568362693  0.070864287976
  55  C  6.581012816075  4.271929934502  6.512041338020  0.212347733188  -0.241033000978  0.431153932524
  56  C  2.236611452226  2.107119613854  8.922829707904  0.198592741801  0.174112182708  -2.600079182627
  57  C  2.197893819132  2.128263343512  4.345203141605  0.573477975935  -0.088609899807  0.425069220298
  58  C  2.254241600632  6.494454058495  0.011997192623  0.227866179303  -0.699930795619  -2.824845421160
  59  C  2.247652441953  6.478910054471  4.357754034966  0.874087806452  -0.198996618367  -0.006971111004
  60  C  6.570518628530  2.078416164934  8.916302042535  -0.005532912254  -0.067829177520  -2.562065578612
  61  C  6.543303322031  2.092423963480  4.333510993563  0.537138788620  -0.021807452321  0.426165694201
  62  C  6.618577890684  6.419243043598  8.916537265668  0.460467217386  -0.083240724895  -2.445818773972
  63  C  6.612665254632  6.437879515572  4.346029003860  -0.016801120789  -0.215451200573  0.063176904458


MDSTEP:  4
LATTICE_CONSTANT: 1.889726125458
LATTICE_VECTORS
  8.464222414683  0.000000000000  0.000000000000
  0.189457436260  8.539041666647  0.000000000000
  0.027529322178  -0.026354767117  8.923178047954
VIRIAL (KBAR)
  178.293793484184  -73.502939928447  -47.690519271081
  -73.502939928447  180.918191208872  54.593383870790
  -47.690519271081  54.593383870790  55.499918037407
INDEX    LABEL    POSITIONS    FORCE (eV/Angstrom)
  0  Si  3.276289809659  1.047733765119  3.266926795231  -0.041174146309  0.586382382906  -0.369672854625
  1  Si  3.291912019100  1.051504683258  7.605212994907  -0.323631964034  0.447568935132  3.256391707842
  2  Si  3.323922222852  5.397559145039  3.276101098820  -0.215183597295  0.089420540877  -0.681538479088
  3  Si  3.321351899966  5.378275579249  7.622554202822  0.361029830438  0.344336038007  3.039393055799
  4  Si  7.637568482224  1.008406352301  3.251515010685  -1.542942394717  0.810153153235  -0.159719972509
  5  Si  7.633059963662  0.993644053174  7.602991294959  -1.221224551675  0.748325867779  3.216853094808
  6  Si  7.671506800563  5.355032443590  3.257862737378  -0.685257263080  -0.095557122070  -0.105700021693
  7  Si  7.679985350545  5.348087517424  7.619939077229  -0.955649986219  0.030561650992  2.779522220118
  8  Si  3.304405815420  3.227932252648  1.086333930799  -0.264344453107  -0.093294701348  -0.840803961523
  9  Si  3.301453312176  3.232875360195  5.416390488310  -0.111936241031  -0.332857931752  0.109531324245
  10  Si  3.342648856575  7.556314262525  1.094308031193  1.572096434346  -2.370127545527  -2.429514137830
  11  Si  3.360085306103  7.571420366973  5.433238597676  0.616332587543  -2.697153483433  -0.703079915982
  12  Si  7.645778950185  3.163322661204  1.078732777390  -0.987932903947  0.492189699014  -1.055116901623
  13  Si  7.654437697513  3.163321757167  5.427065329646  -1.161261085946  0.334510532775  -0.029791609189
  14  Si  7.718286448999  7.514714279358  1.074022480508  -0.648900370783  -2.036803684942  -1.453340911299
  15  Si  7.695686245396  7.497226465410  5.446179184080  0.819129042777  -2.355945153717  -1.899140074507
  16  Si  1.104294802183  1.074737520741  1.073038061756  3.698046705962  -0.584567263292  -1.695672642279
  17  Si  1.122098776568  1.067427716195  5.445862011270  3.332499181428  -0.999891470674  -1.508844902091
  18  Si  1.144823567914  5.420219854740  1.090800577501  4.260392830627  -2.107359100852  -2.516411722140
  19  Si  1.166861618023  5.419213532833  5.449201876979  3.879381938878  -2.037977782974  -1.878876638920
  20  Si  5.446660914307  1.020531374079  1.086578981606  -0.389477723656  0.855020105187  -1.064878099902
  21  Si  5.460121629731  1.035326997814  5.427005470207  -0.270579794449  0.192259040970  0.001265732167
  22  Si  5.510972095618  5.354719618739  1.088189784829  -0.352611000830  0.221508246997  -1.063896201279
  23  Si  5.494157590935  5.375714973404  5.437920156104  -0.020626110620  -0.048104680401  -0.387960059107
  24  Si  1.139673252516  3.236706973254  3.270117422805  3.773862564377  -1.213599705702  -1.733773138665
  25  Si  1.133715478891  3.257987477722  7.627896338575  3.365148348066  -1.180772043880  2.185905234309
  26  Si  1.193817221185  7.588626385159  3.260270183666  6.155098035800  -5.622004806514  -4.161262078785
  27  Si  1.188532182256  7.567460106063  7.633611050801  4.475444179878  -3.203852584080  1.121301207411
  28  Si  5.490808501142  3.190049609347  3.251993708867  -0.590312301048  0.371796546525  -0.111695810406
  29  Si  5.484004512236  3.200803869818  7.612815317343  -0.118504772655  -0.052448294855  2.983294722513
  30  Si  5.527278134818  7.544182311257  3.248827754713  1.153622311879  -2.956423140744  -1.208403752303
  31  Si  5.521659564234  7.542643052790  7.616742002870  0.697341310603  -2.179216176273  2.591744360677
  32  C  0.443226819945  8.424591347298  8.922164736464  -3.766858904317  2.910617810102  -0.739805819178
  33  C  0.403648606563  8.456897386399  4.338248472537  -5.510620311565  4.996970145912  4.768625202967
  34  C  0.296614127014  4.213676998866  8.908197634302  -2.500583494770  1.105619593490  -1.521053420879
  35  C  0.273129488243  4.242665355208  4.352979492123  -3.063362926398  1.770449220563  1.567017758917
  36  C  4.571275813753  8.479999724925  8.903479612152  -0.895002544689  1.372876690551  -1.688827986008
  37  C  4.549173678740  8.480782480771  4.350252581785  -1.263164015401  2.529741284531  1.201687154494
  38  C  4.423768386249  4.270116747008  8.915844435934  0.270273007133  -0.077942450216  -2.428210292048
  39  C  4.389481931406  4.296658906735  4.332876299037  0.797882374022  -0.200185958086  0.432971062061
  40  C  0.236079685654  2.096635768189  2.172296442583  -2.680952986204  0.936803127675  1.133086939785
  41  C  0.251594304216  2.071762003831  6.537037192426  -3.042899316163  1.745688910978  1.341559211404
  42  C  0.300142877085  6.421190904456  2.166738184016  -3.255490123940  1.764945786026  1.954580686926
  43  C  0.312606671702  6.422693454891  6.518134811858  -3.344952414805  1.450102530792  2.261259668440
  44  C  4.381055228894  2.127764173575  2.181859284918  0.122342968976  -0.254147486285  -0.010184721206
  45  C  4.390625862196  2.122415375377  6.520012317296  0.059660366868  0.028897826776  0.037763053799
  46  C  4.425749395020  6.451624242473  2.145692330626  0.475573656403  -0.020406502525  0.848960456655
  47  C  4.431752076178  6.470953529086  6.520151302075  0.158498344865  -0.360002571935  0.538049179701
  48  C  2.378009966681  8.519270391932  2.172923726354  -1.289339576983  2.140972531026  1.305260808096
  49  C  2.357656716213  8.518543721236  6.547255561124  -0.410339295333  1.643697345108  0.826862652869
  50  C  2.235698217446  4.310644667351  2.180921481445  0.111535368193  -0.138688118924  0.081018430707
  51  C  2.244132273432  4.315803281210  6.525516404416  0.077410641536  -0.437693511430  0.338308332543
  52  C  6.706825837108  8.486354439954  2.176089596887  -0.574188941254  1.657400896338  0.674121042746
  53  C  6.732144647091  8.442871642238  6.518618201876  -1.768278342640  2.911202407492  1.640786922852
  54  C  6.590983511728  4.259924560661  2.177142912059  0.004422606692  0.084995555844  0.018178707284
  55  C  6.578947262559  4.269796528053  6.512800441460  0.205055213118  -0.104889376465  0.413158119992
  56  C  2.208698835362  2.135396160341  0.000318889387  0.202294952615  0.168889791083  -2.621839762688
  57  C  2.197847570253  2.128714413450  4.339271476461  0.583825604790  -0.073569338254  0.537925633718
  58  C  2.251488184435  6.489977166951  0.012182733216  0.297707405483  -0.596866623540  -2.849466772894
  59  C  2.247644940767  6.475403390082  4.359691810272  0.850365630135  -0.070842168974  -0.031072202802
  60  C  6.566948965644  2.076448905497  8.914426105458  0.067306031459  -0.032612050012  -2.489364109019
  61  C  6.542800633261  2.090419993788  4.328146681612  0.530829905739  0.041209037950  0.548371451463
  62  C  6.613797837776  6.423103313378  8.919383937152  0.509445039605  -0.099346778500  -2.490162860293
  63  C  6.618829508374  6.437976339358  4.343341272893  -0.216270564368  -0.149963624459  0.174326695451


MDSTEP:  5
LATTICE_CONSTANT: 1.889726125458
LATTICE_VECTORS
  8.464222414683  0.000000000000  0.000000000000
  0.189457436260  8.539041666647  0.000000000000
  0.027529322178  -0.026354767117  8.923178047954
VIRIAL (KBAR)
  178.070255255460  -71.872162061936  -46.041321842641
  -71.872162061936  180.113329244221  52.090488261911
  -46.041321842641  52.090488261911  53.790229285399
INDEX    LABEL    POSITIONS    FORCE (eV/Angstrom)
  0  Si  3.273249197502  1.046603443777  3.266222538508  0.016460095171  0.537944355200  -0.284477095360
  1  Si  3.295148253376  1.053390873203  7.609039544040  -0.370115365490  0.395224309272  3.114933858936
  2  Si  3.322772484471  5.394186836636  3.275172036084  -0.275592949605  0.177410026812  -0.589818350451
  3  Si  3.317723312084  5.379343885195  7.628023578276  0.419660025869  0.249222308301  2.898275011274
  4  Si  7.633341076655  1.012176908859  3.248236755435  -1.455249226170  0.695553233340  -0.014219594683
  5  Si  7.635503573055  0.992133562407  7.603109427037  -1.286817726544  0.775171063905  3.270571262417
  6  Si  7.670852136295  5.355305625803  3.260144629042  -0.743403974506  -0.131758086654  -0.156603271844
  7  Si  7.684104455811  5.352438622881  7.617000736101  -1.078076565064  -0.054620339673  2.913288054494
  8  Si  3.299778175101  3.223671497386  1.089809741620  -0.201647250135  -0.026572140528  -0.953621355225
  9  Si  3.305195020201  3.228405929629  5.415663078049  -0.206892540499  -0.175222256983  0.074191493129
  10  Si  3.340197151923  7.552849336871  1.096107437615  1.609919769669  -2.288195594406  -2.397480342105
  11  Si  3.361458864981  7.566459639391  5.432632674501  0.558625821486  -2.485292604230  -0.651068755005
  12  Si  7.644578322494  3.163112681318  1.079333754497  -0.913429415719  0.572800487896  -1.143391105862
  13  Si  7.657213471554  3.164035858552  5.424237694485  -1.364046035571  0.333618143788  0.158363998140
  14  Si  7.720932573228  7.515647260509  1.069467149320  -0.864641914881  -1.893162260124  -1.237013245418
  15  Si  7.700344193437  7.496182093916  5.444433993944  0.700517683378  -2.306974088182  -1.865805442547
  16  Si  1.104223915299  1.078613325479  1.076399653116  3.642555421548  -0.610713292729  -1.821043456862
  17  Si  1.119489641234  1.070877383429  5.448897522660  3.319787525536  -1.010860793849  -1.540270623958
  18  Si  1.143370839729  5.423483099208  1.093992108157  4.088688768525  -2.164213936208  -2.479770180428
  19  Si  1.164311791097  5.421549906263  5.452988223147  3.936350051083  -2.037405744550  -1.944000434383
  20  Si  5.446610363083  1.016138964726  1.083263429717  -0.374970088458  1.048142151235  -0.950899256280
  21  Si  5.458015114712  1.036599588426  5.424752931450  -0.162092403708  0.159615831527  0.084749468446
  22  Si  5.513203887221  5.350410161578  1.089923112505  -0.449256697566  0.278710703665  -1.179684722996
  23  Si  5.492736024463  5.379218483782  5.435754010785  0.050111276188  -0.113121326390  -0.366708338706
  24  Si  1.141468742128  3.237948262966  3.273852516785  3.546902760010  -1.182789256978  -1.633946260691
  25  Si  1.136045386169  3.258885713576  7.628012164152  3.289473944760  -1.149027183406  2.187909045175
  26  Si  1.191281992085  7.591388377130  3.257551218280  6.070680641252  -5.569433321563  -4.001234182811
  27  Si  1.194094917936  7.562567971088  7.631769202590  4.298986193048  -2.807795690677  1.470421599479
  28  Si  5.493453910751  3.188200374571  3.248984619612  -0.668117801588  0.500269357280  -0.053248091201
  29  Si  5.486137176841  3.199657179112  7.609175148534  -0.138515999145  0.013828183368  3.041911063177
  30  Si  5.529548794090  7.546852090926  3.243792260395  0.984530872077  -2.965488011572  -0.987236085123
  31  Si  5.525554623696  7.538835411501  7.618949449801  0.609406643729  -2.149397700186  2.512591900083
  32  C  0.407582028427  8.459438758183  0.000934402976  -3.443586573673  2.691473426228  -1.067205619881
  33  C  0.404575932123  8.457668902659  4.342769614579  -5.495724975897  5.017879357058  4.580905694368
  34  C  0.289616733729  4.219319759124  8.902967712416  -2.327988270357  1.066024590630  -1.423423922306
  35  C  0.265068134555  4.243402945106  4.359458237147  -2.801825764833  1.752832335332  1.344499486740
  36  C  4.571219276196  8.480541915493  8.907285640005  -0.914833532502  1.279076671248  -1.798298089344
  37  C  4.554083926697  8.481174933575  4.357817072504  -1.348813431088  2.446943522626  0.942695679534
  38  C  4.419270784225  4.265535574327  8.910235775905  0.303615502391  0.001595725585  -2.255258758349
  39  C  4.388099685751  4.302537104180  4.335074316966  0.872811413155  -0.385050621490  0.338979776164
  40  C  0.232003481320  2.099059272006  2.173458274648  -2.574987056648  0.964911499530  1.147497472398
  41  C  0.247396345961  2.073190882858  6.540923052034  -2.957809997253  1.755200967106  1.262890938562
  42  C  0.290553945096  6.424779898128  2.170036842058  -3.016017295934  1.640429157686  1.834979285799
  43  C  0.312722049165  6.424149410949  6.525671409875  -3.300961408338  1.404802005396  2.065359878284
  44  C  4.377412211312  2.130096606147  2.185091653529  0.172480995130  -0.367278026642  -0.096310965273
  45  C  4.390158612009  2.126608817933  6.515364408442  0.115248591291  -0.097740449584  0.148696665376
  46  C  4.423602029903  6.449206333855  2.148369580460  0.499499664344  -0.018141624798  0.768476335053
  47  C  4.427278508732  6.466953608136  6.513704918304  0.233071247916  -0.261429413890  0.797340531007
  48  C  2.371738337665  8.519798977656  2.169809257644  -1.154900495097  2.132250506812  1.327899025930
  49  C  2.166209866813  -0.015157845739  6.542561630716  -0.269908942723  1.514823347718  0.940045823177
  50  C  2.228744069918  4.305396219374  2.184533541047  0.191237557404  -0.000914360211  0.003305308221
  51  C  2.244636497452  4.315795234459  6.522127531896  0.074741282218  -0.439835198878  0.398683538174
  52  C  6.702380632325  8.488289794495  2.182375854127  -0.379786941568  1.594094532982  0.360975196085
  53  C  6.735702919656  8.441382417989  6.518737897707  -1.829579472088  2.917990948338  1.617172000196
  54  C  6.594451750247  4.259657896223  2.171261576620  -0.045589317060  0.073252868650  0.190921118417
  55  C  6.578583051567  4.276096321077  6.518640793855  0.238781784937  -0.169175618756  0.217760270250
  56  C  2.238417654254  2.105797548897  8.917263568371  0.139905681917  0.230124338275  -2.464766415590
  57  C  2.195104657752  2.127909078810  4.339099811370  0.624198226412  -0.060188737836  0.562298803934
  58  C  2.248870997654  6.490749739954  0.015332846716  0.322959832142  -0.590091382584  -2.876251309493
  59  C  2.248542883302  6.482172907088  4.361891497159  0.754068209787  -0.255611025918  -0.155037369871
  60  C  6.569093884572  2.083439557557  8.916748158752  -0.048806175893  -0.216674551000  -2.549171970699
  61  C  6.541630712001  2.090677817123  4.326018356746  0.553728716336  0.082551122223  0.599357021833
  62  C  6.616184269026  6.426498441851  8.922652856648  0.440979380448  -0.179369620126  -2.540115965121
  63  C  6.619143528515  6.439075381326  4.337688612646  -0.215999973554  -0.140222818407  0.299433973619


MDSTEP:  6
LATTICE_CONSTANT: 1.889726125458
LATTICE_VECTORS
  8.464222414683  0.000000000000  0.000000000000
  0.189457436260  8.539041666647  0.000000000000
  0.027529322178  -0.026354767117  8.923178047954
VIRIAL (KBAR)
  177.003994926313  -70.750790425017  -45.295345665179
  -70.750790425017  179.596168853655  51.371906600108
  -45.295345665179  51.371906600108  52.687078218227
INDEX    LABEL    POSITIONS    FORCE (eV/Angstrom)
  0  Si  3.277986557250  1.044938691506  3.266927400929  -0.121444221496  0.518619834544  -0.253867852713
  1  Si  3.290229204205  1.056540568415  7.610295652685  -0.280485019881  0.340176794955  3.059817527933
  2  Si  3.327128461716  5.393484803687  3.277951266430  -0.368042228585  0.163087262019  -0.601395526831
  3  Si  3.314077432108  5.381583974755  7.626212742253  0.390853388247  0.208549317826  2.832703202240
  4  Si  7.633860263687  1.007251432465  3.251580604071  -1.409922361727  0.819106209653  -0.178198881731
  5  Si  7.634778622895  0.992638393065  7.607286009335  -1.291703315918  0.791268351505  3.173357176375
  6  Si  7.666680340525  5.351768303920  3.262986187396  -0.637196390046  -0.004436445562  -0.102745142713
  7  Si  7.688199507286  5.353017062154  7.615812814819  -1.137482735274  -0.062273575211  2.916279699620
  8  Si  3.297063952020  3.220446551663  1.084566685354  -0.090639206294  -0.019092012961  -0.799467117725
  9  Si  3.301053814984  3.230730821854  5.416904792359  -0.199730566889  -0.246834867542  0.095225920064
  10  Si  3.337725643328  7.553932900394  1.099897581651  1.771438985940  -2.446497952853  -2.535829393170
  11  Si  3.364675908385  7.567930721142  5.434789583027  0.436389741463  -2.561438778485  -0.701150144430
  12  Si  7.642228499563  3.164837891622  1.075311417929  -0.895896559886  0.434892301826  -1.065365673133
  13  Si  7.652443573925  3.167135972797  5.428064169654  -1.287647044611  0.283454384972  0.059739325550
  14  Si  7.718774841453  7.513754376942  1.072896942064  -0.815726591267  -1.888635448052  -1.373134177102
  15  Si  7.696825774288  7.499111306392  5.442639162189  0.751204436924  -2.188945294802  -1.643750078288
  16  Si  1.110016339066  1.083456009759  1.076375269884  3.511420738127  -0.715570326776  -1.801037532672
  17  Si  1.122819410536  1.074800892448  5.444319674692  3.192601164979  -1.015329820290  -1.278706380745
  18  Si  1.139528862110  5.419118301772  1.091122808160  4.142640795967  -2.011103117892  -2.367353100789
  19  Si  1.160749163085  5.418405672997  5.447440947321  3.941844583824  -1.761284544078  -1.724996652392
  20  Si  5.448029946261  1.016277298285  1.085174125360  -0.501282351596  0.957742300216  -1.031755910288
  21  Si  5.458874495872  1.034210672810  5.424097191195  -0.278831285442  0.183445277406  0.025390553040
  22  Si  5.511098067877  5.351273271344  1.085114278190  -0.453819410402  0.237993079445  -1.156465046285
  23  Si  5.492419361354  5.380892824794  5.439457100340  0.020497835970  -0.140300093295  -0.432586541446
  24  Si  1.140878334411  3.242641563493  3.270630629956  3.602827816364  -1.464014646157  -1.559546332146
  25  Si  1.133974177332  3.254584405470  7.624577904962  3.350163817385  -1.023354784991  2.228732917135
  26  Si  1.194259547220  7.584862356976  3.251796061605  5.805808984547  -5.077543719750  -3.337857525201
  27  Si  1.191817916139  7.564427096778  7.637411733193  4.399982045097  -2.855966082330  1.178654457864
  28  Si  5.490668909167  3.191196468910  3.245235282586  -0.561008345892  0.410053200489  0.155944266380
  29  Si  5.486763864188  3.202818335018  7.609291984292  -0.272042220157  -0.161222767653  2.905061351878
  30  Si  5.530929008740  7.545290986607  3.247550268268  0.983428430359  -2.941049717970  -1.053917238435
  31  Si  5.523796212514  7.533222612928  7.616218935394  0.509809081151  -1.965412783456  2.569621284272
  32  C  0.408783127956  8.459186737506  0.003778821149  -3.495325150959  2.771441420417  -0.947774244221
  33  C  0.405418472342  8.466798752776  4.344747333157  -5.178403315180  4.401377305080  4.097255834914
  34  C  0.290835531848  4.214485336131  8.899896586528  -2.404249828852  1.129682645840  -1.385169156640
  35  C  0.269861539418  4.242248601237  4.360660517098  -3.035278378451  1.739055733568  1.321770341587
  36  C  4.563104069314  8.488394577540  8.906933483069  -0.783777999836  1.095573837467  -1.812796508818
  37  C  4.546945229677  8.476201898201  4.355961068429  -1.111220293123  2.523210711148  0.951905205335
  38  C  4.413291662922  4.262714095295  8.902105876019  0.386409747209  0.071604662579  -2.118879865582
  39  C  4.384896109873  4.308459689217  4.341878577304  0.991001058263  -0.557945876593  0.246449063577
  40  C  0.232634507110  2.099636029500  2.172059141322  -2.635331852683  0.982598876176  1.168743856282
  41  C  0.245961400027  2.079417084930  6.540186600337  -2.950889026978  1.499400063286  1.216742001633
  42  C  0.291600552057  6.426857661738  2.175369451468  -3.056000528203  1.370214687146  1.587446380233
  43  C  0.309217871273  6.423271590719  6.528264436834  -3.164796982285  1.442236870535  1.888459144169
  44  C  4.383019718024  2.122860549757  2.188281025396  0.028214309448  -0.168809814754  -0.205582507325
  45  C  4.385768865096  2.118609815780  6.508164590254  0.200804854333  0.150049185910  0.303427399625
  46  C  4.427666787764  6.441914559143  2.156516405633  0.421362796096  0.133972413529  0.540308178727
  47  C  4.424198072404  6.461434812775  6.506912647668  0.267237385072  -0.152504520240  0.981875409042
  48  C  2.372953254387  8.518003624638  2.168644027135  -1.211759407226  2.252068208392  1.415174203807
  49  C  2.169841069366  -0.013330294819  6.539293134440  -0.466294207365  1.506341338449  1.084515610773
  50  C  2.231254070770  4.300682099443  2.188337790635  0.206585606011  0.131481377270  -0.131419000118
  51  C  2.236708389999  4.319693210313  6.523042028442  0.174814708792  -0.538152962851  0.382244437843
  52  C  6.700360057148  8.489267437565  2.175996454571  -0.379828332699  1.507173865299  0.594036743129
  53  C  6.728352672971  8.450594665066  6.519384901736  -1.632223193461  2.655652285467  1.550369759975
  54  C  6.597492103614  4.264030296187  2.171845443010  -0.156456100157  0.005922743763  0.094540732210
  55  C  6.577094982046  4.283815248961  6.519349333275  0.265508092030  -0.304326965618  0.243160087617
  56  C  2.237554488976  2.109477144008  8.916563612355  0.115892641145  0.172212375201  -2.525340937826
  57  C  2.194136431247  2.120064199639  4.343546331470  0.681530926914  0.225943230295  0.318496252995
  58  C  2.248251603415  6.492645442354  0.005485349067  0.294124503453  -0.641789601562  -2.621307969891
  59  C  2.254061459469  6.480161722957  4.362864252368  0.614325331850  -0.204555147197  -0.174934647299
  60  C  6.561920264331  2.075792430224  8.919107902008  0.117803968005  0.014588675772  -2.579306263964
  61  C  6.546766306359  2.083306511776  4.327135035829  0.372245526732  0.322935728568  0.527553374170
  62  C  6.613799922656  6.425224843577  8.912921069606  0.489000205497  -0.158353275076  -2.366702908423
  63  C  6.617585651656  6.439976297448  4.345129659903  -0.173039054373  -0.176381612018  0.153338558350


MDSTEP:  7
LATTICE_CONSTANT: 1.889726125458
LATTICE_VECTORS
  8.464222414683  0.000000000000  0.000000000000
  0.189457436260  8.539041666647  0.000000000000
  0.027529322178  -0.026354767117  8.923178047954
VIRIAL (KBAR)
  175.855633856184  -69.550650864848  -43.962444318731
  -69.550650864848  180.176597135398  50.929037848717
  -43.962444318731  50.929037848717  52.200131396725
INDEX    LABEL    POSITIONS    FORCE (eV/Angstrom)
  0  Si  3.282210786972  1.042314484446  3.269327202594  -0.205677924080  0.667440406535  -0.229177967759
  1  Si  3.288988579543  1.058375064448  7.613713609239  -0.246796518455  0.357246872913  3.002915930281
  2  Si  3.331954917756  5.388846409329  3.276884528500  -0.464175738624  0.274169144024  -0.582851481605
  3  Si  3.314359679615  5.381631001656  7.626487571111  0.335675580081  0.138214231776  2.744876000966
  4  Si  7.630653285363  1.012598986395  3.246792563750  -1.435735466749  0.826403671486  0.005515262732
  5  Si  7.631958980537  0.995759904518  7.608079641246  -1.243016574621  0.720334062949  3.225589675329
  6  Si  7.670584349649  5.355250013304  3.263046584335  -0.713366545044  -0.158535028135  -0.056916595747
  7  Si  7.689355119355  5.354104210114  7.617327910528  -1.197677219238  -0.024174680425  2.902395202091
  8  Si  3.293314849617  3.225314196530  1.089717405100  -0.083110565674  -0.105630119383  -0.816994444209
  9  Si  3.297504008559  3.228816890352  5.417368105525  -0.072927470034  -0.256279201371  0.009068710115
  10  Si  3.334266561113  7.549812278534  1.102371579137  1.813974750702  -2.442786989503  -2.637993212973
  11  Si  3.368962144590  7.568343300547  5.433894555106  0.282458093162  -2.547386927067  -0.751636807157
  12  Si  7.642706843394  3.165515794648  1.075313795884  -0.895877493608  0.354561023389  -1.096566705788
  13  Si  7.657644156474  3.162192866969  5.422711501042  -1.398081369956  0.308603812259  0.321297863148
  14  Si  7.717722258730  7.511059405905  1.077835119575  -0.748719715224  -1.779995277308  -1.587439609399
  15  Si  7.697301639520  7.499654237178  5.444617090050  0.773519156051  -2.187792982942  -1.721034128425
  16  Si  1.116860856457  1.082911077023  1.076065441911  3.403094757774  -0.705965135587  -1.807328660660
  17  Si  1.123933139414  1.069982415639  5.439580880363  3.104517986052  -0.657494958855  -0.993622692228
  18  Si  1.135765236632  5.415956719884  1.085167262437  4.271176894777  -1.848122397296  -2.235424518845
  19  Si  1.156624975433  5.417565679728  5.445593903007  3.968453798469  -1.640884476367  -1.555342586414
  20  Si  5.448526886726  1.018020717686  1.086002061502  -0.646169662677  0.951614540983  -1.036139526823
  21  Si  5.457076079863  1.034107446622  5.420863908136  -0.269289300814  0.243761365406  0.117098102194
  22  Si  5.514302339136  5.346257957879  1.087720422503  -0.527782717252  0.256261331908  -1.191160815015
  23  Si  5.490438010754  5.375673546243  5.442988398992  0.103102539593  -0.185757162265  -0.488006581518
  24  Si  1.140471445254  3.241912138010  3.266011675490  3.618802367266  -1.408232335368  -1.269106973726
  25  Si  1.133173446486  3.259941112144  7.628272294103  3.335879959319  -1.113501201998  2.126957658595
  26  Si  1.191128126592  7.588747482851  3.247562009641  5.761684258318  -5.123806450593  -3.220314538014
  27  Si  1.194229394728  7.563375405382  7.635976607212  4.542448820269  -2.669935292676  1.161035364860
  28  Si  5.492793508489  3.191796944777  3.246695088076  -0.669596802839  0.363373696919  0.150477237976
  29  Si  5.489562442660  3.203461106673  7.605744378990  -0.498669887310  -0.325301908890  2.969571286113
  30  Si  5.527187520626  7.539930957289  3.249773910018  1.126100714362  -2.722935891736  -1.128920134436
  31  Si  5.526791360498  7.532212090393  7.613804231914  0.457298769705  -1.884284468542  2.601243145201
  32  C  0.441601359991  8.430941712274  8.922101068581  -3.639507654742  2.829515174391  -0.681294714456
  33  C  0.405206014357  8.471919331115  4.344778962309  -5.227952609902  4.232457892402  3.922783739268
  34  C  0.289736648087  4.223204895255  8.903919872984  -2.475647408126  0.893619439222  -1.548458528578
  35  C  0.270754021840  4.239731264041  4.366845040809  -3.030097684652  1.695711590222  1.074507449984
  36  C  4.561541586115  8.486263992910  8.910466260334  -0.778726932400  1.112151828723  -1.881703511089
  37  C  4.549140760433  8.485336213821  4.352864867285  -1.093286001311  2.228232868024  0.986552922099
  38  C  4.405134524972  4.264680515942  8.905987719050  0.532850243968  0.074945155915  -2.152717160818
  39  C  4.388117001162  4.305600691677  4.339986060550  0.916219191435  -0.538092994065  0.316435303941
  40  C  0.234733456033  2.100518702233  2.172998327062  -2.621551075577  0.910714475349  1.028043258990
  41  C  0.243018748653  2.076285063073  6.549393636640  -2.737329202163  1.472328833265  0.910098469960
  42  C  0.292273165994  6.422976564448  2.172015669658  -3.072441652838  1.493868477249  1.653367668614
  43  C  0.314450671953  6.432137771216  6.535479410470  -3.236611254326  1.085917804089  1.572248160655
  44  C  4.378815731319  2.122523002213  2.192883886411  0.120458885938  -0.116992307388  -0.293681490696
  45  C  4.378097494494  2.113117123764  6.500519978969  0.374386269485  0.266781325762  0.503747364076
  46  C  4.434037359035  6.444218114203  2.154793445457  0.283738461702  -0.012881375172  0.586070115339
  47  C  4.426691813458  6.457854390808  6.503909773318  0.219255394390  -0.075158007065  1.036698170018
  48  C  2.379140062997  8.516629300153  2.176640155209  -1.300640904378  2.272360270970  1.243693183798
  49  C  2.173468640323  -0.004136824167  6.535870816307  -0.471523194482  1.224408214984  1.131512528530
  50  C  2.224589649722  4.304245035173  2.192774077267  0.325665930758  0.114176010237  -0.269471103786
  51  C  2.238760802540  4.313404013186  6.514812413490  0.092306685945  -0.313963635496  0.593999131486
  52  C  6.701454509100  8.496490818510  2.171697203290  -0.447303935807  1.314989959706  0.789104787618
  53  C  6.732554107892  8.457773702450  6.514819470588  -1.787801900499  2.544519815551  1.651330991173
  54  C  6.599834963381  4.256112104582  2.174650622495  -0.126847040996  0.180932556475  0.074153377399
  55  C  6.575802785505  4.276557183071  6.525402702363  0.421338731060  -0.134830837906  0.081393053421
  56  C  2.236995778695  2.117376003326  8.913846927952  0.102888887975  0.111236805581  -2.412575605487
  57  C  2.200617138864  2.121543258427  4.348398238728  0.485016591183  0.180680667568  0.116073385996
  58  C  2.269416774436  6.465490871503  8.919228280124  0.410990146006  -0.631225750734  -2.440774673745
  59  C  2.246071805979  6.474973271204  4.354635710535  0.796701371091  -0.066747686081  -0.033810669700
  60  C  6.557980264247  2.072691675743  8.921147256687  0.212504325523  0.128154585754  -2.608618524655
  61  C  6.538830527330  2.091107467574  4.334555289123  0.585621496984  0.142013829862  0.313002047622
  62  C  6.606163289003  6.425296717001  8.915286972304  0.639580586953  -0.154222633037  -2.394809012720
  63  C  6.613382781816  6.436804270216  4.345823632593  -0.053772221897  -0.138783628599  0.201036426883


MDSTEP:  8
LATTICE_CONSTANT: 1.889726125458
LATTICE_VECTORS
  8.464222414683  0.000000000000  0.000000000000
  0.189457436260  8.539041666647  0.000000000000
  0.027529322178  -0.026354767117  8.923178047954
VIRIAL (KBAR)
  175.647667233679  -68.614005422229  -44.139228995481
  -68.614005422229  179.153593977125  50.977224496806
  -44.139228995481  50.977224496806  51.648068945273
INDEX    LABEL    POSITIONS    FORCE (eV/Angstrom)
  0  Si  3.281343152075  1.048299492684  3.270226402272  -0.295934550206  0.495214329000  -0.186486921124
  1  Si  3.283876142830  1.057043234210  7.616939331792  -0.007226947803  0.443430063575  2.942732067280
  2  Si  3.337040583878  5.393178415903  3.278187767956  -0.545073532393  0.100638019857  -0.541093500953
  3  Si  3.313085007928  5.383939994802  7.623696021237  0.374909873897  0.139772318622  2.845136595927
  4  Si  7.625852893504  1.016651265375  3.249010910350  -1.251618674652  0.657137481154  0.052327584152
  5  Si  7.628218739743  0.999957897928  7.614020194173  -1.076908926471  0.737281251762  3.112220436298
  6  Si  7.667486241270  5.350156259709  3.259518469594  -0.459315496744  -0.041590148741  0.149924446834
  7  Si  7.682832411271  5.349413504282  7.613971779294  -0.973651231042  0.153629007263  3.026052107919
  8  Si  3.298248843062  3.221096886130  1.091374560322  -0.221441219383  0.211791766213  -0.865868001844
  9  Si  3.299292880422  3.227839437311  5.423327867460  -0.060601092155  -0.298986583992  -0.073248632365
  10  Si  3.330954293414  7.553437679583  1.107026663420  1.772885922254  -2.574122354677  -2.800916972284
  11  Si  3.372252659344  7.573056113802  5.431592132880  0.106886117379  -2.579251442145  -0.586319890973
  12  Si  7.641635625502  3.170319698937  1.070979692771  -0.973558171482  0.278911206463  -0.989570322511
  13  Si  7.651752886625  3.159439992991  5.427277009121  -1.347837617650  0.524377087115  0.165725802931
  14  Si  7.714470528453  7.509432848227  1.079362258694  -0.562029574968  -1.647855303125  -1.687645652005
  15  Si  7.702940319763  7.500725373537  5.443897860073  0.678638652899  -2.163929282029  -1.563201141754
  16  Si  1.122084332944  1.087789255705  1.076428274042  3.292594311735  -0.713298684883  -1.881304486511
  17  Si  1.119394481791  1.074916994446  5.441691855939  3.142164942545  -0.807181716856  -0.987441770517
  18  Si  1.133425137995  5.419293810064  1.088821596600  4.151360515598  -1.856565461490  -2.309013301413
  19  Si  1.162269706206  5.416636894147  5.442441470760  3.768034418262  -1.534862663815  -1.309445578170
  20  Si  5.452391924959  1.020198121960  1.081341616209  -0.698014167374  0.832665426752  -1.051031681718
  21  Si  5.460480956275  1.033084149245  5.416036617875  -0.326210586014  0.163002331282  0.186561725065
  22  Si  5.509423213708  5.350626510874  1.093276776958  -0.475033480671  0.148637252804  -1.281062854942
  23  Si  5.487969241283  5.380630279848  5.439776428517  0.204852811455  -0.300818991365  -0.333011544773
  24  Si  1.137514614252  3.237303386268  3.267667312614  3.665717729771  -1.415222681051  -1.416044184263
  25  Si  1.138342915593  3.254655556653  7.626766388931  3.189158639192  -0.987590795961  2.197531743375
  26  Si  1.190852003054  7.592289548215  3.243188777124  5.817852267038  -5.230562871021  -3.179014102561
  27  Si  1.200669138811  7.568306282862  7.632118037200  4.460692231119  -2.611310648689  1.354992296759
  28  Si  5.493744002806  3.187811459808  3.252612348831  -0.767707881345  0.488355944822  -0.108565304783
  29  Si  5.488842968926  3.197369410725  7.606114069915  -0.500654169830  -0.176529777735  2.898328570377
  30  Si  5.530559131506  7.543253586467  3.244435057444  1.079599154976  -2.822105762485  -0.983561348049
  31  Si  5.531779721585  7.533169228318  7.614790823485  0.368368491239  -1.869058233831  2.631941740582
  32  C  0.448028012285  8.437890291174  8.918835668133  -3.799928746979  2.752402509016  -0.592459682729
  33  C  0.410073118841  8.466759898847  4.343483437751  -5.394752628643  4.538843117945  4.130270411836
  34  C  0.282753763585  4.218346607853  8.901327361109  -2.268103226959  1.032045274068  -1.503867823350
  35  C  0.275929894291  4.232263961684  4.368267918472  -3.261098769435  1.863316566616  1.184709894980
  36  C  4.555700154979  8.484284626612  8.908216666817  -0.656979479016  1.179268075458  -1.782255246637
  37  C  4.547456831204  8.482308642516  4.352456232418  -0.949055103366  2.312749382802  0.845737584789
  38  C  4.407652399502  4.271134138581  8.906177768406  0.474256888642  -0.063372127845  -2.098779376783
  39  C  4.390506371448  4.301317901770  4.342421170643  0.849081635789  -0.461464302757  0.289215423041
  40  C  0.223880462383  2.092558097689  2.173110548121  -2.422947980620  1.157273279472  0.976682209509
  41  C  0.233907692468  2.085569027683  6.542458841643  -2.654294325825  1.245536069890  1.115852335159
  42  C  0.292440777194  6.432222382817  2.179759301623  -3.124887897016  1.188670986107  1.383671042460
  43  C  0.321174037980  6.440716892360  6.544004226445  -3.238556711734  0.659235513008  1.185759366413
  44  C  4.374383386023  2.115735893266  2.184927903975  0.300777860901  0.032476038759  -0.096722644680
  45  C  4.381926252077  2.104842530444  6.493780841869  0.305100277557  0.350574179470  0.662454751982
  46  C  4.428947271608  6.439908736574  2.154653417614  0.372738114768  0.198642730201  0.621600161260
  47  C  4.430217663965  6.462095046242  6.508719955946  0.145021618673  -0.093609039581  0.882384983338
  48  C  2.370838084621  8.515439821490  2.178604292249  -1.062497375493  2.456084862797  1.214915082999
  49  C  2.177157786120  0.004890979038  6.543300046811  -0.518511781214  1.087478143163  0.812222038309
  50  C  2.221694353851  4.313039643180  2.199791443927  0.412911838548  -0.156016341765  -0.421309953354
  51  C  2.244370178631  4.305536809179  6.521218899299  0.019665488627  -0.124836262271  0.459757019225
  52  C  6.708370273032  8.501973636056  2.176900456862  -0.642212505756  1.278987149521  0.610922485380
  53  C  6.735402764571  8.464161825290  6.519016407336  -1.719045398313  2.369680745115  1.449744310254
  54  C  6.601873949927  4.265478174368  2.180293217506  -0.273956843090  -0.102287636268  -0.080396429443
  55  C  6.579967812647  4.279791863274  6.531967957185  0.172575993953  -0.222479855363  -0.130853159696
  56  C  2.243166936497  2.124896079701  8.904703984560  -0.019226431975  -0.001573241991  -2.213989397316
  57  C  2.197078695523  2.123063095745  4.354993352997  0.599644339660  0.162222093637  -0.019572004008
  58  C  2.260390515595  6.468507079320  8.911348832175  0.571418318224  -0.623587134107  -2.244958174329
  59  C  2.247726205783  6.473105107423  4.347328276741  0.831968971006  0.060613154406  0.155333355763
  60  C  6.556279907543  2.077228917525  8.911068605457  0.181846518381  0.085188120835  -2.401545264755
  61  C  6.535257988337  2.091785323182  4.328614347410  0.660541249713  0.098737750191  0.497194363205
  62  C  6.599157672813  6.423605945303  8.921003047238  0.761003107245  -0.066418425364  -2.447138578839
  63  C  6.619795294913  6.430004967074  4.348563315765  -0.183395775428  0.061618542043  0.125792992032


MDSTEP:  9
LATTICE_CONSTANT: 1.889726125458
LATTICE_VECTORS
  8.464222414683  0.000000000000  0.000000000000
  0.189457436260  8.539041666647  0.000000000000
  0.027529322178  -0.026354767117  8.923178047954
VIRIAL (KBAR)
  175.345489911719  -67.799015860597  -43.001575962326
  -67.799015860597  178.270178791917  50.498592873335
  -43.001575962326  50.498592873335  50.769647507058
INDEX    LABEL    POSITIONS    FORCE (eV/Angstrom)
  0  Si  3.281185980624  1.051856505928  3.271830518347  -0.306524672758  0.320906392331  -0.251172763030
  1  Si  3.281153491880  1.056693431556  7.615392378298  0.008839367276  0.453372414599  2.847932476420
  2  Si  3.332107588488  5.390398533275  3.274067243930  -0.304914143450  0.204766756355  -0.342459224814
  3  Si  3.310002189034  5.384991831911  7.628253442384  0.385234178323  0.130761258581  2.715858279928
  4  Si  7.620187110919  1.017915231045  3.248508435105  -0.990482046805  0.687738590278  0.081988404498
  5  Si  7.625043619410  0.995400127326  7.619860459685  -1.021442614932  0.777810125608  2.895034374695
  6  Si  7.666004874876  5.350583036369  3.260875646357  -0.511089913272  -0.118742684832  0.268963571240
  7  Si  7.682165995252  5.353645522410  7.610153656982  -0.928691248870  0.066418122203  2.991967037140
  8  Si  3.300080756290  3.226663784511  1.091683537296  -0.252748617687  0.105027103044  -0.860474642630
  9  Si  3.299949109823  3.231174506585  5.425803705662  -0.006903251405  -0.434801652812  -0.287774285717
  10  Si  3.327481195304  7.549379258392  1.105395932497  1.797921269273  -2.393670761058  -2.681806066949
  11  Si  3.376431764545  7.572832132216  5.436776448729  0.062317123611  -2.522179945301  -0.754208815619
  12  Si  7.636329256125  3.172888264288  1.066654646644  -0.965693250909  0.317909672508  -0.868029351615
  13  Si  7.648939671575  3.165437639165  5.430909050378  -1.237697458467  0.384267776294  -0.071794886815
  14  Si  7.708950888010  7.502892067645  1.076839417294  -0.161414095209  -1.483106638042  -1.651865777824
  15  Si  7.703882825095  7.497758515775  5.443163079525  0.748001601876  -2.143919110440  -1.632381756251
  16  Si  1.122139556439  1.090553558156  1.069468904953  3.144240850619  -0.690577346022  -1.550390565000
  17  Si  1.114147326469  1.070760752990  5.445775180086  3.375407391256  -0.556479923123  -1.184542706356
  18  Si  1.130223344660  5.423241414286  1.091388666519  4.310879045521  -1.963745932600  -2.445137750092
  19  Si  1.166099035638  5.414815697385  5.442233354888  3.654932205166  -1.288040525902  -1.303747175679
  20  Si  5.450631588332  1.021664484621  1.084604559072  -0.709058356263  0.857113088719  -1.160212677611
  21  Si  5.464736238037  1.031906465901  5.413830475923  -0.401797534604  0.231251717298  0.071594353004
  22  Si  5.512456742375  5.351028356158  1.086482812915  -0.513911264803  0.203812911445  -1.131583838960
  23  Si  5.493807630920  5.385083916388  5.445682032610  -0.236160945959  -0.435098683515  -0.463264419341
  24  Si  1.141560711333  3.242603985595  3.260669809560  3.531919135563  -1.701039249690  -1.222235570616
  25  Si  1.133725866909  3.254256058776  7.625343244082  3.217888285045  -1.013534758332  2.082835423595
  26  Si  1.193496657651  7.595912820451  3.236371519065  5.379991248753  -5.031373162079  -2.397595457959
  27  Si  1.203090862559  7.573059124382  7.629535858100  4.558014612564  -2.660214437895  1.289376534415
  28  Si  5.492235711211  3.182444831574  3.247556420882  -0.661938254292  0.666120675402  0.067181274612
  29  Si  5.484230378182  3.200865564170  7.607353623087  -0.455801690118  -0.313765480410  2.788850964390
  30  Si  5.533287542889  7.537763953907  3.238964930831  0.931688297347  -2.621357648882  -0.744775074277
  31  Si  5.531331443699  7.538930732989  7.615885480565  0.345311349110  -1.875325073900  2.579173763888
  32  C  0.450650611762  8.444755976484  8.909161760299  -3.956313435164  2.552662729941  -0.341086790780
  33  C  0.411724253135  8.473855136067  4.354597219769  -5.280810517252  3.954994550650  3.378708497369
  34  C  0.286096387345  4.216860526579  8.906738409898  -2.311635737685  1.075598545764  -1.625980902546
  35  C  0.278544176155  4.232735774805  4.365721030041  -3.285873555088  1.857229537758  1.274618752048
  36  C  4.547050104800  8.495220299539  8.901549056333  -0.535566578378  1.037393590065  -1.613059502784
  37  C  4.539843258439  8.485489045218  4.346513664155  -0.593855017689  2.130441937745  0.833328722876
  38  C  4.406547461880  4.280528312256  8.899432581848  0.473981844393  -0.216132350722  -1.996691377581
  39  C  4.392053953917  4.293576375484  4.333007511323  0.859494079771  -0.233084619732  0.501797536726
  40  C  0.213146849417  2.099747509754  2.167362871415  -2.130809513401  0.972660581174  0.955700834638
  41  C  0.225165953287  2.081924729574  6.536589376836  -2.591291285908  1.423151862881  1.367172889284
  42  C  0.293637864230  6.424181898658  2.188785253816  -3.256978213454  1.483046640337  1.257822554064
  43  C  0.323107449619  6.448261503881  6.546294729567  -3.191900579907  0.362343579062  1.015997279259
  44  C  4.376930260360  2.117916015900  2.193898665159  0.211451566336  -0.034798820749  -0.429201386968
  45  C  4.381070099357  2.102486514041  6.492310836838  0.336890892859  0.404019956986  0.725400346168
  46  C  4.434672494415  6.439333995002  2.153113335766  0.244729828033  0.170242425271  0.509528067297
  47  C  4.420498432552  6.464459963060  6.518737534712  0.439496688220  -0.170800666100  0.786292321061
  48  C  2.363552504969  8.508341398371  2.188308459672  -0.779233233064  2.641607051358  0.716795958308
  49  C  2.175275588710  0.007584269152  6.535284283134  -0.473667022384  1.075534572874  1.037970058309
  50  C  2.220940003895  4.315972400217  2.207070156991  0.447157972952  -0.141377167832  -0.755997545742
  51  C  2.246793294434  4.311910704638  6.514534917340  -0.060887543396  -0.291541701577  0.703383589209
  52  C  6.713521476332  8.503156949586  2.171368171100  -0.786951776247  1.170191232349  0.723380595094
  53  C  6.737577762890  8.460730652990  6.511147379905  -1.844225444268  2.455752963156  1.695296511083
  54  C  6.596522156220  4.272392125069  2.183374667306  -0.217447584754  -0.257139004746  -0.264608035907
  55  C  6.573997565063  4.275482404454  6.522345623293  0.296246000368  -0.052988835611  0.190922689757
  56  C  2.245066068975  2.116164260123  8.902699555397  0.055437289123  0.254429349999  -2.167697896890
  57  C  2.207461169804  2.114652742009  4.347166212986  0.214939080694  0.427123507911  0.230304923357
  58  C  2.270033451901  6.463059027753  8.902688224996  0.307838764395  -0.552769301963  -2.026510634455
  59  C  2.256281045330  6.476766622128  4.352441168551  0.671672394587  0.003589850976  0.034420639693
  60  C  6.565669887479  2.069798512199  8.907160007713  -0.065575747286  0.195872292293  -2.327309920543
  61  C  6.542624045545  2.096798736944  4.323482889767  0.462331044003  0.031275880118  0.612305263606
  62  C  6.582047417627  6.450482936155  0.000509847156  0.532853234746  -0.112980118167  -2.584446209008
  63  C  6.613407058807  6.424160347827  4.358005880415  0.022185503344  0.224146358705  -0.093861476670


MDSTEP:  10
LATTICE_CONSTANT: 1.889726125458
LATTICE_VECTORS
  8.464222414683  0.000000000000  0.000000000000
  0.189457436260  8.539041666647  0.000000000000
  0.027529322178  -0.026354767117  8.923178047954
VIRIAL (KBAR)
  174.768294868954  -66.443921783664  -40.376073211952
  -66.443921783664  178.515369814398  48.422380490506
  -40.376073211952  48.422380490506  48.677377776640
INDEX    LABEL    POSITIONS    FORCE (eV/Angstrom)
  0  Si  3.277448231743  1.051274560510  3.276112378198  -0.137350419931  0.333174156676  -0.193352842923
  1  Si  3.286639354294  1.058867521532  7.610942205237  -0.187095278897  0.392162619611  2.874858789010
  2  Si  3.337837491709  5.386874076156  3.269417250278  -0.537269347675  0.235774419023  -0.155490682161
  3  Si  3.308874751562  5.381355556059  7.625681764527  0.452730915829  0.153254622764  2.702102795965
  4  Si  7.620119357256  1.013887812596  3.248546406261  -1.040107723996  0.876028652880  0.140777892094
  5  Si  7.627157879781  0.989923313902  7.616426955244  -1.062227702542  0.831347060888  3.020700631444
  6  Si  7.664808325661  5.344257239013  3.258288586841  -0.430977597340  0.025292883784  0.330341957840
  7  Si  7.686394246828  5.359051811435  7.604978558051  -1.156283704165  -0.161467711945  3.117692345307
  8  Si  3.293775570266  3.231932564394  1.092521361571  -0.161683526511  -0.056065172636  -0.863813648169
  9  Si  3.303884904557  3.225000789317  5.429697429390  -0.113299164388  -0.277391563695  -0.406564710830
  10  Si  3.331563608661  7.545838231453  1.100836903589  1.543937329478  -2.177879682912  -2.422362640893
  11  Si  3.377347967780  7.567791684342  5.441836073333  0.036196618145  -2.328442753677  -0.848446145638
  12  Si  7.638401814354  3.167720079448  1.061142266707  -1.066663877240  0.373061427535  -0.767714878548
  13  Si  7.653324538410  3.165970565473  5.428927113719  -1.457581709550  0.425579833694  0.036153705042
  14  Si  7.703262707878  7.496117888684  1.076989060062  -0.175692626563  -1.314741093302  -1.720936594795
  15  Si  7.705454974127  7.500160588309  5.444513485632  0.855897856503  -2.255652251888  -1.645308902429
  16  Si  1.127044938958  1.085495858977  1.071500572902  2.977691052409  -0.309827410827  -1.299213288432
  17  Si  1.109514566776  1.077234521158  5.446377907698  3.618002530876  -0.670490431040  -1.499487651817
  18  Si  1.126647080292  5.416075267508  1.089852920630  4.389625891699  -1.863723333155  -2.410748988304
  19  Si  1.170368958136  5.418757951308  5.442003485884  3.546759694158  -1.287897675045  -1.391789462903
  20  Si  5.450456763971  1.022870344994  1.088643410683  -0.770925690671  0.827472026030  -1.147878854858
  21  Si  5.467967368149  1.026854010045  5.407180453992  -0.335099501482  0.311949661325  0.280904086814
  22  Si  5.514029989472  5.355308890904  1.081080138197  -0.599839197659  -0.005584225346  -0.964191262201
  23  Si  5.497200225183  5.387016931585  5.447847966989  -0.250654013836  -0.532312152439  -0.663834055034
  24  Si  1.137352449853  3.245407461234  3.263248437374  3.737510856465  -1.803495938157  -1.196433815605
  25  Si  1.137064955352  3.251672802206  7.625257832452  3.066870385497  -0.929004990660  2.017353273954
  26  Si  1.192551639422  7.588836336025  3.236864512065  5.200726259093  -4.542766726356  -2.183357640674
  27  Si  1.211365854517  7.567942971001  7.631022347942  4.214594336526  -2.319551374607  1.554648667196
  28  Si  5.492788979030  3.180352274074  3.249069619275  -0.836107344489  0.629139814453  -0.003583823701
  29  Si  5.477220640524  3.194512552362  7.607248502755  -0.347868411152  -0.282638838137  2.746803228249
  30  Si  5.533910601026  7.537625043441  3.245495342080  0.876896936827  -2.511578798656  -0.848291993414
  31  Si  5.529252395514  7.535479188901  7.611487825968  0.356130977998  -1.746437982235  2.738747377250
  32  C  0.444514811856  8.455798842724  8.917856009009  -3.743796830852  2.022957379557  -0.828170152813
  33  C  0.407466811163  8.480726993007  4.358854700429  -4.988468139416  3.586742767094  2.989001538624
  34  C  0.277170161039  4.223738217460  8.901546776101  -2.196976430552  0.900232715201  -1.683711475716
  35  C  0.284029835602  4.233047501143  4.370051079433  -3.422875730619  1.972050136824  1.292524010900
  36  C  4.542910986983  8.501211427762  8.905990942460  -0.415582165029  0.884672240729  -1.793941019076
  37  C  4.548280039395  8.492008055219  4.357104258914  -0.832351860281  1.856548535738  0.633497560794
  38  C  4.406828414035  4.275746732136  8.893590717723  0.398095213244  -0.153213593964  -1.866461656972
  39  C  4.384313860692  4.288911077104  4.330232211846  1.096784452158  -0.119274643790  0.623345754278
  40  C  0.211988137761  2.107123425294  2.176726197910  -1.986246618564  0.651004410109  0.596183667994
  41  C  0.223405177545  2.075692634411  6.531381180058  -2.688666135045  1.758887139988  1.660009267364
  42  C  0.293872110371  6.425649585217  2.181872176608  -3.303919420603  1.348848832119  1.349898152880
  43  C  0.321752887418  6.438204261562  6.553491504877  -3.085159925886  0.673901617956  0.850477398118
  44  C  4.369243643310  2.111079805831  2.195338824418  0.331808635190  0.151101136992  -0.464933848867
  45  C  4.380208109242  2.093518704342  6.482888964399  0.444151698767  0.501280654136  0.902915365532
  46  C  4.426433277443  6.437078828778  2.159285165759  0.523417230018  0.216019875606  0.313529832263
  47  C  4.428762673903  6.460235331546  6.519329969806  0.171105908515  -0.098014969894  0.780283907677
  48  C  2.370149575288  8.516885525700  2.194846440341  -0.835216694619  2.227752891361  0.498623775734
  49  C  2.167270883496  0.017049159659  6.526992873611  -0.243086673552  0.807871098179  1.212998033284
  50  C  2.221105938979  4.314403387961  2.214541542097  0.369393145409  -0.061102189662  -0.961035550359
  51  C  2.244537385841  4.321151223705  6.505193978591  0.066100373495  -0.563966263795  0.872348870374
  52  C  6.714985190052  8.505812958357  2.172928972262  -0.872175730953  1.001376259260  0.683656313921
  53  C  6.740877997442  8.455019546163  6.513749944630  -1.952206256048  2.543040221396  1.695760797258
  54  C  6.596900478707  4.267254586368  2.188203902246  -0.265953048149  -0.184285858171  -0.486679689454
  55  C  6.565964149367  4.279985575959  6.528857759437  0.506407068276  -0.208664847920  0.064038329061
  56  C  2.237443949895  2.123087904610  8.894315739059  0.155664385338  0.206281911866  -2.062194784793
  57  C  2.216339033951  2.119016971472  4.347230635860  -0.071160378323  0.374898161069  0.303223396315
  58  C  2.268337411784  6.463249804282  8.896752504225  0.360136393361  -0.597610438023  -1.913351312056
  59  C  2.250230116705  6.480389452998  4.346152582807  0.887147893728  -0.102367783410  0.131801284054
  60  C  6.560510835379  2.062773202833  8.908128115367  0.026332503004  0.297927017655  -2.405016378520
  61  C  6.535358416449  2.098043540809  4.325677796742  0.700198757310  -0.015556971551  0.553465077070
  62  C  6.603071121651  6.416743636952  8.914421481611  0.669861208226  0.102745347741  -2.472533361467
  63  C  6.618080253610  6.432437678328  4.353665672630  -0.009607630962  -0.019369862343  0.002164029761


