MDSTEP:  0
LATTICE_CONSTANT: 1.889726125458
LATTICE_VECTORS
  9.482229541554  0.000000000000  0.000000000000
  -4.663678045226  8.056848156270  0.000000000000
  0.299068174000  0.262196589534  10.358687274013
VIRIAL (KBAR)
  -98.908300617041  -21.239643981824  -41.311699056023
  -21.239643981824  -1.271816411913  -36.796693500904
  -41.311699056023  -36.796693500904  -91.932676173016
INDEX    LABEL    POSITIONS    FORCE (eV/Angstrom)
  0  Si  0.058911493089  1.841491928556  2.542082392757  -0.961184777138  0.028353174432  -0.880559728364
  1  Si  3.200579820800  7.235013045239  2.414166026616  0.495533405390  -0.788949001130  0.362124967901
  2  Si  -3.057435833906  7.287976473019  2.512327891239  -0.670652630596  -2.200255675512  -0.147752411117
  3  Si  4.800692956384  6.368619948119  4.986093559907  0.536733451782  0.064390800444  0.574147836271
  4  Si  1.657830669498  0.960693633995  5.097356838229  -0.718614420305  0.853413338451  -0.011440975549
  5  Si  7.911615067186  0.936798157687  5.030264694101  0.400258385566  1.242792687374  -0.073525067383
  6  Si  0.114799172360  1.923614067508  7.684198678864  -0.569711075834  -0.656483167082  -0.674634271616
  7  Si  3.265680854235  7.301608267487  7.577544459829  0.407163759679  -1.113865438773  -0.157087432900
  8  Si  -2.971513387491  7.348265245853  7.651773814128  -1.057705891640  -1.991764152741  0.141943752588
  9  Si  4.866298718014  6.435281099249  10.131952819200  1.152343189062  0.331617111493  1.198553891707
  10  Si  1.713200872203  1.017276703774  10.237022666611  -0.009680598110  2.017135739020  1.036952684358
  11  Si  7.981504905755  0.987075648162  10.153007391036  0.880048097841  2.025983535539  1.225235787951
  12  Si  -1.503865552933  4.562642662749  2.538495003637  -0.727772745646  -0.325339376360  -1.038802504802
  13  Si  1.638931211153  4.546651567731  2.484583290342  -0.140064813038  -0.066325925698  -0.305452007991
  14  Si  0.070507819605  7.256277737729  2.471324330919  -0.038941069361  -1.426845114916  0.187252949663
  15  Si  6.346467817468  3.653623530631  4.999054984744  0.686756489261  0.040521494657  0.419772253497
  16  Si  3.201911538754  3.662552893363  5.050961719413  0.599582955691  -0.113419042967  -0.121783492670
  17  Si  4.764489799943  0.945523267807  5.048554375096  0.123376699414  1.206431917483  0.330111681430
  18  Si  -1.429045800920  4.613360256313  7.650879427771  -0.911312053904  -0.053207652450  -0.459322623289
  19  Si  1.677388383659  4.617355538970  7.613092269843  0.453699729480  -0.064705358405  0.077620656180
  20  Si  0.155182198232  7.334707434406  7.611528149441  -0.226294857359  -1.460516850875  0.457705670892
  21  Si  6.431498186585  3.732720984323  10.126421858196  0.828328646512  0.394393294521  1.368665245263
  22  Si  3.288658208949  3.722505802958  10.181126475140  0.367143316466  0.552073387859  0.921971155526
  23  Si  4.848616273034  1.024100780929  10.195685278169  0.472939593823  1.084349647261  0.920849226986
  24  Si  3.170347880030  1.823336908001  2.508095222532  0.262947888101  0.497166709922  -0.462915956645
  25  Si  6.306678003250  1.813812317938  2.454796065592  0.333153155741  0.352932347051  -0.359562063124
  26  Si  4.764614232109  4.541336134096  2.438800928100  0.188935396598  0.029358895570  -0.338619653693
  27  Si  1.658360506379  6.372744543048  5.030280733683  0.281373605439  -0.120303874715  -0.227896674180
  28  Si  -1.455555116512  6.392187398418  5.088101864862  -0.401152085121  -0.249460331491  -0.274257635921
  29  Si  0.096183851414  3.678495259518  5.076805539800  -0.453286715460  -0.314880730163  0.096931390977
  30  Si  3.248116559235  1.899218751345  7.635639700305  0.014541769517  0.186429149053  -0.005558961974
  31  Si  6.396554157893  1.884494853249  7.596348247014  -0.104124771205  0.307226943799  -0.345515437494
  32  Si  4.829808571687  4.607065787047  7.584664192861  0.156860026550  -0.013118899455  -0.323604536473
  33  Si  1.736564283099  6.423610968706  10.190011073345  0.692440157813  0.518429614955  0.668233736605
  34  Si  -1.394557675169  6.462572596732  10.197668827304  0.118964462377  0.030684444639  1.160073941927
  35  Si  0.144506586356  3.730251055498  10.229060958140  0.352679184887  0.827060615563  0.756533594492
  36  C  0.066251859389  1.869352878218  4.460782535427  -0.416984484656  -0.298460888052  0.061550937926
  37  C  3.226282915419  7.272424532203  4.355684878132  0.188770744804  -1.084472609726  -0.028096965394
  38  C  -3.033831161243  7.291557621824  4.454739534108  -0.517905913064  -1.344889941199  -0.564640755429
  39  C  4.830814546248  6.395269989793  6.928637468407  0.553272217981  0.262727735368  0.677401528609
  40  C  1.665131228002  0.977073501957  7.033307951938  -0.001899253992  1.893975601204  -0.613249646944
  41  C  7.925545050070  0.951090574393  6.933569974440  0.759342238014  1.738212935192  0.618471263248
  42  C  0.124262862039  1.947860460496  9.605004849267  -0.187948936243  -0.625480864448  -0.047103108882
  43  C  3.320523388699  7.334791736544  9.485884178355  -0.329908339126  -1.126585451628  0.354195397858
  44  C  -2.974459591336  7.382604920030  9.608678044568  -0.318375157107  -2.066707618517  -0.982422715013
  45  C  4.762862924853  6.339594964891  1.770419993322  0.113369002212  -0.254618660187  0.212804903276
  46  C  1.602737443335  0.924245075878  1.907996302704  -0.568461114734  1.198390172277  -1.611847238061
  47  C  7.866929884337  0.890820085168  1.789501801003  0.104552952511  1.352464113739  -0.285736955566
  48  C  -1.478025337992  4.584251263075  4.466386008566  -0.576955629971  -0.376809097312  -0.296482669101
  49  C  1.656867900619  4.542312006876  4.420111987582  -0.247675581694  0.538409000583  -0.063028734535
  50  C  0.103171878495  7.289930441386  4.410252527621  -0.234623648575  -1.490920525530  -0.201342908758
  51  C  6.379346040527  3.680378504674  6.930586776202  0.713248965725  0.274609981795  0.793652121767
  52  C  3.247031049901  3.692545114797  6.971534076132  -0.194108339328  0.015278430035  0.224684260931
  53  C  4.798981299269  0.980242139587  6.996608671928  0.013725819643  1.373438127714  -0.592895326291
  54  C  -1.421931666620  4.657528988219  9.587494404552  -0.347126206494  -0.438706788026  -0.294430006917
  55  C  1.721970977072  4.638925292191  9.546625515843  -0.143256872610  -0.313378643008  0.269421183633
  56  C  0.179515645683  7.334154103437  9.560498722645  -0.025949163423  -0.660164579109  -0.207136868894
  57  C  6.314981567917  3.623529522056  1.791135689644  0.198174468967  -0.225353273053  0.077023094095
  58  C  3.183678031197  3.640520907771  1.841390305405  -0.493827755705  -0.786995792354  -0.742197705830
  59  C  4.730206921646  0.905130841878  1.866651602209  -0.556610787241  1.144696309849  -1.467979714414
  60  C  3.196490303430  1.846117497800  4.424228891896  0.083887873490  0.274973086456  0.321832205506
  61  C  6.319991709690  1.815542298196  4.392736358603  0.504273439074  0.736807384352  0.001869351671
  62  C  4.785925519265  4.548632083397  4.380167385106  -0.081824886976  0.211598363146  -0.119809111520
  63  C  1.677617529745  6.403200798812  6.939003661908  0.179407457814  -0.135334359402  0.567401202318
  64  C  -1.440853597795  6.426645826627  7.009196151752  0.247324023783  -0.326631021228  0.160353505437
  65  C  0.119359728724  3.696093600708  7.031660917164  -0.157281895723  0.086724690816  -0.514231937790
  66  C  3.270195671106  1.914292369331  9.574334318437  0.070840297044  0.151179143441  0.115236748039
  67  C  6.414373827102  1.898774277257  9.515982444938  0.198035575487  0.433411632307  0.375693950470
  68  C  4.841334515981  4.616464138716  9.512312049232  0.427039716600  0.214626812463  0.126169832524
  69  C  1.643225036251  6.345593698746  1.833147660021  -0.944310730049  -0.734026403972  -0.740311724433
  70  C  -1.517609183992  6.355536459226  1.861464852720  -0.302541390354  -0.495794394325  -0.612215695080
  71  C  0.051015476549  3.657463577796  1.876001944716  -0.522993568355  -0.747496866017  -0.668990687485


MDSTEP:  1
LATTICE_CONSTANT: 1.889726125458
LATTICE_VECTORS
  9.482229541554  0.000000000000  0.000000000000
  -4.663678045226  8.056848156270  0.000000000000
  0.299068174000  0.262196589534  10.358687274013
VIRIAL (KBAR)
  -98.820206241398  -21.205456519622  -41.405534079910
  -21.205456519622  -1.771746095494  -36.833724987906
  -41.405534079910  -36.833724987906  -91.908223161612
INDEX    LABEL    POSITIONS    FORCE (eV/Angstrom)
  0  Si  0.059619695303  1.840776678268  2.542514656667  -0.977398986822  0.047718772144  -0.905205037380
  1  Si  3.200536659069  7.234301168124  2.414444488104  0.495856991557  -0.748254822590  0.342762137905
  2  Si  -3.057501689494  7.288311116855  2.512521527976  -0.665643863307  -2.214278527969  -0.153538697879
  3  Si  4.801604191609  6.367530268864  4.986480175924  0.515602691984  0.097414646517  0.572697032863
  4  Si  1.657711570646  0.961630482147  5.097634940896  -0.722411710248  0.819125376321  -0.026917617818
  5  Si  7.912242107326  0.937431893055  5.029918320067  0.383068952578  1.222357761246  -0.066577796687
  6  Si  0.114699557494  1.923513510062  7.683803445791  -0.575975355924  -0.648903216060  -0.670064278537
  7  Si  3.266555027402  7.302236350844  7.577566788048  0.394533980955  -1.112274589242  -0.154212911177
  8  Si  -2.971159664791  7.348172016209  7.651324523680  -1.067460733521  -1.978598406954  0.150298151097
  9  Si  4.866244739617  6.435652633090  10.132399681788  1.159351201818  0.309893110833  1.184252533008
  10  Si  1.713111327160  1.018560202903  10.237109425195  -0.012758547469  1.956229719875  1.016868398244
  11  Si  7.981544659087  0.986665029986  10.153188622209  0.875620296094  2.030790044058  1.222723827301
  12  Si  -1.503754646439  4.561902843017  2.538135349903  -0.730813876293  -0.323718128772  -1.037554628281
  13  Si  1.638971675844  4.547348119592  2.484722297313  -0.148501080091  -0.076214161232  -0.321533894493
  14  Si  0.069970386646  7.255499528480  2.470856572595  -0.046314482785  -1.393551083016  0.198463803914
  15  Si  6.346079572252  3.653007366878  4.999291537243  0.696089257486  0.057116526417  0.405419922979
  16  Si  3.201741966048  3.663727486846  5.051473565450  0.605386465948  -0.121396946639  -0.146418426040
  17  Si  4.764434360703  0.946187798353  5.049216446627  0.124872499911  1.183765053916  0.316098123126
  18  Si  -1.429201001057  4.613214651059  7.650388725971  -0.908116546448  -0.062444560289  -0.454348093352
  19  Si  1.677870387182  4.617894723900  7.612378819859  0.433373801810  -0.076462839538  0.092253505242
  20  Si  0.154737053814  7.333673916280  7.611017262090  -0.213665504249  -1.418426323655  0.468397098216
  21  Si  6.432036234266  3.732916415101  10.126212346391  0.804039031033  0.388550677603  1.377424468797
  22  Si  3.288346481790  3.722191654305  10.180866016595  0.368567534395  0.548658327676  0.927591365319
  23  Si  4.849567812566  1.024583766701  10.195537103274  0.449001379453  1.064528084402  0.920565640183
  24  Si  3.170632874881  1.824061477070  2.507945550457  0.264445436860  0.487689964698  -0.455497055630
  25  Si  6.306413324962  1.814311137765  2.455220649635  0.333846530307  0.336867458257  -0.372398756106
  26  Si  4.764661599997  4.541154192777  2.438771319311  0.188599079990  0.026638419680  -0.339327888286
  27  Si  1.657810194409  6.373742736894  5.029817328177  0.298215234519  -0.130941836159  -0.219565023474
  28  Si  -1.455824267660  6.391542276609  5.088620152461  -0.401832544253  -0.235546094723  -0.283059551049
  29  Si  0.096018379905  3.679044265805  5.076165822513  -0.445330666297  -0.316683846785  0.090546594707
  30  Si  3.248333804729  1.898636958785  7.635892795231  -0.003960459935  0.207854722066  -0.017485992987
  31  Si  6.395209753541  1.884955112712  7.597082521865  -0.062730144518  0.299751535342  -0.350430908448
  32  Si  4.829907063905  4.606316096364  7.585446785164  0.151800203918  0.004391216797  -0.349217951573
  33  Si  1.736698952902  6.422923988916  10.189758584599  0.682991849458  0.520841392732  0.679543016032
  34  Si  -1.393833589078  6.462476003077  10.197264022631  0.102793476610  0.025931786864  1.167781750446
  35  Si  0.144581024143  3.730819856021  10.228703904087  0.333806501216  0.807795890291  0.758864300038
  36  C  0.064889891949  1.869248057287  4.460098463113  -0.387618100587  -0.285750349938  0.072553458301
  37  C  3.226610083792  7.272369974366  4.354670407804  0.191151284189  -1.076051146184  0.003118401740
  38  C  -3.034680004252  7.290422997286  4.454436486461  -0.498737369051  -1.301389989296  -0.545143677072
  39  C  4.831623234178  6.396098069001  6.929316311868  0.550440121861  0.237011677055  0.672265745681
  40  C  1.664288530248  0.977704442878  7.033131682846  0.019273701336  1.872802889776  -0.608468135196
  41  C  7.926390296515  0.952207171733  6.934166152209  0.741066982185  1.727355265262  0.611202111823
  42  C  0.123859238539  1.947917733829  9.604438310171  -0.184835687978  -0.623258142655  -0.042199440421
  43  C  3.319481984636  7.333724459615  9.486382880107  -0.311195828970  -1.107053469417  0.349754525450
  44  C  -2.973476213899  7.381440668002  9.607845150471  -0.335266228439  -2.007717418433  -0.957265740586
  45  C  4.763226965914  6.338736572833  1.770352134012  0.103539614492  -0.237033435605  0.208173302585
  46  C  1.603377141060  0.924517473279  1.907866667259  -0.572537317777  1.192970724651  -1.608226129713
  47  C  7.866630328559  0.892096803948  1.788964694198  0.113844159580  1.302612252656  -0.267822004449
  48  C  -1.477737201745  4.584893981211  4.465778286839  -0.585576651172  -0.397237458292  -0.286538273570
  49  C  1.657473876155  4.543208873169  4.418583327270  -0.263659707787  0.527888751274  -0.032043583054
  50  C  0.102763643495  7.289386853540  4.410898062219  -0.241586730922  -1.459738079876  -0.206193640105
  51  C  6.379785818150  3.679827703217  6.929831539653  0.698129048801  0.287413949339  0.810581059941
  52  C  3.245980332558  3.692904109743  6.970297782882  -0.169727616706  0.009438769904  0.255605578845
  53  C  4.799538428626  0.981411523446  6.997001652313  -0.001612723756  1.328354508982  -0.586497308794
  54  C  -1.423510813247  4.657345707486  9.587122280487  -0.314118825609  -0.437110349850  -0.295610412371
  55  C  1.721442089046  4.637967152742  9.547522925471  -0.134499652031  -0.299158093598  0.239593285185
  56  C  0.179773442755  7.333191742008  9.560319623986  -0.022238894100  -0.635017253447  -0.207172724113
  57  C  6.314385404544  3.622512152590  1.791361708967  0.205018044468  -0.204887593495  0.070935640488
  58  C  3.183266509466  3.640514146289  1.841448398269  -0.486902867520  -0.777188055318  -0.745666456798
  59  C  4.730121668761  0.905658895029  1.866072460902  -0.557437389122  1.120556339033  -1.454276495959
  60  C  3.197066697326  1.846528697860  4.424788478431  0.069248590970  0.281263865050  0.312072305223
  61  C  6.319541897105  1.815857592328  4.392427426564  0.512049170717  0.729109033822  0.011537209063
  62  C  4.786480413772  4.549932985544  4.380116447968  -0.089101174587  0.177273281699  -0.116078144968
  63  C  1.677440396327  6.403802791407  6.939683692375  0.192968581480  -0.137853569679  0.544033845958
  64  C  -1.440608611732  6.426619849106  7.010130435795  0.239920400870  -0.330976174017  0.134813838725
  65  C  0.119233363983  3.695685296598  7.030579411256  -0.150066946506  0.104527137489  -0.499877156024
  66  C  3.269591294070  1.914231878226  9.573750686265  0.089629153269  0.150507307523  0.123983908951
  67  C  6.414243019630  1.899241334684  9.516490328460  0.206158370460  0.427474111890  0.364143712703
  68  C  4.840525951342  4.615320859674  9.511591211575  0.439876813415  0.233224027637  0.147491419858
  69  C  1.642151975153  6.346299433400  1.834341886184  -0.924088832499  -0.747393531617  -0.765207593107
  70  C  -1.518047099401  6.354524429807  1.861945597850  -0.300664704825  -0.483183706416  -0.625781624544
  71  C  0.051182255739  3.657272274272  1.874890714758  -0.519788683885  -0.748001180022  -0.650987969895


MDSTEP:  2
LATTICE_CONSTANT: 1.889726125458
LATTICE_VECTORS
  9.482229541554  0.000000000000  0.000000000000
  -4.663678045226  8.056848156270  0.000000000000
  0.299068174000  0.262196589534  10.358687274013
VIRIAL (KBAR)
  -98.898634821889  -20.973333691694  -41.806092188229
  -20.973333691694  -2.670036437237  -37.103290723566
  -41.806092188229  -37.103290723566  -92.042627218473
INDEX    LABEL    POSITIONS    FORCE (eV/Angstrom)
  0  Si  0.061310637520  1.839141561435  2.540398847554  -1.041206995079  0.085819398823  -0.844582950580
  1  Si  3.200725228099  7.235775747180  2.415486890704  0.488816508951  -0.752540743185  0.322736872146
  2  Si  -3.055602807892  7.285924411023  2.511913537471  -0.682275956138  -2.145964743651  -0.178628643841
  3  Si  4.802866066226  6.369505761083  4.986926423981  0.500211605464  0.089392756992  0.524858183669
  4  Si  1.658721276581  0.964188500779  5.096220824189  -0.763266736326  0.772414249326  0.006103048302
  5  Si  7.914619215870  0.938122627671  5.032176981895  0.340638987102  1.189849045893  -0.122263076201
  6  Si  0.114472240404  1.923567302639  7.685884834565  -0.572411022593  -0.604303078427  -0.707290207043
  7  Si  3.268267911336  7.303507866535  7.578011244755  0.372893213211  -1.131069040081  -0.179782276038
  8  Si  -2.970698878269  7.350099546136  7.653670493283  -1.080827005830  -2.008978451793  0.142342123500
  9  Si  4.865719412938  6.437729470496  10.133275851651  1.182336141604  0.248425363550  1.197402968704
  10  Si  1.713832174015  1.020597346507  10.238908593422  -0.068726573553  1.894050323954  0.991359022599
  11  Si  7.983397890876  0.986113994091  10.154158138248  0.843238558308  1.986871554397  1.221352057179
  12  Si  -1.504160666324  4.560038470796  2.539334370172  -0.733012881788  -0.324729182037  -1.057527189169
  13  Si  1.640842478434  4.549285530613  2.485477317020  -0.230750646229  -0.128991346178  -0.345252381408
  14  Si  0.069493781509  7.255610247295  2.471434833227  -0.073516704995  -1.393267145975  0.197903535203
  15  Si  6.347085161865  3.653229951625  4.997579680821  0.656978031892  0.035838480121  0.446816781585
  16  Si  3.202365916205  3.661227288238  5.052480861183  0.600726584999  0.011445067297  -0.175846411152
  17  Si  4.764572805915  0.948345340653  5.049404260034  0.086367890797  1.095233529656  0.291062872174
  18  Si  -1.431552013487  4.613139557981  7.650287113476  -0.893445166935  -0.037783705264  -0.446624233467
  19  Si  1.675642561965  4.619523209474  7.611803352112  0.489707405377  -0.112140259181  0.083180056299
  20  Si  0.155388276365  7.332934590777  7.609304090467  -0.205333843412  -1.451075912902  0.489549061311
  21  Si  6.431854899086  3.731718273227  10.126194773584  0.857648267888  0.431436597789  1.381271617344
  22  Si  3.285932980971  3.723525579410  10.181572758321  0.415368247577  0.520820136442  0.857565966354
  23  Si  4.851369427107  1.025384723968  10.195573012311  0.423576780175  1.000033673777  0.887076092216
  24  Si  3.170604554318  1.826835582464  2.505466173185  0.227573269754  0.396663167563  -0.418351480419
  25  Si  6.304286912681  1.815167865343  2.455604796288  0.387266533309  0.351530061717  -0.400797526799
  26  Si  4.763266164232  4.539688300098  2.439340347561  0.244307110103  0.083102643607  -0.368616398636
  27  Si  1.660142027569  6.374950266762  5.029546350474  0.266109761901  -0.145895102592  -0.172572820427
  28  Si  -1.456285728451  6.393306851705  5.090905734178  -0.430221638055  -0.282617849531  -0.296582226154
  29  Si  0.098228466211  3.681036269855  5.077602496562  -0.511293875409  -0.342267176005  0.082051594575
  30  Si  3.247456348164  1.898901780166  7.634408312753  0.003235398001  0.224297264300  0.015544346959
  31  Si  6.395070031857  1.887425957612  7.596784042884  -0.084813299573  0.276444038867  -0.332558936019
  32  Si  4.831982273528  4.608777363055  7.583662144715  0.097756091418  0.017232977396  -0.289582867279
  33  Si  1.736712709000  6.424578028787  10.191394626934  0.635415349274  0.489994875258  0.628601356692
  34  Si  -1.391667494108  6.461208834826  10.199042345678  0.000837219050  -0.006463999934  1.103351217052
  35  Si  0.147135603713  3.730212203910  10.228450729135  0.252315884580  0.830823365249  0.733302673419
  36  C  0.065067796776  1.869456789166  4.461140118696  -0.370937393936  -0.256696805693  0.040582762633
  37  C  3.224276582652  7.271328171951  4.353546837301  0.251687669031  -1.016902949600  0.051459720880
  38  C  -3.033841996429  7.292730355581  4.451669797476  -0.481725563361  -1.303502630184  -0.505871415406
  39  C  4.832923011637  6.399229997432  6.926715276654  0.552532706009  0.223125343915  0.722134434637
  40  C  1.663286208218  0.976786019694  7.033822301389  0.030439348106  1.943692543207  -0.643474734486
  41  C  7.927731718997  0.955015929585  6.935432622564  0.716429469085  1.696669797444  0.619738212825
  42  C  0.120159832487  1.947907049637  9.604916495825  -0.095398638866  -0.629839533874  -0.039370552372
  43  C  3.317160280750  7.328962656171  9.485406850988  -0.281147824020  -0.975083815918  0.395476353873
  44  C  -2.977697219873  7.383238339412  9.607892600371  -0.252215698717  -2.022775052556  -0.918856842748
  45  C  4.765489009920  6.341662881429  1.774006962657  0.047588710983  -0.297348150549  0.167347128635
  46  C  1.600285571021  0.925057075864  1.906475925857  -0.466872993098  1.135809775577  -1.579725288849
  47  C  7.869098226900  0.894262148218  1.792498026953  0.069517746149  1.275274259957  -0.308233617024
  48  C  -1.480981949061  4.582907750679  4.468624638938  -0.513894663412  -0.352174103880  -0.324342818402
  49  C  1.656183676270  4.546848128411  4.420550931815  -0.195135121400  0.466847588276  -0.080251713169
  50  C  0.102374823960  7.286386908522  4.414327631383  -0.242330074583  -1.357104954399  -0.258306189291
  51  C  6.377306564506  3.683002096440  6.931474331840  0.747830879028  0.234503606410  0.742375618403
  52  C  3.247604130651  3.696328997489  6.967960022625  -0.203208724480  -0.054825780140  0.321525035671
  53  C  4.797784639211  0.979799467747  6.994139645585  0.044435554528  1.376321743264  -0.528791507331
  54  C  -1.422747910418  4.654388476911  9.583879710768  -0.323747575656  -0.387838552762  -0.231982063116
  55  C  1.719140989604  4.641324330316  9.543802287920  -0.082118019230  -0.358378976803  0.320782206127
  56  C  0.177025404484  7.329622754639  9.559846096616  0.050554013569  -0.515129834702  -0.203056519510
  57  C  6.315745802182  3.625689858254  1.788205814112  0.161663547956  -0.269450508987  0.135702669733
  58  C  3.183794837858  3.636433049279  1.839994114387  -0.518388283995  -0.656506781593  -0.725457044190
  59  C  4.729645146441  0.906048590220  1.863239423441  -0.562135060612  1.101543791182  -1.397534220850
  60  C  3.195062221653  1.850074152298  4.425571755573  0.128433530764  0.224437182138  0.250726802111
  61  C  6.317463612225  1.812698018015  4.391888072906  0.563173941065  0.797487412141  0.030414537782
  62  C  4.788935587035  4.552114979256  4.378867165247  -0.139922427207  0.129851579394  -0.091437667969
  63  C  1.681603788419  6.399954427273  6.940310270022  0.130447581910  -0.015127121069  0.514308948592
  64  C  -1.442823092225  6.427656305177  7.011846907603  0.272334415530  -0.341641415481  0.115924362591
  65  C  0.117725220297  3.698903261030  7.031358804363  -0.134290559699  0.034382071312  -0.509050390165
  66  C  3.268387315643  1.910731885046  9.575997078464  0.122223873474  0.252076583515  0.069736723203
  67  C  6.416850266206  1.901184256326  9.518247215963  0.163289391482  0.360191512277  0.324597079468
  68  C  4.844132787905  4.614002479631  9.513742004803  0.348215803480  0.269684512745  0.103271951314
  69  C  1.639783123317  6.348189307497  1.831224325351  -0.844288208652  -0.759917190119  -0.711507162038
  70  C  -1.517555236234  6.350541721811  1.858234831807  -0.285272511782  -0.422139495996  -0.554484427222
  71  C  0.048005961932  3.654611938901  1.871439147509  -0.409991334263  -0.693146483688  -0.580942196987


MDSTEP:  3
LATTICE_CONSTANT: 1.889726125458
LATTICE_VECTORS
  9.482229541554  0.000000000000  0.000000000000
  -4.663678045226  8.056848156270  0.000000000000
  0.299068174000  0.262196589534  10.358687274013
VIRIAL (KBAR)
  -98.359497415538  -20.692111320871  -42.401248009529
  -20.692111320871  -4.431908409433  -36.848261244226
  -42.401248009529  -36.848261244226  -92.014746029274
INDEX    LABEL    POSITIONS    FORCE (eV/Angstrom)
  0  Si  0.061572387043  1.836099115921  2.542816433487  -1.102677648977  0.229177366994  -0.873306687326
  1  Si  3.203989791061  7.232431174299  2.418553419544  0.401843408460  -0.646249191467  0.213663539271
  2  Si  -3.056052331836  7.283497890102  2.512456975120  -0.672898069728  -2.029107014309  -0.224680181402
  3  Si  4.800736037206  6.370124413649  4.986942381545  0.540956799590  0.065257417505  0.501268763288
  4  Si  1.660652403710  0.967415408822  5.096407276132  -0.829963930967  0.623285413862  -0.023856623716
  5  Si  7.915307952894  0.940125914492  5.030225122253  0.364864448182  1.092700488988  -0.118169813012
  6  Si  0.112636375596  1.924288229032  7.685907198967  -0.542430490174  -0.629737123298  -0.701574115213
  7  Si  3.265036310707  7.306118724040  7.576889790228  0.442413923567  -1.141213543588  -0.242107479455
  8  Si  -2.973115740742  7.349566656342  7.653031154922  -1.048967765139  -1.975609286279  0.068392471827
  9  Si  4.864785250316  6.439065306976  10.134696025919  1.175694629541  0.207726250672  1.157199099423
  10  Si  1.713414718011  1.019642542903  10.240661496699  -0.139088204528  1.864840463378  0.947631465169
  11  Si  7.982526034717  0.984812266973  10.156379458815  0.862672938570  1.987498106790  1.198433123621
  12  Si  -1.506093829266  4.561202913041  2.535608064024  -0.717107991413  -0.359373630277  -0.970248698706
  13  Si  1.643162114721  4.551690786083  2.486059096240  -0.339801733946  -0.186714568980  -0.420612661502
  14  Si  0.068227635676  7.256299066220  2.471689316035  -0.050844604708  -1.318573276722  0.197332422550
  15  Si  6.349729774140  3.651506003934  4.996038751149  0.564410118532  0.145863586753  0.461864969776
  16  Si  3.199605903573  3.661331189068  5.055129993718  0.617929951517  0.026566216139  -0.266263279371
  17  Si  4.765376882158  0.948937310351  5.051737787777  0.064239233235  1.101356394438  0.199236012006
  18  Si  -1.428668796782  4.614772178773  7.649049056714  -0.981726654108  -0.065805145748  -0.365198945871
  19  Si  1.674837273969  4.616314490925  7.608522355411  0.512651215839  0.022804466899  0.205010060462
  20  Si  0.151877575220  7.332347482745  7.608032644690  -0.163021270191  -1.374760936178  0.495131068391
  21  Si  6.433597150511  3.734091792138  10.126720808624  0.827817960297  0.344396468843  1.393584796560
  22  Si  3.285849573331  3.720773024042  10.179719434404  0.409468411203  0.615964277977  0.927414457927
  23  Si  4.851401287289  1.028671154519  10.192703953230  0.446562869730  0.993352832446  0.947207336996
  24  Si  3.167794024385  1.825198393977  2.506791553455  0.223675052634  0.473369994869  -0.464501615184
  25  Si  6.305193181899  1.812458637388  2.458675390646  0.339554727535  0.429863901301  -0.444751872305
  26  Si  4.765904331156  4.537395907409  2.439046523185  0.182566630840  0.061856517336  -0.364463640461
  27  Si  1.662021785443  6.376829050692  5.026060138166  0.157382471533  -0.169855551298  -0.129597540850
  28  Si  -1.455887102818  6.394853378878  5.092497963436  -0.503987600804  -0.374462235204  -0.402813762844
  29  Si  0.100990062847  3.678113335649  5.079630054744  -0.625203187029  -0.261434836153  0.014303198956
  30  Si  3.250560580321  1.896208771737  7.632848984302  -0.104244321149  0.296981915061  0.090036334442
  31  Si  6.393228942729  1.889673916149  7.593854981171  0.013861918821  0.244223564858  -0.293218404341
  32  Si  4.833730851944  4.607234720695  7.581291808989  0.135824650664  0.100597399612  -0.198486675017
  33  Si  1.739973503801  6.426559587402  10.188807159224  0.572864624984  0.464299664820  0.701124930238
  34  Si  -1.388323075158  6.463606567621  10.198319959328  -0.043672605765  -0.074751439246  1.103440760339
  35  Si  0.148560077868  3.730195365969  10.228246661853  0.202188331980  0.811097948434  0.786676275181
  36  C  0.066406973181  1.867379720294  4.462240839025  -0.364961747884  -0.229454300143  0.040926225415
  37  C  3.220545821314  7.266060599131  4.352291420607  0.327374315993  -0.843116223727  0.097341922098
  38  C  -3.038087723166  7.293382563554  4.447165555338  -0.414267952657  -1.276928369811  -0.396290122566
  39  C  4.837413104180  6.400285583559  6.924222169313  0.438658759672  0.220083054150  0.775600622946
  40  C  1.665099773840  0.978654416069  7.031310813145  0.017041225898  1.901544841804  -0.586254798062
  41  C  7.933018190152  0.959229604584  6.931913659798  0.618161174361  1.635932647967  0.670990247375
  42  C  0.115175466565  1.947559847470  9.603814539027  -0.000619658180  -0.650171071322  -0.016829957397
  43  C  3.313868694178  7.327676084482  9.482112438813  -0.200834707882  -0.928731071573  0.464687402631
  44  C  -2.979937949364  7.380909354927  9.601897798571  -0.200219511814  -1.934272802815  -0.794741649383
  45  C  4.767119302787  6.337451173588  1.773736954723  0.039007706192  -0.224301032316  0.154262505747
  46  C  1.595490873525  0.928948231671  1.908246063477  -0.397908901674  0.948071383409  -1.602401876744
  47  C  7.871116980098  0.899646837137  1.796153320206  0.059483170956  1.046244377908  -0.292056033538
  48  C  -1.486043054188  4.577811901116  4.468651868647  -0.393950084511  -0.252681439173  -0.322535526650
  49  C  1.652595205297  4.551770888117  4.416336145440  -0.125499040595  0.361594216415  0.051424604327
  50  C  0.100989681825  7.286319142994  4.415591270497  -0.209372955356  -1.310045329809  -0.276938805035
  51  C  6.380036689896  3.683609395736  6.931078109503  0.717727556173  0.234256787173  0.728685326308
  52  C  3.250867920016  3.697110589017  6.972698924644  -0.270675348510  -0.092709591073  0.226693742376
  53  C  4.794862588750  0.983979416357  6.992377758225  0.116802436877  1.245517421606  -0.483665210872
  54  C  -1.424263382194  4.649798695612  9.586966622432  -0.257944485053  -0.239166814504  -0.304973600928
  55  C  1.717877387476  4.643664722774  9.548674837481  -0.051464897030  -0.410172297290  0.177513977090
  56  C  0.180778383818  7.332732017157  9.561962149931  -0.017366431468  -0.548385662716  -0.288583013962
  57  C  6.317312735075  3.625644941706  1.789639802716  0.152730814614  -0.290923762438  0.118995599050
  58  C  3.183403935526  3.636743361976  1.841237825691  -0.505359790277  -0.678171356282  -0.736841668732
  59  C  4.724192434529  0.909653884591  1.863176543619  -0.456689534843  1.021228893293  -1.376044882485
  60  C  3.191328373163  1.846469939698  4.422540898741  0.228790536334  0.326468505141  0.338848999586
  61  C  6.320864576460  1.816997972377  4.394413602580  0.477033300333  0.679216239543  0.006729666622
  62  C  4.785464726454  4.553991201098  4.376805999466  -0.076546806258  0.053474003853  -0.023711266708
  63  C  1.677516292491  6.404070884945  6.936495600002  0.195607376515  -0.104011132586  0.554358524695
  64  C  -1.442819270496  6.424940624386  7.008748428740  0.240397937014  -0.257833534856  0.200728197815
  65  C  0.115361217589  3.700606450722  7.035701003759  -0.051485895791  -0.019520715032  -0.605164809690
  66  C  3.265529791558  1.911007875112  9.579012847782  0.170070344000  0.213390636747  -0.031103186401
  67  C  6.421619344633  1.897669719123  9.516324807360  0.053890158955  0.460249444189  0.339460873761
  68  C  4.845060952570  4.615755204446  9.517793937694  0.329441702377  0.225848454973  0.002235648950
  69  C  1.636265372847  6.349428245152  1.832027712116  -0.731107741723  -0.721652232764  -0.730374026006
  70  C  -1.514249711373  6.353529422844  1.860694295606  -0.370454126964  -0.446913470057  -0.614012465653
  71  C  0.042664587559  3.655016056309  1.872222240265  -0.279297136420  -0.709391577115  -0.572060275824


MDSTEP:  4
LATTICE_CONSTANT: 1.889726125458
LATTICE_VECTORS
  9.482229541554  0.000000000000  0.000000000000
  -4.663678045226  8.056848156270  0.000000000000
  0.299068174000  0.262196589534  10.358687274013
VIRIAL (KBAR)
  -98.869158630993  -20.353890917536  -42.380685283152
  -20.353890917536  -4.276258278597  -37.041230709351
  -42.380685283152  -37.041230709351  -92.491345269899
INDEX    LABEL    POSITIONS    FORCE (eV/Angstrom)
  0  Si  0.063383276482  1.838456128757  2.540725626766  -1.105950504620  0.185563775775  -0.900902531927
  1  Si  3.200614139647  7.235363908781  2.415909831690  0.588211603863  -0.700195381277  0.281258101908
  2  Si  -3.058948488875  7.281636767811  2.511906938910  -0.649861799043  -1.921538940769  -0.243352818091
  3  Si  4.799914961616  6.371371531036  4.983799568350  0.596460305726  0.077267584975  0.534028809060
  4  Si  1.658920365310  0.970696547495  5.097292355392  -0.833749643374  0.546866156249  -0.030536925665
  5  Si  7.912147239157  0.943039903952  5.032257638707  0.428271263435  0.943610085159  -0.241544602011
  6  Si  0.111609680627  1.922966055995  7.684788167653  -0.525512144629  -0.612758435315  -0.621267407492
  7  Si  3.263297064733  7.306553890321  7.573222191956  0.556199822587  -1.275045561611  -0.151969504337
  8  Si  -2.970142539383  7.348325072605  7.656219555511  -1.160344598103  -1.967520624751  0.042375068810
  9  Si  4.866640720935  6.438810009124  10.134858129843  1.161143269865  0.179120115093  1.180576957704
  10  Si  1.711643747061  1.017995359578  10.238878989953  -0.132804647104  1.899097042217  0.960228593648
  11  Si  7.983459325332  0.983844412588  10.153686972057  0.817784545210  1.924313078435  1.235206748461
  12  Si  -1.504269365593  4.560914706397  2.535157398287  -0.826479549001  -0.333467414048  -0.902896864488
  13  Si  1.640492459123  4.554605870025  2.482871060980  -0.325659470605  -0.208354150990  -0.276607578806
  14  Si  0.066493121658  7.253227502777  2.467629690938  -0.055627380104  -1.305008602043  0.324261642816
  15  Si  6.353250798194  3.649802375711  4.998759494536  0.468390396649  0.214859512831  0.403384627967
  16  Si  3.201067533729  3.662897125958  5.052343868205  0.581614531289  0.038200948591  -0.289922260266
  17  Si  4.761619392078  0.953132146256  5.054089704206  0.183654947271  1.031000094946  0.127716447809
  18  Si  -1.432219154636  4.617748717029  7.646493300628  -0.846941897113  -0.132469558546  -0.308039584251
  19  Si  1.679116103945  4.616622140854  7.609986725293  0.442577177001  -0.037366262926  0.179560278311
  20  Si  0.151537937238  7.334602709182  7.611459734538  -0.119206639222  -1.395990901345  0.437665578681
  21  Si  6.435640743549  3.733423658227  10.124655012009  0.789732085890  0.344427844731  1.450601531388
  22  Si  3.288796132199  3.718118116813  10.181479635284  0.289021865380  0.745451334206  0.894105329143
  23  Si  4.850092356552  1.027743874311  10.193299289262  0.403648901066  1.055963600533  0.950208970837
  24  Si  3.167515880074  1.826526322449  2.508434223397  0.280820078430  0.441774167623  -0.586211505493
  25  Si  6.304978323478  1.812947848102  2.454420212438  0.421622620112  0.416358258274  -0.453554751701
  26  Si  4.764046716986  4.534857138344  2.440526631776  0.228039702289  0.159984317626  -0.473088268597
  27  Si  1.661611761689  6.374582012142  5.027286508429  0.139326154538  -0.040843298100  -0.132485272462
  28  Si  -1.458391762869  6.393473853771  5.092478722587  -0.482966432231  -0.251179945933  -0.349329987176
  29  Si  0.100164360387  3.676724456992  5.075903034943  -0.635104256027  -0.179128614185  0.126671851654
  30  Si  3.247156897231  1.898878997014  7.636026398068  -0.098462188204  0.206659234502  0.008164859425
  31  Si  6.397273717494  1.889934321024  7.591963384584  -0.076913743113  0.232585086343  -0.206277077850
  32  Si  4.831122073955  4.606100776449  7.580717131015  0.111519363508  0.213638575204  -0.161521821541
  33  Si  1.743107353735  6.428239139741  10.191423890355  0.544145088697  0.424059252747  0.669032070733
  34  Si  -1.389282003220  6.460595049307  10.198089314611  -0.038210927948  -0.075991849576  1.113112220493
  35  Si  0.145336969001  3.731307561127  10.232399619566  0.303358530369  0.747369708763  0.694315596339
  36  C  0.061153168647  1.871880846214  4.457948972844  -0.276737238673  -0.300916061020  0.079976117043
  37  C  3.224650238632  7.263011800114  4.351045368044  0.208369141478  -0.719604446228  0.123326621158
  38  C  -3.038983000722  7.292767365191  4.449957496167  -0.419904188001  -1.196771606900  -0.480136216492
  39  C  4.843732481473  6.406286072609  6.919621743609  0.324806557928  0.066536838545  0.866800363544
  40  C  1.659026505241  0.974508382747  7.035890840005  0.130554067796  2.027437641696  -0.666705207771
  41  C  7.938586524819  0.954700649823  6.931426234795  0.499072143371  1.814121039317  0.666405469055
  42  C  0.111160945165  1.943481208765  9.607335078296  0.048393239517  -0.557314492163  -0.091630410298
  43  C  3.315266149577  7.321517528249  9.481996842414  -0.217325759548  -0.783063087725  0.435731955853
  44  C  -2.981254275016  7.378846949095  9.602552029114  -0.142452670232  -1.928872890136  -0.811298828244
  45  C  4.771410092061  6.338074899019  1.770080831524  -0.073745495195  -0.233558112336  0.219654214151
  46  C  1.599020573905  0.931900407860  1.901516943649  -0.443030260366  0.842462493788  -1.476953346343
  47  C  7.877036667795  0.900172008114  1.794452596746  -0.030948129520  1.089933572824  -0.294698708239
  48  C  -1.488159164229  4.583078445754  4.473684531823  -0.347331680579  -0.371619531922  -0.407072467815
  49  C  1.647457724155  4.557150580981  4.421145604843  -0.023885484798  0.225740106818  -0.098372471739
  50  C  0.096908656148  7.290616340944  4.420810698234  -0.148382664984  -1.395643370514  -0.377827349112
  51  C  6.375404077155  3.687871600794  6.937609554404  0.829584934122  0.134149612788  0.596481713553
  52  C  3.250762182919  3.690748812531  6.968923461100  -0.252441092063  0.035084810603  0.264395849593
  53  C  4.792254870901  0.986598738326  6.988966461793  0.167437344470  1.219700544780  -0.373619586910
  54  C  -1.421313716821  4.643722568520  9.589537583494  -0.331631205187  -0.123207379389  -0.391522659412
  55  C  1.715938268392  4.648057983219  9.546089989067  0.000494203005  -0.517589318497  0.281989212477
  56  C  0.181433916284  7.334516289909  9.567540769226  -0.040263924375  -0.599008403835  -0.362475905571
  57  C  6.319010312753  3.627160636520  1.788883244649  0.108353575823  -0.337320645719  0.125695266525
  58  C  3.176759448061  3.642495634319  1.838915989323  -0.387112153612  -0.810017614168  -0.680427076063
  59  C  4.729226105995  0.905387327448  1.859083148736  -0.578837267079  1.115466443734  -1.332517849449
  60  C  3.195333542053  1.844079744979  4.418827354392  0.093869913563  0.439736881937  0.409713106827
  61  C  6.324163751902  1.816029277341  4.388159985755  0.370809415001  0.707762793189  0.140902234869
  62  C  4.787917990094  4.558978844523  4.370587930443  -0.089652338044  -0.076990683411  0.114624710112
  63  C  1.682577914704  6.399883169874  6.938707990749  0.076347783792  0.001910241956  0.521535822020
  64  C  -1.447091735701  6.430133520141  7.011140046421  0.368797719128  -0.353500023757  0.179453469328
  65  C  0.120017531962  3.697745704557  7.035820693102  -0.178187496185  0.056005274115  -0.626427690920
  66  C  3.261289333577  1.915351014813  9.575471176651  0.229510585893  0.101458141878  0.048867426611
  67  C  6.416748694996  1.897438746798  9.521177512505  0.156601750023  0.427256340613  0.200599553472
  68  C  4.845906810828  4.615444711271  9.522325496310  0.334024547993  0.215036395330  -0.099125401022
  69  C  1.640876661301  6.347409847805  1.837231145530  -0.859406598255  -0.658662749410  -0.835779630594
  70  C  -1.518684018494  6.349205801528  1.856991450426  -0.291953460341  -0.381715908059  -0.563362896605
  71  C  0.040665066685  3.659744858873  1.873386084550  -0.235544248600  -0.765733082128  -0.589165926627


MDSTEP:  5
LATTICE_CONSTANT: 1.889726125458
LATTICE_VECTORS
  9.482229541554  0.000000000000  0.000000000000
  -4.663678045226  8.056848156270  0.000000000000
  0.299068174000  0.262196589534  10.358687274013
VIRIAL (KBAR)
  -98.563584999097  -20.003505176001  -42.708767067649
  -20.003505176001  -6.516456894049  -37.121699758139
  -42.708767067649  -37.121699758139  -92.303323032970
INDEX    LABEL    POSITIONS    FORCE (eV/Angstrom)
  0  Si  0.061746039627  1.839612624594  2.540580670734  -1.103910653585  0.172034207940  -0.970454837249
  1  Si  3.199669447251  7.235140724029  2.417842896397  0.534754634195  -0.713786276651  0.232981977811
  2  Si  -3.063732327977  7.282396509984  2.512953727588  -0.548590891665  -1.925968836128  -0.261036937249
  3  Si  4.801952538014  6.371588429985  4.987723766760  0.451933460677  0.074180545934  0.424674251598
  4  Si  1.656187267909  0.972543255523  5.099401060419  -0.832264482913  0.531299254414  -0.084320353495
  5  Si  7.911957465293  0.946091248827  5.029115263804  0.385296062850  0.947432286841  -0.246015865646
  6  Si  0.109775013429  1.921185044874  7.685879565637  -0.489802881674  -0.493317853987  -0.689361044010
  7  Si  3.260479339213  7.303689177456  7.568671639995  0.532867780507  -1.047818487911  -0.147124193752
  8  Si  -2.973965246530  7.346870089052  7.653511674139  -1.067249977337  -1.823294053780  0.033875064743
  9  Si  4.865954192864  6.441500279101  10.131759685047  1.129252742185  0.061251439352  1.196457832130
  10  Si  1.706991782534  1.015288362128  10.241528461198  -0.053858612537  1.982060289629  0.897368696497
  11  Si  7.984029349903  0.984730177368  10.151717406538  0.744643974545  1.815980667143  1.270504919934
  12  Si  -1.507158654416  4.561195106214  2.538604044955  -0.730332056454  -0.405655995587  -1.013385313119
  13  Si  1.643636487752  4.552031046043  2.481992351288  -0.434775804821  -0.290816638622  -0.337084831091
  14  Si  0.068739783132  7.252560131375  2.463885371664  -0.091185669270  -1.380978256546  0.356373946148
  15  Si  6.353065810232  3.654051115770  5.002500398172  0.418796943487  0.107019531469  0.334173847600
  16  Si  3.202592920909  3.660700176303  5.049545218305  0.446124162901  0.137480372196  -0.274728529408
  17  Si  4.759582023818  0.952998333795  5.053738728708  0.134822475502  0.918130649863  0.075925679869
  18  Si  -1.434378054667  4.618521994026  7.649944445326  -0.777707057339  -0.116589513542  -0.288432151321
  19  Si  1.679408645670  4.621073524871  7.611503247126  0.405808321060  -0.092385057235  0.118855963327
  20  Si  0.152864321096  7.338711871776  7.614436370907  -0.170942188680  -1.380292806714  0.420794239907
  21  Si  6.434868107944  3.733688943640  10.123473441824  0.872880745075  0.304695372806  1.493468396585
  22  Si  3.290188431758  3.720646688926  10.185232714200  0.288099587895  0.665025399306  0.833248012034
  23  Si  4.850550000119  1.028904159904  10.189837527732  0.414962600271  1.008784642660  1.000923162309
  24  Si  3.171878514435  1.825010506835  2.508956459759  0.179504577776  0.407861829533  -0.633117095145
  25  Si  6.300802741479  1.815808268934  2.454432078116  0.539373144594  0.415161295410  -0.461319618558
  26  Si  4.768137822264  4.534224187493  2.443052583490  0.163756463929  0.132199611881  -0.604313923862
  27  Si  1.658242471560  6.376510475308  5.024710593432  0.168411472255  -0.152109895516  -0.049337967863
  28  Si  -1.457638821840  6.388731250685  5.095377967942  -0.478735144932  -0.119879231942  -0.433610439690
  29  Si  0.099691135523  3.676877972699  5.078699160313  -0.680159164352  -0.156847695948  0.046416414372
  30  Si  3.243591998459  1.895801515840  7.638639691922  0.026762630615  0.392844709823  0.002908962914
  31  Si  6.401273369397  1.890552670912  7.589919095450  -0.145471137543  0.258865134904  -0.148387428234
  32  Si  4.828775670952  4.603274753991  7.576229821562  0.048295243991  0.296888891852  -0.015428787468
  33  Si  1.739624619377  6.430535248033  10.192750297816  0.609388085426  0.232413822499  0.608017220434
  34  Si  -1.392022137408  6.462254655586  10.202631568882  0.054277650459  -0.158875810695  1.110840576444
  35  Si  0.148168677998  3.733660471934  10.234784509278  0.214675940475  0.599577794378  0.638704836411
  36  C  0.058123824873  1.873746346204  4.453009219795  -0.253805633191  -0.312698685325  0.169503503929
  37  C  3.218887480917  7.266549820494  4.356344957068  0.328356605428  -0.824993093045  0.042484391075
  38  C  -3.041885625133  7.290092975569  4.454886330764  -0.372101119050  -1.103203564116  -0.513617845747
  39  C  4.838810789744  6.411470690310  6.918727262332  0.408517397537  -0.058588515883  0.895830102392
  40  C  1.665392064371  0.983102867042  7.036184183146  -0.029087237233  1.752602796934  -0.615124552620
  41  C  7.942005754413  0.962046044448  6.926379666260  0.487639435622  1.624229464995  0.754730776232
  42  C  0.103966328823  1.938040875915  9.604480124147  0.163621403327  -0.439506896859  -0.038390243142
  43  C  3.308315370660  7.317518569014  9.475619655200  -0.104255863972  -0.685755234091  0.535159264828
  44  C  -2.979233938285  7.376991742578  9.604984955646  -0.202529766222  -1.896095014134  -0.894928991643
  45  C  4.772612447502  6.334518101400  1.769313076733  -0.137322632528  -0.148949505549  0.248335592402
  46  C  1.595974197970  0.933635116066  1.894259350334  -0.371998134804  0.758022380555  -1.323178995668
  47  C  7.876551491253  0.903409538711  1.799494970483  -0.044818994573  0.998488627170  -0.357242890716
  48  C  -1.490932143405  4.589810756913  4.469689451504  -0.320382279341  -0.566232539984  -0.283690308154
  49  C  1.643024934023  4.551945975076  4.415295504440  0.079211756088  0.338055642791  0.005495185694
  50  C  0.098019237335  7.283135780569  4.414467769105  -0.239702254133  -1.174753533079  -0.259343834480
  51  C  6.370895010052  3.691872424903  6.945171561970  0.935101050676  0.091085522976  0.435482320046
  52  C  3.247036188592  3.694670735395  6.963991894399  -0.209761775163  -0.039607527163  0.334806954379
  53  C  4.793318990487  0.991930241454  6.987386622937  0.150035597438  1.123434617068  -0.330083959623
  54  C  -1.420143547365  4.642875904575  9.594871803513  -0.350067897303  -0.080553122334  -0.473374084555
  55  C  1.713225716280  4.640921935863  9.541361898243  0.080139302770  -0.342550120745  0.404210669487
  56  C  0.184978587456  7.331858520774  9.570587095912  -0.190806937543  -0.506856233521  -0.391131041729
  57  C  6.323837392901  3.631486936643  1.787449532523  0.022419963109  -0.402612891762  0.179483352817
  58  C  3.179233455086  3.636714079167  1.836631379803  -0.358516439935  -0.705375684028  -0.629404738075
  59  C  4.735112192050  0.903973094338  1.858122934515  -0.688955421589  1.130038230024  -1.343183093250
  60  C  3.188754772444  1.850586640638  4.420141426637  0.206857653880  0.242696481024  0.356567210786
  61  C  6.319002201440  1.810341832152  4.385917011739  0.426528387363  0.890615874388  0.205054981690
  62  C  4.782235227472  4.556371963769  4.364983417243  0.027951556452  -0.000314151099  0.275196528340
  63  C  1.679118712597  6.405503455985  6.945016230157  0.101544681408  -0.068849121357  0.336463392033
  64  C  -1.444361548870  6.429670704576  7.009191628771  0.293929275292  -0.315378466946  0.262991011798
  65  C  0.120722885356  3.702133067742  7.033738810362  -0.225147121847  -0.023900933493  -0.556752753610
  66  C  3.264601748246  1.916117736871  9.578989351432  0.102403522467  0.067534249646  0.009387934424
  67  C  6.416105878479  1.895973054638  9.522180677873  0.192175198459  0.457728007093  0.144495879390
  68  C  4.851106004522  4.609359349101  9.525191197624  0.206676056404  0.376687335980  -0.202011598521
  69  C  1.636144976282  6.339739537729  1.829960622288  -0.696257283442  -0.522622942608  -0.737099468259
  70  C  -1.515615487784  6.342337958128  1.863327582563  -0.402076097833  -0.182968659586  -0.637592603648
  71  C  0.037529688775  3.654343276470  1.866211323427  -0.175218931588  -0.651424132968  -0.448582732207


MDSTEP:  6
LATTICE_CONSTANT: 1.889726125458
LATTICE_VECTORS
  9.482229541554  0.000000000000  0.000000000000
  -4.663678045226  8.056848156270  0.000000000000
  0.299068174000  0.262196589534  10.358687274013
VIRIAL (KBAR)
  -98.730177747193  -19.624857275133  -42.511903548385
  -19.624857275133  -6.717893460100  -37.128182306828
  -42.511903548385  -37.128182306828  -92.038410574416
INDEX    LABEL    POSITIONS    FORCE (eV/Angstrom)
  0  Si  0.062768009812  1.837377494093  2.538787669120  -1.170153950438  0.161764014034  -0.925198837588
  1  Si  3.202369620333  7.235294867488  2.415291628605  0.526632314214  -0.690302270733  0.175486052368
  2  Si  -3.062379813516  7.278652474723  2.515350146521  -0.520387535364  -1.963503993882  -0.298675241101
  3  Si  4.796883855220  6.374394101398  4.988258266878  0.543477944205  0.003371089237  0.473805655158
  4  Si  1.654779481133  0.972527693742  5.095010576943  -0.842348114025  0.443327735128  -0.024169533768
  5  Si  7.908244189516  0.950908279147  5.028604308904  0.388800188376  0.861289586799  -0.228843409373
  6  Si  0.111618967440  1.923836467252  7.685924266805  -0.531346739970  -0.420221659348  -0.761371450671
  7  Si  3.259563824093  7.308465959544  7.568970057074  0.533530813990  -1.109659572701  -0.155969449609
  8  Si  -2.974969871424  7.348529124191  7.654360388819  -1.012338128903  -1.883595522424  0.007088908437
  9  Si  4.865381049917  6.436422689783  10.134783185338  1.143848499705  0.227689591581  1.109722466583
  10  Si  1.706398558154  1.017519004523  10.236907850434  -0.143544848992  1.938302893093  0.993758773558
  11  Si  7.987497971807  0.984173095736  10.152871475904  0.665938261391  1.787503070377  1.214520887445
  12  Si  -1.512075192020  4.556168641325  2.541138243555  -0.633112776396  -0.418557622819  -1.043216831699
  13  Si  1.646554712562  4.547067218019  2.482291950541  -0.490203839602  -0.147643739513  -0.408802972389
  14  Si  0.066917524416  7.251347044133  2.458977991185  -0.007604870978  -1.286420174510  0.437166188074
  15  Si  6.352304366617  3.654750710330  5.007324060870  0.513099982262  0.055678030950  0.230323682531
  16  Si  3.206661556074  3.658175332637  5.051733467216  0.390626102797  0.220424821633  -0.240347635240
  17  Si  4.758578113994  0.954890227421  5.055937073763  0.110301417625  0.923254940109  0.026104893547
  18  Si  -1.430099372912  4.614173310869  7.649055911657  -0.822901109731  -0.030370453464  -0.232535251069
  19  Si  1.679683870474  4.621019189862  7.610903131505  0.464884239763  -0.061770882119  0.116330047671
  20  Si  0.150306737901  7.342887485593  7.610242568939  -0.027642625998  -1.419306933256  0.465428359028
  21  Si  6.432987355350  3.736409104629  10.123714324717  0.861363691701  0.174327673099  1.511152207916
  22  Si  3.294071497482  3.724072133700  10.185606804716  0.230488747582  0.625433761084  0.786725494897
  23  Si  4.852111866220  1.030268165657  10.190652431238  0.398284945099  0.981523880980  0.995694205221
  24  Si  3.168527765988  1.829624262484  2.513718464681  0.218263849613  0.239813220618  -0.704105135361
  25  Si  6.297792940532  1.814272084717  2.454668804467  0.686206771131  0.428227138269  -0.483654222686
  26  Si  4.764460710003  4.531259035574  2.445915237278  0.274974925657  0.190710881203  -0.675673877438
  27  Si  1.662096717073  6.377644549335  5.024093252627  0.052304314923  -0.165444254289  -0.066308478498
  28  Si  -1.457081768195  6.389175130939  5.095567109644  -0.365841305850  -0.220318666366  -0.370492217517
  29  Si  0.104636674317  3.672197835591  5.073783490142  -0.689581255980  0.000748432320  0.095553773532
  30  Si  3.242892322623  1.894058494995  7.643606011933  0.013829038204  0.436724929582  -0.082312809640
  31  Si  6.401423285856  1.891830120774  7.592201794309  -0.150707142352  0.240049616460  -0.171655024277
  32  Si  4.833967088641  4.603102229297  7.576508047698  -0.070831252296  0.243776502284  -0.017205112724
  33  Si  1.739849502001  6.426512752522  10.189013020254  0.640806194916  0.317361580783  0.627188753265
  34  Si  -1.396764049780  6.459932444250  10.198293543329  0.202070531587  -0.078815010269  1.180745540429
  35  Si  0.143214253172  3.733650851558  10.233852598449  0.271851018293  0.660120344488  0.703452729787
  36  C  0.058859082508  1.875480213042  4.454804841885  -0.278624571608  -0.428015071164  0.085228848058
  37  C  3.216761662207  7.265653772165  4.351829012025  0.402757347454  -0.700957699908  0.113859856246
  38  C  -3.037468609761  7.282053148051  4.458688996236  -0.494532911198  -0.934736327810  -0.549321979231
  39  C  4.836348296241  6.404166147736  6.924611553227  0.429701591345  0.117662363121  0.749550811309
  40  C  1.663060500762  0.984192904759  7.029959414278  0.006365779443  1.693470118380  -0.494740472216
  41  C  7.939658358775  0.971362222528  6.931096322935  0.554447714382  1.470476468858  0.613791298491
  42  C  0.096903569552  1.945588680241  9.600116281407  0.290021481801  -0.576757392146  -0.006056155516
  43  C  3.309494575401  7.316868706819  9.473467089791  -0.080492556901  -0.681817059743  0.590162729460
  44  C  -2.976144314968  7.376113636906  9.606239662492  -0.306683982600  -1.820104279719  -0.931111345530
  45  C  4.776561036962  6.335378298026  1.763132888475  -0.196834022313  -0.254443672247  0.376213371679
  46  C  1.589950115727  0.928139432007  1.896825412277  -0.203978753913  0.837500250504  -1.340124783113
  47  C  7.880473292566  0.903741032430  1.794580051272  -0.105943490949  0.995833877187  -0.274188020344
  48  C  -1.483758177718  4.585577626045  4.465703601136  -0.427692792209  -0.513837234948  -0.150118792411
  49  C  1.646711555557  4.553672206507  4.412308080390  0.113078038152  0.276898001599  0.045321188892
  50  C  0.098590737389  7.289362163068  4.418973356331  -0.244151295939  -1.322943452744  -0.364361230198
  51  C  6.374703202962  3.688352945793  6.950223131266  0.912250058171  0.176836701977  0.354044362500
  52  C  3.246011481144  3.691875671510  6.968839854421  -0.131511794789  -0.006610670697  0.278809418612
  53  C  4.796273906813  0.999356011618  6.983577881756  0.083784112542  1.012263415290  -0.223730841586
  54  C  -1.428196430128  4.644563220003  9.599616597236  -0.221676439082  -0.142811559251  -0.579242532427
  55  C  1.715515631510  4.638434089449  9.539767911670  0.006872867642  -0.330897412708  0.439279978254
  56  C  0.188694770960  7.331537032114  9.570273195909  -0.310158770007  -0.497217622566  -0.403227217962
  57  C  6.323330245076  3.627183392701  1.795147011172  -0.019949189645  -0.337794886192  0.071287090134
  58  C  3.181815954338  3.631575055307  1.831877201127  -0.412666914996  -0.604845508864  -0.564942465948
  59  C  4.741694886843  0.911955061632  1.862273640718  -0.922205887766  0.919382680883  -1.403182547169
  60  C  3.185041642651  1.850596254929  4.424804026019  0.264155336528  0.266626898295  0.272666489423
  61  C  6.312155855340  1.805905344745  4.378841651984  0.531307861560  1.013066288941  0.364843002866
  62  C  4.787794044258  4.558387180893  4.363224755307  -0.091145470641  -0.025243036353  0.367904480802
  63  C  1.681292054937  6.402274410621  6.941806491718  0.083480153901  0.061706303312  0.390399196241
  64  C  -1.437553645395  6.426495549195  7.015698493235  0.118435418010  -0.246635831252  0.139037358538
  65  C  0.124215270079  3.709441196614  7.029350895765  -0.239901277733  -0.204322651895  -0.517223609078
  66  C  3.258414965362  1.919345176957  9.583165493986  0.259172015182  0.025242466884  -0.039024262701
  67  C  6.418015107758  1.890965182840  9.514461632132  0.146366278276  0.586590088162  0.328390891843
  68  C  4.852556581332  4.615180474351  9.520645008964  0.203221287603  0.236624487291  -0.103638568974
  69  C  1.640645246334  6.343950778701  1.824035193372  -0.767278740114  -0.684618301096  -0.665904426923
  70  C  -1.513672804188  6.334919146348  1.865320342125  -0.453007381182  -0.088549180080  -0.691259802978
  71  C  0.036007175247  3.647382770919  1.871227589763  -0.150019394570  -0.552514537719  -0.539102447842


MDSTEP:  7
LATTICE_CONSTANT: 1.889726125458
LATTICE_VECTORS
  9.482229541554  0.000000000000  0.000000000000
  -4.663678045226  8.056848156270  0.000000000000
  0.299068174000  0.262196589534  10.358687274013
VIRIAL (KBAR)
  -99.557971020135  -18.680228185094  -42.289832732073
  -18.680228185094  -6.626704010020  -38.022026790254
  -42.289832732073  -38.022026790254  -91.430114686494
INDEX    LABEL    POSITIONS    FORCE (eV/Angstrom)
  0  Si  0.061939749299  1.842508151075  2.538019855046  -1.141299699484  0.014013075857  -0.821438158841
  1  Si  3.206430648306  7.235906268670  2.418357561902  0.359155542108  -0.759668978285  0.084011823693
  2  Si  -3.066875015980  7.277792030044  2.510454389406  -0.483577913588  -1.815443564009  -0.233722919326
  3  Si  4.791522912582  6.371109669798  4.983131788451  0.760982263295  0.184812937194  0.655984985717
  4  Si  1.651851599028  0.970644558941  5.097690926552  -0.680744531283  0.508967509539  -0.082086338175
  5  Si  7.902992511944  0.956136051216  5.033101111609  0.560940262416  0.625534268883  -0.345502212818
  6  Si  0.106185470543  1.923822291817  7.688453215220  -0.385659888816  -0.433032653963  -0.864289866056
  7  Si  3.257089503900  7.306103013410  7.569289752112  0.719963293068  -1.127106492435  -0.134913783052
  8  Si  -2.976058393850  7.353231580341  7.655271749666  -0.941367014944  -1.916112186708  -0.086307218169
  9  Si  4.861101140716  6.435148991352  10.137203681677  1.268513640197  0.203753970539  1.065736404576
  10  Si  1.711224254347  1.022123678964  10.238646637494  -0.339374543516  1.718566607827  0.948138243773
  11  Si  7.986434845496  0.986889114519  10.149817704153  0.701896902333  1.585504792804  1.258709109472
  12  Si  -1.516295911890  4.559527302910  2.542839897599  -0.506256260183  -0.554305019194  -1.050084452887
  13  Si  1.643306894279  4.550688251994  2.486642919669  -0.497299584115  -0.144150789268  -0.536032561841
  14  Si  0.064263202291  7.246221405192  2.455867198202  0.017994283805  -1.263863740880  0.559882165996
  15  Si  6.346800630536  3.650417850411  5.003357132424  0.637410700025  0.213512741698  0.417159707889
  16  Si  3.211408119331  3.654365070521  5.053451985159  0.229653225472  0.367181109542  -0.358003101460
  17  Si  4.760301934296  0.954380761091  5.061482358788  0.113466713625  1.008350324001  -0.089276091661
  18  Si  -1.434039827542  4.618312446379  7.654144948138  -0.729062461175  0.002315383767  -0.352692361598
  19  Si  1.682811710118  4.626191616281  7.609043145473  0.340861972139  -0.187623147332  0.160357992777
  20  Si  0.149587671840  7.346751591175  7.606724336787  -0.015108684954  -1.578321462121  0.556666824107
  21  Si  6.428254135258  3.733811837772  10.128374228790  0.907999394867  0.265693666610  1.415740216403
  22  Si  3.291367478613  3.723343581064  10.187803336214  0.298339561427  0.730540130464  0.776871522191
  23  Si  4.857242495276  1.032299490381  10.190875556271  0.269893138144  0.881771941389  0.952283076331
  24  Si  3.172371007889  1.834466018711  2.514390889163  0.184701120353  0.172174871612  -0.624047958010
  25  Si  6.292819009042  1.819215513524  2.456781929969  0.859945954300  0.330390098852  -0.481513837815
  26  Si  4.761016399091  4.535016277378  2.449793360159  0.335568110201  0.152028581161  -0.671706457740
  27  Si  1.666093950663  6.377248407896  5.021637119613  -0.068957339541  -0.120684136628  0.041358394009
  28  Si  -1.453408824296  6.390819342009  5.091439090663  -0.454929452599  -0.284867830978  -0.353396600607
  29  Si  0.107650367902  3.671169169921  5.069292273957  -0.829559454271  -0.004999612607  0.237051110918
  30  Si  3.238530766318  1.898186992013  7.649122348435  0.140963265729  0.300199750734  -0.296341658052
  31  Si  6.399044028468  1.896578864959  7.589313327219  -0.003718418024  0.127693526304  -0.238554426422
  32  Si  4.830039070596  4.599352097524  7.578446176424  0.038163289788  0.357463689040  -0.143856146288
  33  Si  1.743809172826  6.422064746382  10.187149699943  0.539558877529  0.476002087943  0.660783318481
  34  Si  -1.398791002046  6.464833544344  10.195662811318  0.124486529328  -0.265247943975  1.213123512036
  35  Si  0.147842545343  3.739313088593  10.230137252672  0.149312436040  0.488260691141  0.732008268354
  36  C  0.060313078665  1.869294641913  4.463209668955  -0.315118238678  -0.312240679981  -0.088549034394
  37  C  3.216306138642  7.256591771983  4.350995965338  0.391260494698  -0.411288506738  0.141220995946
  38  C  -3.033623843553  7.287354020618  4.451211152109  -0.586263381710  -1.058863371926  -0.483765122521
  39  C  4.843559844114  6.406541012513  6.925345765040  0.287016682555  0.047977101853  0.696610795012
  40  C  1.671756108226  0.989898956838  7.027035677253  -0.194602121290  1.608167765250  -0.369820213791
  41  C  7.948530714075  0.964588062446  6.927456442694  0.333363181618  1.637363544258  0.766038299007
  42  C  0.092494780573  1.939942707452  9.598857958125  0.390467063440  -0.397828229662  0.046120034823
  43  C  3.316502891146  7.308114568759  9.474461393375  -0.271818129730  -0.431946979951  0.581857172500
  44  C  -2.981238493337  7.371981483834  9.604805764019  -0.247516478318  -1.599859056413  -0.827468338601
  45  C  4.775654087203  6.330696322240  1.762318721570  -0.204956314827  -0.155165260067  0.383210270612
  46  C  1.591728621478  0.934754470387  1.897532785011  -0.192118238046  0.718805299104  -1.353969693918
  47  C  7.881924882655  0.900962169646  1.796386813408  -0.167119995571  1.121945130632  -0.282323223124
  48  C  -1.492231592578  4.577086031239  4.464919751938  -0.287525232135  -0.365195851491  -0.142801964144
  49  C  1.640378006382  4.561424210778  4.405219545084  0.288698918125  0.106798128780  0.235596749772
  50  C  0.100844345578  7.295777466456  4.424643425365  -0.203954584875  -1.493038042522  -0.532823597790
  51  C  6.384101478763  3.695657966797  6.957256926343  0.709384854785  0.074348442718  0.209357069660
  52  C  3.241696321801  3.685649532290  6.961888523173  -0.037168058557  0.146050221054  0.434311363634
  53  C  4.799620268146  0.992279287263  6.976758457035  0.017279519942  1.347921418276  -0.024204903637
  54  C  -1.433317256222  4.640452828744  9.598583567702  -0.153791984312  -0.018801774070  -0.472696586796
  55  C  1.718634501125  4.642165806120  9.543817519694  -0.012079240421  -0.431540696910  0.303782284171
  56  C  0.181700554617  7.328335475703  9.570846249709  -0.127119179679  -0.382674751019  -0.425457144425
  57  C  6.327095091315  3.634388627240  1.801264452542  -0.169253010003  -0.443608246434  0.008989838984
  58  C  3.178550316706  3.639177950237  1.838146759256  -0.324469180885  -0.713712946854  -0.639536843560
  59  C  4.746098705341  0.905615964509  1.866657374245  -1.018701069410  1.114906404338  -1.497670169593
  60  C  3.192015561945  1.854924561206  4.429269984865  0.143253129383  0.173731668002  0.187090791525
  61  C  6.316565113110  1.810756699669  4.381802593460  0.366303509375  0.919033220888  0.338491091804
  62  C  4.789710639079  4.566936969537  4.368709357483  -0.168190690534  -0.242321368235  0.256863771294
  63  C  1.684915657111  6.405431073037  6.948161311256  0.035186581684  0.015302881770  0.220902563619
  64  C  -1.431799633272  6.433203796534  7.009113692053  -0.008102550707  -0.328384970890  0.260413070034
  65  C  0.120371677738  3.710554752813  7.034978474519  -0.160988091146  -0.148181901284  -0.593164646989
  66  C  3.249926983245  1.922640111215  9.577633045761  0.497064296401  0.012520123092  0.104713653371
  67  C  6.419075507372  1.889749893137  9.507958888666  0.088208671211  0.598793002788  0.438918108340
  68  C  4.850980798707  4.619491945656  9.513141954615  0.156551446976  0.065406112216  0.113557272848
  69  C  1.636271204235  6.343924811949  1.817744852903  -0.656369634840  -0.675753453746  -0.570297119545
  70  C  -1.521025499580  6.333391697464  1.871865786636  -0.360222623241  -0.035969810345  -0.828029438645
  71  C  0.041886826396  3.640723039261  1.873190784477  -0.319445550975  -0.321998764997  -0.567567681387


MDSTEP:  8
LATTICE_CONSTANT: 1.889726125458
LATTICE_VECTORS
  9.482229541554  0.000000000000  0.000000000000
  -4.663678045226  8.056848156270  0.000000000000
  0.299068174000  0.262196589534  10.358687274013
VIRIAL (KBAR)
  -100.254750569665  -18.082028677694  -41.741908535387
  -18.082028677694  -6.679942223111  -38.576524918765
  -41.741908535387  -38.576524918765  -91.137607992902
INDEX    LABEL    POSITIONS    FORCE (eV/Angstrom)
  0  Si  0.061495586702  1.845690442148  2.539302693677  -1.114073670420  0.042810495859  -0.897443182901
  1  Si  3.204002051662  7.235174191433  2.415986655953  0.352577628013  -0.719392204256  0.083508469869
  2  Si  -3.071493461727  7.274527897164  2.506682735143  -0.418389421252  -1.693632635457  -0.212039075514
  3  Si  4.788771298147  6.372114915630  4.986715786711  0.808920115442  0.171552807695  0.482621553299
  4  Si  1.646705661209  0.971793430125  5.097174452685  -0.617646663700  0.656740880320  -0.216365584528
  5  Si  7.900553509222  0.951837352179  5.037458496610  0.546674883986  0.789454009411  -0.583201809686
  6  Si  0.104811243002  1.924087318985  7.689381233443  -0.398721414396  -0.361689724991  -0.883973047125
  7  Si  3.257025446769  7.309636641205  7.564686035022  0.675753004279  -1.309597332282  -0.003856003072
  8  Si  -2.974591777725  7.357727747444  7.655811046967  -0.982132245588  -1.902097834443  -0.081281468125
  9  Si  4.862172122770  6.438444221792  10.139916181205  1.265201811922  0.079782526704  0.969650984974
  10  Si  1.707277890299  1.019736249261  10.238345215744  -0.103124214562  1.825074783184  0.977282536624
  11  Si  7.990562246542  0.988054985918  10.155302880809  0.586091995115  1.587173457556  1.244538811828
  12  Si  -1.521134334219  4.561656732293  2.538740454655  -0.384954582664  -0.786785162969  -0.949546158763
  13  Si  1.640931187271  4.556096538608  2.489812829376  -0.331895462829  -0.372638561585  -0.738585624537
  14  Si  0.059272161817  7.240181949909  2.454236625527  0.129645531367  -1.089788158068  0.573332674320
  15  Si  6.347685113218  3.648405229236  5.003314925886  0.632463683035  0.174874410086  0.400433430655
  16  Si  3.210477601712  3.657314504230  5.047406270233  0.314667495148  0.253397501095  -0.319270850463
  17  Si  4.754405446084  0.951088070502  5.065600804111  0.368504309503  1.166815260305  -0.259269967107
  18  Si  -1.438632134499  4.622615153097  7.657176342056  -0.572513455754  -0.067368527937  -0.419995862632
  19  Si  1.685306918356  4.624913260126  7.609325030081  0.369516641370  -0.226540278751  0.097133637963
  20  Si  0.148155958355  7.347316689237  7.610315531320  -0.014707457855  -1.644719964579  0.532082069614
  21  Si  6.432663398650  3.732745710796  10.126730733529  0.823496636652  0.240867402900  1.419971354681
  22  Si  3.294469047947  3.723923649117  10.182109221039  0.212856289545  0.630517398888  0.752914853961
  23  Si  4.862746600289  1.036877650285  10.196850510152  0.188095529002  0.642829855847  0.826383634811
  24  Si  3.175048909969  1.839954173798  2.508068042799  0.198617342272  0.034023940662  -0.496241443231
  25  Si  6.287754973304  1.819272527322  2.454573075595  1.017890785804  0.382827277816  -0.339606354540
  26  Si  4.761737691835  4.540153598884  2.444191457596  0.452199391636  -0.067234870740  -0.561139240863
  27  Si  1.666904543532  6.382507567975  5.018792079616  -0.143062866421  -0.248716015124  0.194278629186
  28  Si  -1.454732712887  6.385529260008  5.086609347264  -0.522716096823  -0.194461213626  -0.186747314001
  29  Si  0.103199338934  3.674504339593  5.069602476191  -0.744654793015  -0.035685097792  0.199997408405
  30  Si  3.240790949507  1.894049491481  7.644205633449  0.142181757317  0.390913247573  -0.309000396873
  31  Si  6.398503462157  1.902630420740  7.589410057242  -0.035598332590  0.043885364825  -0.328233216189
  32  Si  4.833534021360  4.602330668132  7.572753535094  -0.020850445900  0.253584412994  -0.064082581117
  33  Si  1.747666367083  6.424344426825  10.192159717542  0.510190223271  0.323193514118  0.464502844170
  34  Si  -1.395579602798  6.463322021203  10.200140591084  0.088448976655  -0.217279956239  1.136526186746
  35  Si  0.151105014741  3.738851961136  10.228242258116  0.078626273917  0.508235259829  0.731598798257
  36  C  0.052439839433  1.878414607118  4.458226355062  -0.189965683681  -0.475621517342  0.016192173538
  37  C  3.210192851810  7.257502163073  4.344896880949  0.514067255662  -0.451607107446  0.245601651410
  38  C  -3.035488832871  7.295364531252  4.446076123784  -0.595156095909  -1.250337645893  -0.443725643357
  39  C  4.844602402321  6.399664453407  6.916855768849  0.227003236232  0.270550875059  0.868690837548
  40  C  1.663355846086  0.997063542253  7.020610226250  -0.076050166832  1.421345965052  -0.233690754610
  41  C  7.942597640908  0.961545707301  6.921724292966  0.395243897575  1.746474374411  0.893803095401
  42  C  0.096286558451  1.931183948176  9.606320105826  0.315739430083  -0.206084852379  -0.108583794299
  43  C  3.320539114364  7.314348893984  9.476184052151  -0.291613620362  -0.539323073763  0.524204213258
  44  C  -2.979274599072  7.372717158377  9.612630056846  -0.262270510791  -1.668530647348  -0.964978466192
  45  C  4.774456290677  6.328097123309  1.760748188430  -0.211455688317  -0.044026425330  0.384653367526
  46  C  1.596664620591  0.934642980887  1.894531807976  -0.306178776787  0.703970344199  -1.323837818882
  47  C  7.872563036395  0.904152680920  1.804893224923  -0.014662116318  1.034818917337  -0.429630122189
  48  C  -1.498496944666  4.568282126723  4.472993600454  -0.213749320731  -0.163006198216  -0.383898701161
  49  C  1.639234868023  4.563217202942  4.397276519759  0.259764626144  0.138317950071  0.376083411412
  50  C  0.099661611084  7.297447106441  4.431361599536  -0.221272042390  -1.643635429795  -0.720243814913
  51  C  6.386929809733  3.701791578489  6.950807893502  0.702060081997  -0.033131174885  0.347652828436
  52  C  3.246983172211  3.685913110508  6.956586761710  -0.091068798843  0.128263031040  0.464195158189
  53  C  4.802970210980  0.988357169359  6.968263932638  -0.030163892962  1.397508309815  0.171447516848
  54  C  -1.438255232631  4.647001282936  9.601155364603  -0.027385839194  -0.201660512731  -0.536059344173
  55  C  1.712893623007  4.637943805629  9.535132769417  0.162013747595  -0.329973223941  0.466309595766
  56  C  0.183394640133  7.319837313844  9.570292529759  -0.114960098417  -0.110528041705  -0.287972013419
  57  C  6.336247752076  3.626019664366  1.793943226683  -0.359560217510  -0.249402387296  0.074620408713
  58  C  3.186905750162  3.633963374162  1.831199771977  -0.509789324264  -0.505073190105  -0.547464735362
  59  C  4.752679274738  0.909901024381  1.870133987415  -1.194976168290  0.854950184738  -1.561796445858
  60  C  3.200803000640  1.848028927339  4.427563242564  -0.108514780724  0.353625316899  0.163924482879
  61  C  6.323272180268  1.816123993776  4.376885614332  0.142634283657  0.750165911695  0.474810861210
  62  C  4.798776877034  4.567282301860  4.373278806369  -0.335636271449  -0.188692403849  0.056436374776
  63  C  1.679088877688  6.399913674035  6.957102703954  0.165899359423  0.151357418131  0.007489726457
  64  C  -1.436730522748  6.432001621216  7.015244636775  0.049948672104  -0.232419020657  0.106757659185
  65  C  0.127675236582  3.713171906022  7.027142648442  -0.378024091873  -0.180009415907  -0.397579559766
  66  C  3.258236124446  1.917776813993  9.571572818912  0.335061910081  0.046131403090  0.188606496296
  67  C  6.417438519900  1.885240431345  9.503560266482  0.241299199366  0.696195566012  0.495701420910
  68  C  4.851476008874  4.613764347336  9.513246467321  0.208168278514  0.250403297523  0.040371181938
  69  C  1.639085891130  6.335594989310  1.811283722799  -0.722992273900  -0.476077806611  -0.468157085566
  70  C  -1.522698957785  6.324842435293  1.867568169315  -0.394871326753  0.156189751827  -0.761816387527
  71  C  0.047794835844  3.647762565618  1.864325681090  -0.426166053615  -0.412054810528  -0.434996472522


MDSTEP:  9
LATTICE_CONSTANT: 1.889726125458
LATTICE_VECTORS
  9.482229541554  0.000000000000  0.000000000000
  -4.663678045226  8.056848156270  0.000000000000
  0.299068174000  0.262196589534  10.358687274013
VIRIAL (KBAR)
  -100.361263533118  -18.353896314806  -41.999611809570
  -18.353896314806  -7.338707637954  -37.779229526369
  -41.999611809570  -37.779229526369  -90.497237142270
INDEX    LABEL    POSITIONS    FORCE (eV/Angstrom)
  0  Si  0.055236623009  1.850649949424  2.540065456790  -1.011327811524  -0.063199796549  -0.918572437396
  1  Si  3.207844670762  7.229234157662  2.419788264329  0.325846020228  -0.544937098650  -0.049148166205
  2  Si  -3.068363082806  7.271376946130  2.503172330955  -0.467537500362  -1.720937579451  -0.065300330718
  3  Si  4.789894764032  6.368229539729  4.991907689295  0.785882619211  0.148132194942  0.350038378717
  4  Si  1.648765506432  0.967032007640  5.092172828960  -0.654653174215  0.786991368742  -0.084740071401
  5  Si  7.905286746404  0.952487421289  5.035408554799  0.453657415760  0.623209956816  -0.653445868495
  6  Si  0.099351444062  1.918043075694  7.689755227452  -0.298532621554  -0.242333278366  -0.875661116880
  7  Si  3.258500415261  7.312152659250  7.566490763873  0.703712267597  -1.198082781259  -0.187637240926
  8  Si  -2.971314457699  7.352519050638  7.658206337869  -1.069354095538  -1.610150184091  -0.124537346560
  9  Si  4.857133098708  6.444769876993  10.141203424830  1.357092555589  -0.052166777226  0.915405786920
  10  Si  1.702463452727  1.014228898268  10.238023511167  0.113173898019  2.002892428027  0.991396510413
  11  Si  7.993612034420  0.992743766441  10.155936472691  0.408401439657  1.579116908988  1.301046728744
  12  Si  -1.521201597316  4.562247691439  2.542607536311  -0.440942822985  -0.840140714738  -1.066829980163
  13  Si  1.644000963587  4.551118970436  2.483251703702  -0.324522962978  -0.224318657599  -0.626773655183
  14  Si  0.060970228702  7.243786412841  2.449695531626  0.041312572880  -1.204526054199  0.669558603734
  15  Si  6.351184999832  3.650433222208  5.005649657107  0.575604472618  0.088672707110  0.327345371480
  16  Si  3.205462356044  3.660603024148  5.050130133089  0.531581571073  0.244323764196  -0.327962744046
  17  Si  4.756642746280  0.949376838147  5.064754836886  0.316201828133  1.207642577620  -0.256907342066
  18  Si  -1.441468434661  4.617538279303  7.658276291442  -0.601609729068  0.011314674221  -0.463521363047
  19  Si  1.691773834827  4.620864392468  7.610344514177  0.230018366228  -0.184849216838  0.090432853640
  20  Si  0.148888628526  7.344557970135  7.611906460157  -0.071733422579  -1.544443276075  0.496090655072
  21  Si  6.426470214379  3.726926847808  10.126213835876  0.861118770098  0.398968424940  1.431855094870
  22  Si  3.294828483677  3.724860006158  10.188780784834  0.267870731377  0.630571205390  0.548762087774
  23  Si  4.860734455324  1.034445665485  10.192141394885  0.133703495982  0.731013683428  0.923071499812
  24  Si  3.173289362988  1.845522932749  2.513439769818  0.186913777760  -0.041704653550  -0.631530578100
  25  Si  6.288095194542  1.821687352304  2.455410159677  0.833847234783  0.344583111113  -0.257482850192
  26  Si  4.757524364905  4.543846827261  2.441597530711  0.587463455609  -0.184307047059  -0.512566543294
  27  Si  1.671876633206  6.381692780701  5.020901955769  -0.268155434474  -0.175097569773  0.135508408078
  28  Si  -1.457204317620  6.388649866935  5.090090963316  -0.530102528242  -0.202236915181  -0.231036680552
  29  Si  0.108452095426  3.677463093819  5.075802286812  -0.878170560814  -0.090924874726  0.079885902123
  30  Si  3.240778120524  1.891336155433  7.641480529363  0.131133704334  0.479019646200  -0.209731371259
  31  Si  6.393281320959  1.899878139764  7.587333103288  -0.066913085687  0.209077261245  -0.303470276605
  32  Si  4.833868591677  4.606493108065  7.578043443723  -0.083017075704  0.106397620185  -0.156797938334
  33  Si  1.748039907078  6.419897646262  10.188422023162  0.494232928673  0.504498356556  0.554242949506
  34  Si  -1.393787598119  6.463418150872  10.195634468765  -0.023140422930  -0.391102490672  1.229699659506
  35  Si  0.151879484421  3.732631497369  10.232436699658  0.056370421999  0.720836863271  0.567399370530
  36  C  0.044863017154  1.871598864934  4.459926096496  -0.010607571523  -0.253316429939  -0.006850163696
  37  C  3.209535504330  7.248358279085  4.335640026168  0.612858212599  -0.279187774380  0.542876080527
  38  C  -3.043938605845  7.292099803998  4.451165149329  -0.454400923015  -1.228191264633  -0.543725688166
  39  C  4.852260679656  6.396019249285  6.917516551991  0.068966256549  0.401563846816  0.909453680026
  40  C  1.670120383826  1.004274086511  7.026056640613  -0.272380851284  1.109577136059  -0.341975303651
  41  C  7.935710415033  0.971076354746  6.913819134230  0.505566629115  1.439213244817  1.096749121394
  42  C  0.096357557599  1.929643032898  9.613867081404  0.322318370415  -0.228519695627  -0.250723312325
  43  C  3.318219288775  7.322869078204  9.467244194801  -0.263323541265  -0.601825815603  0.731832743147
  44  C  -2.977504718302  7.372998388955  9.612780684284  -0.326121799554  -1.742636499290  -0.969865012296
  45  C  4.778805055673  6.320800682614  1.762229640536  -0.308703749607  0.173091679491  0.292392358024
  46  C  1.596941239117  0.930548806265  1.898232760781  -0.388398341233  0.843728991015  -1.351188809352
  47  C  7.864734950349  0.909279594087  1.810557012897  0.123033744434  0.837227599979  -0.486888807800
  48  C  -1.505913491144  4.574500754643  4.466408186823  0.029785667429  -0.282409539062  -0.179772612438
  49  C  1.647669788613  4.567128194536  4.397464681922  0.073877323279  0.031715458042  0.322632019509
  50  C  0.097647452548  7.296726654931  4.426712224298  -0.178586275226  -1.645501854375  -0.595037821810
  51  C  6.381265894381  3.705185744910  6.945118443018  0.757829162520  -0.108787143269  0.472360179837
  52  C  3.242084589413  3.679228673230  6.959641180934  0.049253697977  0.290922436946  0.390233363873
  53  C  4.795729139085  0.990632372158  6.970010995757  0.080273107060  1.231975917208  0.131804472444
  54  C  -1.444829411170  4.639946810023  9.593930039603  0.085943269492  -0.150441989989  -0.366898314213
  55  C  1.717423008506  4.645330503278  9.531477197032  0.076518834058  -0.559199953639  0.567492296698
  56  C  0.178848371515  7.317897251427  9.571396974393  0.018749545149  -0.113890073692  -0.314632279289
  57  C  6.326243779674  3.626177351491  1.789608963779  -0.216120096991  -0.269912280639  0.131558723719
  58  C  3.192815626831  3.636696455164  1.822689739289  -0.655851810549  -0.549784579576  -0.436465465357
  59  C  4.741736094587  0.911927255757  1.874634630529  -1.000543093257  0.904070806341  -1.623532312930
  60  C  3.200644250724  1.857841647868  4.424024446813  -0.111216479527  0.186401263209  0.267125077874
  61  C  6.329269998374  1.810001756704  4.387042953031  0.065680710640  0.882312665702  0.272011865966
  62  C  4.808447390495  4.565606062603  4.366286973638  -0.535384512680  -0.178969910471  0.190941508276
  63  C  1.681818190061  6.401319374483  6.961249742266  0.166326901767  0.090425469759  -0.063022473387
  64  C  -1.442510632554  6.436572468116  7.022604556415  0.232754941945  -0.411780849866  -0.016027059972
  65  C  0.124782244714  3.712158476404  7.031723581648  -0.301436121353  -0.163499784295  -0.416890138303
  66  C  3.261911413702  1.922516740831  9.564747749080  0.183410584905  -0.059094829389  0.345478687089
  67  C  6.412348647358  1.890813040689  9.507365538364  0.335976773002  0.527146373774  0.370899518913
  68  C  4.851990932180  4.615272626457  9.509799162885  0.139368999044  0.301449052026  0.157444558840
  69  C  1.640808172264  6.336562050022  1.818792973624  -0.714321483880  -0.518517140243  -0.663289265359
  70  C  -1.524983465143  6.316220205812  1.874344555967  -0.295465772599  0.341242798476  -0.917918186768
  71  C  0.051840327892  3.654592716209  1.854614137506  -0.501056606790  -0.548401118673  -0.256669188541


MDSTEP:  10
LATTICE_CONSTANT: 1.889726125458
LATTICE_VECTORS
  9.482229541554  0.000000000000  0.000000000000
  -4.663678045226  8.056848156270  0.000000000000
  0.299068174000  0.262196589534  10.358687274013
VIRIAL (KBAR)
  -101.595868607817  -18.588928643875  -41.541578583540
  -18.588928643875  -6.469884599618  -38.279876645335
  -41.541578583540  -38.279876645335  -89.740950617112
INDEX    LABEL    POSITIONS    FORCE (eV/Angstrom)
  0  Si  0.057752928702  1.855524865449  2.539153934136  -1.112106876339  -0.018288277975  -0.817003820192
  1  Si  3.212888475333  7.228802035229  2.413125986753  0.162579929419  -0.476458609783  0.056762103379
  2  Si  -3.067664200210  7.273451092175  2.506735003293  -0.430765242001  -1.625912111866  -0.071152295530
  3  Si  4.789120146409  6.362215795032  4.988073692217  0.789297169120  0.302401796264  0.412434232479
  4  Si  1.643949096257  0.970533008041  5.098382122137  -0.580368015912  0.795447004657  -0.241226865358
  5  Si  7.902961140058  0.959213729716  5.037953797067  0.616099721136  0.348397985153  -0.728924847172
  6  Si  0.106063341982  1.917774552893  7.686190611840  -0.426157269276  -0.315534790033  -0.867712514395
  7  Si  3.256210428644  7.306211500752  7.571034516864  0.899857931403  -1.167753738307  -0.213494842288
  8  Si  -2.975694737262  7.352012977710  7.663656135457  -0.952355316021  -1.677303389263  -0.274093609680
  9  Si  4.851761338890  6.440897491244  10.145028180390  1.449608859446  0.083513079897  0.907802669697
  10  Si  1.697123520492  1.020864364712  10.239832903645  0.198869547825  1.889932756173  0.993844979770
  11  Si  7.994715674819  0.997227409396  10.150669236242  0.426771799168  1.505000867230  1.417578711971
  12  Si  -1.520097042050  4.559821611248  2.546130289363  -0.461568013240  -0.717271475159  -1.255923125740
  13  Si  1.641792523035  4.554797946404  2.487799099423  -0.290373894843  -0.360782129042  -0.787458726263
  14  Si  0.061871315765  7.249475232994  2.450980812788  0.153129523592  -1.412112024034  0.650966222247
  15  Si  6.351569949185  3.647146760519  5.006391480576  0.500329003021  0.209091206853  0.261988056251
  16  Si  3.201663815629  3.657246396310  5.043523459750  0.494022858188  0.459653103530  -0.160408420047
  17  Si  4.756444525737  0.950757508440  5.059581111626  0.388005704688  1.084377450563  -0.208523893611
  18  Si  -1.444311849232  4.621433146153  7.660016771888  -0.512587616385  -0.102327665600  -0.601808349270
  19  Si  1.687770608238  4.625791980117  7.615358937708  0.284189801403  -0.436131921363  0.072758440174
  20  Si  0.155230103970  7.350577757769  7.616069526913  -0.196663900982  -1.686838302487  0.440753735679
  21  Si  6.427662871930  3.727639526788  10.127701425982  0.820681628356  0.332140480829  1.393636562632
  22  Si  3.297041222621  3.719970193978  10.194765636229  0.172099671720  0.754470806892  0.520327039895
  23  Si  4.859852263426  1.034431506091  10.195072781661  0.175877408589  0.688441091625  0.869440666507
  24  Si  3.170250075804  1.839192104696  2.515001611457  0.316025695585  0.117287603943  -0.668448159950
  25  Si  6.293271513343  1.822614531989  2.460721677064  0.711483485174  0.369196888209  -0.495650596939
  26  Si  4.756307306463  4.547549241991  2.436442752564  0.535477396260  -0.344420640448  -0.402733591428
  27  Si  1.670809724224  6.378153410882  5.023873707611  -0.128838344789  -0.048929473548  0.059697513735
  28  Si  -1.456508585633  6.389402537898  5.089889671690  -0.612978325571  -0.279496693108  -0.272699662832
  29  Si  0.103989873907  3.681109854588  5.073760806251  -0.793616529971  -0.097467405209  0.096299701846
  30  Si  3.234707900673  1.894606740720  7.638951830849  0.177038382941  0.347628786535  -0.133276805052
  31  Si  6.398073796467  1.897014712005  7.592285913122  -0.089252260017  0.298450759431  -0.445877426841
  32  Si  4.832713117275  4.612653215307  7.584878296866  -0.075997265202  -0.150915117725  -0.303539197444
  33  Si  1.745940973394  6.418328296933  10.188297757683  0.531711610905  0.595928061165  0.719361795114
  34  Si  -1.400388103547  6.465375717042  10.196363851681  0.175958451540  -0.432460818428  1.247708034516
  35  Si  0.154023194591  3.732922822496  10.226809252590  0.002063183013  0.789818768468  0.639458254739
  36  C  0.045750911626  1.879901836363  4.467385028323  -0.033726839395  -0.351560235765  -0.168497783962
  37  C  3.213920448794  7.244540552022  4.327611012902  0.506929638558  -0.121021635207  0.727007244446
  38  C  -3.046547288799  7.299471419891  4.454129774642  -0.398473431270  -1.350744719237  -0.583206308225
  39  C  4.860495321044  6.387728691541  6.916663373523  -0.108822035552  0.561856208211  0.957148418974
  40  C  1.664307807655  0.997810500078  7.018338390746  -0.148978379290  1.190879224589  -0.133643851489
  41  C  7.937375542973  0.961631759544  6.913377533433  0.460748715484  1.539931463083  1.130414094196
  42  C  0.094999117959  1.927744795323  9.611097494678  0.390706472035  -0.138897518924  -0.284981992822
  43  C  3.316314894287  7.327811090181  9.473208448291  -0.219912903471  -0.723141630600  0.655827449288
  44  C  -2.969331408391  7.377552361883  9.609967473627  -0.571598136314  -1.724438153474  -0.830860357544
  45  C  4.776852354295  6.319532664841  1.771106540855  -0.202576429749  0.257884786310  0.066270969181
  46  C  1.596630615204  0.941325263941  1.903686490680  -0.449043424932  0.552959059883  -1.412080459614
  47  C  7.861690266286  0.913334128152  1.802502255970  0.217225370402  0.742681850492  -0.406927206837
  48  C  -1.506888859780  4.564802884657  4.456349037682  -0.027390739455  -0.067764082801  0.048783438480
  49  C  1.639521911378  4.576471235688  4.389805313108  0.174941034913  -0.199219664794  0.539838474610
  50  C  0.098322352041  7.288519272489  4.421570098512  -0.189784472571  -1.353968962405  -0.427687859867
  51  C  6.385858816660  3.710081151198  6.940842372025  0.653525511046  -0.228605569308  0.628380276959
  52  C  3.234176348395  3.672218476874  6.964193802771  0.135610381188  0.499325539422  0.259880986235
  53  C  4.795886969272  0.993294598190  6.969172150921  0.093708687582  1.242135335187  0.110014714737
  54  C  -1.449899991178  4.639324483581  9.588035096895  0.164615391622  -0.105837810936  -0.252874249547
  55  C  1.720920078771  4.653284433093  9.535535125537  0.029313553747  -0.763372516828  0.495256568100
  56  C  0.180331722729  7.315600949364  9.574235637730  -0.064383067815  -0.049539001525  -0.328622718819
  57  C  6.323468276281  3.631221529594  1.785578706663  -0.161237458298  -0.339259348101  0.194616228502
  58  C  3.192632580086  3.629907182166  1.819341507754  -0.674154232185  -0.447949489486  -0.325208643605
  59  C  4.741970750240  0.908707984013  1.869041051399  -0.936237128855  1.069823726851  -1.501400805068
  60  C  3.204284099436  1.865473557982  4.423673439989  -0.215129965027  -0.033331806644  0.254524341288
  61  C  6.338997154318  1.811567518170  4.381069335670  -0.165184080358  0.846808319203  0.402088277390
  62  C  4.802426852962  4.568980812988  4.363613667286  -0.404408837301  -0.359039052171  0.184387918706
  63  C  1.691209818916  6.394394546439  6.970654327391  -0.050733641360  0.256589439775  -0.244789570921
  64  C  -1.444619697840  6.434713927081  7.020936086087  0.352549549555  -0.302884279178  0.043877164250
  65  C  0.127253181154  3.703325651569  7.027526902383  -0.387637648907  0.102328168823  -0.315273253243
  66  C  3.257764556900  1.925845406767  9.569568004918  0.239249698025  -0.137400554128  0.222476881982
  67  C  6.422025089795  1.881401414053  9.506857883640  0.093904923530  0.739027088422  0.401800167049
  68  C  4.846764166996  4.616632831276  9.513381743163  0.247041162573  0.234867405681  0.159168257483
  69  C  1.642507347532  6.327692637318  1.828380065790  -0.717409613842  -0.278422094557  -0.854246222833
  70  C  -1.516627871705  6.322379966268  1.880599943510  -0.499536639065  0.227101524616  -0.971984730435
  71  C  0.048855846392  3.659102881349  1.851648372506  -0.451260877191  -0.608574928518  -0.250337827625


