MDSTEP:  0
LATTICE_CONSTANT: 1.889726125458
LATTICE_VECTORS
  9.531852647822  0.000000000000  0.000000000000
  -4.793540164861  7.974295619315  0.000000000000
  0.028140942433  0.218829458602  10.506484746691
VIRIAL (KBAR)
  -114.419277788759  -1.652641196667  -1.817886056352
  -1.652641196667  56.898116706027  -31.595158928376
  -1.817886056352  -31.595158928376  -133.304988291494
INDEX    LABEL    POSITIONS    FORCE (eV/Angstrom)
  0  Si  0.004045279184  1.843551833824  2.544407235263  -0.957049684743  0.091223996218  -0.723830616518
  1  Si  3.130122062435  7.252192830092  2.479612610217  0.148652584588  -2.045966303695  0.233323534258
  2  Si  -3.138414580871  7.252415660888  2.489325518455  -0.927981151597  -3.049706557784  0.212716824758
  3  Si  4.697247939926  6.390441727728  5.065105838576  0.708152525263  -0.255456166298  -0.161216127518
  4  Si  1.575850484432  0.960593569866  5.122276096520  -0.242329773917  1.451677710492  -0.276433441462
  5  Si  7.842723296022  0.976327030432  5.131204248843  0.770512074932  1.816911731784  -0.642987450162
  6  Si  0.004815893399  1.902594174148  7.686295237284  -0.798371333084  -0.228627156808  -0.286521517132
  7  Si  3.128005057657  7.308595814180  7.638661175667  0.116562794533  -2.317063200796  0.134159628620
  8  Si  -3.122926932732  7.312311025370  7.632803507265  -1.298506350807  -3.203773444403  0.857900057020
  9  Si  4.690467007582  6.441914787531  10.212588979729  1.037366951739  0.182520591595  1.445010876899
  10  Si  1.574202338450  1.012651346786  10.266247346605  -0.168079365049  2.088970898659  1.527918522499
  11  Si  7.840533907903  1.019883139126  10.250150455972  1.064243928732  2.397384379511  1.672342002578
  12  Si  -1.561307499466  4.548618632409  2.525659653795  -0.988550021477  -0.232607040153  -0.981978369558
  13  Si  1.572553221243  4.559234513732  2.510400676913  -0.102430285489  -0.060159351018  -0.686807447533
  14  Si  -0.009809534264  7.255407488473  2.487339086772  -0.046516062242  -2.760461955581  0.237932147639
  15  Si  6.258542095178  3.685449509127  5.086356418882  0.861309470013  -0.002838268252  -0.232433313255
  16  Si  3.114564502623  3.671534529874  5.105371193247  0.449773785446  -0.119267026099  -0.476573202476
  17  Si  4.690542182678  0.968135992004  5.117383602902  0.466362025486  1.669434517741  -0.025376358808
  18  Si  -1.564847744815  4.586761047442  7.643252664251  -0.989629150077  0.116919410080  -0.138275703123
  19  Si  1.553420876315  4.608107732038  7.647970572269  0.238309799713  0.046552907634  -0.071957766396
  20  Si  0.002354630281  7.311718782741  7.625077206437  -0.251918581175  -2.563107393929  0.873347732438
  21  Si  6.269885717872  3.741921018919  10.221627789460  0.905731087976  0.389032152806  1.579466147489
  22  Si  3.137559369081  3.724869836715  10.238753854393  -0.095254443181  0.332675251811  1.471832609910
  23  Si  4.708210107582  1.022026451368  10.264704566028  0.213608949098  1.725128464258  1.479937239421
  24  Si  3.122340768752  1.839783458818  2.543042637164  0.236023144396  0.609248408478  -0.562796198795
  25  Si  6.260243429478  1.842924242111  2.542509986820  0.411386532576  0.601487724546  -0.749061537314
  26  Si  4.697647634335  4.561905696840  2.507802802569  0.255819225343  0.042832434292  -0.661390147453
  27  Si  1.555806616765  6.371438411727  5.065400690038  0.214232983308  -0.275369801655  -0.362662798557
  28  Si  -1.556638920106  6.376377859090  5.078359208415  -0.497270453785  -0.473742269763  -0.397476324896
  29  Si  0.001065520052  3.674487068593  5.087017905441  -0.280622759535  -0.398907207980  -0.194491790351
  30  Si  3.140484725964  1.899981827850  7.682297166151  -0.160365510337  0.414706221857  -0.039594594539
  31  Si  6.279328899124  1.914625904070  7.691389259947  -0.006740689940  0.246397945571  -0.470567533577
  32  Si  4.706341318336  4.608593175866  7.662415912318  -0.040889498395  0.283651042308  -0.553181873348
  33  Si  1.567638379149  6.415493191643  10.220044146361  0.092684839006  0.267135256042  1.436236063870
  34  Si  -1.570011122505  6.420898518367  10.196488913772  -0.142144500462  -0.027310796103  1.684541394806
  35  Si  -0.008434483669  3.705845214905  10.235533371047  0.024265844507  0.672298953609  1.438531789168
  36  C  -0.000729681659  1.854548655428  4.470260115990  -0.673830398900  0.115907721784  0.623721342786
  37  C  3.121726215402  7.282606064697  4.412466289702  0.103918668054  -1.677801111123  0.152072388901
  38  C  -3.135077509342  7.262214740534  4.425646033091  -0.901650388931  -1.864279287893  0.175583927237
  39  C  4.698474124513  6.405785580862  6.997439251727  0.768842068077  0.074327869137  0.525193143285
  40  C  1.569695462446  0.976745085616  7.059181862359  -0.034794142930  3.017621718217  -1.096280912773
  41  C  7.828724693317  0.991210417696  7.043579714004  1.027381477489  2.770386644919  -0.411500388100
  42  C  -0.002176657905  1.919637436016  9.603423389167  -0.616825397105  -0.259694923311  0.855475519345
  43  C  3.142056653208  7.339140075697  9.541192147918  -0.308158523559  -1.924468618663  0.609548965264
  44  C  -3.141704508845  7.332556548862  9.573975589606  -0.813360337991  -2.331480779293  0.145109599687
  45  C  4.697642900834  6.363460122458  1.852352918708  0.734113439117  -0.412839322355  -0.943331579720
  46  C  1.564633810244  0.930041899827  1.923478653585  -0.099537595171  2.427321257223  -2.459674320066
  47  C  7.835503819074  0.937517516146  1.902134592946  0.843065804521  2.607489765815  -1.992227168390
  48  C  -1.570574975725  4.569723392788  4.459373303937  -0.748135081242  -0.319759958503  0.248219898854
  49  C  1.567511319314  4.554993586339  4.443731324452  -0.152071721149  0.305874132504  0.188285683031
  50  C  0.002211762937  7.274711855398  4.421874203676  -0.274367674934  -1.779037401912  0.054701872078
  51  C  6.264258527150  3.701955203321  7.023920779414  0.927507371736  0.174533293004  0.348960920165
  52  C  3.128624834834  3.696101609390  7.017259774438  -0.002591917401  -0.060914191523  0.524131247815
  53  C  4.694942262203  0.994452575893  7.062592813368  0.323836329220  2.574785996508  -0.999841214445
  54  C  -1.568635313039  4.623779546782  9.578120233910  -0.809837420450  -0.464255580623  0.532608020503
  55  C  1.566270253513  4.627823427810  9.583309439025  -0.044198146060  -0.256565186832  0.441739270799
  56  C  0.004184819406  7.318015102695  9.568461436889  -0.140605263584  -1.510777700864  0.177075835912
  57  C  6.263587290005  3.646183234918  1.879272846684  0.821682311368  -0.061689102460  -0.932502118472
  58  C  3.129672251779  3.657128704668  1.886534106194  0.021627166989  -0.713018775529  -1.226366540836
  59  C  4.698345975009  0.931530950469  1.929053094731  -0.059836569502  2.595335017099  -2.449722027805
  60  C  3.134240696386  1.851826369741  4.480081114661  -0.068906149773  0.572758315522  0.198810865146
  61  C  6.257813073000  1.858487342667  4.472079857228  0.384091540137  0.601163050376  0.335024917456
  62  C  4.689781068888  4.572377107304  4.454306971832  0.084849311042  0.139742637912  -0.068186319085
  63  C  1.551403656595  6.401499600819  6.975035101351  0.126355535437  -0.285931688286  0.729392981033
  64  C  -1.571596779648  6.405121046805  6.999735544242  0.003208919404  -0.524182964469  0.334900772293
  65  C  0.002185146295  3.683266465300  7.032271360707  -0.180428762922  0.001797432498  -0.169437105693
  66  C  3.130225484619  1.910261712557  9.618216317744  0.268894079694  0.468816592055  0.492749820139
  67  C  6.277057741876  1.913916277088  9.607251312031  0.074971361764  0.603078676983  0.579365004626
  68  C  4.689001808589  4.633716590479  9.582801538850  0.318697574605  -0.018657541058  0.440560741925
  69  C  1.573620236451  6.357564795784  1.867220233728  -0.381891632843  -0.737742941772  -1.234355382690
  70  C  -1.567014836368  6.347812537318  1.855462390018  -0.354588573027  -0.717890298114  -1.101180966831
  71  C  0.011866170077  3.646956988277  1.884562567876  -0.387776192541  -0.561778805943  -1.218209151973


MDSTEP:  1
LATTICE_CONSTANT: 1.889726125458
LATTICE_VECTORS
  9.531852647822  0.000000000000  0.000000000000
  -4.793540164861  7.974295619315  0.000000000000
  0.028140942433  0.218829458602  10.506484746691
VIRIAL (KBAR)
  -114.308924708538  -1.526195414751  -1.889133693665
  -1.526195414751  55.992897586426  -31.556645343434
  -1.889133693665  -31.556645343434  -133.440904250580
INDEX    LABEL    POSITIONS    FORCE (eV/Angstrom)
  0  Si  0.004754191698  1.842847383085  2.544866421102  -0.972069142701  0.114679780672  -0.749912408120
  1  Si  3.130019315726  7.251265030548  2.479868947015  0.152007299743  -1.970465267004  0.202299010823
  2  Si  -3.138524638714  7.252604391460  2.489581074303  -0.923071508622  -3.046437281138  0.201536439856
  3  Si  4.698188620428  6.389297107198  5.065366138453  0.689628288949  -0.221781252983  -0.159919099927
  4  Si  1.575813198723  0.961633184063  5.122508680468  -0.247922702443  1.412667324580  -0.293900824873
  5  Si  7.843413935983  0.977059384314  5.130760056187  0.757021531376  1.792519839411  -0.640075059795
  6  Si  0.004677000730  1.902567111083  7.685966671749  -0.803479810743  -0.218884823166  -0.280336808337
  7  Si  3.128829313240  7.309017219886  7.638733532452  0.104786689485  -2.297017149725  0.130888552211
  8  Si  -3.122614573202  7.312009604486  7.632477199233  -1.309501520548  -3.165687233513  0.859200354991
  9  Si  4.690393279300  6.442260710521  10.213078177128  1.043889736428  0.156304392969  1.434070116216
  10  Si  1.574085584675  1.013947185301  10.266418440176  -0.169064348579  2.028855181665  1.506614929325
  11  Si  7.840605301222  1.019536317822  10.250408488203  1.059781945191  2.397858095340  1.669804375140
  12  Si  -1.561241387632  4.547894741648  2.525309760949  -0.989826112004  -0.232882968302  -0.982346651333
  13  Si  1.572600150554  4.559932124848  2.510474177075  -0.109033813205  -0.072185106521  -0.703058396488
  14  Si  -0.010348268407  7.254400199015  2.486880033798  -0.055443329710  -2.696230905001  0.239460666269
  15  Si  6.258183833561  3.684825897309  5.086480939662  0.868510146499  0.012371936459  -0.242233918218
  16  Si  3.114369196652  3.672708118828  5.105822095766  0.457625570913  -0.126350411311  -0.498448557529
  17  Si  4.690545659273  0.968880054188  5.117984610961  0.467201860264  1.644246562473  -0.039617764405
  18  Si  -1.565016397763  4.586644665532  7.642817109848  -0.986678489584  0.104994080741  -0.131382723890
  19  Si  1.553865881527  4.608666028205  7.647231428656  0.219148617120  0.033049002722  -0.055582894704
  20  Si  0.001905084383  7.310495868632  7.624637715434  -0.241812951065  -2.494274427810  0.874936458976
  21  Si  6.270437061252  3.742115528795  10.221454487691  0.885229553066  0.386833835476  1.585718094542
  22  Si  3.137168214178  3.724518001248  10.238587847547  -0.091781448092  0.331389736299  1.475814074748
  23  Si  4.709117100947  1.022619506045  10.264652427711  0.193015715307  1.697302128038  1.476812359548
  24  Si  3.122621138641  1.840527280567  2.542875808297  0.239782585191  0.603178411866  -0.557901038662
  25  Si  6.259992189621  1.843465757197  2.542867665124  0.416005384956  0.587818992042  -0.763417610294
  26  Si  4.697706491100  4.561726069919  2.507717750320  0.259814306343  0.038857307128  -0.664255548922
  27  Si  1.555244771807  6.372409969335  5.064914135266  0.231065235687  -0.287860595109  -0.351703725826
  28  Si  -1.556924581855  6.375694211558  5.078856330293  -0.498669031337  -0.459769518574  -0.402976508549
  29  Si  0.000929707658  3.675021641346  5.086328129335  -0.274197863697  -0.398798965582  -0.196315829029
  30  Si  3.140671926998  1.899439247272  7.682544414653  -0.177931623824  0.437881320170  -0.050248169531
  31  Si  6.278001222789  1.915075714715  7.692102054145  0.034934159805  0.241959152102  -0.476020277182
  32  Si  4.706405842400  4.607894462434  7.663159069288  -0.042854126071  0.296770088258  -0.577321428820
  33  Si  1.567670026801  6.414763046108  10.219923580165  0.085522940278  0.266775376216  1.441167275862
  34  Si  -1.569331888050  6.420791962658  10.196174198779  -0.158934253735  -0.034018692684  1.690815097934
  35  Si  -0.008416458635  3.706387431455  10.235293466302  0.004588415703  0.657353989345  1.443929547896
  36  C  -0.002194812208  1.854610267178  4.469801841494  -0.644298692911  0.121318336659  0.629296729083
  37  C  3.122019302625  7.282313194277  4.411524185060  0.105620056436  -1.660891090549  0.182768430805
  38  C  -3.136080484737  7.260871501348  4.425640299420  -0.885950253004  -1.812860828121  0.194209856795
  39  C  4.699369396868  6.406537988568  6.998056960128  0.762427476901  0.050630054202  0.517956458505
  40  C  1.568839552338  0.977827343147  7.058811581977  -0.012134495391  2.969001178553  -1.080868114294
  41  C  7.829677598711  0.992741591416  7.043762199857  1.008509375316  2.735273568763  -0.406580878660
  42  C  -0.002752541218  1.919841628622  9.603219374108  -0.611285174683  -0.262422214608  0.853709673207
  43  C  3.141023985038  7.337752326048  9.541793413374  -0.291755301362  -1.894003550115  0.603907374594
  44  C  -3.140919944034  7.331285949717  9.573595573024  -0.829198549903  -2.267907195707  0.165649128495
  45  C  4.698256266189  6.362538180487  1.851820692912  0.718053138331  -0.392934324776  -0.942126282293
  46  C  1.565461852831  0.930807901935  1.923008485264  -0.105913312247  2.399240478409  -2.446663653314
  47  C  7.835500889708  0.939298320611  1.900912068049  0.851647664647  2.517677438927  -1.958607214827
  48  C  -1.570355594337  4.570389024922  4.458984364006  -0.753498826490  -0.339661545753  0.252301856827
  49  C  1.568155694494  4.555797054144  4.442303605503  -0.168588639787  0.298191505122  0.216355565036
  50  C  0.001787564602  7.274052544346  4.422622579605  -0.281912767133  -1.743995812387  0.048351973033
  51  C  6.264784362452  3.701364205693  7.022986931003  0.909525836745  0.189667679879  0.367651724202
  52  C  3.127651040769  3.696430001289  7.016143755176  0.019353164397  -0.064307506251  0.551390758134
  53  C  4.695623948591  0.996104485557  7.062822342435  0.310406610213  2.497679354067  -0.983137082267
  54  C  -1.570400309333  4.623586004283  9.578080292721  -0.778706059003  -0.465801083829  0.527077534697
  55  C  1.565781152790  4.626888107695  9.584276060849  -0.037459385074  -0.243545702241  0.412451527339
  56  C  0.004396564432  7.316711089367  9.568436658680  -0.138555251881  -1.472079762139  0.178903096363
  57  C  6.263241560857  3.645231601770  1.879093386479  0.824012335329  -0.039658690616  -0.930699264782
  58  C  3.129467764422  3.657151656328  1.886397730859  0.023925021105  -0.701469136484  -1.224829692845
  59  C  4.698460253322  0.932641658011  1.928079633001  -0.061381269064  2.533405752717  -2.424100125720
  60  C  3.134755719999  1.852357176337  4.480591289221  -0.082064971336  0.575700912899  0.188585756756
  61  C  6.257314988912  1.858748154752  4.471904738352  0.393808024244  0.593767422441  0.338032501392
  62  C  4.690402908702  4.573649148334  4.454276769178  0.075214714699  0.105083216174  -0.066458225318
  63  C  1.551205214677  6.402041105441  6.975780196414  0.139731874226  -0.287446765251  0.702914401482
  64  C  -1.571449843318  6.405015721817  7.000739935840  -0.002618195361  -0.526392504127  0.307781741624
  65  C  0.002049484529  3.682824049843  7.031328342916  -0.173236706202  0.022445646176  -0.157960699563
  66  C  3.129700656615  1.910328801706  9.617784315091  0.284274342747  0.464736662551  0.497726751331
  67  C  6.276877505208  1.914451481909  9.607841000783  0.084472152930  0.593830782321  0.566193411130
  68  C  4.688149727928  4.632479611916  9.582206977462  0.331747657692  0.003008378131  0.460082942263
  69  C  1.572773073059  6.358269037678  1.868216025433  -0.365981788620  -0.751415257424  -1.250730474250
  70  C  -1.567473656719  6.346711302260  1.855746740442  -0.351385270636  -0.702458212281  -1.107426292066
  71  C  0.012087259825  3.646840279098  1.883230742294  -0.384092442214  -0.562429120880  -1.199203302799


MDSTEP:  2
LATTICE_CONSTANT: 1.889726125458
LATTICE_VECTORS
  9.531852647822  0.000000000000  0.000000000000
  -4.793540164861  7.974295619315  0.000000000000
  0.028140942433  0.218829458602  10.506484746691
VIRIAL (KBAR)
  -114.352917572247  -1.156863129608  -2.229095633017
  -1.156863129608  54.436571897969  -31.738980940166
  -2.229095633017  -31.738980940166  -134.177365415653
INDEX    LABEL    POSITIONS    FORCE (eV/Angstrom)
  0  Si  0.006446964968  1.841235270524  2.542803962347  -1.025632549385  0.162939146405  -0.698046841554
  1  Si  3.130089756134  7.252319722547  2.480863093892  0.153837537215  -1.938253729102  0.164956560412
  2  Si  -3.136714195676  7.249931799763  2.489095068890  -0.933140344277  -2.920712101094  0.158641617708
  3  Si  4.699510281063  6.391162940538  5.065560698242  0.674289134770  -0.231712832428  -0.202547308404
  4  Si  1.576985914060  0.964395112408  5.121002842410  -0.290675143410  1.359110350306  -0.261509015750
  5  Si  7.845919514913  0.977945996553  5.132821694598  0.718752047730  1.749596130088  -0.702061949912
  6  Si  0.004371525107  1.902768635304  7.688181950329  -0.797568606945  -0.173240149362  -0.311387093938
  7  Si  3.130442655284  7.309881720510  7.639275934988  0.084029543548  -2.275988655580  0.093906411997
  8  Si  -3.122236939131  7.313529313293  7.635066710250  -1.322867450590  -3.170723759303  0.847336805434
  9  Si  4.689828286150  6.444284782942  10.214040171139  1.071373060222  0.091486725533  1.433844906752
  10  Si  1.574752733099  1.016009279185  10.268385859484  -0.226720158536  1.976905228479  1.494120976513
  11  Si  7.842521801242  1.019111387152  10.251531597543  1.038067208806  2.339622617356  1.642767329791
  12  Si  -1.561736390463  4.546061575598  2.526527747768  -0.987635610347  -0.235920004007  -1.003911092676
  13  Si  1.574484512016  4.561870920040  2.511098125082  -0.189392982077  -0.130654430898  -0.729748196616
  14  Si  -0.010828009735  7.254063385738  2.487472378790  -0.086548257772  -2.645062659175  0.222645947328
  15  Si  6.259248657900  3.685033110175  5.084546583533  0.839944250670  -0.005064733199  -0.201027189581
  16  Si  3.114942383958  3.670206218472  5.106708452510  0.460541326620  0.005971256061  -0.522780962933
  17  Si  4.690801710800  0.971195793653  5.118050219146  0.429363306731  1.553479510770  -0.069724066945
  18  Si  -1.567394399935  4.586627095542  7.642826451222  -0.971421571806  0.126488365341  -0.120396504880
  19  Si  1.551564459834  4.610332136273  7.646605172118  0.278521663947  -0.006067939371  -0.060389690242
  20  Si  0.002546636956  7.309386938453  7.623064209297  -0.234620319952  -2.493630825323  0.888996865644
  21  Si  6.270283618853  3.740916797105  10.221508473590  0.932946349962  0.430990417883  1.601694769142
  22  Si  3.134596561725  3.725777284322  10.239482929686  -0.038689333343  0.311064186067  1.417626823578
  23  Si  4.710830772313  1.023637851106  10.264879433788  0.176578915629  1.617149168096  1.444061226462
  24  Si  3.122584345224  1.843341061702  2.540361250417  0.209035155284  0.516119173394  -0.529165051517
  25  Si  6.257894002790  1.844408698489  2.543117478319  0.476881910417  0.610032420521  -0.796422373105
  26  Si  4.696335521132  4.560264375005  2.508175150560  0.322624706064  0.093029780801  -0.697850764378
  27  Si  1.557553535769  6.373563590193  5.064597761673  0.196608059536  -0.305108135072  -0.300507505110
  28  Si  -1.557419310557  6.377381755309  5.081100714867  -0.528823799469  -0.508655992865  -0.411150337199
  29  Si  0.003198586170  3.676985434972  5.087666252583  -0.342645397392  -0.418530914594  -0.197105845124
  30  Si  3.139734703116  1.899783093663  7.681048676819  -0.167620887521  0.457798814367  -0.013147246122
  31  Si  6.277895053410  1.917526705200  7.691760429279  0.016396293552  0.224212775089  -0.457303107733
  32  Si  4.708414179060  4.610456175087  7.661296064513  -0.094631344601  0.303269417500  -0.511533603671
  33  Si  1.567478524090  6.416329802294  10.221821276432  0.042896981530  0.232495561615  1.408242937059
  34  Si  -1.567255708925  6.419504198584  10.198132208502  -0.260917383429  -0.068426835191  1.647903125708
  35  Si  -0.005974981038  3.705728095441  10.235275643643  -0.076502179455  0.689150825255  1.433542314379
  36  C  -0.002223100795  1.855146000337  4.471290733057  -0.628822473317  0.139179454385  0.585360427012
  37  C  3.119617093618  7.280801585618  4.410544928751  0.164977778647  -1.583476976360  0.226072633888
  38  C  -3.135553527882  7.262767991343  4.423467538587  -0.863575403858  -1.801006463968  0.225255976971
  39  C  4.700839465334  6.409520195266  6.995331967124  0.759875540132  0.038464603731  0.569551902474
  40  C  1.567811999872  0.977789504140  7.059122718129  -0.000326181244  3.008439612130  -1.101108140270
  41  C  7.831233859642  0.996360017481  7.044211077624  0.980471059336  2.654913710680  -0.372318372025
  42  C  -0.006794517291  1.920120806594  9.604417250167  -0.522537255168  -0.284900908377  0.848283401052
  43  C  3.138717897872  7.332358359796  9.541021547114  -0.269219704150  -1.732420844066  0.654525915465
  44  C  -3.145537729487  7.332874608758  9.574545068727  -0.748207101088  -2.287778116581  0.194976351522
  45  C  4.701011953444  6.365339252749  1.854551477408  0.647849529476  -0.451876194902  -0.958403278976
  46  C  1.562745125300  0.932316509917  1.920944220810  -0.005248489643  2.276432126657  -2.406142489794
  47  C  7.838561471052  0.942439735715  1.903087180563  0.796828556534  2.444734362568  -1.956574787315
  48  C  -1.573735234775  4.568449045545  4.462263570360  -0.689848371634  -0.301132718892  0.206216918173
  49  C  1.566941865899  4.559251791892  4.444470750917  -0.108058257604  0.241276959253  0.159471089402
  50  C  0.001366350864  7.270824252992  4.426256627139  -0.284873909778  -1.635304563194  -0.007489261187
  51  C  6.262474925408  3.704460078617  7.024273914785  0.956545845952  0.139816854204  0.304720205424
  52  C  3.129426728849  3.699795648107  7.014043601336  -0.018732034175  -0.121274194332  0.612850147489
  53  C  4.694120806610  0.995431757137  7.059641712049  0.350148957336  2.502382233060  -0.912276635577
  54  C  -1.570010612858  4.620605726229  9.575498594303  -0.782627722313  -0.414367251178  0.583962386745
  55  C  1.563558006511  4.630289959113  9.580694281600  0.009167337105  -0.303619127781  0.491598365712
  56  C  0.001555088372  7.312469683505  9.568273268866  -0.073554516656  -1.323559208278  0.192677840565
  57  C  6.265099201179  3.648542037032  1.875132870911  0.772345416051  -0.109839538699  -0.864673596714
  58  C  3.130406444627  3.653131384885  1.884558531612  -0.016251174271  -0.576986244753  -1.210289769682
  59  C  4.698382216545  0.934166305565  1.924467529059  -0.071533744518  2.448182436082  -2.358783563820
  60  C  3.132629693024  1.856139154229  4.481275368707  -0.017086573180  0.512647297718  0.129555524114
  61  C  6.255141720046  1.855479859524  4.471627660773  0.444618005790  0.663449646991  0.344608614539
  62  C  4.692990078132  4.575773151234  4.453067346506  0.021253470003  0.057081629309  -0.048354112938
  63  C  1.555325841329  6.398072571988  6.976534403984  0.076725981281  -0.164286219666  0.669476581871
  64  C  -1.573859156856  6.405895198508  7.002595354041  0.033543154152  -0.533294169305  0.288676431408
  65  C  0.000522728404  3.685976077607  7.032382400036  -0.157809688775  -0.037912952218  -0.169629157951
  66  C  3.128653038105  1.907081231286  9.620330937673  0.312965316793  0.557863444387  0.438023374178
  67  C  6.279387000348  1.916528039094  9.609760196301  0.043653432177  0.518636568441  0.523600132697
  68  C  4.691669703543  4.630976297942  9.584608877768  0.245253702773  0.042209817903  0.411611252379
  69  C  1.570852552731  6.360155681093  1.864708440485  -0.298285244002  -0.767265843339  -1.213346504333
  70  C  -1.567022537758  6.342552449435  1.851649065683  -0.330992355806  -0.635016320992  -1.049614154624
  71  C  0.009019971811  3.644329015132  1.879338789621  -0.275267014283  -0.503551074986  -1.134644518389


MDSTEP:  3
LATTICE_CONSTANT: 1.889726125458
LATTICE_VECTORS
  9.531852647822  0.000000000000  0.000000000000
  -4.793540164861  7.974295619315  0.000000000000
  0.028140942433  0.218829458602  10.506484746691
VIRIAL (KBAR)
  -113.762477204263  -0.648728897068  -2.663757499805
  -0.648728897068  51.705810695076  -31.215588268152
  -2.663757499805  -31.215588268152  -134.299409143867
INDEX    LABEL    POSITIONS    FORCE (eV/Angstrom)
  0  Si  0.006714065050  1.838219319289  2.545271890360  -1.077532765973  0.319128267843  -0.729832261786
  1  Si  3.133239237986  7.248567801212  2.483875417737  0.071651887215  -1.743928457967  0.025972246886
  2  Si  -3.137249903395  7.247239116506  2.489754374816  -0.924658969734  -2.738989304358  0.090287894890
  3  Si  4.697440055902  6.391671278156  5.065326757637  0.715302953360  -0.254931703417  -0.222573607765
  4  Si  1.579079398738  0.967823578292  5.121097356961  -0.354856261890  1.200517090628  -0.292940870129
  5  Si  7.846738151645  0.980141582955  5.130670646638  0.750609807990  1.637404567783  -0.707256953212
  6  Si  0.002458308026  1.903637652187  7.688340326163  -0.760969198075  -0.194525805784  -0.300143045594
  7  Si  3.127111816332  7.312099244012  7.638248505461  0.149921354966  -2.249538337222  0.021823865245
  8  Si  -3.124736953937  7.312597309075  7.634669570884  -1.298272796203  -3.084374984999  0.762127120567
  9  Si  4.688856002465  6.445566703583  10.215541574389  1.065694155074  0.050363741738  1.397612418464
  10  Si  1.574280998832  1.015082940156  10.270311485256  -0.295933181008  1.946993590146  1.442607236042
  11  Si  7.841716877933  1.017930846697  10.253897694175  1.063104495045  2.329675124501  1.604156604165
  12  Si  -1.563757028347  4.547256527993  2.522819861282  -0.963982714396  -0.271576675835  -0.918419141193
  13  Si  1.576818356615  4.564275604162  2.511547811816  -0.296295919242  -0.193599471012  -0.804815565169
  14  Si  -0.012098632522  7.254322153737  2.487735361786  -0.062710003728  -2.503323535398  0.205926599217
  15  Si  6.261956127719  3.683295110297  5.082783088836  0.761715617742  0.112339836015  -0.181828385720
  16  Si  3.112134211063  3.670308238788  5.109238396627  0.484444434878  0.020946427026  -0.602281701876
  17  Si  4.691723622181  0.971945192504  5.120259799523  0.399663628004  1.557515965682  -0.160620836565
  18  Si  -1.564537971810  4.588316151554  7.641700469104  -1.058054573712  0.093434208757  -0.036668310810
  19  Si  1.550686619554  4.607159858580  7.643274852423  0.301859874994  0.120934713196  0.065507318085
  20  Si  -0.000974125479  7.308441663531  7.621929992720  -0.199153967210  -2.360705875663  0.878470584159
  21  Si  6.272051738729  3.743290162731  10.222110234402  0.918022287641  0.350213068759  1.603552729789
  22  Si  3.134357163844  3.722952667871  10.237822013145  -0.039397879245  0.406002673401  1.474298556590
  23  Si  4.710777777055  1.027136289997  10.262201725428  0.200867294192  1.607661145864  1.492512693903
  24  Si  3.119767446572  1.841744911999  2.541648560988  0.208368996806  0.601648512507  -0.572957853386
  25  Si  6.258831059126  1.841788278313  2.546052156842  0.435930414545  0.694328077265  -0.843051173753
  26  Si  4.699000593852  4.557975392758  2.507768218618  0.269103291184  0.069205019245  -0.697987136405
  27  Si  1.559409416522  6.375387676921  5.061067597753  0.087182324388  -0.331982825685  -0.250406337206
  28  Si  -1.557054559427  6.378850627697  5.082653584563  -0.602644507535  -0.600525162401  -0.510482204899
  29  Si  0.006018121530  3.674036300567  5.089597906989  -0.458714888041  -0.334192846179  -0.254437413461
  30  Si  3.142780238063  1.897170304052  7.679479491449  -0.277779181499  0.534348310783  0.065995238845
  31  Si  6.276088734560  1.919756719829  7.688788512048  0.115722400785  0.198124909824  -0.416025122646
  32  Si  4.710096663299  4.609011799764  7.658849478219  -0.054438501011  0.378332633434  -0.414560919243
  33  Si  1.570535760825  6.418222897724  10.219501652455  -0.018202141778  0.200514872488  1.463640220977
  34  Si  -1.564001215053  6.421880644217  10.197596901472  -0.308713713547  -0.140739673210  1.636546688095
  35  Si  -0.004663471430  3.705662586286  10.235312141775  -0.128064981439  0.675477415589  1.483892783870
  36  C  -0.001091085378  1.853386941788  4.472829077305  -0.627662911035  0.153159576260  0.575619099168
  37  C  3.115816677586  7.275078879699  4.409429779899  0.238835577863  -1.385725702369  0.274790757802
  38  C  -3.140105997415  7.263020550813  4.419550616480  -0.798967204969  -1.760389657189  0.333640172729
  39  C  4.705496117907  6.410427442057  6.992716289109  0.637515911096  0.037334207679  0.620217105107
  40  C  1.569600851317  0.980513219696  7.056243609592  -0.006617996040  2.913326128965  -1.023184153262
  41  C  7.836732437355  1.001343456890  7.039895188480  0.885392091058  2.549769812956  -0.302478575723
  42  C  -0.012122006816  1.920050696171  9.604028352342  -0.422349831172  -0.317171642627  0.859068413130
  43  C  3.135435893246  7.330463413681  9.537935231364  -0.193399891155  -1.659833309750  0.718025421910
  44  C  -3.148176892533  7.330332745355  9.569445017355  -0.695478243705  -2.191383187805  0.311470786779
  45  C  4.703124440259  6.361003411388  1.853377145862  0.624548755190  -0.380370004364  -0.964702527479
  46  C  1.558321254175  0.937123936079  1.922050491392  0.063616298845  2.014809218182  -2.392793052618
  47  C  7.841164478392  0.948763860567  1.905418349186  0.784528475630  2.116761119058  -1.886751843667
  48  C  -1.578937684815  4.563394197903  4.462717002622  -0.578807224671  -0.210957827512  0.204662260729
  49  C  1.563423344413  4.563993349047  4.440448535640  -0.046210383529  0.140121032264  0.283243593184
  50  C  -0.000052967047  7.270533007665  4.427721749343  -0.253172923815  -1.580555874989  -0.028982246330
  51  C  6.265372713072  3.704991315345  7.023526120624  0.924064091914  0.144548321198  0.294744419348
  52  C  3.132838709701  3.700523861134  7.019016526968  -0.087670313508  -0.152919245938  0.509163879427
  53  C  4.691444337982  1.000516278451  7.057571768254  0.427279805319  2.300888243024  -0.847010188844
  54  C  -1.571894706443  4.615994634231  9.579240960167  -0.731256790272  -0.275639964610  0.504901993112
  55  C  1.562367734584  4.632674340562  9.585704049043  0.036927120950  -0.357913270404  0.348856142713
  56  C  0.005208370407  7.314929528741  9.570707218514  -0.140644862339  -1.341685614488  0.102073349803
  57  C  6.267156699324  3.648625337154  1.875763249876  0.754190440070  -0.131641956312  -0.867677010282
  58  C  3.130418912742  3.653505577017  1.885412773209  -0.011559195819  -0.597073720644  -1.204219507666
  59  C  4.693323608291  0.938853364701  1.923632470544  0.029301529190  2.291219946082  -2.299645338369
  60  C  3.128778947161  1.852766462943  4.478147174093  0.088472004073  0.606170416560  0.212887230571
  61  C  6.258447447423  1.859672140359  4.474405584868  0.365671847710  0.543080061823  0.305338801114
  62  C  4.689648691339  4.577590916437  4.451040790062  0.078612387232  -0.018806690471  0.012384377280
  63  C  1.551195190442  6.402069209056  6.972844381270  0.143294418703  -0.246669397503  0.702560077908
  64  C  -1.574047157910  6.403025561645  6.999635648190  0.006909525733  -0.445451925781  0.371273343403
  65  C  -0.001860167394  3.687621192173  7.036997259014  -0.075002105159  -0.084418886359  -0.270543261216
  66  C  3.125948738030  1.907602862195  9.623642554377  0.354917555599  0.514756019068  0.329574887547
  67  C  6.284059974325  1.913140781973  9.607997648320  -0.062551265970  0.616115975410  0.528210708610
  68  C  4.692515157992  4.632546290655  9.588908501895  0.228331113461  0.000174622840  0.303507192012
  69  C  1.567773410473  6.361388715520  1.865108696002  -0.196610227180  -0.730499792887  -1.215886209818
  70  C  -1.563753739985  6.345369144943  1.853710788116  -0.418675324011  -0.659016487476  -1.088609197198
  71  C  0.003786822478  3.644885435932  1.879677089215  -0.144561328831  -0.516286055236  -1.111372859881


MDSTEP:  4
LATTICE_CONSTANT: 1.889726125458
LATTICE_VECTORS
  9.531852647822  0.000000000000  0.000000000000
  -4.793540164861  7.974295619315  0.000000000000
  0.028140942433  0.218829458602  10.506484746691
VIRIAL (KBAR)
  -114.270797030741  -0.260106465774  -2.644531458285
  -0.260106465774  51.484763440141  -31.334288847686
  -2.644531458285  -31.334288847686  -135.416403839060
INDEX    LABEL    POSITIONS    FORCE (eV/Angstrom)
  0  Si  0.008533592944  1.840607234511  2.543230373886  -1.075039622487  0.285361851397  -0.763170763551
  1  Si  3.129750150178  7.251123430983  2.481167349053  0.263421980547  -1.789537902405  0.082998698094
  2  Si  -3.140232552202  7.245134116095  2.489312545028  -0.901682662433  -2.574170221031  0.059528066033
  3  Si  4.696678876457  6.392808395446  5.061935270374  0.776540875473  -0.241164167577  -0.184800223964
  4  Si  1.577510582279  0.971303023330  5.121889993063  -0.367003780830  1.117008733491  -0.299473885299
  5  Si  7.843709959671  0.983242704012  5.132500783816  0.810165053093  1.462789992607  -0.840718343507
  6  Si  0.001356534681  1.902464994809  7.687359205396  -0.740362722269  -0.176373779163  -0.214165595416
  7  Si  3.125272085335  7.312153648339  7.634671580081  0.267628382717  -2.390945646172  0.116190218694
  8  Si  -3.121849400639  7.310974811913  7.638096302114  -1.400689111602  -3.051364056029  0.729354670756
  9  Si  4.690673682722  6.445257344271  10.215786271651  1.056735986815  0.023695993759  1.430905864689
  10  Si  1.572456144218  1.013463980313  10.268699026082  -0.286454969673  1.989776157371  1.470763301180
  11  Si  7.842719026261  1.017080546291  10.251344592609  1.036156305767  2.259295508506  1.619599430296
  12  Si  -1.562017377810  4.546998483753  2.522387001448  -1.066792271798  -0.249330596800  -0.862224219881
  13  Si  1.574163647321  4.567188322815  2.508227784699  -0.277083968813  -0.219203325475  -0.662301229731
  14  Si  -0.013837222866  7.250843572582  2.483678689194  -0.068824813418  -2.470864986779  0.321610169494
  15  Si  6.265544935538  3.681579965081  5.085282693131  0.668873727601  0.179070096617  -0.235513681736
  16  Si  3.113549982635  3.671872245015  5.106336832905  0.457687739818  0.031237740433  -0.617834025757
  17  Si  4.688081366235  0.976296740783  5.122488088116  0.512496673281  1.483120957955  -0.223874405623
  18  Si  -1.568114551912  4.591347396055  7.639257578820  -0.925036740096  0.028291808891  0.027702614859
  19  Si  1.554893032742  4.607501220886  7.644691296519  0.236021775331  0.057905507656  0.046081665620
  20  Si  -0.001326176750  7.310358171281  7.625488777811  -0.162571973189  -2.338062049651  0.816199052876
  21  Si  6.274126321217  3.742624027098  10.220116571696  0.888647873874  0.354812389626  1.654852294367
  22  Si  3.137149515926  3.720225628906  10.239770094562  -0.155332302420  0.536920305921  1.451457003576
  23  Si  4.709384438274  1.026420053731  10.262984399623  0.160564742681  1.673474208546  1.510362207357
  24  Si  3.119484043907  1.843116910205  2.543253971085  0.270430547970  0.577948351164  -0.693256720040
  25  Si  6.258649310308  1.842368344971  2.541660143999  0.528026964413  0.683762548719  -0.857818661642
  26  Si  4.697172709115  4.555439148250  2.509133746123  0.320844045594  0.166823067737  -0.809128904528
  27  Si  1.558975275700  6.373084939989  5.062252464486  0.070601428257  -0.199917554393  -0.246900829262
  28  Si  -1.559593112788  6.377393439289  5.082597354515  -0.582659598063  -0.475581972381  -0.448683200701
  29  Si  0.005249615670  3.672622426094  5.085778562087  -0.472534192042  -0.251563212338  -0.134156443143
  30  Si  3.139316937546  1.899922075906  7.682648645963  -0.268760119909  0.446779743373  -0.012304189528
  31  Si  6.280168503216  1.920001287637  7.686854725548  0.028255826855  0.192860783924  -0.326309212331
  32  Si  4.707422520924  4.607973270698  7.658200568529  -0.076803645986  0.479592165503  -0.371724617353
  33  Si  1.573466551387  6.419811827519  10.222380343630  -0.042553500611  0.153485499917  1.425603370163
  34  Si  -1.565051197263  6.418846455825  10.197549403839  -0.303195071977  -0.143782387656  1.660479947774
  35  Si  -0.008000037920  3.706728189380  10.239704626313  -0.020029141321  0.621334080664  1.407821346870
  36  C  -0.006555919697  1.858195424259  4.468966733856  -0.526401270058  0.073899792857  0.605781539606
  37  C  3.119849971082  7.271594198483  4.408326273296  0.121104325041  -1.232302306081  0.303631326690
  38  C  -3.141310306720  7.262016984429  4.422928915703  -0.812610269608  -1.668714813087  0.243568626526
  39  C  4.711975238617  6.416281127609  6.987991042677  0.516959648450  -0.112455976213  0.708974059886
  40  C  1.563508577090  0.977179957750  7.060472647876  0.102760778491  3.012870979393  -1.086700977631
  41  C  7.842515440591  0.997548594269  7.038625768785  0.757080994408  2.727651942486  -0.291444911070
  42  C  -0.016475307177  1.916239558365  9.608252507238  -0.387265567925  -0.244811301950  0.778920886015
  43  C  3.136839321089  7.323717557624  9.538023143266  -0.211111423293  -1.489263740728  0.691079138155
  44  C  -3.149891063180  7.328063800852  9.570987876513  -0.642992423481  -2.190268691364  0.289838258063
  45  C  4.707885598979  6.361501765463  1.848822149792  0.493252324612  -0.387849285259  -0.906472262268
  46  C  1.562221701156  0.940933030645  1.914686444498  0.022009201646  1.844738150898  -2.264087294293
  47  C  7.847666600335  0.950148985545  1.902436594811  0.685574738384  2.142869010156  -1.875311002248
  48  C  -1.581202291961  4.568694259427  4.468173167672  -0.531488058402  -0.331107933501  0.110909675947
  49  C  1.558349556435  4.569195130868  4.445444216947  0.045450180107  0.005835367531  0.123908308205
  50  C  -0.004169177562  7.274612902498  4.433140362414  -0.194099914082  -1.656933023927  -0.132594935075
  51  C  6.260905851994  3.709181456930  7.029708977591  1.032263430301  0.045787695500  0.171736982503
  52  C  3.132879981900  3.694113717787  7.015467973771  -0.075192883763  -0.022836075885  0.542706086080
  53  C  4.689086028895  1.003983387592  7.053868594120  0.473791757774  2.220305755417  -0.722264314309
  54  C  -1.569325256339  4.609889207988  9.582462500272  -0.810529516800  -0.163338711733  0.410192882862
  55  C  1.560499621461  4.637109581070  9.583256841055  0.081429110632  -0.466044608895  0.448157016469
  56  C  0.005764872400  7.316076537785  9.576599654950  -0.162786266902  -1.385896394223  0.019226596959
  57  C  6.269337433959  3.650268984219  1.874214090418  0.704479295187  -0.179885155653  -0.846691778073
  58  C  3.124171098940  3.659322995689  1.882715488773  0.099717015063  -0.729079948839  -1.159181328844
  59  C  4.698747679967  0.935607000745  1.918797140597  -0.095253317535  2.348986319015  -2.266600740508
  60  C  3.132671397138  1.850600954834  4.474332443725  -0.044514139119  0.715015943251  0.271139211174
  61  C  6.261657165388  1.858594086127  4.468391842965  0.271263760299  0.576880802102  0.425936802759
  62  C  4.692226595505  4.582520496247  4.444851716936  0.060092244929  -0.149731849640  0.143015717413
  63  C  1.556214789271  6.397766895547  6.975175823419  0.025860894067  -0.142389677210  0.667312621555
  64  C  -1.578507186080  6.408067742162  7.002164266045  0.136383650471  -0.532829516701  0.353122530402
  65  C  0.002777256235  3.684708312828  7.037385752317  -0.198744299063  -0.006523818087  -0.295417713651
  66  C  3.121856769178  1.912188090932  9.620390618606  0.403510216971  0.394418331457  0.405213034234
  67  C  6.279095786433  1.913035018384  9.613001977600  0.043330336535  0.580801014885  0.387624845224
  68  C  4.693279793367  4.632054512025  9.593682074166  0.234440253067  -0.008326137141  0.198369078811
  69  C  1.572814064726  6.359363210863  1.869922113895  -0.333909638436  -0.661071475841  -1.306697767134
  70  C  -1.568226783550  6.340875139707  1.849626695879  -0.335778473041  -0.586364558710  -1.045872352349
  71  C  0.001895535873  3.649769361586  1.880407699720  -0.107766416078  -0.575521740207  -1.128178617788


MDSTEP:  5
LATTICE_CONSTANT: 1.889726125458
LATTICE_VECTORS
  9.531852647822  0.000000000000  0.000000000000
  -4.793540164861  7.974295619315  0.000000000000
  0.028140942433  0.218829458602  10.506484746691
VIRIAL (KBAR)
  -113.897585276781  0.280298708618  -2.951847467839
  0.280298708618  48.432537160353  -31.278676818289
  -2.951847467839  -31.278676818289  -135.947329692177
INDEX    LABEL    POSITIONS    FORCE (eV/Angstrom)
  0  Si  0.006906975439  1.841798015704  2.543132735226  -1.068119376130  0.277832757631  -0.834421117588
  1  Si  3.128693877194  7.250526005586  2.483032302283  0.223304455189  -1.757049987745  0.020534309569
  2  Si  -3.145102903673  7.245669648577  2.490463387605  -0.799281074179  -2.536175340586  0.034625065756
  3  Si  4.698778319042  6.392915898038  5.065612517035  0.644044895607  -0.242022414967  -0.294900889880
  4  Si  1.574937834143  0.973345602281  5.123906305533  -0.370461654047  1.097428091653  -0.357931065585
  5  Si  7.843651384375  0.986472411724  5.129152564413  0.771507170915  1.475360374605  -0.842272349791
  6  Si  -0.000551943845  1.900833902443  7.688590462094  -0.699960535270  -0.056249320434  -0.271718954301
  7  Si  3.122355221886  7.308905571052  7.630213153659  0.235899429744  -2.087215155682  0.094685549715
  8  Si  -3.125754677487  7.309147476914  7.635624430707  -1.323551555418  -2.835271778120  0.707479802705
  9  Si  4.689951285814  6.447894218716  10.212773826667  1.030065801330  -0.099136181420  1.436402768903
  10  Si  1.567751393544  1.010788135426  10.271523890131  -0.209160177035  2.079855728446  1.439039398301
  11  Si  7.843364071854  1.018081393369  10.249507084145  0.987638883626  2.143558104937  1.606716532306
  12  Si  -1.564989225412  4.547307788544  2.525847621093  -0.966710805259  -0.323027995159  -0.971295306331
  13  Si  1.577324363931  4.564609771628  2.507216571008  -0.383123464812  -0.309371164123  -0.726366472650
  14  Si  -0.011595095334  7.249775674407  2.479933459015  -0.103552549986  -2.521088380528  0.339906742166
  15  Si  6.265428823076  3.685816409784  5.088804104999  0.618010805610  0.065244137666  -0.303190623334
  16  Si  3.115032795104  3.669672903169  5.103425529814  0.325230252671  0.127609539796  -0.596718094194
  17  Si  4.686156970651  0.976318253208  5.122016324542  0.464098805653  1.355886587574  -0.287874252079
  18  Si  -1.570300281213  4.592175902180  7.642824066832  -0.857148184592  0.040889549183  0.052563087776
  19  Si  1.555114612923  4.611985335259  7.646161962140  0.201233152364  -0.000184552630  -0.008467489844
  20  Si  -0.000014690933  7.314143687907  7.628595458320  -0.220615732929  -2.283207308993  0.789495342004
  21  Si  6.273387667860  3.742892880092  10.219005171302  0.972760920480  0.314719769714  1.698892270997
  22  Si  3.138389158825  3.722682560754  10.243714650122  -0.154679585256  0.464367596908  1.414714033598
  23  Si  4.709758570943  1.027792483404  10.259715077207  0.177784709289  1.616657302789  1.543842232910
  24  Si  3.123843108973  1.841647876860  2.543739432357  0.176084851291  0.547575630940  -0.743706018007
  25  Si  6.254510283230  1.845320631816  2.541533125916  0.652841819556  0.689073938616  -0.870663478945
  26  Si  4.701295697071  4.554808546832  2.511544251996  0.265200973681  0.134819847102  -0.939445690826
  27  Si  1.555582375379  6.374958753629  5.059637242337  0.098154044991  -0.317357081345  -0.161566955570
  28  Si  -1.558874421073  6.372573743500  5.085462467345  -0.580250617340  -0.342526250173  -0.525317206233
  29  Si  0.004832241307  3.672751057093  5.088485080609  -0.521689736902  -0.225482442948  -0.211388572854
  30  Si  3.135693533386  1.896927087476  7.685254907731  -0.140886468853  0.633549973459  -0.013110966255
  31  Si  6.284204285838  1.920605990350  7.684769199703  -0.036341058939  0.224510809062  -0.266858929287
  32  Si  4.705011420065  4.605238615870  7.653641044481  -0.139513313575  0.554079350757  -0.222005457391
  33  Si  1.569782258333  6.422014980937  10.223966669093  0.022751509807  -0.036348190585  1.400201287890
  34  Si  -1.567882366030  6.420482772850  10.202279704796  -0.217122515900  -0.230151071143  1.659727677050
  35  Si  -0.005279427873  3.709037800992  10.242334638975  -0.108616428443  0.480780204139  1.393633303131
  36  C  -0.009785820430  1.860362016591  4.464449364184  -0.500891262355  0.050529421719  0.690138512955
  37  C  3.114017112896  7.274720364888  4.413770702420  0.244011629606  -1.336694990817  0.208643607532
  38  C  -3.144528394825  7.258963479346  4.428439107743  -0.776819423628  -1.566878490242  0.204082548106
  39  C  4.707207904884  6.421321959061  6.986969778366  0.597521247251  -0.228368650460  0.738676681179
  40  C  1.569851809666  0.986566047919  7.060428605315  -0.041488337197  2.659333399745  -1.000519398456
  41  C  7.846141930600  1.005627835012  7.032809751969  0.747292911330  2.453723728917  -0.166974869893
  42  C  -0.024019891455  1.911050261636  9.606096873371  -0.280952698072  -0.149892517439  0.826547338924
  43  C  3.129893534194  7.319151302192  9.531851078328  -0.113492656555  -1.365387585039  0.792682997663
  44  C  -3.148272813727  7.325998613159  9.574305354596  -0.698250935600  -2.149332080196  0.184206873678
  45  C  4.709543427954  6.357821024605  1.847149769290  0.415592585622  -0.301504039487  -0.858904726582
  46  C  1.559548894853  0.943472874285  1.906796540672  0.091268306709  1.706333572597  -2.128120869542
  47  C  7.847757011902  0.954232346951  1.906209251024  0.661606294401  1.997150239327  -1.873516558691
  48  C  -1.584123205315  4.575459113851  4.464594186232  -0.498265526911  -0.525452787872  0.222080310727
  49  C  1.553972464154  4.563813873862  4.439772676335  0.144566873174  0.130017989554  0.224331543483
  50  C  -0.003095321379  7.266922446215  4.426994430293  -0.294423215963  -1.427350433238  -0.015269395065
  51  C  6.256559598023  3.713111299259  7.036929784579  1.134411855931  0.005955137939  0.021624267166
  52  C  3.129296372367  3.697989112375  7.010759975737  -0.035320855560  -0.091652972372  0.607671553753
  53  C  4.690396245243  1.010118684272  7.052008686380  0.454293194637  2.075152965072  -0.663156177243
  54  C  -1.568539789432  4.609010306248  9.588440744304  -0.828029559468  -0.121019571866  0.322209263968
  55  C  1.557852084957  4.630014939959  9.578662234054  0.158961312690  -0.292465486393  0.569934687699
  56  C  0.009211120470  7.312786655718  9.579952606074  -0.308368984779  -1.274134320173  -0.011521363250
  57  C  6.274643386298  3.654721753433  1.871999252601  0.609214248127  -0.248073358336  -0.786466203220
  58  C  3.127036179429  3.653606458361  1.880046292427  0.121987678555  -0.623957263929  -1.126741120396
  59  C  4.705022232578  0.935183663256  1.917086570695  -0.210038137247  2.330296313484  -2.258817579604
  60  C  3.125981462598  1.857328984195  4.475535198536  0.076530247571  0.511113739280  0.218683155095
  61  C  6.256415649166  1.852801502468  4.466377839322  0.326163296359  0.765644145043  0.481145855916
  62  C  4.686664123811  4.579855181978  4.439270010442  0.172030505962  -0.070429040633  0.293857083878
  63  C  1.552715030672  6.403271264468  6.981601166406  0.052190036301  -0.209325535723  0.478696429896
  64  C  -1.575963699186  6.407460869891  7.000355358034  0.069001265189  -0.492081947754  0.435821311283
  65  C  0.003466096197  3.689045445931  7.035569772335  -0.244017331754  -0.077854744110  -0.227996632227
  66  C  3.125308959036  1.913190150073  9.624195048444  0.268753313970  0.350231707344  0.365301265485
  67  C  6.278361978153  1.911692669794  9.614155381765  0.079799097687  0.609128871803  0.326853920799
  68  C  4.698398990263  4.625789721083  9.596786754991  0.112156205279  0.157780607200  0.094409737079
  69  C  1.568504515294  6.351690965839  1.862273298637  -0.184676317524  -0.527468666097  -1.243237532551
  70  C  -1.565193457796  6.333842900535  1.855575224608  -0.441601430665  -0.385206301370  -1.105259646797
  71  C  -0.001137197161  3.644520577358  1.872799945723  -0.046543080012  -0.459795733871  -1.024336386580


MDSTEP:  6
LATTICE_CONSTANT: 1.889726125458
LATTICE_VECTORS
  9.531852647822  0.000000000000  0.000000000000
  -4.793540164861  7.974295619315  0.000000000000
  0.028140942433  0.218829458602  10.506484746691
VIRIAL (KBAR)
  -113.954380003243  0.809464465728  -2.822762818299
  0.809464465728  47.539547608773  -31.140741283499
  -2.822762818299  -31.140741283499  -135.902290989611
INDEX    LABEL    POSITIONS    FORCE (eV/Angstrom)
  0  Si  0.007941241619  1.839599232005  2.541386467624  -1.124126312233  0.266748204328  -0.793798312911
  1  Si  3.131287052419  7.250321738650  2.480408048675  0.224214070164  -1.700037005907  -0.051031906368
  2  Si  -3.143836513139  7.241715978539  2.492961380411  -0.763640393442  -2.548078071808  -0.006423594565
  3  Si  4.693775635606  6.395612938787  5.065899809082  0.730372638849  -0.315244488311  -0.233800622168
  4  Si  1.573688698467  0.973524532515  5.119421823845  -0.376861587966  0.995796758985  -0.303695555502
  5  Si  7.840070790368  0.991470810295  5.128436767227  0.771256963042  1.367129811009  -0.835712918991
  6  Si  0.001219811079  1.903635478520  7.688778643060  -0.740286316085  0.015502822688  -0.339794620595
  7  Si  3.121337684101  7.313325271256  7.630594643814  0.234478378361  -2.107103211016  0.068423412869
  8  Si  -3.126847354088  7.310458849872  7.636704560453  -1.275243138366  -2.854648770230  0.671698348184
  9  Si  4.689344067464  6.442761528669  10.215879759385  1.037150369226  0.060681956375  1.395079740938
  10  Si  1.567104815735  1.013052375176  10.267089368855  -0.304884891955  2.041346660154  1.511875135158
  11  Si  7.846916173995  1.017636850070  10.250776658091  0.910478507587  2.112381342948  1.565151126974
  12  Si  -1.569986970289  4.542309710278  2.528396279599  -0.863012077889  -0.337154206119  -0.998140759880
  13  Si  1.580260333760  4.559639569248  2.507382433617  -0.432479785379  -0.169470654080  -0.800637494586
  14  Si  -0.013421602658  7.248170905449  2.475020421272  -0.029551132486  -2.363139833401  0.395212580345
  15  Si  6.264735818838  3.686501652522  5.093408802876  0.700037941501  0.003999434690  -0.401940877882
  16  Si  3.119059897497  3.667144668405  5.105503160091  0.275154448491  0.211864383715  -0.555653933976
  17  Si  4.685266182809  0.978360536689  5.124089687124  0.434105661924  1.364936988663  -0.336851296000
  18  Si  -1.566048891241  4.587881320525  7.642052681145  -0.898294876086  0.122935157542  0.112934632540
  19  Si  1.555319556487  4.611962675482  7.645518104895  0.260490307603  0.026043383505  -0.006255347079
  20  Si  -0.002589339339  7.318009107915  7.624528322608  -0.083400289899  -2.284336114167  0.828827571929
  21  Si  6.271541228827  3.745616484936  10.219316627005  0.975373151913  0.188274269017  1.689459529110
  22  Si  3.142120108975  3.726039070089  10.244288501700  -0.209943543749  0.431579364464  1.388160034221
  23  Si  4.711238955228  1.029365322148  10.260716499074  0.166730199066  1.567585476854  1.519458405207
  24  Si  3.120491185689  1.846309630802  2.548463444756  0.217222730773  0.382179356597  -0.817256652394
  25  Si  6.251539464137  1.843878549538  2.541629223302  0.812831894228  0.704077196388  -0.894863556572
  26  Si  4.697653435795  4.551844295089  2.514291772182  0.381442762768  0.192604248811  -1.015374021578
  27  Si  1.559412484146  6.376036057438  5.058981345569  -0.019143529865  -0.335915023393  -0.174535338444
  28  Si  -1.558352242791  6.372941133980  5.085620103439  -0.469035047892  -0.443344040586  -0.458119862354
  29  Si  0.009832221839  3.668047340705  5.083480842239  -0.532958015768  -0.068253900984  -0.154835261966
  30  Si  3.134936262160  1.895266760266  7.690215724139  -0.149853042947  0.678154832138  -0.093436571462
  31  Si  6.284391693636  1.921871637877  7.687011198001  -0.037337404523  0.207884112295  -0.292248686226
  32  Si  4.710138316639  4.605154448255  7.653848301766  -0.249683067835  0.499032530170  -0.224178379020
  33  Si  1.569805603565  6.417900152972  10.220501544201  0.058546265527  0.047666940436  1.421694641529
  34  Si  -1.572717517186  6.418136075094  10.198130247905  -0.071638625848  -0.151272654566  1.713166210870
  35  Si  -0.010344918909  3.708987368029  10.241662081757  -0.052785514432  0.546547522554  1.436044040032
  36  C  -0.009249048505  1.862387667249  4.466663216221  -0.522239432414  -0.064816715928  0.589308788319
  37  C  3.111823539243  7.273413262647  4.409388234302  0.317016778756  -1.186252339283  0.281368204925
  38  C  -3.140436492655  7.250551178337  4.432818307240  -0.892953961843  -1.377705790338  0.155229049613
  39  C  4.704897239569  6.413881030852  6.992727826757  0.620267982802  -0.053337652063  0.595306553442
  40  C  1.567510284161  0.988384469023  7.053894245923  -0.004268389287  2.552562134299  -0.867149746825
  41  C  7.844003116515  1.015610351957  7.036785995695  0.813661252353  2.255096430307  -0.275472039876
  42  C  -0.031439780384  1.918830715330  9.602427841376  -0.147291406106  -0.299035825888  0.855353541933
  43  C  3.131065318951  7.317955486312  9.529905383635  -0.095262473041  -1.343127345788  0.855982215627
  44  C  -3.145581406886  7.324917080282  9.576426939248  -0.791214747091  -2.065607807820  0.134653931118
  45  C  4.713936178290  6.358558673048  1.840080126709  0.341680541098  -0.410362529182  -0.754747665551
  46  C  1.553896957962  0.938738975607  1.908715986866  0.249571888921  1.762912681163  -2.106864587214
  47  C  7.852246289864  0.955366072915  1.900076297982  0.589022330146  1.951464585177  -1.788494344783
  48  C  -1.577092134554  4.571258741660  4.461014625137  -0.591366028541  -0.467110748562  0.337890849427
  49  C  1.557711585937  4.565372987110  4.436961045147  0.172706798688  0.072798477250  0.255890358150
  50  C  -0.002567779077  7.272945915759  4.431696084318  -0.297752827073  -1.570693927038  -0.127641492999
  51  C  6.260527898774  3.709523434282  7.041648898646  1.105608751701  0.095031328213  -0.056509570924
  52  C  3.128411794597  3.695152240001  7.015827129906  0.036572139484  -0.057156093011  0.540770174642
  53  C  4.693595573943  1.018308976811  7.047932385828  0.385882498479  1.919342592636  -0.541481807078
  54  C  -1.576976622326  4.610665114678  9.593824636004  -0.711622817093  -0.191931977060  0.209340008243
  55  C  1.560205318489  4.627567326902  9.577201374809  0.081882614188  -0.286682947969  0.602532351520
  56  C  0.012832865514  7.311848806908  9.579943649328  -0.428866079976  -1.241373368059  -0.027821228754
  57  C  6.274607614654  3.650542352239  1.878920776842  0.559485611658  -0.175358982936  -0.856214304097
  58  C  3.130004671187  3.648532838518  1.874892599764  0.056538008169  -0.520783470134  -1.074997268304
  59  C  4.711989645161  0.944129806729  1.920501740956  -0.440145623165  2.037000401357  -2.269459657956
  60  C  3.122163639837  1.857554220051  4.480087034639  0.135164227518  0.525636352416  0.133234282269
  61  C  6.249488679048  1.848264624349  4.459524265404  0.430850089565  0.898577812884  0.630910481407
  62  C  4.692338680281  4.581814075293  4.437526338668  0.051672982711  -0.098519309509  0.380002836098
  63  C  1.554848726062  6.399929373364  6.978505684816  0.035294954557  -0.077821801058  0.526629176121
  64  C  -1.569336482041  6.404143767300  7.007001058353  -0.102360544579  -0.424617816745  0.309303042956
  65  C  0.006943322341  3.696310233310  7.031445949957  -0.259186162699  -0.248919483766  -0.192819580261
  66  C  3.119255806168  1.916644683114  9.628657098803  0.417290121302  0.303601724884  0.311461703184
  67  C  6.280180934881  1.906806419428  9.606582825586  0.040819356343  0.735523129645  0.504299725770
  68  C  4.699773638579  4.631434996942  9.592478683779  0.111237715177  0.017958871655  0.185931601627
  69  C  1.573415742112  6.355898314206  1.855941285278  -0.266403783259  -0.694119613714  -1.174769797589
  70  C  -1.563282525192  6.326261629765  1.857192303782  -0.488809055360  -0.281918255555  -1.127783041538
  71  C  -0.002556344428  3.637714008315  1.877353704898  -0.018211008465  -0.347207500238  -1.081772582025


MDSTEP:  7
LATTICE_CONSTANT: 1.889726125458
LATTICE_VECTORS
  9.531852647822  0.000000000000  0.000000000000
  -4.793540164861  7.974295619315  0.000000000000
  0.028140942433  0.218829458602  10.506484746691
VIRIAL (KBAR)
  -114.540876454011  1.931114394848  -2.537650311872
  1.931114394848  47.445162105386  -31.975704827408
  -2.537650311872  -31.975704827408  -135.209742972379
INDEX    LABEL    POSITIONS    FORCE (eV/Angstrom)
  0  Si  0.007128793775  1.844765956018  2.540663795842  -1.091977892343  0.114995661112  -0.697295896338
  1  Si  3.135244185431  7.250586248225  2.483396162347  0.074918914169  -1.753868488611  -0.146455644102
  2  Si  -3.148415284458  7.240654705034  2.488166025550  -0.727862066823  -2.360454625722  0.041785826516
  3  Si  4.688478900130  6.392219047677  5.060530234453  0.919734943359  -0.141480680085  -0.033923285909
  4  Si  1.570920732985  0.971831196936  5.122006143054  -0.220268260260  1.049682353821  -0.351304008509
  5  Si  7.834950504775  0.996872362390  5.132725081572  0.944915168923  1.094580091514  -0.964240147159
  6  Si  -0.004285466439  1.903770995040  7.691452423043  -0.585460543262  0.003335823687  -0.433387805008
  7  Si  3.118760625261  7.310619656088  7.630991428407  0.420252012013  -2.120934587733  0.089422136285
  8  Si  -3.128026196811  7.314827703334  7.637844246056  -1.210509463234  -2.851484171133  0.574634582192
  9  Si  4.685027502412  6.441430455222  10.218398289434  1.160255828230  0.037608923199  1.363096440847
  10  Si  1.571875083998  1.017692450021  10.269006153374  -0.496516067683  1.822036187708  1.459007079874
  11  Si  7.845937058816  1.020464479896  10.247843344400  0.962192462639  1.897132513677  1.565235416703
  12  Si  -1.574286671436  4.545696337785  2.530113419404  -0.725066499514  -0.469896157905  -0.996496991942
  13  Si  1.577032346419  4.563253104646  2.511598789066  -0.435319909977  -0.168610968817  -0.930761071224
  14  Si  -0.016083464361  7.242675362413  2.471895215242  -0.000689279450  -2.333071825752  0.509529401546
  15  Si  6.259296304782  3.682151038563  5.089224661669  0.832598441635  0.172403621636  -0.211137339837
  16  Si  3.123766790783  3.663331465374  5.107113355417  0.130024390627  0.353465454157  -0.666419399823
  17  Si  4.687101245174  0.978002809020  5.129510279543  0.428805671840  1.451602794599  -0.444619896336
  18  Si  -1.570015247192  4.592073123758  7.647260402860  -0.793426580311  0.157710603402  0.002480246090
  19  Si  1.558377177155  4.617165270252  7.643616004985  0.141908029062  -0.099187007407  0.041180285589
  20  Si  -0.003327560792  7.321576035088  7.621134935262  -0.061625166097  -2.467396336865  0.936679534758
  21  Si  6.266847176374  3.743024009393  10.224037788071  1.017010866328  0.277004713271  1.587202154873
  22  Si  3.139264780796  3.725243919305  10.246691654389  -0.138782198876  0.538034041149  1.358942922943
  23  Si  4.716290034284  1.031597986731  10.261119561867  0.051538781902  1.453110604078  1.453648835351
  24  Si  3.124334069917  1.851200296527  2.549096996344  0.187143572017  0.318486386911  -0.746212224882
  25  Si  6.246609034361  1.848916745879  2.543601078962  0.993787261935  0.607555166477  -0.894272427214
  26  Si  4.694245701616  4.555602187354  2.518053192007  0.448371772676  0.152942653783  -1.016077010365
  27  Si  1.563385172024  6.375581351232  5.056488031514  -0.141124773614  -0.290085181753  -0.061332028821
  28  Si  -1.554714750820  6.374508725292  5.081461980220  -0.558559623828  -0.510967488614  -0.436015661102
  29  Si  0.012899722910  3.666994969473  5.078903605586  -0.675127896475  -0.069360674044  0.000866984004
  30  Si  3.130518473323  1.899478199867  7.695728239103  -0.010110655136  0.539475402389  -0.303407298213
  31  Si  6.282051384112  1.926609331691  7.684081301288  0.107998863342  0.101092802255  -0.356341052729
  32  Si  4.706148854541  4.601492008992  7.655715325393  -0.132703857106  0.602006284957  -0.348791755487
  33  Si  1.573565240583  6.413359493975  10.218911174215  -0.036426065772  0.204037185707  1.470046180773
  34  Si  -1.574838501486  6.423012282562  10.195682427560  -0.146317826643  -0.341035435311  1.715162719806
  35  Si  -0.005828154731  3.714610587431  10.238198415722  -0.176204323887  0.381120533529  1.443566117344
  36  C  -0.007990749964  1.856493856039  4.475472974428  -0.565250078316  0.039797250993  0.401117861851
  37  C  3.111299139647  7.263961421698  4.408689748309  0.304217623226  -0.855386037973  0.318655513480
  38  C  -3.136911781018  7.255496210265  4.425906434155  -0.952220264121  -1.472351850649  0.199406728472
  39  C  4.712261870831  6.416118530054  6.993338133020  0.468536460682  -0.116748889416  0.539515761742
  40  C  1.576197349119  0.994780636060  7.050671349778  -0.197443693936  2.433112698654  -0.728119865189
  41  C  7.853083699964  1.009466482882  7.032431763649  0.586593072720  2.411144229676  -0.121482664831
  42  C  -0.036199866034  1.913407838325  9.601861494863  -0.056708497207  -0.142924515719  0.897093805081
  43  C  3.138061769914  7.308670112817  9.531113221975  -0.282755344268  -1.068377856485  0.867376644375
  44  C  -3.151064812395  7.320587712414  9.575849177889  -0.739549135156  -1.844915154696  0.232039728737
  45  C  4.713461821256  6.353751446493  1.838357450455  0.321528321574  -0.304089297422  -0.752538845538
  46  C  1.556039804293  0.946097404623  1.908807431855  0.261950870145  1.592562163286  -2.093713587060
  47  C  7.854256151128  0.953354875333  1.900666606669  0.517183032628  2.060640502537  -1.761425142566
  48  C  -1.585697029333  4.562804682586  4.460622797686  -0.457578156611  -0.323730645044  0.339008366810
  49  C  1.551425936985  4.572961036727  4.430041661609  0.331860582808  -0.093642972150  0.435302918664
  50  C  -0.000357229394  7.279162199362  4.437556312064  -0.256207225770  -1.735055133508  -0.299982056377
  51  C  6.270081501041  3.716762740426  7.048352892718  0.882549241729  -0.010818528650  -0.201022299022
  52  C  3.124231658320  3.688885497269  7.009086233668  0.125081252248  0.095633700848  0.694020975290
  53  C  4.697184613139  1.011960915855  7.040857709412  0.298844739435  2.279031205054  -0.346156286354
  54  C  -1.582491025963  4.606515264624  9.593425080646  -0.637580059511  -0.063095894886  0.308635978880
  55  C  1.563384443987  4.631334561378  9.581382124669  0.062613814179  -0.388249965906  0.468130102853
  56  C  0.005743290712  7.308049464693  9.580818269531  -0.258127744465  -1.104082096110  -0.049887191625
  57  C  6.278837925146  3.657878072738  1.884293149495  0.394820798788  -0.286652786046  -0.899344262609
  58  C  3.127115949334  3.656203261105  1.880752427105  0.136192704194  -0.627936288828  -1.117561980928
  59  C  4.716780706228  0.938688500171  1.924189587684  -0.546547735571  2.219497995922  -2.335028987140
  60  C  3.129033939621  1.862090590534  4.484440986564  0.021108200289  0.429143206507  0.048016272796
  61  C  6.253817238349  1.853024009835  4.462698940850  0.276552266990  0.802026595820  0.588420697957
  62  C  4.694370002219  4.590305000566  4.443020659542  -0.024747092240  -0.319311603664  0.266669597560
  63  C  1.558433620709  6.402973951823  6.984969938902  -0.012173574600  -0.123091563800  0.354583698929
  64  C  -1.563759836944  6.410709040396  7.000553032853  -0.229131154428  -0.507268266688  0.426196606933
  65  C  0.003084238310  3.697387964543  7.037334124863  -0.183438101705  -0.189369740506  -0.278894863380
  66  C  3.110894841492  1.920163225419  9.623406198542  0.645055517639  0.286207193050  0.444700498288
  67  C  6.281156547873  1.905710768736  9.600221390984  -0.013713314822  0.742510380020  0.598686352162
  68  C  4.698123964871  4.635570812544  9.585208243285  0.068478495457  -0.148566798433  0.391457640683
  69  C  1.569444056563  6.355864714979  1.849242169500  -0.168606808959  -0.690065721796  -1.098537590700
  70  C  -1.570663980332  6.324578846075  1.863387085953  -0.397953202640  -0.219405856264  -1.224388609292
  71  C  0.003429189371  3.631219201315  1.878880968688  -0.180813840811  -0.107755830993  -1.084947439425


MDSTEP:  8
LATTICE_CONSTANT: 1.889726125458
LATTICE_VECTORS
  9.531852647822  0.000000000000  0.000000000000
  -4.793540164861  7.974295619315  0.000000000000
  0.028140942433  0.218829458602  10.506484746691
VIRIAL (KBAR)
  -115.187184408568  2.451917029087  -2.181782016687
  2.451917029087  46.758587599078  -32.297527436852
  -2.181782016687  -32.297527436852  -135.778170421113
INDEX    LABEL    POSITIONS    FORCE (eV/Angstrom)
  0  Si  0.006701575551  1.847982939383  2.541989283207  -1.070842703647  0.155720207210  -0.778420646397
  1  Si  3.132717940071  7.249512616464  2.480946079930  0.080954789468  -1.678463294118  -0.168526723326
  2  Si  -3.153117653358  7.237203335094  2.484489021563  -0.658874437009  -2.212250843153  0.056566467128
  3  Si  4.685781824744  6.393112196228  5.063877216612  0.956226874100  -0.161401017778  -0.207617727931
  4  Si  1.565932990530  0.973165829226  5.121397180192  -0.173521869814  1.196830346626  -0.479738513255
  5  Si  7.832643415583  0.992734802763  5.136869900847  0.921638676821  1.249940684305  -1.196020120833
  6  Si  -0.005728334948  1.904185935405  7.692528476491  -0.607319424105  0.072399158936  -0.451093999320
  7  Si  3.118593603139  7.313811856958  7.626464781309  0.384865374888  -2.304659565018  0.226506001181
  8  Si  -3.126652043838  7.319002525949  7.638610608105  -1.256333102574  -2.787996087984  0.568375533205
  9  Si  4.686061292792  6.444668606985  10.221212946190  1.160742152961  -0.096594414183  1.290952999799
  10  Si  1.567874734409  1.015340567010  10.268880239216  -0.257865465104  1.939669930339  1.507147285885
  11  Si  7.850153883691  1.021737410146  10.253433827331  0.847519190111  1.906401065717  1.539989529724
  12  Si  -1.579200265424  4.547854765601  2.526032386286  -0.595997215795  -0.697131959093  -0.900553160840
  13  Si  1.574677932358  4.568652988032  2.514633090873  -0.263046500206  -0.399096794270  -1.129222547434
  14  Si  -0.021080923523  7.236268583616  2.470247344013  0.101930389640  -2.091972442857  0.499712054774
  15  Si  6.260247843680  3.680124294461  5.088966605398  0.842676201626  0.148106215730  -0.226478414672
  16  Si  3.122802045950  3.666276187108  5.100961684914  0.220959798888  0.241030438486  -0.623221519696
  17  Si  4.681313090799  0.974862396605  5.133506647473  0.670971346431  1.599360749864  -0.604052719293
  18  Si  -1.574629666267  4.596429216079  7.650413815357  -0.640019351728  0.088880791187  -0.058460186502
  19  Si  1.560804035309  4.615917296091  7.643856946418  0.171474588477  -0.140625352797  -0.016972146158
  20  Si  -0.004775254888  7.321835693907  7.624856682123  -0.066755639591  -2.515902630261  0.910254139426
  21  Si  6.271293890359  3.741961768297  10.222453198090  0.944904595891  0.258039215568  1.603922226029
  22  Si  3.142216178145  3.725757852418  10.241197508253  -0.215172857048  0.439550497820  1.335665092295
  23  Si  4.721719124255  1.036372428470  10.267266758583  -0.023227630858  1.175319865257  1.313602933581
  24  Si  3.127012811094  1.856738716534  2.542732180780  0.208238903453  0.176643602066  -0.631654410624
  25  Si  6.241590979439  1.849068978978  2.541250422504  1.160545936499  0.664056333235  -0.760258623643
  26  Si  4.695005747750  4.560739822887  2.512332981882  0.569701417236  -0.066065948496  -0.910283497287
  27  Si  1.564170971968  6.380782314044  5.053607712503  -0.221320506822  -0.425065383220  0.091994147667
  28  Si  -1.556074241274  6.369140967372  5.076603853268  -0.626672007817  -0.420393213730  -0.266337179796
  29  Si  0.008501748482  3.670308028078  5.079132667409  -0.599224259796  -0.098563481510  -0.033045226040
  30  Si  3.132726755480  1.895422901832  7.690809096736  -0.004878709483  0.633053893643  -0.312056351104
  31  Si  6.281549197967  1.932651748866  7.684137566038  0.078432311340  0.021342353396  -0.445441048452
  32  Si  4.709585104364  4.604554591541  7.649952278994  -0.187954736588  0.498517631224  -0.266738546605
  33  Si  1.577224556788  6.415545741620  10.224199211858  -0.056935541678  0.053979041237  1.327556946974
  34  Si  -1.571720136333  6.421474722835  10.200332681523  -0.182969843700  -0.290003162640  1.678845710953
  35  Si  -0.002677515726  3.714112652266  10.236547874919  -0.249928672220  0.405117322458  1.465953134369
  36  C  -0.016064921949  1.865896615914  4.470883013567  -0.423257076099  -0.126975050335  0.494371414434
  37  C  3.105115930634  7.264515065963  4.402733198377  0.433184754439  -0.884128397296  0.418255829221
  38  C  -3.139070746201  7.263174562552  4.421320202821  -0.942336123380  -1.650934202933  0.220961090951
  39  C  4.713450245215  6.409109645343  6.984721941229  0.412194007086  0.108970324069  0.726199073719
  40  C  1.567794804324  1.002607905830  7.043958074020  -0.077283035838  2.180373201321  -0.574497325898
  41  C  7.847354048238  1.007045711474  7.025986661780  0.647423829775  2.520416259304  0.018912077467
  42  C  -0.032767307585  1.904853845085  9.610007236075  -0.143031576547  0.041832928442  0.722592879366
  43  C  3.142089207186  7.314393188421  9.533065240651  -0.299742310386  -1.163853344702  0.803886058182
  44  C  -3.149496171595  7.321126531584  9.584524581368  -0.751769535496  -1.916741927053  0.071310519429
  45  C  4.712686953725  6.351032615784  1.835874561666  0.300486233573  -0.189425820485  -0.765241289721
  46  C  1.561340560472  0.946687810463  1.905212213090  0.149878000199  1.540365191470  -2.056412729326
  47  C  7.845444010541  0.957299447528  1.907984844695  0.672843825059  1.936034395782  -1.860112393541
  48  C  -1.592098986190  4.554034087375  4.469083687998  -0.401640682492  -0.135293845721  0.097506981671
  49  C  1.550317470710  4.574593013075  4.422259061724  0.302484390773  -0.055192663357  0.568636922935
  50  C  -0.001581938821  7.280637425232  4.444461529564  -0.271189862839  -1.880101651688  -0.495478032506
  51  C  6.273048936241  3.722827936861  7.041574199100  0.868873930008  -0.115134763266  -0.067547908741
  52  C  3.129648844798  3.689108575525  7.003993098852  0.066435952038  0.083965295286  0.719071332065
  53  C  4.700760739392  1.008786765316  7.032104559092  0.242813611749  2.302284711994  -0.143675940770
  54  C  -1.587817632904  4.613028137022  9.596624527764  -0.518678843091  -0.262498658936  0.250044316025
  55  C  1.557703567351  4.627147336651  9.572829396208  0.230011486280  -0.286779183529  0.632502786303
  56  C  0.007332136081  7.298971790988  9.580566247696  -0.256243055104  -0.783950300121  0.106145069719
  57  C  6.288443710562  3.649635193344  1.876242252146  0.196485242363  -0.088584958799  -0.851665990113
  58  C  3.135841435882  3.651057590053  1.873421438705  -0.056127459586  -0.415795191818  -1.030968845722
  59  C  4.723740559883  0.943860886622  1.926993544336  -0.721566501231  1.876316690961  -2.374801954884
  60  C  3.137723258393  1.855400130642  4.482622524675  -0.230404875536  0.612484592473  0.019493267517
  61  C  6.260452207671  1.858297311656  4.457982732019  0.069111046130  0.635031834275  0.705554704875
  62  C  4.703551469476  4.590588486064  4.447597985521  -0.191910930803  -0.267646810295  0.067236224526
  63  C  1.552568796523  6.397345379541  6.994018718643  0.121216277474  0.009322666798  0.139023040717
  64  C  -1.568868280330  6.409363166806  7.006817152713  -0.164004449759  -0.407097887234  0.275438049956
  65  C  0.010369762894  3.699972031257  7.029750754022  -0.395519723805  -0.217598120600  -0.085016704417
  66  C  3.119322865134  1.915519783040  9.617619085636  0.478242260888  0.308011229398  0.522300452084
  67  C  6.279437685717  1.901316756175  9.595951111810  0.145946178460  0.837112140869  0.651798009215
  68  C  4.698548425386  4.629671328206  9.585535995408  0.120957245540  0.041843988169  0.320188779591
  69  C  1.572650566937  6.347523395189  1.842356699927  -0.250210998474  -0.488897825798  -1.043057045630
  70  C  -1.572367747790  6.315882228374  1.858771070384  -0.430741417168  -0.021087034487  -1.186989629769
  71  C  0.009448562696  3.638430830603  1.869600250322  -0.295851886446  -0.214421565352  -0.966813982709


MDSTEP:  9
LATTICE_CONSTANT: 1.889726125458
LATTICE_VECTORS
  9.531852647822  0.000000000000  0.000000000000
  -4.793540164861  7.974295619315  0.000000000000
  0.028140942433  0.218829458602  10.506484746691
VIRIAL (KBAR)
  -115.458622496102  2.226234912324  -2.437842397318
  2.226234912324  45.230250210849  -31.194490328817
  -2.437842397318  -31.194490328817  -135.338837935175
INDEX    LABEL    POSITIONS    FORCE (eV/Angstrom)
  0  Si  0.000457463738  1.852981236482  2.542792936187  -0.970272904083  0.065374746036  -0.802403983026
  1  Si  3.136467243887  7.243243096442  2.484661102304  0.061565293269  -1.416837134368  -0.336169430186
  2  Si  -3.150069892406  7.233874214192  2.481070896075  -0.696386156664  -2.229802085024  0.194548431411
  3  Si  4.686955897463  6.389112434951  5.068831989378  0.943386107048  -0.178956864197  -0.338882649849
  4  Si  1.568145413611  0.968589953001  5.116305075417  -0.219329874438  1.343717799799  -0.335626631938
  5  Si  7.837505470551  0.993543070811  5.134609426981  0.854529914666  1.075552850402  -1.282684664880
  6  Si  -0.011259797165  1.898290822164  7.693051184913  -0.500622446133  0.195446841404  -0.434219974648
  7  Si  3.119968637981  7.315986024093  7.628348650396  0.407523663728  -2.116161166719  0.024452055737
  8  Si  -3.123468924767  7.313489481220  7.641229086894  -1.347079026862  -2.427855617084  0.501365014819
  9  Si  4.680986381900  6.450933668370  10.222610572244  1.241725034129  -0.239236544693  1.239359246574
  10  Si  1.563007135903  1.009872584866  10.268740568225  -0.038528886631  2.116398309963  1.513471280082
  11  Si  7.853293484167  1.026535860441  10.254168920499  0.677948558347  1.894558544539  1.567621462710
  12  Si  -1.579340031640  4.548476524860  2.529916299353  -0.658408673643  -0.757806115142  -1.016875888571
  13  Si  1.577771361548  4.563666330207  2.507937762952  -0.249337778610  -0.253714346167  -1.021412464606
  14  Si  -0.019392378099  7.239528748877  2.465680957949  0.016126442630  -2.191512084738  0.583003118470
  15  Si  6.263819948230  3.682143091294  5.091085962769  0.790345583539  0.062834943423  -0.300216863726
  16  Si  3.117754607260  3.669560458355  5.103581126349  0.436033559384  0.239485761996  -0.627812530637
  17  Si  4.683654302719  0.973299764070  5.132542231077  0.615688745461  1.641570761951  -0.599017874241
  18  Si  -1.577489157895  4.591406021311  7.651637969335  -0.668458009802  0.162999312447  -0.094975290042
  19  Si  1.567202914975  4.611897944271  7.644837229784  0.034343019959  -0.101089258880  -0.016669611375
  20  Si  -0.004060465727  7.318777682382  7.626577530940  -0.125406536785  -2.362663383271  0.859454829474
  21  Si  6.265142415460  3.736148804638  10.221999496256  0.976509530442  0.419654021725  1.628381684045
  22  Si  3.142428565631  3.726628603302  10.248069274299  -0.157399613216  0.448133541233  1.184945835368
  23  Si  4.719634379796  1.034123379157  10.262725026175  -0.071357548882  1.261636669308  1.376885801019
  24  Si  3.125256569574  1.862356472081  2.548057387045  0.200247175825  0.109713143332  -0.759305889194
  25  Si  6.241980209464  1.851580419433  2.541942992648  0.980975719767  0.631306125234  -0.681186335150
  26  Si  4.690832788320  4.564433452844  2.509619107443  0.709165405398  -0.190398909384  -0.867109671628
  27  Si  1.569116176444  6.379906942428  5.055682449102  -0.350614475997  -0.353503859928  0.039247749997
  28  Si  -1.558581559776  6.372183955978  5.080058126440  -0.635585683726  -0.427494008720  -0.304068813562
  29  Si  0.013804467236  3.673245180607  5.085252416869  -0.736014031307  -0.144161247534  -0.143729216878
  30  Si  3.132663404275  1.892792752540  7.688082942785  -0.016080000945  0.726145415612  -0.209443262207
  31  Si  6.276366231686  1.929891723299  7.682020345654  0.049252039483  0.193026768444  -0.420784363310
  32  Si  4.709862266459  4.608801177610  7.655172565720  -0.243008438551  0.347595329946  -0.358357246132
  33  Si  1.577403262277  6.411006473161  10.220758017356  -0.063679282339  0.234755750214  1.363285250270
  34  Si  -1.570021376848  6.421545868646  10.196012871594  -0.293058710071  -0.467808657889  1.732239834127
  35  Si  -0.002015920200  3.707856762613  10.240994601886  -0.264280140039  0.632011131671  1.349107176355
  36  C  -0.023829148925  1.859360944010  4.472966879915  -0.265206865479  0.065055223520  0.470806854585
  37  C  3.104393609643  7.255023734431  4.393615037972  0.526646238137  -0.685230156813  0.727010078301
  38  C  -3.147799411454  7.259588033126  4.426943176127  -0.811407374287  -1.647594551385  0.105937536670
  39  C  4.721257287664  6.405334642373  6.985268259685  0.248788931169  0.239216580527  0.766701673143
  40  C  1.574558351691  1.010428182269  7.049130715949  -0.257646538942  1.798676628246  -0.652729829665
  41  C  7.840669400363  1.017198072148  7.017378696631  0.760950877954  2.130001342916  0.248905502813
  42  C  -0.033064842572  1.903512083990  9.618221902011  -0.149761858552  0.007514740485  0.569623001792
  43  C  3.139762851761  7.322411682864  9.524350053791  -0.285097104973  -1.208956458472  0.996722228100
  44  C  -3.148119509004  7.321208372209  9.585507667397  -0.798456876536  -1.979533446184  0.044945186519
  45  C  4.717446965445  6.343619374681  1.836432294905  0.193973957644  0.032145821501  -0.837851197406
  46  C  1.561983532774  0.943265517996  1.908324683062  0.060107909851  1.663463478917  -2.052047163090
  47  C  7.838168203093  0.963150313742  1.912499515700  0.813605480073  1.653029450214  -1.857859006553
  48  C  -1.599666467186  4.560274976833  4.462884991105  -0.167665437222  -0.258032412576  0.293529286242
  49  C  1.558786708403  4.578348556164  4.422601903545  0.125455112455  -0.163846398863  0.511020162624
  50  C  -0.003636196710  7.279727018660  4.439992710338  -0.227250335661  -1.878320612094  -0.372751130716
  51  C  6.267519023684  3.726156229194  7.035551214799  0.919116191804  -0.187439526763  0.060810493785
  52  C  3.124876786730  3.682388553548  7.007252261988  0.203538974445  0.245461744895  0.637678674129
  53  C  4.693738952342  1.011788781677  7.033598481212  0.362903613695  2.071405249286  -0.168085004752
  54  C  -1.594786470740  4.605924792378  9.590030685637  -0.399761427299  -0.210633702673  0.408991558570
  55  C  1.562287575936  4.634568732392  9.569307328040  0.137059617204  -0.520771317363  0.731926500138
  56  C  0.002672373821  7.296490763500  9.581987289492  -0.126789957625  -0.780848114626  0.069516277875
  57  C  6.278886413582  3.649922066297  1.871163896541  0.334983762923  -0.106055095368  -0.795675496260
  58  C  3.142115742476  3.653862388729  1.864523003595  -0.212542230363  -0.462007996249  -0.969285471481
  59  C  4.713177673213  0.946707589253  1.930841094122  -0.542869409118  1.894447430522  -2.388271260691
  60  C  3.137466593265  1.865420794738  4.478967706262  -0.226140792224  0.434553104125  0.111387851053
  61  C  6.266390964018  1.852082586529  4.468325428951  -0.002505980803  0.768039793470  0.490513633804
  62  C  4.713337438564  4.588848822149  4.440614828389  -0.396111511176  -0.262464638927  0.198811404551
  63  C  1.555262214647  6.398636982425  6.998271418638  0.122656696050  -0.048692381752  0.063810338823
  64  C  -1.574820260258  6.413793692883  7.014312574557  0.019103980688  -0.581424503040  0.152241104800
  65  C  0.007462716656  3.698928406355  7.034582771278  -0.321953699634  -0.194913355125  -0.108204065213
  66  C  3.123113172222  1.920470079876  9.611062074622  0.321145051166  0.192002248617  0.671148076560
  67  C  6.274271215389  1.907002564843  9.599881777234  0.240580551213  0.658652096621  0.522904679078
  68  C  4.698993291425  4.631012070094  9.582313470513  0.056895040812  0.098505984422  0.440534615167
  69  C  1.574752636760  6.348480157486  1.849404129370  -0.249082210405  -0.528334925047  -1.175287585885
  70  C  -1.574681069858  6.307117591142  1.865205912232  -0.320402301816  0.174962695168  -1.292872874612
  71  C  0.013598737076  3.645419741438  1.859461493806  -0.377317649520  -0.364950505070  -0.830972747467


MDSTEP:  10
LATTICE_CONSTANT: 1.889726125458
LATTICE_VECTORS
  9.531852647822  0.000000000000  0.000000000000
  -4.793540164861  7.974295619315  0.000000000000
  0.028140942433  0.218829458602  10.506484746691
VIRIAL (KBAR)
  -116.587088033708  1.995039962558  -2.049162483701
  1.995039962558  45.601404867914  -31.764994996934
  -2.049162483701  -31.764994996934  -134.768645271851
INDEX    LABEL    POSITIONS    FORCE (eV/Angstrom)
  0  Si  0.002987873732  1.857900323939  2.541921322888  -1.073565993472  0.105976547163  -0.717346226235
  1  Si  3.141420255537  7.242511435136  2.477900219358  -0.090978562229  -1.294633534317  -0.248784573235
  2  Si  -3.149449630140  7.235773541228  2.484722838745  -0.668098071755  -2.087578948723  0.168180263694
  3  Si  4.686235389733  6.382986319702  5.064761315364  0.943767963788  -0.026801084603  -0.265772192312
  4  Si  1.563478557566  0.972282215245  5.122428177203  -0.153705780847  1.347172877759  -0.483860377334
  5  Si  7.835317582855  1.000424780403  5.136938495981  1.010884388635  0.768784332021  -1.367236905866
  6  Si  -0.004617326651  1.898172697526  7.689638225199  -0.639832201959  0.116491205590  -0.428992495130
  7  Si  3.117576896579  7.309729462275  7.632965266086  0.608212481504  -2.068516339539  0.000101161596
  8  Si  -3.127944615970  7.312702487826  7.646893911527  -1.229354812555  -2.475597148948  0.353653805589
  9  Si  4.675574987884  6.446997015314  10.226546621130  1.307722538290  -0.119828152548  1.229772486551
  10  Si  1.557615086592  1.016547045945  10.270729318063  0.045220462319  1.986322493240  1.499091486857
  11  Si  7.854489726741  1.031127872507  10.248993265071  0.712564765077  1.834635314929  1.696938263689
  12  Si  -1.578310186173  4.546078730495  2.533456213996  -0.677834666392  -0.636695730957  -1.199914814701
  13  Si  1.575588750660  4.567335207366  2.512349581589  -0.212883814604  -0.399737193617  -1.181169488099
  14  Si  -0.018499943661  7.244878492678  2.466936503211  0.141487298256  -2.395272323535  0.574823523279
  15  Si  6.264278671304  3.678847753111  5.091612188948  0.719300296799  0.181315852713  -0.361745844901
  16  Si  3.113923241586  3.666202168434  5.096871440436  0.404940270837  0.450155245314  -0.448369663290
  17  Si  4.683558970088  0.974829509205  5.127250974679  0.687636916043  1.505388867855  -0.553101644025
  18  Si  -1.580355538010  4.595352999004  7.653505062777  -0.580473224380  0.051179598976  -0.221665052735
  19  Si  1.563132464655  4.616854307425  7.649814858556  0.091852842268  -0.353669355888  -0.032769063686
  20  Si  0.002262570466  7.324516372735  7.630865430465  -0.258552973445  -2.489205222933  0.799729458628
  21  Si  6.266374715192  3.736868590098  10.223554602534  0.944063505110  0.358118161834  1.601384895635
  22  Si  3.144495204112  3.721676115161  10.254272684881  -0.248631403501  0.573180186485  1.185677133557
  23  Si  4.718681739737  1.034291513840  10.265812319613  -0.026732988725  1.208218835875  1.347294524028
  24  Si  3.122221863042  1.856077663197  2.549575331824  0.338534357121  0.276623672478  -0.799289198675
  25  Si  6.247207073853  1.852606102026  2.547108947861  0.861153980658  0.660243674600  -0.925161192238
  26  Si  4.689657540251  4.568133774731  2.504342526973  0.661426085697  -0.352673477695  -0.767038772515
  27  Si  1.568020938883  6.376306281615  5.058621130858  -0.207680197172  -0.220053012447  -0.030743643593
  28  Si  -1.557922066238  6.372859240482  5.079831744824  -0.721412532085  -0.510325311980  -0.339436863797
  29  Si  0.009391083203  3.676873652166  5.083134113946  -0.657225187700  -0.150591395142  -0.119972826870
  30  Si  3.126542609559  1.896148237209  7.685554343250  0.033985114650  0.594494925684  -0.133445108090
  31  Si  6.281198615404  1.927022781438  7.686932852554  0.030130020040  0.295302446399  -0.564446843780
  32  Si  4.708651827462  4.615044147667  7.661938173714  -0.223829408124  0.090887106832  -0.503084704198
  33  Si  1.575112659378  6.409344454496  10.220911696147  -0.023739931339  0.325719396068  1.489020944054
  34  Si  -1.576714611966  6.423477082621  10.196914900813  -0.102294030809  -0.515053324938  1.734714964377
  35  Si  0.000017631346  3.708117571903  10.235635708397  -0.319384496784  0.706185970275  1.405948885697
  36  C  -0.023145775946  1.867919665738  4.480809517151  -0.282619908770  -0.036345955880  0.293928299366
  37  C  3.108709299392  7.250879830524  4.385733940906  0.420207583402  -0.492304554607  0.919836046588
  38  C  -3.150694880325  7.266622739264  4.430429680703  -0.744469991258  -1.757670358317  0.050928358305
  39  C  4.729636381934  6.396913669871  6.984300407476  0.061783853318  0.392735579643  0.814874556837
  40  C  1.568757611701  1.004518154545  7.041162834677  -0.141055562583  1.857304042582  -0.440738530709
  41  C  7.842539680356  1.008308392125  7.016256016796  0.721881402919  2.222293216085  0.300151306503
  42  C  -0.034802507745  1.901803454619  9.616111305534  -0.094344477269  0.085073198968  0.524606667033
  43  C  3.137840966408  7.326865982314  9.530527094960  -0.245685120277  -1.334463005560  0.913406147840
  44  C  -3.140325629348  7.325572044071  9.583509661264  -1.007183852803  -1.920028947565  0.158027259232
  45  C  4.715898068781  6.342238134060  1.844401262233  0.291828718850  0.124116057066  -1.014105870678
  46  C  1.562033197244  0.954700474437  1.913215408271  -0.000714364957  1.311543168782  -2.073749802991
  47  C  7.835678260403  0.967860187455  1.903343448292  0.912672226375  1.498772278204  -1.765223878820
  48  C  -1.600800449752  4.550596689173  4.453206048873  -0.222960615130  -0.044672672815  0.511065529773
  49  C  1.550680263986  4.587534501033  4.415093868316  0.216933645571  -0.392306516574  0.715486327466
  50  C  -0.003000389416  7.271332611191  4.435029149093  -0.243067477495  -1.576316511322  -0.202272009265
  51  C  6.272241509025  3.730988453442  7.030944542905  0.804424072820  -0.311447910855  0.216784301376
  52  C  3.117092484213  3.675341838283  7.012003658469  0.290322636530  0.457047466072  0.490285808895
  53  C  4.694123821701  1.015125327488  7.032518732945  0.365573027548  2.055838467631  -0.180863233608
  54  C  -1.600247220916  4.605254113488  9.584759020992  -0.324257607402  -0.171858217437  0.518390317966
  55  C  1.565833279059  4.642553532214  9.573497347755  0.086509436354  -0.727809245236  0.663264311038
  56  C  0.004038812078  7.293658689120  9.585134542201  -0.209904444733  -0.695306788191  0.056335009133
  57  C  6.276553615987  3.655097872086  1.866388785331  0.381466640487  -0.179439244006  -0.739668230792
  58  C  3.142288809589  3.647143627309  1.860746753816  -0.238151072755  -0.361148440364  -0.889289400279
  59  C  4.713779981514  0.944283894361  1.924633194551  -0.485880979496  2.061721698444  -2.295117961194
  60  C  3.141014122428  1.873252047057  4.478491594575  -0.325007234777  0.213650901615  0.091917849031
  61  C  6.276063345089  1.853556551754  4.462527335673  -0.223117563461  0.729301416383  0.611219896109
  62  C  4.707428780062  4.592156500603  4.437947843983  -0.270713556696  -0.440056084891  0.184888672633
  63  C  1.564618762903  6.391600399984  7.007777889497  -0.091893998579  0.111511261006  -0.118687486381
  64  C  -1.577100952938  6.411798875850  7.012779275288  0.151606135195  -0.465593262095  0.211358029801
  65  C  0.009917171174  3.690070346767  7.030634061813  -0.405780907317  0.068097558420  -0.010296054548
  66  C  3.119076958534  1.924000453948  9.616143943084  0.372782368194  0.115889137054  0.549904324150
  67  C  6.283871025337  1.897696577725  9.599496229377  -0.000427057072  0.871164855520  0.548768418578
  68  C  4.693700274301  4.632209249249  9.586123459124  0.164832611531  0.034110032457  0.438826555544
  69  C  1.576825542171  6.339602858083  1.858579929506  -0.259801455211  -0.278624607462  -1.322305237340
  70  C  -1.566345508117  6.313143777564  1.871160095907  -0.528319926069  0.056523692264  -1.322748373549
  71  C  0.010713655993  3.650077273811  1.856034386518  -0.324140194202  -0.421466859303  -0.802172224971


