MDSTEP:  0
LATTICE_CONSTANT: 1.889726125458
LATTICE_VECTORS
  9.554944643478  0.000000000000  0.000000000000
  -4.718215671392  7.976705953795  0.000000000000
  0.079046324628  0.114009153146  10.230297082354
VIRIAL (KBAR)
  -103.637258855446  -21.315809831517  -9.936361238309
  -21.315809831517  56.723663194578  -14.851682435113
  -9.936361238309  -14.851682435113  -30.036039329201
INDEX    LABEL    POSITIONS    FORCE (eV/Angstrom)
  0  Si  0.016429626653  1.809093323268  2.531405249608  -1.407511991500  -0.520773880814  -0.409886330897
  1  Si  3.140284587221  7.153407907274  2.485140902110  0.451722868132  -1.010128502974  0.143507705935
  2  Si  -3.060365790352  7.188444367135  2.507415687701  -1.688188699961  -2.476802945547  0.274364210256
  3  Si  4.693657127252  6.281942712379  5.030153329239  1.387144136260  0.020673983258  -0.031752697368
  4  Si  1.566348126656  0.913215200770  5.069926356355  -0.232785114470  0.760598275668  -0.103365141443
  5  Si  7.786022223883  0.906569578009  5.040260470425  1.566561626937  1.451959214278  0.323196259248
  6  Si  0.043335237060  1.817601840569  7.614963146407  -1.810536064332  0.121747826867  0.082349606761
  7  Si  3.168097186449  7.196196329503  7.585901260115  -0.097805236846  -1.201249499903  -0.047506234581
  8  Si  -3.033247891323  7.197800400905  7.601030702342  -1.924459133269  -1.303110765297  -0.052640370127
  9  Si  4.708379239616  6.296870270042  10.108686429948  1.573930478084  0.499198143479  1.016118895829
  10  Si  1.598812175960  0.943247801440  10.152306322893  -0.269447308154  0.929261294031  0.718936899909
  11  Si  7.792076198769  0.922624821094  10.139184053273  1.763592667582  2.016843011460  0.955539903569
  12  Si  -1.537808810041  4.490996887872  2.528912258700  -1.448592370978  -0.582771078748  -0.362864140942
  13  Si  1.573853699669  4.476106701114  2.514456055500  -0.137561191132  0.188209494718  -0.119131967301
  14  Si  0.046504399900  7.169046911560  2.505453380543  -0.543317477656  -1.295713629630  0.211386669419
  15  Si  6.230582151118  3.584898975815  5.051063521908  1.494005849357  0.594567266137  -0.109646383557
  16  Si  3.122981280140  3.594591951034  5.049393206989  0.055070347132  -0.124455495945  0.223622895112
  17  Si  4.681106497253  0.909303496563  5.073625905008  -0.018151911896  1.256537009155  -0.208350605275
  18  Si  -1.505516527075  4.518052858885  7.599241911954  -1.502219977839  -0.578217483873  -0.027317681606
  19  Si  1.582560502601  4.504194081739  7.618248130142  0.225543469519  0.330205778593  -0.661658404083
  20  Si  0.058022344579  7.205406461735  7.579761840776  -0.224479958498  -1.582388582345  0.538482733752
  21  Si  6.248181356979  3.631457010961  10.113610632178  1.779049031633  0.290555871892  1.050525581795
  22  Si  3.148953696475  3.618563163205  10.128793637236  0.277211766449  0.113833458539  0.928823442814
  23  Si  4.686082976760  0.924173615160  10.144854499427  0.663426503545  1.694243597300  0.949714647811
  24  Si  3.116725082437  1.784437684297  2.503256296235  0.055180000092  0.373692769680  0.428171755352
  25  Si  6.214222995322  1.779082532980  2.508475698767  0.659172191682  0.644655931755  -0.393431657972
  26  Si  4.662964032629  4.465528020194  2.507695739750  0.805075291557  0.293331263820  -0.401751957948
  27  Si  1.594183121453  6.282240908742  5.043323415888  -0.096830474284  -0.137393712225  0.112523101012
  28  Si  -1.515335897587  6.294417467465  5.036356793636  -0.325121615566  -0.380780082759  0.328647793121
  29  Si  0.036478779425  3.594720661284  5.065875719325  -0.608579072884  0.051925478720  -0.267702197717
  30  Si  3.132427300027  1.810423354347  7.606370351789  0.132139060272  0.677540754542  -0.240060151673
  31  Si  6.236279821403  1.811458611919  7.579699243000  0.631729196937  0.528695220949  0.333020707258
  32  Si  4.698793767298  4.506806897087  7.570280067977  0.180709392926  0.128061949091  -0.087371770527
  33  Si  1.605412206018  6.302235786067  10.135881770741  0.098185333244  0.276038449746  0.788735692712
  34  Si  -1.492362512690  6.317048869410  10.130251627958  -0.280683654059  -0.393282752093  0.843628669379
  35  Si  0.056346675281  3.629943446902  10.140816560057  -0.557863227346  0.042013955549  0.821034021037
  36  C  0.016656628515  1.810670989762  4.429512558422  -1.276285252875  -0.401031684607  0.426025660076
  37  C  3.141700607895  7.168678259678  4.403447999701  0.220678864577  -0.791958396794  -0.399695237060
  38  C  -3.063666797075  7.179735482275  4.418488491631  -1.624514226514  -1.356703030173  0.035285288223
  39  C  4.693915297782  6.286435582091  6.928579204778  1.460623076826  0.433192247252  0.733362915980
  40  C  1.563943176755  0.946934982318  6.983636348901  0.294289717112  0.244531443571  -0.577586399443
  41  C  7.787157362533  0.910051818035  6.964884185633  1.534561382704  1.882204918483  -0.289308992317
  42  C  0.045825488475  1.853041329203  9.530439163147  -1.206655303890  -0.767573444760  0.175833198636
  43  C  3.154122498952  7.198453526533  9.493946444732  0.311744785866  -1.001278665315  -0.286647344879
  44  C  -3.026404101842  7.217099167163  9.492844917093  -1.746803210351  -1.550006177159  0.293484263844
  45  C  4.695320122159  6.250727594190  1.855199867234  0.969918500661  0.304080875405  -0.204265324050
  46  C  1.568391181598  0.889497517807  1.906902759893  -0.467001520807  1.474151863593  -1.627952320330
  47  C  7.772341106164  0.871906377645  1.877058608748  1.236980286543  1.876749552924  -0.734426433758
  48  C  -1.525092808900  4.517755035596  4.441612997585  -1.184523075673  -0.988541239586  0.066710972199
  49  C  1.590013805113  4.499338028363  4.431787274726  -0.238818045299  -0.085619557771  -0.211997508105
  50  C  0.047911548103  7.194944489108  4.415381882084  -0.192438628338  -1.376374541777  -0.187929937677
  51  C  6.237824750618  3.591888234719  6.955556313376  1.392797168138  0.578767751665  0.325920642028
  52  C  3.129405275440  3.607431189799  6.960035123662  0.023328136992  -0.196655740904  0.275244768156
  53  C  4.685490455001  0.915013120740  6.967621867492  -0.093915600452  1.423592016420  -0.312455820232
  54  C  -1.503198671350  4.527820982098  9.516962777739  -1.273238276521  -0.502737301967  0.107867524736
  55  C  1.614218347747  4.528861621168  9.512662340245  -0.265510615623  -0.151126031625  0.164180561837
  56  C  0.060645891796  7.217065743715  9.501397165458  -0.064447467566  -1.522978530387  -0.254842396828
  57  C  6.225507901737  3.570728418588  1.872044679100  1.082245498632  0.294514464649  -0.311275530205
  58  C  3.110341302789  3.572574262317  1.885635485509  -0.089712389891  -0.276520402973  -0.876443638926
  59  C  4.657267094789  0.887179290662  1.886950276662  0.067475732371  1.066992687341  -1.150210533066
  60  C  3.112235970800  1.805190978038  4.439609314482  0.338618819775  0.094355614919  -0.159705089401
  61  C  6.228714831668  1.797386176089  4.423422325906  0.381210307641  0.322343380196  -0.059164111370
  62  C  4.673687650365  4.466853764381  4.425932133234  0.431116948463  0.525814384402  -0.293986847924
  63  C  1.593696315437  6.305310668911  6.944402740395  0.048480587081  -0.489196755530  0.513404142348
  64  C  -1.508207084231  6.301649854898  6.977243066388  -0.107586391854  -0.232527537817  -0.498077098500
  65  C  0.033653812279  3.609180743874  6.972822566652  -0.231377744798  -0.222575021712  0.051385025366
  66  C  3.153930989723  1.829544235559  9.503525816883  -0.111937259887  0.222450594799  0.421766367804
  67  C  6.248191567050  1.825373324328  9.511734540734  0.224998420837  0.327796747455  -0.180509833384
  68  C  4.694856937189  4.504117742344  9.493361736374  0.357078026076  0.414179544267  -0.218465275567
  69  C  1.581746626494  6.275114368636  1.873182172752  -0.219562491211  -0.741833942002  -0.614140013034
  70  C  -1.524011808173  6.268553985645  1.886965027003  -0.298809353037  -0.271026968446  -0.845779948312
  71  C  0.012323138405  3.586914551134  1.894269644815  -0.308324136379  -0.256774703108  -0.843499195927


MDSTEP:  1
LATTICE_CONSTANT: 1.889726125458
LATTICE_VECTORS
  9.554944643478  0.000000000000  0.000000000000
  -4.718215671392  7.976705953795  0.000000000000
  0.079046324628  0.114009153146  10.230297082354
VIRIAL (KBAR)
  -103.704866562917  -21.217678723298  -10.008534541144
  -21.217678723298  56.125773963585  -14.880230958512
  -10.008534541144  -14.880230958512  -29.996576774780
INDEX    LABEL    POSITIONS    FORCE (eV/Angstrom)
  0  Si  0.017061161620  1.808283747431  2.531918362797  -1.421575166781  -0.493866341028  -0.438410716057
  1  Si  3.140233899995  7.152658037352  2.485381810917  0.455434598611  -0.959924699094  0.119922086799
  2  Si  -3.060606431806  7.188731507443  2.507681832944  -1.680126468587  -2.487176554805  0.266261549982
  3  Si  4.694714440610  6.280845523727  5.030435867520  1.367782175638  0.061017821600  -0.032780436243
  4  Si  1.566312480469  0.914136105742  5.070188668874  -0.240775316966  0.727709078258  -0.119605092056
  5  Si  7.786849604168  0.907239242672  5.039982242654  1.553526986577  1.435494148999  0.320663864057
  6  Si  0.043022481178  1.817634962688  7.614697943205  -1.813652685780  0.121641609258  0.083510720521
  7  Si  3.168884619257  7.196809402583  7.585942411494  -0.105797840179  -1.198143234573  -0.049525066631
  8  Si  -3.033043053976  7.197825463755  7.600547987473  -1.937068129200  -1.303016173744  -0.039229059549
  9  Si  4.708397678800  6.297270589885  10.109101955014  1.578129702800  0.474319940080  1.000243089006
  10  Si  1.598678009845  0.944344432423  10.152338454751  -0.273677789026  0.883780116315  0.704269247995
  11  Si  7.792267721762  0.922212632817  10.139318957804  1.758012982918  2.021195078409  0.950309097081
  12  Si  -1.537821721353  4.490212848162  2.528668713355  -1.447320226584  -0.579370145772  -0.364626721975
  13  Si  1.573894594416  4.476846975450  2.514627067341  -0.144670338732  0.176582489769  -0.138815144303
  14  Si  0.045880328373  7.168291227243  2.504989767756  -0.550921688092  -1.263775635846  0.225263302028
  15  Si  6.230332570057  3.584377982517  5.051209134245  1.496540884470  0.605262124215  -0.122449160338
  16  Si  3.122718174525  3.595764648745  5.049964384735  0.069342069506  -0.133037728621  0.194486132058
  17  Si  4.681026747129  0.909976633843  5.074195482916  -0.014490073298  1.233299290713  -0.220443551634
  18  Si  -1.505773229612  4.517817070785  7.598825417212  -1.499788338985  -0.585307522198  -0.024771575467
  19  Si  1.583003314894  4.504801101990  7.617407691508  0.205068523442  0.316891738754  -0.639363219215
  20  Si  0.057577511912  7.204352009259  7.579264828796  -0.214465777237  -1.538583915402  0.547082335221
  21  Si  6.248882713355  3.631634605209  10.113346472366  1.759780820108  0.293623709719  1.055382393863
  22  Si  3.148626521446  3.618173736488  10.128534355732  0.278491081199  0.114281710854  0.935637888828
  23  Si  4.687067236920  0.924761364632  10.144711282850  0.639414930812  1.662011535775  0.943741686178
  24  Si  3.116974388243  1.785141043799  2.503259689534  0.059418662873  0.364867375253  0.429930605952
  25  Si  6.214014318508  1.779631463227  2.508894464907  0.663949762797  0.627032101340  -0.406444039885
  26  Si  4.663117237104  4.465391422368  2.507655286496  0.806594466155  0.292397962127  -0.404427191195
  27  Si  1.593567843995  6.283236167005  5.042918485524  -0.075866480816  -0.149223488428  0.117601721902
  28  Si  -1.515591988704  6.293749788386  5.036978644491  -0.331426332290  -0.363956947260  0.315439408625
  29  Si  0.036286632784  3.595332675206  5.065173367601  -0.603080818130  0.045622944807  -0.271618136214
  30  Si  3.132664745634  1.809925921811  7.606583165594  0.110058293430  0.693102708437  -0.252407432358
  31  Si  6.235061817360  1.811956913793  7.580550072469  0.677552961246  0.521035720870  0.321617461658
  32  Si  4.698896356209  4.506081457551  7.571103238840  0.179673943601  0.146520791569  -0.117298314165
  33  Si  1.605444798511  6.301507169866  10.135649981053  0.092124086483  0.277437463093  0.803477480623
  34  Si  -1.491707075608  6.316879449369  10.129792466331  -0.300538953410  -0.395543476037  0.855652095445
  35  Si  0.056264705889  3.630377397107  10.140470585477  -0.579503232722  0.026234328083  0.822491257015
  36  C  0.014949519750  1.810524970892  4.428974878725  -1.245609583845  -0.392982223980  0.442022090589
  37  C  3.142040592282  7.168741191254  4.402284275555  0.223340830133  -0.788043857066  -0.361642255600
  38  C  -3.064960113398  7.178596112967  4.418426406493  -1.605719426518  -1.319818507333  0.054258315169
  39  C  4.695088426533  6.287332129000  6.929280525336  1.453151818889  0.406484178575  0.727537564017
  40  C  1.563219444394  0.946903417905  6.983474404085  0.314843334196  0.247337470546  -0.574550381250
  41  C  7.788313978608  0.911226250287  6.965115750112  1.511965418032  1.869884911025  -0.285490584859
  42  C  0.045012697802  1.853041530526  9.529962167241  -1.198462969177  -0.765671176869  0.180446280788
  43  C  3.153338817234  7.197436579537  9.494187749632  0.326360719105  -0.980854568384  -0.287412341099
  44  C  -3.025994457805  7.216142450176  9.492524495743  -1.755310296653  -1.505787743421  0.305271022239
  45  C  4.696028199487  6.250093605862  1.854964490127  0.954336794385  0.318259975782  -0.203805022477
  46  C  1.569071630943  0.889880675910  1.906766655783  -0.471311118168  1.466273144737  -1.620895934081
  47  C  7.772496394004  0.873393677606  1.876341284159  1.241926376596  1.817787563010  -0.709803699983
  48  C  -1.525048704360  4.518152049260  4.441151153925  -1.184586210477  -1.002294599663  0.072878619166
  49  C  1.590623338311  4.499984251283  4.430198780556  -0.255474193453  -0.088827552375  -0.176599338227
  50  C  0.047520256872  7.194446909079  4.416032804052  -0.202762584703  -1.347781872119  -0.193647894912
  51  C  6.238537471284  3.591459599353  6.954613210752  1.373114513636  0.590344462668  0.347924188134
  52  C  3.128441892260  3.607705060604  6.958819138227  0.046667017431  -0.200196724928  0.304264914499
  53  C  4.686004349785  0.916202649094  6.968127487440  -0.107845292515  1.375720906193  -0.308814068659
  54  C  -1.505149794307  4.527611983274  9.516752237962  -1.244242719174  -0.509458184070  0.106711358809
  55  C  1.613640356054  4.527968651079  9.513517479589  -0.256096078332  -0.138763558881  0.129605162019
  56  C  0.060888225882  7.215756829879  9.501198905698  -0.063804830463  -1.481917348026  -0.251123954346
  57  C  6.225266828756  3.569919855917  1.872114736848  1.083213434466  0.313478647790  -0.315423417328
  58  C  3.110092095487  3.572772535159  1.885639657999  -0.084393325742  -0.269416080938  -0.878067748508
  59  C  4.657432508558  0.887676133866  1.886498768520  0.063574718980  1.046247755896  -1.137861260815
  60  C  3.112914678321  1.805529632424  4.439975489786  0.320840682214  0.103251744666  -0.162759921262
  61  C  6.228215590322  1.797534999225  4.423088879552  0.392390860319  0.317096185080  -0.048051021937
  62  C  4.674448569854  4.468280872553  4.425811236965  0.416604788565  0.486629675034  -0.287573549515
  63  C  1.593466594758  6.305770531369  6.945061082743  0.064247056389  -0.489313996276  0.488132158113
  64  C  -1.508104649246  6.301661674388  6.977912889349  -0.112448610648  -0.239533729756  -0.516237483434
  65  C  0.033497686667  3.608648208392  6.971968242885  -0.223832791219  -0.201232170958  0.061856626996
  66  C  3.153253199406  1.829512370896  9.503065303465  -0.091813882671  0.219294905787  0.429072796151
  67  C  6.248071589304  1.825797961147  9.512019022954  0.234984208555  0.320123955671  -0.187282790876
  68  C  4.694020272178  4.503054614393  9.492502474753  0.373281164390  0.432061030218  -0.192719226064
  69  C  1.580964663200  6.275816967364  1.874427076249  -0.202775076347  -0.755770998932  -0.644594243922
  70  C  -1.524448224595  6.267632234893  1.887351960190  -0.298023704659  -0.258954418867  -0.856711381443
  71  C  0.012576140365  3.586920347978  1.893088322871  -0.306482317370  -0.264093125326  -0.819682143647


MDSTEP:  2
LATTICE_CONSTANT: 1.889726125458
LATTICE_VECTORS
  9.554944643478  0.000000000000  0.000000000000
  -4.718215671392  7.976705953795  0.000000000000
  0.079046324628  0.114009153146  10.230297082354
VIRIAL (KBAR)
  -104.422679710304  -20.962224146441  -10.372330606880
  -20.962224146441  54.902723677813  -15.156778878174
  -10.372330606880  -15.156778878174  -29.972707631522
INDEX    LABEL    POSITIONS    FORCE (eV/Angstrom)
  0  Si  0.018599508325  1.806462570513  2.529962919597  -1.483653727440  -0.450618644131  -0.381859702868
  1  Si  3.140408582022  7.154059897801  2.486347657427  0.457954602375  -0.954681816569  0.094368177133
  2  Si  -3.059056072930  7.186251048239  2.507218063666  -1.700961197122  -2.407855421733  0.226983030866
  3  Si  4.696269079158  6.282808511916  5.030674105449  1.343392845727  0.059259472110  -0.084196026924
  4  Si  1.567487651270  0.916662718554  5.068742709638  -0.287825458979  0.679488903468  -0.082292708170
  5  Si  7.789628820369  0.908003199711  5.042373940296  1.509761074102  1.407513808005  0.251998135746
  6  Si  0.042369963425  1.817953473833  7.617038220609  -1.794935365107  0.143614811292  0.037802627114
  7  Si  3.170425615561  7.198051418336  7.586422833425  -0.117180357591  -1.212594788727  -0.083030950657
  8  Si  -3.032881018698  7.199985088112  7.602828845521  -1.947253094782  -1.348339096579  -0.042034244746
  9  Si  4.708016222329  6.299403915678  10.109914908936  1.615150383546  0.417711538362  1.008056329016
  10  Si  1.599309218608  0.946013138898  10.154030230394  -0.345238738676  0.849648732233  0.679693282597
  11  Si  7.794424097146  0.921658300598  10.140194886508  1.744874361151  1.984799560890  0.942193270262
  12  Si  -1.538473895035  4.488260647389  2.530098916166  -1.446660002665  -0.578148714291  -0.390392474377
  13  Si  1.575766713047  4.478871234069  2.515444859575  -0.227564806823  0.118713136529  -0.170171391404
  14  Si  0.045230366811  7.168446530058  2.505577235282  -0.573502896149  -1.268639966692  0.228515369140
  15  Si  6.231613152639  3.584788881186  5.049315929842  1.482582763831  0.583391937976  -0.088485149432
  16  Si  3.123157968095  3.593260450979  5.051088797297  0.088864442151  0.014679176121  0.157405365246
  17  Si  4.681117314709  0.912151193495  5.074198968896  -0.045818847364  1.143441875775  -0.249385020797
  18  Si  -1.508327509270  4.517562349567  7.598871384555  -1.491137243413  -0.553913098992  -0.023993778303
  19  Si  1.580697056024  4.506564723454  7.616580878835  0.266093131196  0.277397988807  -0.649426113293
  20  Si  0.058228459532  7.203571403943  7.577578689271  -0.207523888153  -1.573219121096  0.565484012638
  21  Si  6.249029720653  3.630403851434  10.113218262885  1.804975756893  0.340080340532  1.058253444894
  22  Si  3.146182075108  3.619358432693  10.129243861820  0.328445180824  0.099296561040  0.857586427927
  23  Si  4.688934267517  0.925767585706  10.144755153954  0.620551357984  1.568093994298  0.891847046310
  24  Si  3.116875631293  1.787872953829  2.501084498514  0.026062999015  0.258080186218  0.454323043091
  25  Si  6.212001312291  1.780587876075  2.509266915396  0.727390296019  0.645922073293  -0.440107122575
  26  Si  4.661934111965  4.464016830653  2.508201950058  0.866738915384  0.357392043671  -0.443240691873
  27  Si  1.595771162405  6.284437416262  5.042763340534  -0.108448381117  -0.161396370279  0.163071576990
  28  Si  -1.516029261634  6.295470248285  5.039469838889  -0.371155408793  -0.417293544083  0.291222347772
  29  Si  0.038442524456  3.597449148764  5.066485620948  -0.670636399612  0.010772249356  -0.275757529223
  30  Si  3.131826459901  1.810357448812  7.605017976498  0.114324365095  0.700407468610  -0.206406381261
  31  Si  6.235176417914  1.814503780270  7.580482473868  0.648837112932  0.492639402997  0.319394253681
  32  Si  4.700981141779  4.508591552469  7.569398273749  0.127340508067  0.166031488993  -0.059004513052
  33  Si  1.605255563605  6.303077588983  10.137328600735  0.046599009363  0.242398827738  0.745979037790
  34  Si  -1.489679544391  6.315467484444  10.131463558088  -0.421590572818  -0.419750814858  0.775997658108
  35  Si  0.058505520397  3.629501241659  10.140239269392  -0.662894098939  0.061184911566  0.794606981006
  36  C  0.014438193685  1.810647562614  4.430313331188  -1.226635069091  -0.363602677866  0.406785994581
  37  C  3.139732949242  7.167930747220  4.400867690123  0.289278955704  -0.735801126394  -0.309318584749
  38  C  -3.065011352433  7.180888667497  4.416141221554  -1.566293215270  -1.328120170542  0.088001603199
  39  C  4.697113358962  6.290600195942  6.926723890382  1.440675430686  0.389328603605  0.784403313842
  40  C  1.562454555632  0.944679246351  6.984192269009  0.312172608323  0.355516502456  -0.606320149316
  41  C  7.790274669495  0.914149503255  6.965661900605  1.477838603133  1.833343130520  -0.257734039762
  42  C  0.040499037473  1.852916444892  9.530619205847  -1.112002242618  -0.791672436631  0.191839495828
  43  C  3.151529267230  7.192776152602  9.492699879664  0.349575447172  -0.841636300129  -0.232688763210
  44  C  -3.031356195662  7.218343325399  9.493586150744  -1.656964742341  -1.567622722285  0.339496142706
  45  C  4.698973695148  6.253465985756  1.858288373542  0.897464407225  0.254201937087  -0.237606443620
  46  C  1.566061376657  0.890639824346  1.905365736633  -0.363369396184  1.396872465705  -1.574419497351
  47  C  7.775870489118  0.875972866006  1.879519569755  1.190685802475  1.786841717401  -0.746171571280
  48  C  -1.528774640477  4.515679771860  4.444286228267  -1.138199777976  -0.950291101711  0.039474603443
  49  C  1.589339713910  4.503128093765  4.432050262395  -0.190691022412  -0.148469327072  -0.226491534244
  50  C  0.047162625060  7.191536899309  4.419472451305  -0.210109065030  -1.250484140972  -0.251888396933
  51  C  6.236600438446  3.594877338895  6.955884347259  1.424314826666  0.532263499527  0.283425244393
  52  C  3.130239521759  3.610961546609  6.956520466372  0.004875092810  -0.256997040436  0.372283174829
  53  C  4.684165222963  0.914628643170  6.965488545708  -0.048908803376  1.428200895349  -0.241496281887
  54  C  -1.505134066868  4.524596635148  9.513832856292  -1.243492893886  -0.456870284080  0.167652624658
  55  C  1.611241577305  4.531454674767  9.509708487766  -0.197537006005  -0.208677471849  0.220274860271
  56  C  0.058106797387  7.211507521412  9.500690071980  0.001648055517  -1.325110717004  -0.236579681546
  57  C  6.227332687234  3.573513969009  1.868648476910  1.036101170805  0.237490894577  -0.233591982703
  58  C  3.110943762765  3.569099335124  1.884079015183  -0.122421237214  -0.138169356254  -0.856452784646
  59  C  4.657454849849  0.888006136424  1.883919909753  0.049929854869  1.032735618966  -1.076342712788
  60  C  3.111112308432  1.808932088412  4.440377330695  0.375499289424  0.041938680548  -0.215160721801
  61  C  6.226041183038  1.794044451949  4.422501658228  0.448480295863  0.397854902036  -0.022634396583
  62  C  4.677309980450  4.470711374540  4.424424190720  0.345551476317  0.426545005368  -0.255888539643
  63  C  1.597526583899  6.301639836479  6.945642754152  0.000618681393  -0.362183237895  0.460221703452
  64  C  -1.510602190367  6.302771586850  6.979106366824  -0.074345975523  -0.255179805430  -0.517557881570
  65  C  0.031930286333  3.611620554115  6.973198880886  -0.203926136192  -0.260507578472  0.041410330997
  66  C  3.151903466449  1.826067635301  9.505556775818  -0.057494692914  0.322223292665  0.359900105700
  67  C  6.250701991889  1.827654647617  9.513332945476  0.195267651090  0.244500386924  -0.216273139724
  68  C  4.697573611965  4.501895961582  9.494379974258  0.274060298568  0.467437047568  -0.230673512798
  69  C  1.579175248029  6.277700111780  1.871406405009  -0.136343252785  -0.768576226822  -0.582378382074
  70  C  -1.523954239894  6.263829651939  1.883455686568  -0.283211477584  -0.200881811405  -0.766224356084
  71  C  0.009571197137  3.584648739519  1.889501242346  -0.198050561756  -0.211950138902  -0.736273461958


MDSTEP:  3
LATTICE_CONSTANT: 1.889726125458
LATTICE_VECTORS
  9.554944643478  0.000000000000  0.000000000000
  -4.718215671392  7.976705953795  0.000000000000
  0.079046324628  0.114009153146  10.230297082354
VIRIAL (KBAR)
  -104.442267965930  -20.618415325752  -10.876475761480
  -20.618415325752  52.808124316996  -14.835644499529
  -10.876475761480  -14.835644499529  -30.154483886614
INDEX    LABEL    POSITIONS    FORCE (eV/Angstrom)
  0  Si  0.018709256483  1.803235833177  2.532539472837  -1.548492344345  -0.291509275718  -0.421083440091
  1  Si  3.143662542460  7.150645879907  2.489335730826  0.375507218515  -0.823971807452  -0.028071049542
  2  Si  -3.059855563404  7.183734555492  2.507900848097  -1.694449613823  -2.276002379245  0.165705278671
  3  Si  4.694428722747  6.283416812274  5.030480824104  1.382866475748  0.042182108046  -0.112260293228
  4  Si  1.569582114950  0.919857702348  5.068898793462  -0.358415090342  0.527530445790  -0.110840610188
  5  Si  7.790719206089  0.910081264666  5.040550657070  1.544834973350  1.305193344814  0.242543496573
  6  Si  0.040114103722  1.818931345372  7.617316559617  -1.744946464972  0.090716242434  0.027477592327
  7  Si  3.167025651497  7.200634267893  7.585334617550  -0.029537638123  -1.229435472583  -0.157782108851
  8  Si  -3.035595539484  7.199679159162  7.602126165162  -1.921760366454  -1.357040572495  -0.123529043795
  9  Si  4.707230751858  6.300797909962  10.111270033683  1.608770081647  0.383870739638  0.960221792454
  10  Si  1.598796767607  0.944699533983  10.155676061759  -0.429965124719  0.853407165395  0.639937130309
  11  Si  7.793861995502  0.920355861652  10.142320302837  1.777163281894  1.987826173193  0.918545440429
  12  Si  -1.540652229495  4.489338028047  2.526601802325  -1.430944683386  -0.609886687089  -0.309758582078
  13  Si  1.578087443820  4.481361587737  2.516086787390  -0.338446345919  0.056992579452  -0.257127851915
  14  Si  0.043792452088  7.169178164309  2.505842234702  -0.547125243356  -1.192660696757  0.230014853927
  15  Si  6.234541399162  3.583253043988  5.047591098656  1.422483545936  0.722588524502  -0.078113580389
  16  Si  3.120222106622  3.593365462878  5.053852417568  0.121741539709  0.022003389000  0.058686755189
  17  Si  4.681875978560  0.912759725038  5.076346827243  -0.063111327093  1.148066716270  -0.348100070137
  18  Si  -1.505649628043  4.519017655516  7.597778521330  -1.579910028219  -0.579468752823  0.062160287519
  19  Si  1.579814945955  4.503489829705  7.613048197287  0.287873885814  0.399683919048  -0.496889192980
  20  Si  0.054717006003  7.202942333946  7.576333330738  -0.173267738984  -1.491885899195  0.571422559772
  21  Si  6.251097423847  3.632745985152  10.113633325915  1.802902073819  0.261854518754  1.053272674587
  22  Si  3.146068805286  3.616461064054  10.127390544932  0.322204905195  0.207072384193  0.932660006920
  23  Si  4.689033797777  0.929249171827  10.141887733922  0.643589004844  1.552265936535  0.960512348671
  24  Si  3.113995873057  1.786188155537  2.502709683731  0.021880085056  0.349323473657  0.404731904215
  25  Si  6.213024430097  1.777979785691  2.512324005050  0.680995018562  0.729103692565  -0.488632565204
  26  Si  4.664786113634  4.461818669338  2.507882488710  0.808039816898  0.339462884883  -0.445829922209
  27  Si  1.597522241852  6.286310874774  5.039392437941  -0.224390926535  -0.187524094638  0.207719547093
  28  Si  -1.515610343959  6.296970507991  5.041264006801  -0.461098355780  -0.516287441907  0.174282309628
  29  Si  0.041149379405  3.594647500287  5.068390254783  -0.785237179360  0.084394556539  -0.330126554010
  30  Si  3.134968856368  1.807828006741  7.603382397481  -0.001842385340  0.762644284677  -0.116631811000
  31  Si  6.233587372378  1.816826012134  7.577777388891  0.753600949482  0.453402347975  0.344190754934
  32  Si  4.702739883840  4.507100029431  7.567107152586  0.175651307703  0.254802634111  0.028475090068
  33  Si  1.608314072162  6.304974086652  10.134781457806  -0.021183317617  0.209857840287  0.831504386899
  34  Si  -1.486480249354  6.317723233684  10.130628710318  -0.477398453632  -0.480044881971  0.780182617574
  35  Si  0.059615576665  3.629219996531  10.140056263038  -0.713443742298  0.047791528959  0.853494047259
  36  C  0.015089981831  1.808484615466  4.431708225277  -1.223936701993  -0.339557961824  0.411651710113
  37  C  3.136032385262  7.162888985570  4.399322457553  0.373237334334  -0.558152937385  -0.257184117034
  38  C  -3.070128320371  7.181521100018  4.412114041995  -1.481289283091  -1.318347601935  0.204878968308
  39  C  4.702316903112  6.291789294374  6.924280804091  1.317246414066  0.395792237538  0.853870519904
  40  C  1.564494439662  0.945271849189  6.981710627318  0.275817814183  0.381870092628  -0.544232299831
  41  C  7.796172786227  0.918472968952  6.961438057901  1.375785784830  1.777586506835  -0.190120692419
  42  C  0.034698026372  1.852439241160  9.529702981787  -1.006335141168  -0.825524033932  0.220075096989
  43  C  3.148744345317  7.191596780287  9.488900857814  0.431253326218  -0.786097093719  -0.158458315601
  44  C  -3.034725370429  7.216379968140  9.488602193187  -1.583249747974  -1.516524847278  0.467482378548
  45  C  4.701286699436  6.249697342171  1.857693063414  0.874804424709  0.323772323186  -0.239923477792
  46  C  1.561349824365  0.894740693740  1.907140136434  -0.293888481284  1.192867193682  -1.588661873803
  47  C  7.778789884891  0.881768500840  1.882823064216  1.191028647132  1.536511722711  -0.719622839447
  48  C  -1.534337254510  4.510103450497  4.444605715196  -1.053257020327  -0.845521732104  0.054821799658
  49  C  1.585754812914  4.507556564851  4.427718000493  -0.126008483904  -0.252518007040  -0.086205700214
  50  C  0.045803366301  7.191554783068  4.420741245879  -0.181543713607  -1.206434961389  -0.269497873374
  51  C  6.239873988386  3.595723830910  6.955119446698  1.386895922307  0.530243231881  0.276371864700
  52  C  3.133670466392  3.611580732472  6.961300142779  -0.069072244377  -0.291154381628  0.272390945505
  53  C  4.681168188290  0.918850266686  6.963957444723  0.032501007354  1.291507692108  -0.187785622061
  54  C  -1.507388376847  4.519951400151  9.517240797451  -1.209479207601  -0.323859340120  0.094658368585
  55  C  1.609885258253  4.533915323548  9.514500299035  -0.161880043183  -0.270164670003  0.056242042067
  56  C  0.061820490204  7.213966120309  9.502779195892  -0.072687357518  -1.343701676289  -0.328656322815
  57  C  6.229602062324  3.573876282233  1.869785808393  1.027257141498  0.205766948296  -0.243592366424
  58  C  3.110870943684  3.569826032102  1.885217496641  -0.112370358410  -0.174589358680  -0.867412220491
  59  C  4.652493814201  0.891556156682  1.884115045440  0.159246269078  0.952826589640  -1.065968710511
  60  C  3.107576929690  1.805181273418  4.436972222977  0.472995657319  0.162463264054  -0.117534172306
  61  C  6.229350013021  1.798023378565  4.424984573302  0.364129069487  0.272092999898  -0.051843887447
  62  C  4.674229104640  4.472825932400  4.422230920340  0.396351149565  0.339702717935  -0.180774152944
  63  C  1.593334795456  6.305477501411  6.941784635449  0.071279341717  -0.437613631500  0.496446489170
  64  C  -1.510876859555  6.300125361309  6.975499006998  -0.106670496579  -0.164882415701  -0.421744176018
  65  C  0.029510344852  3.613086856774  6.977983269443  -0.115362430469  -0.310197579150  -0.076564615975
  66  C  3.148901573113  1.826399974736  9.508805635524  -0.010620378932  0.278331768413  0.238320945920
  67  C  6.255496758687  1.824047174878  9.510976051834  0.085308756435  0.359549980828  -0.191211188699
  68  C  4.698442206965  4.503807542468  9.498163646292  0.257250355034  0.416018029857  -0.329651339992
  69  C  1.576226194968  6.278932093566  1.872313521877  -0.032765974597  -0.730303829826  -0.610685217472
  70  C  -1.520647059389  6.266995090903  1.885745058119  -0.370999635769  -0.231099638157  -0.824186631397
  71  C  0.004400076351  3.585439405504  1.890159556351  -0.066109508359  -0.246977070677  -0.718657514803


MDSTEP:  4
LATTICE_CONSTANT: 1.889726125458
LATTICE_VECTORS
  9.554944643478  0.000000000000  0.000000000000
  -4.718215671392  7.976705953795  0.000000000000
  0.079046324628  0.114009153146  10.230297082354
VIRIAL (KBAR)
  -105.733985709622  -20.440422994928  -10.782118426088
  -20.440422994928  52.760008418037  -14.863862167287
  -10.782118426088  -14.863862167287  -30.591339201285
INDEX    LABEL    POSITIONS    FORCE (eV/Angstrom)
  0  Si  0.020366987502  1.805413965539  2.530604026176  -1.553732368135  -0.326419872499  -0.461655336760
  1  Si  3.140277843320  7.153517558269  2.486609095715  0.572109845569  -0.880470825670  0.042533202604
  2  Si  -3.063102671682  7.181788612973  2.507484927745  -1.685145870998  -2.167004262834  0.147659652767
  3  Si  4.693896882926  6.284656002202  5.027127234678  1.454487651858  0.060446945647  -0.079876256176
  4  Si  1.568012075865  0.923105944664  5.069753989611  -0.377318586352  0.456055297301  -0.115861284738
  5  Si  7.787963868000  0.913068255466  5.042707095596  1.606049741616  1.134663506167  0.114054619204
  6  Si  0.038674287677  1.817856682119  7.616447992025  -1.735330551609  0.099960973514  0.104765237069
  7  Si  3.165124267854  7.201039125771  7.581695989029  0.105060570483  -1.378343471320  -0.072787765055
  8  Si  -3.032922183637  7.198650083015  7.605248631639  -2.048858473977  -1.352531663763  -0.145722631240
  9  Si  4.709235004364  6.300603126066  10.111364466592  1.609825438597  0.368027050468  0.968187036003
  10  Si  1.596925866685  0.942704875513  10.153787847465  -0.427160503590  0.904455168056  0.652554306712
  11  Si  7.795109456774  0.919388119973  10.139531661430  1.769457298222  1.941434327753  0.936945951839
  12  Si  -1.539073002466  4.488963758327  2.526378046162  -1.537044925580  -0.581225575137  -0.242858885739
  13  Si  1.575418253862  4.484360396603  2.512954916890  -0.319043630084  0.036977843903  -0.107655676163
  14  Si  0.041887442214  7.166149857789  2.501793837564  -0.541611520488  -1.192645035071  0.369667891325
  15  Si  6.238357211996  3.581747548041  5.050126333888  1.331350364738  0.784633304360  -0.135362979086
  16  Si  3.121513272607  3.594929832221  5.051177927752  0.105049131644  0.031085404158  0.026621351003
  17  Si  4.678074737543  0.916970608147  5.078510707858  0.055340554555  1.079377986307  -0.429341223663
  18  Si  -1.509405490160  4.521817726044  7.595369583341  -1.445921938953  -0.643465328481  0.115572229455
  19  Si  1.584016554294  4.503926955539  7.614271431600  0.219486787337  0.337308827384  -0.523810882814
  20  Si  0.054373847875  7.205157322423  7.579786630320  -0.131178113141  -1.515384017246  0.509268393462
  21  Si  6.253476004366  3.632049494180  10.111450616001  1.777668446651  0.277661771877  1.107744520926
  22  Si  3.148985385016  3.613665683132  10.129152547906  0.185717312432  0.355989752131  0.888114807227
  23  Si  4.687792554830  0.928513904687  10.142487640854  0.589140263012  1.618886357333  0.948093029275
  24  Si  3.113648402637  1.787473468166  2.504650976472  0.097777467772  0.326491114279  0.269947565808
  25  Si  6.212926872554  1.778571799417  2.508053751750  0.777077049462  0.712918647660  -0.501461034821
  26  Si  4.663143379067  4.459375271181  2.509334644137  0.857978111315  0.447169307797  -0.571450831083
  27  Si  1.596981060891  6.284057766243  5.040734692568  -0.228477040326  -0.031923691652  0.201988687022
  28  Si  -1.518100269528  6.295542259222  5.041443025730  -0.444950141509  -0.373866561103  0.224182816039
  29  Si  0.040268697704  3.593377430373  5.064544907083  -0.800233231371  0.165175859313  -0.198062920271
  30  Si  3.131600353183  1.810658209052  7.606488810971  -0.005020517022  0.659030204483  -0.213455997048
  31  Si  6.237886282466  1.817158279807  7.576104772477  0.657284977560  0.435493532677  0.407278336285
  32  Si  4.700144788190  4.506019061971  7.566610446706  0.147843047785  0.378489700408  0.060242434387
  33  Si  1.611243838549  6.306566226198  10.137442980444  -0.047529363585  0.165750816758  0.805536020757
  34  Si  -1.487588182745  6.314572477916  10.130287011150  -0.479522783894  -0.474950547173  0.784021391784
  35  Si  0.056077904902  3.630069959856  10.144232175813  -0.590436269531  -0.010517022258  0.753404717677
  36  C  0.009146156375  1.812897294302  4.427714165614  -1.106066381688  -0.420574908156  0.456631243470
  37  C  3.140173644681  7.160069099665  4.397791611606  0.233625936757  -0.428803484589  -0.225490685370
  38  C  -3.071880744038  7.180872629280  4.415388906392  -1.492809941054  -1.245570897772  0.110518410361
  39  C  4.709342056353  6.297930931908  6.919743253173  1.199359787287  0.244452568387  0.953464190716
  40  C  1.558629048206  0.939905049923  6.986324411161  0.400769653427  0.525062041799  -0.628618362615
  41  C  7.802349726337  0.914057805781  6.960258896123  1.239194580598  1.974041990167  -0.177973370790
  42  C  0.029875606300  1.848219740125  9.533413828636  -0.988751739881  -0.749833843694  0.158984914740
  43  C  3.150649561700  7.185552802982  9.488284683860  0.409239460545  -0.632611062309  -0.181199781302
  44  C  -3.037152694479  7.214653142324  9.490270377609  -1.527637117943  -1.544074400541  0.445147182619
  45  C  4.706248890383  6.250761338975  1.853720287705  0.767513941459  0.313502824266  -0.156444869628
  46  C  1.564963085116  0.897889516210  1.900422054053  -0.330644881521  1.079882967564  -1.444125191361
  47  C  7.785618551422  0.882687507194  1.880778873185  1.091288443070  1.588107070901  -0.720455014390
  48  C  -1.536982990680  4.514893762151  4.449941512299  -1.010123546933  -0.977995288795  -0.043596063165
  49  C  1.580616922533  4.512442936833  4.432416900456  -0.029981236993  -0.403355839543  -0.247559413895
  50  C  0.041744696059  7.195935211992  4.425966650971  -0.123784309848  -1.301810674676  -0.386523142514
  51  C  6.235778923533  3.600223804064  6.961287544857  1.505610564295  0.421677451965  0.152380048740
  52  C  3.133726678556  3.605059543820  6.957561388136  -0.059410235771  -0.158664554372  0.307348267476
  53  C  4.678492750481  0.921506532980  6.960783830549  0.097024454082  1.267737176616  -0.057562498603
  54  C  -1.505203086341  4.513807238928  9.520132785824  -1.303588714246  -0.211319108424  -0.004330263876
  55  C  1.607857441868  4.538421053155  9.511818031980  -0.107295428358  -0.398210100040  0.173508187371
  56  C  0.062431582962  7.215111509835  9.508325624002  -0.097225503722  -1.394665841227  -0.411735292677
  57  C  6.232002153456  3.575790972362  1.868737980737  0.977546386450  0.153680131260  -0.233121417131
  58  C  3.104542147531  3.575982835581  1.882790771985  0.006442562049  -0.332000493436  -0.796752697310
  59  C  4.658022271446  0.887234651464  1.880270737036  0.009935898420  1.069619934416  -1.011604599585
  60  C  3.111778270356  1.802659332079  4.432892062656  0.333276363476  0.285622486209  -0.040418651738
  61  C  6.232558491661  1.796727638426  4.418683903908  0.261209621418  0.322018002550  0.087782196940
  62  C  4.677062250699  4.478043505464  4.415886681540  0.367923341797  0.195065469135  -0.024787802965
  63  C  1.598296544042  6.301021800990  6.943950505031  -0.055186326355  -0.328467929181  0.464089778734
  64  C  -1.515428127395  6.305392925384  6.977390588026  0.037614586825  -0.268285127353  -0.423870095290
  65  C  0.034115346734  3.609992607738  6.978527587224  -0.240740176992  -0.227308677564  -0.112270166515
  66  C  3.144515964940  1.830795282128  9.505480394788  0.056487289100  0.154123749935  0.330878961704
  67  C  6.250651347842  1.823735309931  9.515402464193  0.193649590584  0.322723653122  -0.316876036738
  68  C  4.699230073381  4.503649813917  9.502428597640  0.261067554139  0.398318230872  -0.428838574190
  69  C  1.581398466519  6.276906746328  1.877613102194  -0.175177999256  -0.658550399273  -0.723887577574
  70  C  -1.525081804721  6.262844834431  1.881873378480  -0.294503367924  -0.163896111208  -0.758619555401
  71  C  0.002571810672  3.590539669053  1.891205637991  -0.026041337757  -0.318372832535  -0.723092752216


MDSTEP:  5
LATTICE_CONSTANT: 1.889726125458
LATTICE_VECTORS
  9.554944643478  0.000000000000  0.000000000000
  -4.718215671392  7.976705953795  0.000000000000
  0.079046324628  0.114009153146  10.230297082354
VIRIAL (KBAR)
  -105.822549297215  -20.087717243300  -11.017333084054
  -20.087717243300  50.094573562119  -15.096314320727
  -11.017333084054  -15.096314320727  -30.160253144447
INDEX    LABEL    POSITIONS    FORCE (eV/Angstrom)
  0  Si  0.018575916413  1.806394570794  2.530609972316  -1.554823065273  -0.341492962619  -0.537998453904
  1  Si  3.139327619209  7.153232440382  2.488460147135  0.530446574298  -0.879455490458  -0.005109106500
  2  Si  -3.068242179797  7.182464026207  2.508666047688  -1.579705253542  -2.171953967085  0.127839817213
  3  Si  4.696229232272  6.284867122467  5.030840527682  1.321541301316  0.079087365041  -0.212529588261
  4  Si  1.565435784105  0.924921454869  5.071833381687  -0.386608362194  0.443522870953  -0.173406571745
  5  Si  7.788178716712  0.916185236220  5.039686885834  1.567466057490  1.151097396699  0.095986745259
  6  Si  0.036423990673  1.816320523802  7.617788816538  -1.689941698785  0.186621422400  0.028037203968
  7  Si  3.162151554677  7.198138925192  7.577172639738  0.079517606156  -1.127152597238  -0.073183254716
  8  Si  -3.037050137297  7.197406377239  7.602476129817  -1.953298440283  -1.266106250794  -0.109799976621
  9  Si  4.708702619825  6.303358294504  10.108193055819  1.586325452481  0.248880729526  0.979357797700
  10  Si  1.592172777009  0.939656171567  10.156331618050  -0.355711497103  1.004456800923  0.572654605879
  11  Si  7.796006425918  0.920279766712  10.137459629230  1.746507011498  1.855543233009  0.963768747786
  12  Si  -1.542206404081  4.489159041505  2.530051447074  -1.445644231662  -0.669110833734  -0.368360335545
  13  Si  1.578564555345  4.481869855757  2.512134250162  -0.427328415265  -0.050979994939  -0.178474704832
  14  Si  0.043967145165  7.165521088584  2.498065117484  -0.568735394572  -1.274542562740  0.399610052662
  15  Si  6.238468691571  3.586192032328  5.053682152256  1.276119336477  0.643964913054  -0.209231825751
  16  Si  3.122874937046  3.592730438040  5.048488025544  -0.030526841470  0.137312891357  0.047128588330
  17  Si  4.675993287225  0.916853415777  5.077968356721  0.016430037684  0.955286684575  -0.482781224763
  18  Si  -1.511770168147  4.522415451841  7.598966258719  -1.376120442426  -0.622460020735  0.135043209349
  19  Si  1.584232453925  4.508507058159  7.615546312194  0.182997247325  0.276809730568  -0.589325691180
  20  Si  0.055696118966  7.209225467838  7.582787865640  -0.198505397157  -1.497620306457  0.489143984068
  21  Si  6.253042771597  3.632291842291  10.110151258227  1.872313269686  0.232829851134  1.153827028540
  22  Si  3.150342194578  3.616060456783  10.132903568795  0.182995496277  0.283908172568  0.816123693880
  23  Si  4.688313923447  0.929867580854  10.139025152398  0.606449386801  1.548586553544  0.999756192667
  24  Si  3.117948153209  1.785918047374  2.505467343942  -0.001935504324  0.284491803691  0.210070602738
  25  Si  6.208873405952  1.781534102760  2.508049159355  0.906864785535  0.713804570777  -0.513849798336
  26  Si  4.667450897963  4.458840981948  2.511826803662  0.795636673113  0.420512015651  -0.717554067403
  27  Si  1.593485412980  6.285989293716  5.038273685185  -0.199611736930  -0.167759397061  0.275622982346
  28  Si  -1.517334268106  6.290757507484  5.044539299841  -0.453442770132  -0.219391023953  0.142894373596
  29  Si  0.039738743232  3.593649230940  5.067229470710  -0.849704301387  0.177612222574  -0.285591534926
  30  Si  3.128067556042  1.807736138688  7.609025967585  0.134961871610  0.840614582319  -0.202492467322
  31  Si  6.242138166332  1.817846338337  7.574271268629  0.588443275025  0.463115793708  0.449759729792
  32  Si  4.697810864089  4.503249673668  7.562199323757  0.078878207189  0.472803604154  0.205988198301
  33  Si  1.607557836051  6.308773593333  10.138816283464  0.023329191711  -0.039761685375  0.729010653182
  34  Si  -1.490479928415  6.316095023025  10.134716207167  -0.389782329102  -0.558747546860  0.790273892892
  35  Si  0.058602553139  3.632162500749  10.146637365432  -0.687734310364  -0.161997131690  0.686368672586
  36  C  0.005450606379  1.814666671456  4.423076982408  -1.074120323346  -0.437779252848  0.565211473010
  37  C  3.134431175936  7.163840722604  4.402810993112  0.372225847106  -0.548895152100  -0.303573981658
  38  C  -3.075645241561  7.178159038827  4.420792218211  -1.455799744455  -1.170451364212  0.072600440230
  39  C  4.705122899690  6.303258470629  6.918918389588  1.283778669212  0.108867354162  0.992719441116
  40  C  1.565211673511  0.947292664808  6.986648349746  0.207765706191  0.328278586741  -0.592958051784
  41  C  7.806363501748  0.921531666086  6.954534031834  1.231867201389  1.768247375909  -0.068671776816
  42  C  0.021847843740  1.842624755060  9.530760195627  -0.903800882078  -0.658970341244  0.229670663873
  43  C  3.144202107250  7.181674702970  9.481411910827  0.510978462243  -0.534869670851  -0.070964566382
  44  C  -3.036245086639  7.213107047275  9.493712616497  -1.580355740178  -1.525174347998  0.314157560992
  45  C  4.708127035740  6.247643999444  1.852650409744  0.694871684601  0.398210984738  -0.123763193197
  46  C  1.562006989185  0.899814946035  1.893190831837  -0.250290990276  0.989081272425  -1.256635962680
  47  C  7.786034875803  0.886325224240  1.885479233739  1.072321739402  1.484815788102  -0.786768523745
  48  C  -1.540288395454  4.521138967189  4.446238415258  -0.969023679696  -1.178771975817  0.074055234219
  49  C  1.576179235638  4.506732973510  4.426446957081  0.070512069555  -0.254585869512  -0.125306536919
  50  C  0.042875037286  7.188530028114  4.419616736448  -0.226633724509  -1.076558164000  -0.257990905807
  51  C  6.231812912809  3.604455601409  6.968492802277  1.617084466659  0.369192352641  -0.006108103418
  52  C  3.130155747341  3.608825826389  6.952664325430  -0.019057404489  -0.227367397202  0.373372473778
  53  C  4.679500306872  0.926876624289  6.959457882685  0.085456745253  1.167605726307  -0.015501304021
  54  C  -1.504813697527  4.512889794181  9.525778040352  -1.321591633863  -0.169087121691  -0.095500938266
  55  C  1.605058301549  4.531380904006  9.507002797547  -0.015782513446  -0.216836429038  0.308426023314
  56  C  0.065930496476  7.211814583208  9.511332380258  -0.256928666906  -1.277327092378  -0.436776236020
  57  C  6.237527462605  3.580511697033  1.867016028520  0.899265865962  0.085358053707  -0.170209752847
  58  C  3.107332299964  3.570585275111  1.880412717235  0.033712746414  -0.222530417669  -0.733204707884
  59  C  4.664381323331  0.885783589514  1.879568314797  -0.116249660431  1.092651544863  -1.034817243313
  60  C  3.105391817716  1.809042426506  4.433844540737  0.439474389645  0.072505824660  -0.092300676116
  61  C  6.227308898875  1.790730321599  4.416398258174  0.316147682344  0.537699304935  0.166595019665
  62  C  4.671747061998  4.475655169426  4.410170177240  0.488691052585  0.274229253096  0.145012794582
  63  C  1.594731679613  6.306376691877  6.950212597608  -0.028298512167  -0.397205098527  0.266761243046
  64  C  -1.512963982420  6.304998563574  6.974957516103  -0.031149972512  -0.230687323057  -0.324627600358
  65  C  0.034770451097  3.614152382734  6.976858731019  -0.285456339450  -0.291588096805  -0.041161566178
  66  C  3.147689388718  1.831604310858  9.509225111516  -0.081418182638  0.116682346654  0.280095656732
  67  C  6.250038292128  1.822185645891  9.515989937600  0.232505969439  0.355167635461  -0.361692232036
  68  C  4.704370660184  4.497711683397  9.505029437928  0.118379854828  0.572527504791  -0.529451988371
  69  C  1.577216427385  6.269236526504  1.870432462664  -0.025001345857  -0.524349694904  -0.606931284136
  70  C  -1.522015322370  6.256151967282  1.888052659502  -0.411298140848  0.048835949565  -0.832625495062
  71  C  -0.000395272003  3.585497454441  1.883923292460  0.029154514615  -0.199253485388  -0.559713568464


MDSTEP:  6
LATTICE_CONSTANT: 1.889726125458
LATTICE_VECTORS
  9.554944643478  0.000000000000  0.000000000000
  -4.718215671392  7.976705953795  0.000000000000
  0.079046324628  0.114009153146  10.230297082354
VIRIAL (KBAR)
  -106.332130938439  -19.557550741674  -10.805918634168
  -19.557550741674  49.779238477158  -15.150090284970
  -10.805918634168  -15.150090284970  -29.947672355896
INDEX    LABEL    POSITIONS    FORCE (eV/Angstrom)
  0  Si  0.019442976871  1.803983019437  2.528965539911  -1.617806315115  -0.363801151849  -0.485678170022
  1  Si  3.142026312269  7.153329668636  2.485827083802  0.528998277532  -0.844703453066  -0.069266973052
  2  Si  -3.067243901855  7.178635483427  2.511196064166  -1.547642018448  -2.201413590720  0.090835249936
  3  Si  4.691459300874  6.287674479604  5.031156118163  1.401990294487  0.007262941496  -0.137057134823
  4  Si  1.564181101272  0.924875737752  5.067412292884  -0.395660024442  0.343295178199  -0.115077476557
  5  Si  7.784871572205  0.921072235132  5.039293424995  1.557774830943  1.055025579720  0.097334720798
  6  Si  0.037855640275  1.819205537459  7.618079977913  -1.719193446871  0.241013107341  -0.052782414356
  7  Si  3.161080292345  7.202888452264  7.577496459024  0.088562168134  -1.183286803340  -0.094731510627
  8  Si  -3.038359161718  7.199256832723  7.603275485329  -1.881846496254  -1.353721752253  -0.126680043295
  9  Si  4.708286502958  6.298345164716  10.111141971987  1.573191062812  0.413531588586  0.893910963192
  10  Si  1.591475851896  0.941550960957  10.151599452648  -0.462852568978  0.985321326423  0.693204434173
  11  Si  7.799819235129  0.919736276691  10.138508320223  1.675859302715  1.835821012151  0.888893296276
  12  Si  -1.547368685227  4.484042067427  2.532807242241  -1.351997977482  -0.687896353677  -0.411779453732
  13  Si  1.581485338685  4.476988422956  2.512488339490  -0.480749961083  0.088676386976  -0.261341854515
  14  Si  0.041980825547  7.164344567033  2.493172590650  -0.478755709899  -1.196020328768  0.490367119025
  15  Si  6.238001778720  3.587076093006  5.058319129421  1.340520702200  0.549218249347  -0.310113841017
  16  Si  3.126779820062  3.590205536836  5.050786847588  -0.067245977472  0.231161187262  0.077244524474
  17  Si  4.674948704001  0.918758074258  5.079974759545  -0.006282504592  0.961951592709  -0.543016301327
  18  Si  -1.507697069674  4.517892978255  7.598223208852  -1.427552951644  -0.533633902764  0.188390614037
  19  Si  1.584431132594  4.508579559011  7.614702902702  0.240197501556  0.302615318000  -0.585850161243
  20  Si  0.053129066506  7.213360774113  7.578617545040  -0.050632547792  -1.535256094518  0.535142763036
  21  Si  6.251505371314  3.634987314077  10.110275458257  1.888587868900  0.110187491526  1.168252033632
  22  Si  3.154189152078  3.619354969776  10.133271776298  0.124801823209  0.253097150293  0.761528174889
  23  Si  4.689941574310  0.931417034078  10.139839654994  0.581665395585  1.498287843080  0.996772189319
  24  Si  3.114535071518  1.790489419588  2.510519023692  0.042139715782  0.094994976235  0.121187435724
  25  Si  6.205989855755  1.780100516623  2.508267839106  1.073822555154  0.719916728560  -0.537722392063
  26  Si  4.663990866420  4.455974878968  2.514650554108  0.911443383323  0.489373991388  -0.800329846233
  27  Si  1.597213225126  6.287117991400  5.037767983826  -0.318883389455  -0.186830814635  0.254177921336
  28  Si  -1.516768525334  6.291167200735  5.044926498195  -0.331922064711  -0.342824282502  0.194227549344
  29  Si  0.044626035258  3.589083996623  5.062199740115  -0.863800918010  0.334366818666  -0.221498333453
  30  Si  3.127405051760  1.806146947958  7.613921722496  0.114764772048  0.869475602016  -0.288134024063
  31  Si  6.242540217080  1.819193957955  7.576759459309  0.585030968039  0.439864313850  0.423396941723
  32  Si  4.703012788472  4.503137583992  7.562553617093  -0.034553472342  0.412619767171  0.196378006104
  33  Si  1.607581379744  6.304657592671  10.135120572864  0.072587568284  0.052624870821  0.740953795286
  34  Si  -1.495374396379  6.313635436847  10.130268051805  -0.238978565679  -0.471106440203  0.883503123493
  35  Si  0.053338107739  3.631891243389  10.145721829383  -0.623644905817  -0.081537280341  0.760290733677
  36  C  0.005526899168  1.816300060152  4.425190479632  -1.085956085763  -0.552851434536  0.463973169683
  37  C  3.132340597711  7.163166465788  4.398017056824  0.448145828303  -0.418131357737  -0.225377282744
  38  C  -3.072098769295  7.170065190656  4.425065797160  -1.572891721993  -0.987311267842  0.013728560311
  39  C  4.703363510027  6.296088446591  6.924880512404  1.279473183509  0.286020976997  0.826408436303
  40  C  1.563070375619  0.947238532372  6.980441387392  0.242633534038  0.318532195407  -0.464917052442
  41  C  7.804613949768  0.930963534817  6.958589243160  1.297861231257  1.601456373237  -0.183925465545
  42  C  0.013927616268  1.849996262781  9.526611688192  -0.766797299866  -0.816434770147  0.276992850950
  43  C  3.145875534266  7.181146048261  9.478772441670  0.514373260986  -0.537459886874  -0.003397895366
  44  C  -3.034262281099  7.212526904912  9.495938591495  -1.656716626220  -1.448449067175  0.238811914751
  45  C  4.712744133038  6.248943734131  1.846171311784  0.628529091223  0.280709170096  0.027957539382
  46  C  1.556080675190  0.894504873289  1.895810348289  -0.085012744076  1.067210841128  -1.286244409980
  47  C  7.790854084514  0.887047388157  1.880219273415  1.002922940732  1.481729758889  -0.680019484085
  48  C  -1.533635488193  4.516413778871  4.442539944526  -1.038694773963  -1.081999172402  0.204179635351
  49  C  1.579858868650  4.507983131639  4.423354459042  0.102653467337  -0.305061742320  -0.080238617163
  50  C  0.043457035387  7.194835291677  4.424123410491  -0.234333808589  -1.238659359224  -0.380013588407
  51  C  6.236168948032  3.601159527568  6.973189638726  1.587951197068  0.460116947703  -0.080455941145
  52  C  3.129284234122  3.605879933615  6.957543265418  0.061951465360  -0.191151334568  0.312078536219
  53  C  4.682403346530  0.934337877431  6.955901848074  0.017133944999  1.055843186360  0.105197084749
  54  C  -1.513647012479  4.514505989593  9.530826382363  -1.218422815407  -0.261320379889  -0.203508657460
  55  C  1.607271162076  4.528994044329  9.505331866462  -0.102348684117  -0.219482644233  0.346275636893
  56  C  0.069593563907  7.210874169620  9.510981813134  -0.386085396457  -1.242550128868  -0.447659533867
  57  C  6.237724691566  3.576600143754  1.874432596116  0.857229913217  0.158668132967  -0.292126147615
  58  C  3.110229879817  3.565834124416  1.875575155277  -0.023907910908  -0.113113268552  -0.656761843513
  59  C  4.671424076889  0.893735523808  1.883966733563  -0.367200388802  0.893908112255  -1.114788219720
  60  C  3.101865550664  1.808915325386  4.438146561232  0.491048991392  0.096062842817  -0.170374356887
  61  C  6.220373883141  1.786010333706  4.409292003247  0.424496325042  0.689614028735  0.343575200685
  62  C  4.677675994222  4.477890929293  4.408306937750  0.350693725791  0.238531492935  0.250168025286
  63  C  1.596800717957  6.302883875733  6.946946866918  -0.046659918575  -0.257800136303  0.323855345555
  64  C  -1.506417217504  6.301891441214  6.980992342198  -0.212670921729  -0.163469872674  -0.425600964135
  65  C  0.038214388980  3.621245476533  6.972884994628  -0.295524204771  -0.458621470571  -0.014554999205
  66  C  3.141354940502  1.834871231973  9.513618715582  0.085024490146  0.064167070191  0.228545082417
  67  C  6.251979919414  1.817095386590  9.507864267213  0.192777063191  0.501088668867  -0.167204096160
  68  C  4.705750308004  4.503690128501  9.500220213986  0.125666824739  0.414928934081  -0.426449094620
  69  C  1.582255922286  6.273446380362  1.864611598811  -0.110663791485  -0.682075054514  -0.523424851684
  70  C  -1.520080046910  6.248919365856  1.889888747702  -0.463245492378  0.147579889173  -0.888978259055
  71  C  -0.001753610833  3.578900180910  1.888850286575  0.054629732148  -0.087897046588  -0.660657916831


MDSTEP:  7
LATTICE_CONSTANT: 1.889726125458
LATTICE_VECTORS
  9.554944643478  0.000000000000  0.000000000000
  -4.718215671392  7.976705953795  0.000000000000
  0.079046324628  0.114009153146  10.230297082354
VIRIAL (KBAR)
  -107.731589363736  -18.415269560724  -10.450875789732
  -18.415269560724  49.914024700866  -16.085512144705
  -10.450875789732  -16.085512144705  -29.574266795342
INDEX    LABEL    POSITIONS    FORCE (eV/Angstrom)
  0  Si  0.018460926612  1.808933119943  2.528348721961  -1.582302348813  -0.531308873061  -0.366796033549
  1  Si  3.146088153062  7.153888025714  2.488808932867  0.375862054777  -0.907588267351  -0.166804303199
  2  Si  -3.072092014789  7.177693305556  2.506434122316  -1.523261868063  -2.046936760830  0.147641149089
  3  Si  4.686393297807  6.284391385039  5.025819779495  1.570163870968  0.167003828272  0.089617256597
  4  Si  1.561406677639  0.922958237040  5.070061411319  -0.227377413823  0.399226636526  -0.170812135921
  5  Si  7.780021492675  0.926366564672  5.043902285305  1.741729912234  0.790022298961  -0.021264172831
  6  Si  0.032014061889  1.819418527420  7.620852360155  -1.538730631821  0.185945242150  -0.179505449529
  7  Si  3.158453104390  7.200500211696  7.577837192189  0.300427377153  -1.213778987315  -0.080674225278
  8  Si  -3.039746401367  7.204141325559  7.604140890218  -1.812384949682  -1.424780618312  -0.223387542540
  9  Si  4.704154093221  6.297135311795  10.113488326873  1.702053917958  0.394068170236  0.844015658752
  10  Si  1.596191850795  0.945828241185  10.153234985086  -0.669422402886  0.801294931265  0.657668791237
  11  Si  7.799103064430  0.922468894971  10.135342680003  1.753801191811  1.638965668305  0.919273343184
  12  Si  -1.551836376143  4.487308198428  2.534725824869  -1.225818216230  -0.842642019464  -0.435546246471
  13  Si  1.578240768256  4.480690644065  2.516889968482  -0.485498011065  0.090387833534  -0.404988853414
  14  Si  0.039164640839  7.159249984712  2.490080074701  -0.442106770402  -1.180021129945  0.625759038780
  15  Si  6.232782300765  3.582912787480  5.054166535142  1.481991148382  0.732446848315  -0.103623417397
  16  Si  3.131369082618  3.586398963170  5.052614473449  -0.213068110632  0.393460955859  -0.046859564272
  17  Si  4.676632472216  0.918261902057  5.085324524540  -0.006246588404  1.052759850466  -0.687900251792
  18  Si  -1.511845250791  4.521859218983  7.603456853264  -1.362917999354  -0.497324701431  0.046747692780
  19  Si  1.587481781724  4.513877169312  7.612601684579  0.120941232554  0.177765199308  -0.523819683793
  20  Si  0.052402102321  7.217185045678  7.575123263081  -0.031339720152  -1.704660930908  0.636870244977
  21  Si  6.247125051279  3.632368012036  10.114817559913  1.912833027819  0.207036456406  1.069337450691
  22  Si  3.151448824755  3.618498501916  10.135459651326  0.200613018212  0.368816277633  0.762027547601
  23  Si  4.695135203218  0.933625891648  10.140063150367  0.445659182215  1.382557160274  0.947436222113
  24  Si  3.118317806455  1.795281423903  2.511474975181  0.014740061264  0.028302185149  0.184326825383
  25  Si  6.201149088607  1.785144154592  2.510362389637  1.259720649268  0.617438394052  -0.534971435267
  26  Si  4.660765212506  4.459834725666  2.518485851772  0.975778480788  0.450626109001  -0.797728541399
  27  Si  1.601082938195  6.286714502667  5.035421953038  -0.446641829079  -0.134889397599  0.369394941307
  28  Si  -1.513083928573  6.292769325335  5.040992487146  -0.430509150235  -0.421326076079  0.196989235945
  29  Si  0.047579876154  3.588169944638  5.057599601546  -1.003060041556  0.323111414687  -0.046971813722
  30  Si  3.123078171649  1.810424115287  7.619367349683  0.255504998107  0.723106541818  -0.520873855061
  31  Si  6.240413720509  1.824011347933  7.574075420694  0.735899429458  0.321099893840  0.340557404196
  32  Si  4.699097233559  4.499445457861  7.564565121716  0.084914500224  0.525192413017  0.056201614894
  33  Si  1.611345840613  6.300118636958  10.133296336222  -0.019171109717  0.225213327311  0.769063149109
  34  Si  -1.497552869857  6.318401766293  10.127535202975  -0.319403193986  -0.659254183703  0.932693205365
  35  Si  0.057658754734  3.637298685975  10.142026010147  -0.753164845181  -0.251781160263  0.797111778888
  36  C  0.006332359960  1.810014207050  4.433899554811  -1.131557505216  -0.433640114137  0.268508281595
  37  C  3.131921535048  7.154331662095  4.396911498440  0.433331427478  -0.106385115027  -0.193725006552
  38  C  -3.069120256679  7.175323829385  4.418040255688  -1.586955497772  -1.082784756227  0.061122857644
  39  C  4.711257685693  6.298598555085  6.925676464515  1.133802186342  0.225255706177  0.771435218394
  40  C  1.571955778715  0.951840086668  6.977541607740  -0.010640181901  0.301148672427  -0.327169174270
  41  C  7.814083494634  0.924294591859  6.954308551153  1.059625316017  1.789908322061  -0.025254482565
  42  C  0.008669876960  1.844157755384  9.525580740266  -0.689993776955  -0.656171820282  0.347892629386
  43  C  3.153361710114  7.172507873383  9.479289933623  0.305749540860  -0.274802343213  0.006890602020
  44  C  -3.040440950656  7.208693305216  9.495444501014  -1.597197727080  -1.275535840708  0.326945998193
  45  C  4.712500203561  6.244691650574  1.845077388398  0.615402612231  0.379902159319  0.042500692432
  46  C  1.557954747215  0.901304439882  1.896561003524  -0.063681480340  0.947500401906  -1.290588547773
  47  C  7.793196435194  0.884658849122  1.881700028140  0.916049337974  1.609111825450  -0.691426833227
  48  C  -1.542599725455  4.507465775386  4.442040705870  -0.921593023004  -0.918222894620  0.228389856066
  49  C  1.573516945340  4.515267643353  4.416165060616  0.272465122930  -0.481376520278  0.124335562060
  50  C  0.045718530035  7.201318301100  4.429780905870  -0.192318524230  -1.418428727989  -0.563241675931
  51  C  6.246110019545  3.608692109684  6.979874396502  1.407313509293  0.372070302472  -0.221248021098
  52  C  3.125124485244  3.599505551517  6.950618659498  0.153856429754  -0.033690440208  0.470467709398
  53  C  4.685696167291  0.927296161028  6.949346653585  -0.051855248825  1.410534086481  0.342462816061
  54  C  -1.519568532296  4.510300399323  9.530095182624  -1.135949097064  -0.134950032640  -0.089752804317
  55  C  1.610302293212  4.532815261305  9.509306763411  -0.119313269466  -0.332300810868  0.188355001104
  56  C  0.062538355144  7.207073882104  9.511519174127  -0.205575299208  -1.097545305542  -0.468393190908
  57  C  6.242194182254  3.584204190700  1.880258104950  0.711968593984  0.051773467571  -0.351182364674
  58  C  3.107276535163  3.573832031485  1.881770954222  0.063230339499  -0.238695075638  -0.739056398499
  59  C  4.676273735401  0.887375962776  1.888582136382  -0.484214577988  1.108689444227  -1.232777260260
  60  C  3.109021735306  1.813106616298  4.442256622096  0.364184162798  -0.011064107703  -0.249248528543
  61  C  6.224697338415  1.790601857043  4.412235860141  0.258566409800  0.589587525978  0.304389664960
  62  C  4.679947521731  4.486652609963  4.413696961362  0.261297876921  0.008866325597  0.137793689981
  63  C  1.600319777650  6.305783876267  6.953248231289  -0.100593846190  -0.305903758580  0.150946894149
  64  C  -1.500929185547  6.308666496382  6.973953962884  -0.351100225743  -0.263466133948  -0.283206690211
  65  C  0.034326114332  3.622154752612  6.978916370788  -0.219581250812  -0.398470322813  -0.123493842040
  66  C  3.132727064392  1.838197434652  9.508301207787  0.346917937115  0.044072131541  0.403608169378
  67  C  6.253077601154  1.815811412965  9.500963408634  0.132899089062  0.522476057489  -0.046798694858
  68  C  4.704112225306  4.508144833085  9.492457843559  0.091555599472  0.223219258916  -0.198542408857
  69  C  1.578409343822  6.273422456619  1.858435713237  -0.012286500147  -0.671584796878  -0.418957926436
  70  C  -1.527440966652  6.247581601196  1.896275363518  -0.368753431584  0.200080331011  -1.039989879668
  71  C  0.004290436470  3.572613679912  1.890715834884  -0.125263880113  0.171268368552  -0.702196937588


MDSTEP:  8
LATTICE_CONSTANT: 1.889726125458
LATTICE_VECTORS
  9.554944643478  0.000000000000  0.000000000000
  -4.718215671392  7.976705953795  0.000000000000
  0.079046324628  0.114009153146  10.230297082354
VIRIAL (KBAR)
  -109.035550598084  -17.809584861980  -9.905609526709
  -17.809584861980  49.504877148516  -16.640607502708
  -9.905609526709  -16.640607502708  -28.654417494538
INDEX    LABEL    POSITIONS    FORCE (eV/Angstrom)
  0  Si  0.017865258761  1.811928067152  2.529787751650  -1.544893843779  -0.468836234201  -0.457181832746
  1  Si  3.143665295895  7.153105131209  2.486351859723  0.379682572901  -0.850884335073  -0.174380762810
  2  Si  -3.077067641116  7.174349643821  2.502793484636  -1.458352320587  -1.927785992066  0.159774052072
  3  Si  4.683919675501  6.285390512600  5.029209203670  1.580321929704  0.151675802385  -0.105327643367
  4  Si  1.556416492853  0.924069407047  5.069514455946  -0.188476551137  0.555461928008  -0.315564455855
  5  Si  7.777988147009  0.922124375048  5.048371061398  1.699109990415  0.949517742704  -0.248343463428
  6  Si  0.030243700047  1.819896202752  7.622015634191  -1.546838258462  0.255601369861  -0.188522429470
  7  Si  3.158244916843  7.204004063392  7.573252108951  0.275961760386  -1.405220537563  0.039418284346
  8  Si  -3.038579021072  7.208806288279  7.604633093949  -1.841771027649  -1.430689955113  -0.171238009716
  9  Si  4.705374016852  6.300495924158  10.116124654846  1.708335758641  0.261333338455  0.732797032999
  10  Si  1.592132099707  0.943125685306  10.152833773350  -0.421705338328  0.903071349304  0.700363131464
  11  Si  7.803591844319  0.923653132707  10.140711244430  1.656200811689  1.662846584522  0.902830006057
  12  Si  -1.556922002015  4.489338570423  2.530837504846  -1.105574020230  -1.092882506053  -0.329829274871
  13  Si  1.575869115646  4.486179505782  2.520104897897  -0.305401858113  -0.146381195494  -0.625643327356
  14  Si  0.034015533905  7.153239333329  2.488472133846  -0.313522856333  -1.024013459423  0.645045058891
  15  Si  6.233956936752  3.581078444698  5.053945414985  1.522794375079  0.718413138630  -0.141388520465
  16  Si  3.130286469294  3.589357425248  5.046675651034  -0.110118200958  0.267994405206  -0.023545362990
  17  Si  4.670694856826  0.914984468239  5.089237314170  0.245247384728  1.215881344794  -0.892140766658
  18  Si  -1.516655317085  4.525990275716  7.606625473720  -1.214397892877  -0.583857604033  -0.026647019389
  19  Si  1.589901436793  4.512724341325  7.612648521816  0.151621503607  0.134897454586  -0.602808435334
  20  Si  0.050964812708  7.217706740161  7.578742011280  -0.041387640647  -1.773427592745  0.603741332389
  21  Si  6.251879522518  3.631281733536  10.113055058929  1.849649795300  0.197248146017  1.044498708224
  22  Si  3.154516820403  3.618954300728  10.129760436544  0.103429680606  0.274099971784  0.729582523153
  23  Si  4.700699692175  0.938376094944  10.146036439124  0.368444070064  1.077246359114  0.792204118090
  24  Si  3.120937318877  1.800720151922  2.505429843763  0.030508938007  -0.132890672105  0.303821957845
  25  Si  6.196222394372  1.785299783047  2.508135170052  1.427628871257  0.668149499857  -0.381195056211
  26  Si  4.661706447773  4.465074629537  2.512840654667  1.099084874207  0.230271413050  -0.671694593023
  27  Si  1.601763778591  6.291968782566  5.032689609100  -0.527679978755  -0.282802086257  0.521099318963
  28  Si  -1.514399427636  6.287432363477  5.036351827297  -0.514414893118  -0.324261916569  0.340582000743
  29  Si  0.043069241534  3.591617835956  5.057812228481  -0.930710643471  0.285932261788  -0.094300940789
  30  Si  3.125377705338  1.806431903227  7.614373497274  0.246568079835  0.800772866208  -0.532168163369
  31  Si  6.240127247887  1.830129347943  7.574371103003  0.695312582357  0.234433776845  0.238125680756
  32  Si  4.702608245574  4.502481651214  7.558941209682  0.034118672451  0.417740345773  0.137927717091
  33  Si  1.615011084711  6.302312159608  10.138343553061  -0.028582314929  0.067162041874  0.539326274592
  34  Si  -1.494493967709  6.316754883385  10.131916641676  -0.366427993414  -0.600084614767  0.844501434969
  35  Si  0.060611180529  3.636583319163  10.140153381724  -0.843517447301  -0.232003853225  0.785124073253
  36  C  -0.002196730962  1.819036651194  4.429203067696  -0.966317825040  -0.596963799216  0.378620655454
  37  C  3.125842044107  7.155486984330  4.390543349454  0.579196245008  -0.156748734395  -0.080028484423
  38  C  -3.071789109361  7.183315123795  4.413342939900  -1.537555319900  -1.273756329676  0.088082744552
  39  C  4.712980472945  6.291864405191  6.917246575336  1.032676135618  0.452076981380  0.969972953187
  40  C  1.563703294559  0.957954733999  6.971150418632  0.133247011066  0.156263449666  -0.192289800333
  41  C  7.808733833201  0.921374777061  6.947940750092  1.097287037073  1.896083194532  0.099932096443
  42  C  0.011593712669  1.835191466795  9.533285304121  -0.806055804800  -0.469015324328  0.181727308532
  43  C  3.157861897705  7.178868434055  9.480550717509  0.270856669843  -0.391024494724  -0.033772843762
  44  C  -3.039561265301  7.209689510992  9.504196143399  -1.607917607858  -1.353869024767  0.143608691613
  45  C  4.711961407417  6.242522275250  1.843233160739  0.607116282951  0.492417994010  0.055442904040
  46  C  1.562993920524  0.901376662847  1.893610941033  -0.171103910989  0.932324387927  -1.244692731887
  47  C  7.784704706855  0.888240704997  1.889877803706  1.054689796233  1.496826455094  -0.845140214527
  48  C  -1.549374428880  4.498217620164  4.450412735515  -0.899117540931  -0.734489293106  -0.013586320520
  49  C  1.572360766253  4.516588150479  4.408132658359  0.247917904797  -0.423701596492  0.283929389309
  50  C  0.044545142874  7.203047875298  4.436474644974  -0.210574637436  -1.576106450025  -0.767287833124
  51  C  6.249499001755  3.615064883545  6.973079455412  1.404322270283  0.264538399324  -0.066654553543
  52  C  3.130564787035  3.599624742735  6.945345942694  0.088933671869  -0.044787649088  0.498451690788
  53  C  4.688990573655  0.923424340342  6.941146676073  -0.089454602196  1.466115960743  0.577745125692
  54  C  -1.525295482763  4.516755550762  9.532974601092  -1.018386589978  -0.353409871990  -0.145564422348
  55  C  1.604475273206  4.528672980947  9.500529289546  0.072020704014  -0.225059822156  0.374493479722
  56  C  0.064169416281  7.198001459451  9.510930963334  -0.206421905908  -0.758652299428  -0.299058517121
  57  C  6.252054734834  3.576233171614  1.872647550100  0.521960099193  0.264454293551  -0.269808128590
  58  C  3.115943410506  3.568999040773  1.874744022150  -0.134034133703  -0.009104863436  -0.645335988305
  59  C  4.683283661742  0.891656028518  1.892271539982  -0.666136445170  0.856406746042  -1.306246903498
  60  C  3.117986649531  1.806062534621  4.440199365198  0.109560303837  0.186521815420  -0.254537542961
  61  C  6.231317859566  1.795704504990  4.407291487085  0.048908666111  0.418494706096  0.441242345659
  62  C  4.689358771023  4.487199723215  4.418170760372  0.078987569523  0.053682457990  -0.076551109587
  63  C  1.594383924807  6.300008449600  6.962133428082  0.044116960799  -0.165904463463  -0.068552805770
  64  C  -1.506135607588  6.307516470845  6.979648213839  -0.280372058548  -0.158669531116  -0.419672398054
  65  C  0.041582604858  3.624570847285  6.971457834735  -0.437649884230  -0.414100693709  0.090329123415
  66  C  3.140915591914  1.833359483391  9.502481085109  0.172595577047  0.074837465103  0.481861353358
  67  C  6.251476513825  1.811240645208  9.496174606557  0.295677065101  0.620817035660  0.018266906462
  68  C  4.704555223829  4.502544007230  9.492311644287  0.152143085662  0.420207978963  -0.262813216831
  69  C  1.581741427454  6.265095982693  1.852096155024  -0.105748636216  -0.462566004464  -0.282630728208
  70  C  -1.529121277718  6.239221959846  1.891807476810  -0.403629791688  0.410780751621  -0.946279043911
  71  C  0.010354433488  3.580049451399  1.881742582822  -0.241984932580  0.051351586385  -0.542045828973


MDSTEP:  9
LATTICE_CONSTANT: 1.889726125458
LATTICE_VECTORS
  9.554944643478  0.000000000000  0.000000000000
  -4.718215671392  7.976705953795  0.000000000000
  0.079046324628  0.114009153146  10.230297082354
VIRIAL (KBAR)
  -109.748555789496  -18.295396842517  -10.101953474633
  -18.295396842517  48.468105792040  -15.746598353488
  -10.101953474633  -15.746598353488  -28.030822125108
INDEX    LABEL    POSITIONS    FORCE (eV/Angstrom)
  0  Si  0.011458287975  1.816711799593  2.530701765347  -1.445747766827  -0.551808523368  -0.483630068010
  1  Si  3.147517226825  7.147119923676  2.490064870958  0.354531221611  -0.648034054137  -0.334306321823
  2  Si  -3.074294538605  7.171118250041  2.499410815831  -1.499689451305  -1.950340280541  0.316223756770
  3  Si  4.685308154370  6.281498308008  5.034199117915  1.576176686094  0.151751481622  -0.254307857209
  4  Si  1.558623778295  0.919273190455  5.064478752720  -0.240341872431  0.704049350314  -0.164716514805
  5  Si  7.783117300121  0.922829433616  5.046436159257  1.669436852841  0.798232931381  -0.342654107389
  6  Si  0.024389468704  1.814064028130  7.622628548358  -1.427790087355  0.354158780538  -0.186273130271
  7  Si  3.159582538146  7.206487230346  7.575071704565  0.315999477129  -1.271339633306  -0.163975521196
  8  Si  -3.035597027599  7.203759542361  7.606997480527  -1.951873329020  -1.177744137975  -0.194868325807
  9  Si  4.700487230246  6.306883950644  10.117330527943  1.783543944667  0.112426656348  0.684566546536
  10  Si  1.587208214460  0.937301582554  10.152416933869  -0.198457360698  1.082949759193  0.735149973030
  11  Si  7.807009265155  0.928367910526  10.141227443185  1.506839859120  1.683051700063  0.950318992182
  12  Si  -1.557236831949  4.489824370663  2.534917488543  -1.136903315913  -1.144448667251  -0.451069135440
  13  Si  1.578947993769  4.481279667709  2.513582573240  -0.291828851630  0.005582520687  -0.503878031510
  14  Si  0.035561351503  7.156866392979  2.483955676539  -0.401171124488  -1.132990244297  0.738081452733
  15  Si  6.237762694041  3.583293168914  5.056094004756  1.481951598722  0.626518850340  -0.240270403028
  16  Si  3.125125289662  3.592650959892  5.049501109573  0.142549429299  0.276923882201  -0.037623463880
  17  Si  4.672889812443  0.913290092403  5.088173925912  0.202836689701  1.258171565818  -0.869461253858
  18  Si  -1.519712134891  4.520735963512  7.607860557025  -1.241521006281  -0.483354301926  -0.082918929880
  19  Si  1.596293495985  4.508799644612  7.613427542727  0.006631601546  0.170890331655  -0.607326915914
  20  Si  0.051688316975  7.214903803905  7.580357558460  -0.105333843853  -1.665457057106  0.558631897467
  21  Si  6.246038870359  3.625447885271  10.112409168675  1.871993896329  0.371580062271  1.057852355665
  22  Si  3.154838662920  3.619768211537  10.136423984581  0.155456987228  0.278172573052  0.494220818309
  23  Si  4.698749505458  0.936093352747  10.141315581578  0.312880489273  1.172044581226  0.914739210775
  24  Si  3.119120018714  1.806231567814  2.511076430376  0.013629296830  -0.197835962302  0.166427601173
  25  Si  6.196703380010  1.787812629698  2.508957966448  1.242134315509  0.635580992827  -0.289873529465
  26  Si  4.657715356582  4.468870065384  2.510208746793  1.239461986856  0.110635381241  -0.623031182899
  27  Si  1.606603734107  6.291142285116  5.034911763608  -0.658266605005  -0.200452093356  0.462752309823
  28  Si  -1.516868180513  6.290508377728  5.040014605893  -0.530377471279  -0.327394778250  0.284819064881
  29  Si  0.048258079047  3.594687080946  5.063910933708  -1.063357475395  0.214416343480  -0.216115952442
  30  Si  3.125400737990  1.803859373330  7.611571724513  0.243031110964  0.886507465091  -0.425849282849
  31  Si  6.235156209136  1.827442529352  7.572488720101  0.662477315035  0.417344549559  0.246778665067
  32  Si  4.702961700381  4.506700486468  7.564300518396  -0.027032553796  0.259205274029  0.036828123336
  33  Si  1.615199530874  6.297777420133  10.134631564066  -0.021864825125  0.269237485106  0.654246119880
  34  Si  -1.492858234770  6.316719501561  10.127310195051  -0.483066856124  -0.778457453774  0.959426871331
  35  Si  0.061068850255  3.630108548272  10.144366211728  -0.851131792409  0.008529344121  0.584117532422
  36  C  -0.010397202647  1.812123433859  4.431193950605  -0.832683851450  -0.397061228836  0.383861024620
  37  C  3.125237015225  7.146579962250  4.381024913581  0.687101004405  0.020021215592  0.248129316926
  38  C  -3.080995918588  7.180031584139  4.418859171049  -1.414578619435  -1.289802719445  -0.027622674646
  39  C  4.721285953268  6.288365022330  6.917988719148  0.863522676413  0.598308603094  1.022336998008
  40  C  1.570635962267  0.964149028133  6.976630090687  -0.087668814664  -0.092780670847  -0.331768686825
  41  C  7.802410563762  0.931025606375  6.939397868923  1.215831176550  1.561601981504  0.311920359075
  42  C  0.010763565425  1.833439337528  9.541065488750  -0.835212765175  -0.513664548915  0.038695046977
  43  C  3.155993908653  7.187507747618  9.471162633069  0.267696328690  -0.467650351412  0.197435463018
  44  C  -3.038872352777  7.210223511574  9.505237307084  -1.637188473255  -1.419305483700  0.123088206837
  45  C  4.716967737319  6.235656764317  1.844450155650  0.501402312108  0.716965901429  -0.035309620048
  46  C  1.563379045687  0.897465926714  1.897375471670  -0.250617985677  1.073837408028  -1.279882306535
  47  C  7.777735639094  0.893738752230  1.895207809356  1.196394136267  1.267349487665  -0.904917343213
  48  C  -1.557341536709  4.503977171495  4.444124796553  -0.676701988188  -0.857611935365  0.209050686491
  49  C  1.580786170285  4.520047667622  4.408246792516  0.060810649540  -0.531088555800  0.221626600407
  50  C  0.042539577643  7.202381670316  4.431787478929  -0.169439142108  -1.587417398309  -0.636940878793
  51  C  6.244399218803  3.618698170132  6.967057188750  1.444815385915  0.170955044357  0.079076643692
  52  C  3.125810801551  3.592801292568  6.948427880444  0.245496057360  0.122078453199  0.418341191176
  53  C  4.681701873095  0.925754656174  6.943220121061  0.033025726274  1.285534969617  0.515132709497
  54  C  -1.532665739521  4.509579176469  9.526062963546  -0.884511016494  -0.301244507164  0.031293336465
  55  C  1.608932366630  4.536143956306  9.496799960597  -0.030384440715  -0.482794131306  0.491070861017
  56  C  0.059549675717  7.195540754034  9.512026502098  -0.069132498952  -0.756030301645  -0.323407281773
  57  C  6.242758894210  3.576803643604  1.868036605210  0.632872967412  0.223769999270  -0.208510422618
  58  C  3.122155134093  3.572130536792  1.866155368762  -0.289177393631  -0.068901798324  -0.503752546200
  59  C  4.672765302445  0.893683429961  1.896977467930  -0.473487259640  0.889291553500  -1.396829203266
  60  C  3.118003080940  1.815741019674  4.436324415812  0.093811718679  0.013200111628  -0.152983956872
  61  C  6.237240387191  1.789315833990  4.417421859948  -0.032722464792  0.572848300154  0.225767298404
  62  C  4.699362354876  4.485718185474  4.411072097813  -0.151928798222  0.041704318248  0.077350932567
  63  C  1.597015408480  6.301159291236  6.966219380866  0.046835155153  -0.218109513925  -0.144697368354
  64  C  -1.512181066475  6.312146561253  6.986585248328  -0.078220340034  -0.364056622308  -0.528978928347
  65  C  0.038641715151  3.623369370416  6.976430708588  -0.360435933610  -0.391549884179  0.062091744452
  66  C  3.144460370765  1.838122470021  9.495891589069  0.012014726515  -0.034486095358  0.642188639781
  67  C  6.246430323423  1.816752702422  9.499596351769  0.397875983463  0.425201299513  -0.100044700266
  68  C  4.705025141683  4.504188691705  9.488620789585  0.089083233888  0.477157037772  -0.134574584761
  69  C  1.583959544959  6.266073897536  1.859754440542  -0.100885440466  -0.502449848335  -0.515396103302
  70  C  -1.531412820816  6.230804245194  1.898435683248  -0.297411378070  0.605255773412  -1.124075803020
  71  C  0.014547879590  3.587251859769  1.871945045699  -0.322007803876  -0.107380537383  -0.321796014274


MDSTEP:  10
LATTICE_CONSTANT: 1.889726125458
LATTICE_VECTORS
  9.554944643478  0.000000000000  0.000000000000
  -4.718215671392  7.976705953795  0.000000000000
  0.079046324628  0.114009153146  10.230297082354
VIRIAL (KBAR)
  -111.351473783747  -18.414684875221  -9.648297493508
  -18.414684875221  49.171626189853  -16.208131618816
  -9.648297493508  -16.208131618816  -27.043447063617
INDEX    LABEL    POSITIONS    FORCE (eV/Angstrom)
  0  Si  0.013825349881  1.821418855426  2.529939665954  -1.531305424547  -0.495177244840  -0.371354815319
  1  Si  3.152570886118  7.146652382566  2.483304628078  0.197295460157  -0.557981082979  -0.231225576612
  2  Si  -3.073950248990  7.173113585416  2.503104559726  -1.460716525933  -1.846280753852  0.300943196078
  3  Si  4.684805040113  6.275485806707  5.030157499340  1.567128739191  0.304383409111  -0.174166428965
  4  Si  1.553949703635  0.922745696352  5.070660570209  -0.169891313134  0.712666310838  -0.337920252648
  5  Si  7.781209371476  0.929615870708  5.049088173184  1.833817234912  0.488547505540  -0.415760420792
  6  Si  0.030713413309  1.814000428544  7.619300770105  -1.551801161433  0.285332180846  -0.176324749314
  7  Si  3.157159353859  7.200520904657  7.579623586475  0.541295915701  -1.243444708299  -0.200165432079
  8  Si  -3.040280494231  7.203402021348  7.612423116099  -1.839911525675  -1.269475781591  -0.369361289379
  9  Si  4.695261976636  6.303068110520  10.121075979314  1.804404030485  0.216769505732  0.714427096617
  10  Si  1.581761222159  0.943621005209  10.154138293549  -0.106007260053  0.974760868482  0.756511492710
  11  Si  7.808490271070  0.932887259994  10.135839715182  1.566851014091  1.618802734679  1.062864538229
  12  Si  -1.556371372008  4.487293746307  2.538651784549  -1.149859439934  -0.997961088968  -0.658908754605
  13  Si  1.576750785189  4.485037625598  2.518172189417  -0.252303367314  -0.138983568865  -0.683821645085
  14  Si  0.036310424502  7.162579789064  2.485264498539  -0.263567989280  -1.344753221387  0.705663088587
  15  Si  6.238459016470  3.580191482797  5.056640825378  1.400495459062  0.747621815267  -0.314543900103
  16  Si  3.121193098318  3.589305531736  5.042994181500  0.113830542668  0.512046573464  0.139072647379
  17  Si  4.672652645617  0.914688121793  5.082789759430  0.281382335048  1.130162324157  -0.797962569482
  18  Si  -1.522775389232  4.524460888188  7.609731792397  -1.160308053271  -0.604762609705  -0.233554626381
  19  Si  1.592213525484  4.513849445610  7.618202252797  0.066288268582  -0.077693007432  -0.628303129377
  20  Si  0.058018249086  7.220882017585  7.584542111089  -0.242955131269  -1.819228151229  0.493818806751
  21  Si  6.247578811297  3.626151155054  10.113768271162  1.835254381568  0.308670857369  0.987657383436
  22  Si  3.157012782431  3.614757333769  10.142390098471  0.044130925969  0.412711076667  0.446002560036
  23  Si  4.697928869326  0.936230708312  10.144244105819  0.351345646913  1.113731084703  0.837022832381
  24  Si  3.116021200120  1.799847101276  2.512912408366  0.164832343794  -0.023556760682  0.122379024401
  25  Si  6.202019964720  1.788839780909  2.514258356106  1.119537889383  0.669538104029  -0.549765921416
  26  Si  4.656722290453  4.472673806778  2.505016018821  1.183856245256  -0.055170961608  -0.509520680776
  27  Si  1.605402803498  6.287594204819  5.037995939197  -0.493651480850  -0.046525169742  0.386383331265
  28  Si  -1.516172542981  6.291218051048  5.039990535098  -0.630039082018  -0.431495239400  0.228190949616
  29  Si  0.043732237069  3.598438740856  5.061767762520  -0.987154134369  0.209717341594  -0.194006285278
  30  Si  3.119368960188  1.807269949943  7.608968779280  0.280616520670  0.741027960471  -0.333127607531
  31  Si  6.240199264721  1.824650651251  7.577630566453  0.636067063171  0.520279694583  0.088384183430
  32  Si  4.701825459309  4.512913090362  7.571201891244  -0.008802978978  -0.018860094353  -0.122513350484
  33  Si  1.612923293217  6.296127247574  10.134541654403  0.026243916093  0.374067765636  0.841875171306
  34  Si  -1.499616746667  6.318543992992  10.127946726490  -0.280412589731  -0.827480218239  0.997103492635
  35  Si  0.062900790520  3.630155162099  10.138744508139  -0.904079782633  0.089306445092  0.661357962514
  36  C  -0.010169688119  1.820310934030  4.438966743613  -0.841077541861  -0.495884843782  0.191545356341
  37  C  3.129681599472  7.143002591977  4.372759128064  0.562237072395  0.183254099069  0.452808403443
  38  C  -3.084375919374  7.187353707096  4.422238385722  -1.325214630460  -1.417039139384  -0.078799635059
  39  C  4.730158867694  6.280232511101  6.917226220683  0.675340917356  0.779943187558  1.064094860657
  40  C  1.564971766638  0.956719578798  6.968920039871  0.049745009426  0.010023243310  -0.099662141973
  41  C  7.804646252457  0.921679326949  6.938325809387  1.149895128587  1.665258413456  0.355038548387
  42  C  0.008475272479  1.831312040987  9.538528393928  -0.799684724926  -0.435200841077  0.011239955433
  43  C  3.154516086346  7.192557543736  9.476697601280  0.299329917898  -0.597898096902  0.132793539920
  44  C  -3.031752232404  7.215037218694  9.503302073816  -1.802007052045  -1.355949036231  0.231516420849
  45  C  4.715665800121  6.234825644721  1.853063810551  0.592660609971  0.799098089756  -0.264673102484
  46  C  1.563179101751  0.908427232180  1.902886482609  -0.319268128685  0.762400439780  -1.348350160708
  47  C  7.775553193357  0.898138806383  1.886817247020  1.275457018059  1.148193902498  -0.812276632683
  48  C  -1.558884432094  4.493817237178  4.434377992038  -0.730490887341  -0.606598141209  0.463191520127
  49  C  1.572627796494  4.528938604155  4.400506285302  0.159519294747  -0.774451272370  0.450068692439
  50  C  0.043221825096  7.194220947546  4.426611692109  -0.189972954947  -1.287514608244  -0.449632291521
  51  C  6.249544002187  3.623818295384  6.962465190189  1.333200384234  0.040424302294  0.258902293471
  52  C  3.118060203469  3.585655462594  6.953003081506  0.345855921191  0.348487301320  0.276086578456
  53  C  4.681821749113  0.928459906587  6.942689206628  0.052067954894  1.297620764093  0.473275823039
  54  C  -1.538515892620  4.508835709251  9.520487891130  -0.810457593596  -0.266519081278  0.163102909200
  55  C  1.612343560704  4.544159263483  9.500796499199  -0.074383247781  -0.709185852620  0.422421570735
  56  C  0.060962430637  7.192728615986  9.514858116410  -0.158557402527  -0.671480442414  -0.335624721817
  57  C  6.240665393212  3.582244400327  1.863733168038  0.673333185773  0.132175411557  -0.129588904444
  58  C  3.122266639614  3.565727560483  1.862753085018  -0.310725369678  0.028505124407  -0.364677001840
  59  C  4.673423345939  0.890452285933  1.891566001081  -0.416480644288  1.069865749946  -1.246967864717
  60  C  3.121807630317  1.823233796024  4.435635932300  -0.017309218523  -0.229298045013  -0.164032476004
  61  C  6.246888495138  1.790633000447  4.411411093984  -0.268351500486  0.547397764855  0.365725443281
  62  C  4.693649850149  4.489270205096  4.408307543314  -0.028151460509  -0.147664746731  0.070032972535
  63  C  1.606311048733  6.293986614763  6.975558355945  -0.179875665888  -0.059070647089  -0.330204673929
  64  C  -1.514539940500  6.310326357444  6.984504719978  0.052310904292  -0.240710815452  -0.456887527431
  65  C  0.041065256606  3.614353351252  6.972618799005  -0.452990038301  -0.123057729701  0.171192274225
  66  C  3.140175830406  1.841470904335  9.500950194202  0.077497003537  -0.124315640214  0.492536238327
  67  C  6.256156489952  1.807259182556  9.498710384078  0.140445709902  0.664574949568  -0.069761593941
  68  C  4.699757981573  4.505690044046  9.491968788730  0.212054877840  0.397071816624  -0.127060101586
  69  C  1.586151497929  6.257217391806  1.869460336376  -0.124561346909  -0.250832087422  -0.733697548391
  70  C  -1.523058790297  6.237176089222  1.904525462856  -0.512043066753  0.465356953931  -1.181247869843
  71  C  0.011707229315  3.592116299998  1.868926963839  -0.271255126889  -0.178294341984  -0.319779474242


