ATOMIC_SPECIES
Si 28.085 Si_ONCV_PBE-1.0.upf
C 12.011 C_ONCV_PBE-1.0.upf

LATTICE_CONSTANT
1.8897261254578281

LATTICE_VECTORS
8.659006616995859 0.0 0.0 
0.0033396491352855875 8.731954511223071 0.0 
0.029007594050657413 -0.05151240400370127 8.664931110064396 

ATOMIC_POSITIONS
Cartesian    # Cartesian(Unit is LATTICE_CONSTANT)
Si
0.0
32
3.266211162728 1.080670629339 3.269841937010 1 1 1
3.282165270792 1.070814064746 7.598024190436 1 1 1
3.266701628410 5.424454089718 3.284091981952 1 1 1
3.270955395129 5.408166335760 7.623228707130 1 1 1
7.632184109593 1.083071831013 3.259177142031 1 1 1
7.624414970990 1.071536030661 7.607158917399 1 1 1
7.610038811308 5.436251440504 3.265806668594 1 1 1
7.626216165008 5.410493867435 7.620315148399 1 1 1
3.272267506731 3.270505951149 1.086648090825 1 1 1
3.271893808647 3.261444657246 5.426018262471 1 1 1
3.255540916636 7.592197072572 1.105188560301 1 1 1
3.273679612655 7.603112548081 5.447113643168 1 1 1
7.612022823422 3.241856971868 1.082288752950 1 1 1
7.624596288001 3.234922062542 5.427461734374 1 1 1
7.635976332952 7.605242701349 1.085704829596 1 1 1
7.607267805983 7.576034318491 5.455341146080 1 1 1
1.083075888067 1.082835026977 1.075260664411 1 1 1
1.107086682932 1.068433212891 5.446257742973 1 1 1
1.077889314069 5.436548973209 1.100171278667 1 1 1
1.105459355375 5.419128780028 5.456764796161 1 1 1
5.437677012582 1.077667724407 1.091123862572 1 1 1
5.446718718960 1.071052783523 5.425247845527 1 1 1
5.451738299420 5.416931710802 1.096067457895 1 1 1
5.432452662368 5.423900359196 5.451039755009 1 1 1
1.098186273553 3.247424623039 3.277587367147 1 1 1
1.089338031376 3.261235859348 7.623659877934 1 1 1
1.104361274060 7.604592210646 3.273258058143 1 1 1
1.100922236442 7.578459093335 7.643898707183 1 1 1
5.452550033738 3.245947115184 3.253309256513 1 1 1
5.444753591196 3.244358472385 7.618556144307 1 1 1
5.441534574367 7.596346015761 3.255201635047 1 1 1
5.444963102130 7.590536206603 7.626101850489 1 1 1
C
0.0
32
8.697098135703 -0.001207653731 0.000790680881 1 1 1
8.707144356760 -0.023082185891 4.325812705072 1 1 1
8.704489212630 4.339555887910 -0.002680647992 1 1 1
8.709755832693 4.319650375851 4.358456822923 1 1 1
4.361383458743 0.004603629913 -0.008503994603 1 1 1
4.366369388608 -0.031091266285 4.342824442719 1 1 1
4.352649280198 4.342279477090 0.006867713501 1 1 1
4.332343201189 4.339205659406 4.351893643108 1 1 1
8.684055575094 2.179878197178 2.160847048323 1 1 1
8.701820994149 2.152825537112 6.530595605771 1 1 1
8.701038157717 6.513704780232 2.172187952962 1 1 1
8.716777007424 6.513958411438 6.538597311806 1 1 1
4.359990967000 2.171389616909 2.183980299735 1 1 1
4.364054967371 2.151062611718 6.524832745090 1 1 1
4.362836514173 6.500127893028 2.170506518496 1 1 1
4.358552941778 6.508372235408 6.529266335552 1 1 1
2.187875126947 -0.015827103838 2.171020125469 1 1 1
2.172836905197 -0.019634152848 6.532118953530 1 1 1
2.183004426313 4.334068628056 2.183266611044 1 1 1
2.180869359313 4.326199449570 6.539508017950 1 1 1
6.516627624039 0.005811628208 2.171484510574 1 1 1
6.539325418775 -0.032080997669 6.515752027645 1 1 1
6.534336107694 4.335498272271 2.186796365447 1 1 1
6.541130846374 4.327634006709 6.519750874614 1 1 1
2.182403068704 2.162428337454 0.010108965184 1 1 1
2.170395842673 2.145100964323 4.344494826645 1 1 1
2.184352028384 6.516010437100 0.025381831631 1 1 1
2.169919386403 6.494464911280 4.367272792912 1 1 1
6.521106915150 2.172252318960 -0.002828239843 1 1 1
6.525792096847 2.165630114616 4.337282880563 1 1 1
6.526417776214 6.512336825552 0.009761080172 1 1 1
6.543979094091 6.497759359383 4.354520226752 1 1 1

NUMERICAL_ORBITAL
Si_gga_9au_100Ry_3s3p2d.orb
C_gga_9au_100Ry_3s3p2d.orb
