MDSTEP:  0
LATTICE_CONSTANT: 1.889726125458
LATTICE_VECTORS
  9.172065582485  0.000000000000  0.000000000000
  -4.755226959402  8.185174410476  0.000000000000
  -0.258388597072  -0.205833508923  10.559633441516
VIRIAL (KBAR)
  110.419015208462  85.046988852564  38.648812672934
  85.046988852564  -55.274466877888  30.868600055939
  38.648812672934  30.868600055939  -133.052277382747
INDEX    LABEL    POSITIONS    FORCE (eV/Angstrom)
  0  Si  -0.038818143906  1.789203842270  2.576645331823  4.542059657237  2.456894545326  0.844556468577
  1  Si  3.025167325264  7.225949780253  2.658063263832  -0.233159156978  0.917656600769  -0.338038935734
  2  Si  -3.236619464304  7.181034596602  2.592228459956  5.457287010053  3.820928127472  1.178849152697
  3  Si  4.570706741899  6.328504883393  5.260324595963  -3.430210710144  -1.581390598259  -0.000527446520
  4  Si  1.499648070909  0.868619846290  5.160079986296  0.202470048649  -0.639929486081  -0.110624007796
  5  Si  7.764986547052  0.944981944989  5.261594384785  -3.546460036707  -2.833095435371  -0.337278284972
  6  Si  -0.117722131472  1.750636056157  7.721146662404  4.543642545314  1.789533897929  1.541929372165
  7  Si  2.947074192743  7.174908482555  7.826370288498  -0.310545498442  0.528115702610  -0.623150661218
  8  Si  -3.289906851040  7.127553576560  7.732315366009  4.286055000009  3.486101228072  1.733700612614
  9  Si  4.489195541419  6.272664585411  10.401211374064  -3.021392989160  -1.682024718752  2.027177984060
  10  Si  1.418431380452  0.808757579046  10.306564602183  0.064523534256  -0.468402731297  1.678139796538
  11  Si  7.686231284826  0.870570098629  10.382048777898  -3.270134616380  -2.465539265719  2.036598398191
  12  Si  -1.642056044677  4.480014000296  2.598190515768  4.853426240685  2.945620150145  0.745028575373
  13  Si  1.496160066157  4.514277566868  2.629824129686  -0.029642520873  -0.161302904159  -0.946110302806
  14  Si  -0.106010374073  7.201244850457  2.632203230757  0.100019728813  0.829370786523  -0.904525037425
  15  Si  6.156815085136  3.628811099992  5.252882798168  -3.097362699069  -1.800582245121  -0.100029756329
  16  Si  3.006931900099  3.592480795798  5.222751561507  0.664911398398  0.012357488584  -0.533623331750
  17  Si  4.607010716696  0.908563717188  5.193329776366  0.171795303076  -1.050377516691  0.085727705037
  18  Si  -1.704927803516  4.412665938276  7.712594188620  4.947945903199  3.322125596456  2.008121134950
  19  Si  1.400429396266  4.467180167965  7.758562872010  0.358989131589  -0.264274832222  -0.073262125842
  20  Si  -0.168351937793  7.153830657593  7.775157489443  -0.151927669373  0.844553627162  -0.320026140180
  21  Si  6.096971838777  3.588769515032  10.377590662305  -3.436943178053  -2.157847009097  2.262840099530
  22  Si  2.956116401096  3.542558903246  10.350639668402  -0.397084764954  -0.230688648800  1.675934640434
  23  Si  4.554540626345  0.854925468984  10.347232705018  -0.331989370764  -1.133549473021  1.573686293334
  24  Si  3.075705304316  1.814446216279  2.628914883504  0.142068793479  -0.119207075492  -1.175399640851
  25  Si  6.209845320538  1.847414354646  2.670641298817  -0.389179425416  -0.517601420877  -0.895898002827
  26  Si  4.623139580080  4.552904441441  2.667740413676  -0.556964824708  -0.366809509688  -0.591018995004
  27  Si  1.423742673726  6.277520827702  5.217081964687  0.409273433564  0.517621768937  -0.663531918421
  28  Si  -1.692303064358  6.246508575793  5.187676612198  0.556569791865  0.987836213921  -0.482280072386
  29  Si  -0.099550033295  3.561463108631  5.159131819379  0.547935710550  0.270275458909  -0.099496503196
  30  Si  3.012516964546  1.770050944722  7.764427040469  -0.153034115734  -0.457677102773  -0.295388604761
  31  Si  6.156289350587  1.809685526897  7.813264220665  -0.978475927037  -0.922532345893  -0.484699358236
  32  Si  4.550672534801  4.497680608767  7.821393431783  -0.643361621046  -0.457370642284  -0.299681029087
  33  Si  1.362608018103  6.214836926262  10.372388119059  0.007331042684  0.480236991492  1.437706312403
  34  Si  -1.764430190985  6.202762448260  10.303848541672  0.223810321548  0.601209496166  1.815229711716
  35  Si  -0.185033122442  3.495109352101  10.307514419152  0.450205204891  0.742521745386  1.757839305397
  36  C  -0.081939603417  1.763108171186  4.504534436758  3.180168099420  1.558244017402  -0.231911895612
  37  C  2.995454969237  7.218103453088  4.601413927521  -0.349552623508  0.450274676206  0.639904100843
  38  C  -3.268833598090  7.144247553384  4.529617611319  3.517859091682  2.688169420716  -0.374377198060
  39  C  4.544247468800  6.301587324885  7.192936055793  -4.713880595137  -2.429001822564  -1.870505730923
  40  C  1.460748995887  0.840881192589  7.096042660632  0.406969955319  -0.291928545039  0.628134884352
  41  C  7.721572623970  0.915662346738  7.169028339843  -4.466344630697  -3.379733234511  -1.299093331003
  42  C  -0.164035666691  1.731162762271  9.646357996162  3.217992876458  1.011491240724  -0.042270125588
  43  C  2.951543283488  7.166016590432  9.734654126132  -1.061321174163  0.366723424606  1.062445879218
  44  C  -3.349655197046  7.114949107915  9.685447314098  3.532176620556  2.317545527067  -0.427152514068
  45  C  4.618085427567  6.373161164352  2.046778675654  -5.232915557630  -2.972477695332  -3.712036460768
  46  C  1.532236188285  0.898615228888  1.964025199649  0.708468709858  -0.232926032498  -0.913142278379
  47  C  7.803566459456  0.964839711735  2.024574696717  -4.804072580879  -3.360961134766  -3.043658173982
  48  C  -1.668554778159  4.458109705256  4.525582751285  2.982876603469  1.512944546602  -0.204661236792
  49  C  1.469220024144  4.464254383986  4.559717426608  -0.346344233058  0.368352536526  0.264758557776
  50  C  -0.123762951968  7.181367560108  4.575242550111  -0.315176842702  0.655140877290  0.171785076914
  51  C  6.134805054907  3.611954657698  7.181716411403  -5.193830023894  -2.914272781852  -1.984035302038
  52  C  3.002043868691  3.579611243034  7.138931917354  -0.037618579067  0.221045899053  0.479795775244
  53  C  4.588195164104  0.889189358286  7.146557954419  0.286949233455  -0.685982132969  0.296646456063
  54  C  -1.749180650637  4.417511013862  9.645412082462  3.328458651781  1.535945137713  -0.146711912688
  55  C  1.392913021537  4.445056520774  9.691587217092  -0.227566602938  -0.466831712254  0.562152925652
  56  C  -0.184456036262  7.120939375265  9.720162135272  -0.221753891461  0.879480558143  0.351511337018
  57  C  6.201353568320  3.669772733164  2.039754392591  -4.656501317965  -2.748890546238  -3.261619890402
  58  C  3.076169923993  3.644687370853  2.008362288641  0.349781395573  0.087305672622  -1.272534001386
  59  C  4.670706531610  0.937463644596  2.016609622824  0.166777002358  -0.551121097112  -1.157300685194
  60  C  3.046060358702  1.787198009739  4.552805256317  -0.017700949649  0.009575533181  0.250913628202
  61  C  6.168111681631  1.814109078255  4.601167971702  -0.058384813964  -0.082144140895  0.387021059061
  62  C  4.591583474734  4.524228477553  4.607739554861  -0.574812887342  -0.371987883505  0.417575468100
  63  C  1.394804353996  6.262309291241  7.129468831422  0.307419106865  0.407606694565  0.539505739171
  64  C  -1.728762223305  6.243199936497  7.111048434624  0.703053426240  0.177500560141  0.414040029239
  65  C  -0.127478361136  3.538961703792  7.104386939869  0.345147601750  0.437464499044  0.075403536125
  66  C  2.978247064072  1.738630136520  9.702067055164  0.005885346030  -0.166881429715  0.344628243832
  67  C  6.120278563748  1.776253508435  9.724432803785  -0.482089648920  -0.386780702594  0.868618851590
  68  C  4.514204238036  4.467984099073  9.747142355972  -0.324521114179  -0.247220984694  0.600989156281
  69  C  1.498444130940  6.322744604781  2.021579473682  -0.074789731299  0.412509150899  -1.536516933731
  70  C  -1.659733604233  6.295098520054  1.958262952155  0.871881519736  0.572018344671  -0.964529505952
  71  C  -0.057412735218  3.608769377423  1.964589632105  0.694861882883  0.377047095107  -1.042248935791


MDSTEP:  1
LATTICE_CONSTANT: 1.889726125458
LATTICE_VECTORS
  9.172065582485  0.000000000000  0.000000000000
  -4.755226959402  8.185174410476  0.000000000000
  -0.258388597072  -0.205833508923  10.559633441516
VIRIAL (KBAR)
  108.686443616899  83.827294399885  38.293651832819
  83.827294399885  -55.799565834452  30.703950009599
  38.293651832819  30.703950009599  -133.394501831409
INDEX    LABEL    POSITIONS    FORCE (eV/Angstrom)
  0  Si  -0.037164629402  1.788905751356  2.577373925210  4.401041958554  2.392040854979  0.771881828797
  1  Si  3.024998993364  7.225531052983  2.658221455622  -0.241374987503  0.926610923405  -0.351099778766
  2  Si  -3.235632701437  7.182403521055  2.592649971863  5.305634049453  3.708302650563  1.115770990231
  3  Si  4.570936560713  6.327132502288  5.260612497919  -3.413159723089  -1.525812782532  -0.019952417656
  4  Si  1.499687190082  0.869300177519  5.160341051933  0.207759474032  -0.645315048637  -0.113023364577
  5  Si  7.764935645031  0.944915550247  5.261202704902  -3.540532016001  -2.828489145931  -0.337619294292
  6  Si  -0.116943407011  1.750955659948  7.721132176520  4.461598222055  1.746716333318  1.515983836856
  7  Si  2.947825082383  7.175818614979  7.826312559342  -0.334135404169  0.517838053671  -0.617230239139
  8  Si  -3.288635211118  7.128401299754  7.732139497420  4.188691756894  3.430032370907  1.711784145280
  9  Si  4.488424625197  6.272690228679  10.401800572422  -2.955564446129  -1.659094280596  1.989076242030
  10  Si  1.418354581723  0.809614128202  10.306761499808  0.073440693660  -0.483811457329  1.668877264389
  11  Si  7.685558146197  0.869387955264  10.382369379773  -3.227353634570  -2.422444504341  2.019339243739
  12  Si  -1.640986435357  4.479836045166  2.598137277179  4.717851600280  2.870096945736  0.687614916846
  13  Si  1.496219498487  4.514957804189  2.629853088454  -0.027210716396  -0.158503350042  -0.961608108032
  14  Si  -0.106523937231  7.200854199611  2.631547933762  0.103959714184  0.845960520769  -0.883922965616
  15  Si  6.155776828019  3.627878683161  5.253030062388  -3.025167348002  -1.753391195326  -0.146438280602
  16  Si  3.006773549097  3.593676994373  5.223192664318  0.666921381641  -0.000898673395  -0.553475251669
  17  Si  4.606963594496  0.908840587379  5.193949869173  0.168774102439  -1.056345646266  0.082126863390
  18  Si  -1.704076537627  4.413100126277  7.712527328599  4.814099023093  3.235989528210  1.961551450637
  19  Si  1.400895131006  4.467685072123  7.757823504342  0.346251130463  -0.267291719610  -0.056889167370
  20  Si  -0.168784307890  7.153193089798  7.774513008274  -0.130713158701  0.862211660235  -0.295070490490
  21  Si  6.096777225221  3.588526538222  10.377534746162  -3.436523272443  -2.151161880715  2.262430032214
  22  Si  2.955673399703  3.542110296714  10.350508720903  -0.396818604346  -0.236013574046  1.679864397169
  23  Si  4.555353900305  0.855027478167  10.347196670317  -0.358327360686  -1.139260981424  1.578641587608
  24  Si  3.075969535326  1.815064908584  2.628642825518  0.155569475796  -0.124647150230  -1.164942391786
  25  Si  6.209456564558  1.847763639724  2.670973754487  -0.396744598272  -0.541552632574  -0.910809403078
  26  Si  4.623058821976  4.552654448836  2.667667449336  -0.564627386598  -0.369424076208  -0.595395984544
  27  Si  1.423214331575  6.278628600354  5.216543728533  0.421576603484  0.508630084889  -0.651007531257
  28  Si  -1.692407704139  6.246075988906  5.188159167028  0.566427586149  1.008839939561  -0.486589159221
  29  Si  -0.099543521191  3.562112629322  5.158458360959  0.563548841274  0.271234747301  -0.099367736536
  30  Si  3.012705424921  1.769358511691  7.764630350305  -0.163805930897  -0.437125414698  -0.305197440516
  31  Si  6.154794755760  1.809934546139  7.813974587388  -0.946858363301  -0.939007065791  -0.488598875882
  32  Si  4.550633570040  4.496854607349  7.822180133514  -0.660300521222  -0.443757740062  -0.322872308753
  33  Si  1.362625004224  6.214143385986  10.372267805412  -0.003669922705  0.486340015952  1.442418188113
  34  Si  -1.763688095140  6.202763855765  10.303556275486  0.219413294465  0.608644493093  1.819087887387
  35  Si  -0.184941932257  3.495663631075  10.307329363019  0.442806102256  0.728564115847  1.763232924296
  36  C  -0.081856761245  1.763749102633  4.503732494013  3.169786115979  1.548284097956  -0.210130743573
  37  C  2.995565918042  7.218665332163  4.600667762286  -0.343493575612  0.441000433091  0.653419346600
  38  C  -3.268061461189  7.144732822024  4.529390983732  3.476885420687  2.669817029503  -0.349693668814
  39  C  4.542940585361  6.301334260982  7.192591522899  -4.611719685249  -2.390028038388  -1.826714505595
  40  C  1.460070521960  0.840634157041  7.096364998220  0.427209533823  -0.288812545072  0.615558223790
  41  C  7.720318953996  0.914723302109  7.168854320715  -4.392421848210  -3.321391120761  -1.267403882898
  42  C  -0.163071281091  1.731877531492  9.645793398251  3.155596226174  0.974126679211  -0.009333537990
  43  C  2.950208104760  7.165549106524  9.735437299305  -1.031276946271  0.371653925560  1.041484485984
  44  C  -3.347125231276  7.115545807345  9.684837446326  3.430539011350  2.275945650866  -0.385599838449
  45  C  4.616302113702  6.371211134181  2.045134389324  -5.061717525726  -2.854849491999  -3.644741474535
  46  C  1.533388769587  0.898312732853  1.964176201631  0.691784900921  -0.227623567381  -0.916071235459
  47  C  7.801295336115  0.964223265867  2.022929860675  -4.646722898947  -3.279301645166  -2.982719609017
  48  C  -1.666836822157  4.459511449918  4.525011909974  2.893322802778  1.448608356590  -0.166002487247
  49  C  1.469786369052  4.465082946472  4.558320423272  -0.356891981547  0.364557506742  0.291863981502
  50  C  -0.124203541456  7.181685945746  4.576037952942  -0.317202477326  0.660559465466  0.158895835228
  51  C  6.132872232451  3.610123029709  7.179845506448  -5.052135858792  -2.813600568696  -1.905572942299
  52  C  3.001056006038  3.580052885244  7.137798090585  -0.022347752126  0.206735741792  0.508072709310
  53  C  4.588862034654  0.889531568396  7.147308222544  0.261160219552  -0.699380460353  0.287057191543
  54  C  -1.749283485039  4.418120859364  9.645099289914  3.316050224368  1.515691493259  -0.143133553598
  55  C  1.392350270196  4.444036746333  9.692602203505  -0.217285226607  -0.448788983851  0.532903323224
  56  C  -0.184276884881  7.120595417989  9.720207419726  -0.214019854710  0.881963100334  0.344003496823
  57  C  6.198807506499  3.667741775638  2.038639433637  -4.494430073334  -2.640570281509  -3.199321891530
  58  C  3.076097240993  3.645031775781  2.008207369975  0.342022101708  0.082532766590  -1.270183518620
  59  C  4.670911830100  0.937310566426  2.016155266896  0.153747447117  -0.550201607245  -1.151187694765
  60  C  3.046595949072  1.787502611892  4.553336358144  -0.027319104447  0.020282743970  0.244642158174
  61  C  6.167435875282  1.814095437484  4.601013737268  -0.044954036852  -0.081392811887  0.386091164030
  62  C  4.591940358791  4.525294980131  4.607904460222  -0.578621927588  -0.398214729290  0.407013782455
  63  C  1.394678636929  6.263129358114  7.130137657573  0.312920759683  0.397731755123  0.518076529537
  64  C  -1.728334191845  6.243376445286  7.112084612796  0.691875070669  0.167662936387  0.384976956991
  65  C  -0.127402923215  3.538694275620  7.103542263225  0.348776825310  0.449140869103  0.080050407656
  66  C  2.977616597640  1.738441895212  9.701575558933  0.025968946723  -0.165231979425  0.355812731538
  67  C  6.119874581468  1.776391132583  9.725138672413  -0.468139927904  -0.387408207897  0.850577176258
  68  C  4.513093806215  4.466655317159  9.746612231249  -0.305936644599  -0.221669584794  0.610913154608
  69  C  1.497720316160  6.323910849673  2.022453901085  -0.069051285222  0.386405188598  -1.546333482886
  70  C  -1.659699808344  6.294515381563  1.958602189143  0.865710194678  0.576172929295  -0.973751872893
  71  C  -0.056756799891  3.609029751132  1.963328481594  0.689855214407  0.364888035596  -1.032088324283


MDSTEP:  2
LATTICE_CONSTANT: 1.889726125458
LATTICE_VECTORS
  9.172065582485  0.000000000000  0.000000000000
  -4.755226959402  8.185174410476  0.000000000000
  -0.258388597072  -0.205833508923  10.559633441516
VIRIAL (KBAR)
  106.178047952088  82.187214546375  37.637170877979
  82.187214546375  -56.748606523828  30.372968382478
  37.637170877979  30.372968382478  -134.533321237458
INDEX    LABEL    POSITIONS    FORCE (eV/Angstrom)
  0  Si  -0.033625938504  1.788076019966  2.575834274704  4.225875771580  2.358344305166  0.762932646742
  1  Si  3.024934288363  7.227581027587  2.659025483858  -0.261285429965  0.909142993632  -0.377905754279
  2  Si  -3.231682403635  7.182051501793  2.592478049231  5.145636235665  3.621357184316  1.035536632617
  3  Si  4.570848719744  6.328550339161  5.260855142878  -3.299774767052  -1.453942375266  -0.128483934573
  4  Si  1.501016453785  0.871355091647  5.158897353832  0.184245039453  -0.666389165860  -0.071558468612
  5  Si  7.765964811189  0.944214627483  5.263368251165  -3.506804162964  -2.779991089296  -0.420526199738
  6  Si  -0.115440079471  1.751832461072  7.723964576147  4.295064015083  1.675443229734  1.421623857098
  7  Si  2.949287633942  7.177650151412  7.826597947713  -0.379431945050  0.467638443818  -0.630481480993
  8  Si  -3.286368687779  7.132186949997  7.735021911267  3.931073247923  3.262053057085  1.618802877280
  9  Si  4.486485630496  6.274090625849  10.402953237270  -2.867922422863  -1.674938475169  1.965307230589
  10  Si  1.419105042091  0.810813002331  10.308784663897  0.034593110723  -0.502640395009  1.659862069591
  11  Si  7.686001812510  0.867307022815  10.383612570861  -3.219300655324  -2.395090955483  2.012475461188
  12  Si  -1.639520581115  4.479068899382  2.599928974729  4.555265566593  2.768282833632  0.615653075735
  13  Si  1.498131970050  4.516866944984  2.630388212415  -0.090823398100  -0.190253396990  -0.986157975108
  14  Si  -0.106948916078  7.201734296514  2.631754343378  0.094633276345  0.824853208755  -0.877458298110
  15  Si  6.155503990100  3.627479272930  5.251128616589  -3.068330886596  -1.787642537861  -0.101972686145
  16  Si  3.007418639406  3.591218192617  5.224060116792  0.653511242772  0.118548621548  -0.576229329165
  17  Si  4.607117121982  0.910228545773  5.194057302393  0.115972442124  -1.097980843470  0.079065982216
  18  Si  -1.704461698544  4.414158201212  7.713255691787  4.622248702136  3.131668196927  1.883783975321
  19  Si  1.398637375034  4.469247998956  7.757196799037  0.419221495059  -0.288594073621  -0.059024433225
  20  Si  -0.168104587287  7.153237271238  7.772537549448  -0.110645017320  0.827263285982  -0.264949574485
  21  Si  6.095139056456  3.586455885042  10.377821214597  -3.272353711396  -2.040494166457  2.235027609890
  22  Si  2.952996952568  3.543174649932  10.351473903973  -0.350874473402  -0.261804749736  1.626159767668
  23  Si  4.556878159265  0.855071329726  10.347458659547  -0.386169704383  -1.160276318485  1.571229971217
  24  Si  3.075903810725  1.817628647237  2.625919720241  0.144468995885  -0.209226416858  -1.126378393319
  25  Si  6.207079159693  1.848318588482  2.671172931635  -0.356804663465  -0.543646841570  -0.940367134359
  26  Si  4.621404617318  4.551052489969  2.668148506091  -0.522048732835  -0.315837102394  -0.629767344493
  27  Si  1.425588545196  6.280055853407  5.216124529936  0.376435077043  0.494201525695  -0.597898314072
  28  Si  -1.692536521810  6.248268069422  5.190374826705  0.555405333826  0.976470600621  -0.493144790040
  29  Si  -0.096986837088  3.564306611198  5.159829790459  0.512617095699  0.247754290104  -0.099044517200
  30  Si  3.011773053883  1.769401751910  7.763047025346  -0.143862105335  -0.419332102190  -0.262092437957
  31  Si  6.154351294245  1.811979818909  7.813628641179  -0.988942905955  -0.980036804999  -0.466679056080
  32  Si  4.552429784679  4.499161913691  7.820404544039  -0.737990405006  -0.443388524318  -0.264459285961
  33  Si  1.362402859548  6.215785573003  10.374165931427  -0.057369572310  0.460478429706  1.412394812041
  34  Si  -1.761481935750  6.201696876872  10.305558352975  0.141172932522  0.591705745991  1.782750816095
  35  Si  -0.182349906172  3.495028759105  10.307421236161  0.382628430953  0.761283901656  1.757769418414
  36  C  -0.078821167350  1.765431127922  4.504547067291  3.074172577952  1.517671028209  -0.197026686928
  37  C  2.992802932740  7.218842188480  4.600066583333  -0.263675016109  0.457565565385  0.653497441831
  38  C  -3.264029806232  7.150230280232  4.526781301182  3.319372201194  2.549146335906  -0.253717515106
  39  C  4.540093561741  6.302355869017  7.187983038402  -4.331168647416  -2.237838243704  -1.664939423067
  40  C  1.459395897796  0.837979292222  7.098038886172  0.434083054596  -0.214704631210  0.570204412333
  41  C  7.717536607006  0.913476364720  7.168611693008  -4.207122628649  -3.189054444066  -1.182622410763
  42  C  -0.164087293528  1.733150038319  9.646297985328  3.174403583271  0.926308519049  0.011230317729
  43  C  2.947307954397  7.161975159646  9.735016941969  -0.985030616134  0.438378074107  1.046533756596
  44  C  -3.348321138102  7.120784576920  9.685344119665  3.401138263712  2.166020870746  -0.333028264186
  45  C  4.614414868517  6.372034531816  2.045694143086  -4.934759332967  -2.796542225966  -3.582133842985
  46  C  1.531312838919  0.897711161556  1.963341473364  0.783502067349  -0.224170821798  -0.929112151749
  47  C  7.799939035797  0.962707924880  2.024282296143  -4.546748009921  -3.194079006641  -2.933254978702
  48  C  -1.667286943861  4.459008000955  4.527955089360  2.942330108431  1.484324187368  -0.224616433633
  49  C  1.468421274993  4.468590996520  4.560548225155  -0.280376301140  0.317890767785  0.235676513321
  50  C  -0.124653103679  7.180389251397  4.579760801177  -0.303406903131  0.695224899123  0.085618745696
  51  C  6.125773748559  3.610806355080  7.179306392075  -4.759058575997  -2.714980954541  -1.862520640124
  52  C  3.002798195463  3.583636263104  7.135663139037  -0.074089564255  0.126529828912  0.572538923688
  53  C  4.587319332684  0.886290618227  7.145147948594  0.286971788503  -0.637624828365  0.336641939128
  54  C  -1.745604440615  4.416732328924  9.641979205981  3.158040300086  1.473186425430  -0.019355689966
  55  C  1.389982668491  4.447273724308  9.689117184073  -0.159350495472  -0.498894942234  0.612998086958
  56  C  -0.187178982214  7.118245032136  9.720176656283  -0.133426581757  0.941082060840  0.333637901772
  57  C  6.196392802774  3.668962879419  2.032856516766  -4.340058459590  -2.585487141221  -3.087735199041
  58  C  3.077291450931  3.641641298854  2.006331737665  0.285256266227  0.177665521103  -1.257786600459
  59  C  4.671006607809  0.936358129425  2.013565702907  0.125152108684  -0.529304402824  -1.118306291721
  60  C  3.044513899856  1.790838418269  4.554065468151  0.042091160158  -0.024985204678  0.191782190404
  61  C  6.164910145613  1.810284781056  4.600775265567  0.023997039457  0.002795750308  0.381208308000
  62  C  4.594002296420  4.527014680076  4.607075381108  -0.621778568266  -0.427452776720  0.397417873659
  63  C  1.398938387492  6.259711233625  7.130743383516  0.237270081553  0.505586536877  0.492416311473
  64  C  -1.730185613816  6.244813461835  7.114002042484  0.721232440279  0.150393918261  0.358239850805
  65  C  -0.128510342016  3.542189070807  7.104787516425  0.352343598476  0.367442786973  0.054859710968
  66  C  2.976361480499  1.734688266332  9.704008180936  0.062090756109  -0.061063271242  0.309795307489
  67  C  6.121940159244  1.777679453243  9.727286315508  -0.503177431007  -0.443142393731  0.798842859460
  68  C  4.516101525322  4.464971517719  9.749135294577  -0.382935053689  -0.172153426507  0.551952717509
  69  C  1.496038322298  6.326711512651  2.018708856058  -0.015602588295  0.346887141967  -1.501943782981
  70  C  -1.658270987611  6.291383662573  1.954611896031  0.865653319326  0.625450225160  -0.929910162643
  71  C  -0.058961377825  3.607263407883  1.959570773616  0.783331006368  0.396944752601  -0.982879890554


MDSTEP:  3
LATTICE_CONSTANT: 1.889726125458
LATTICE_VECTORS
  9.172065582485  0.000000000000  0.000000000000
  -4.755226959402  8.185174410476  0.000000000000
  -0.258388597072  -0.205833508923  10.559633441516
VIRIAL (KBAR)
  104.857472763741  81.151135061864  36.947766037267
  81.151135061864  -57.396835480395  30.310411077307
  36.947766037267  30.310411077307  -134.502549795726
INDEX    LABEL    POSITIONS    FORCE (eV/Angstrom)
  0  Si  -0.031554697097  1.785814294170  2.578804118226  4.102883653664  2.447288441474  0.705956832149
  1  Si  3.027941155855  7.224807321611  2.661851308840  -0.363766248838  0.912014831437  -0.452004794591
  2  Si  -3.230129764280  7.181606328552  2.593438610041  4.902300634576  3.513355055208  0.926908424359
  3  Si  4.567413215795  6.328638783162  5.260646646543  -3.151329497908  -1.410806265377  -0.203310856855
  4  Si  1.503273095993  0.874087702710  5.159057125374  0.131069061037  -0.762380491484  -0.072759737552
  5  Si  7.765331769638  0.944854086580  5.261313924042  -3.435561327540  -2.779094298528  -0.419225317509
  6  Si  -0.115603736538  1.753336588076  7.724718323155  4.260000417983  1.606058505903  1.422563803776
  7  Si  2.945797574062  7.180810240502  7.825321656706  -0.323495489225  0.416910328320  -0.679050020401
  8  Si  -3.287063725622  7.133464908666  7.734889806960  3.893350060949  3.206123578926  1.552085687365
  9  Si  4.484160012619  6.274765695942  10.404637222948  -2.770675865904  -1.639516055280  1.895073678041
  10  Si  1.418723081283  0.809034822183  10.310767229569  -0.015643344222  -0.459720263831  1.625382779671
  11  Si  7.683734282110  0.864499884458  10.386105679711  -3.125260904069  -2.320670076348  1.962806250732
  12  Si  -1.639636970455  4.481295937448  2.596777485086  4.466695494034  2.682237983705  0.652204745969
  13  Si  1.500499677960  4.519251154044  2.630749810270  -0.179731162605  -0.222735767443  -1.059768457091
  14  Si  -0.108157294445  7.203185144622  2.631639388569  0.137024802135  0.862528123396  -0.850310400903
  15  Si  6.156868782681  3.625128873321  5.249399151796  -3.184195625567  -1.708667548664  -0.059316133131
  16  Si  3.004676760798  3.591358888580  5.226571698869  0.663452452410  0.124877770039  -0.655360048998
  17  Si  4.607931368788  0.910067042670  5.196317999184  0.082189013331  -1.070531642056  0.003910524367
  18  Si  -1.699683580290  4.416879678540  7.712818240393  4.268306183047  2.956472672132  1.858323548912
  19  Si  1.397807871796  4.465978660182  7.753866948373  0.458062594925  -0.135578903371  0.068574381796
  20  Si  -0.171582758345  7.153432880408  7.771006897727  -0.058938523513  0.840633334791  -0.232794310876
  21  Si  6.095462456993  3.587980178897  10.378640555174  -3.311557984747  -2.129625511953  2.250662762296
  22  Si  2.952650304336  3.540153225925  10.349884628354  -0.355788870492  -0.171670162286  1.681371780109
  23  Si  4.556631833256  0.857615591686  10.344824639661  -0.364821524748  -1.170357543003  1.612248537658
  24  Si  3.073064730545  1.815783307039  2.627001859801  0.161346123757  -0.122190875788  -1.162591361890
  25  Si  6.207729805286  1.845301824950  2.674058158329  -0.419094398836  -0.480773056460  -0.990678741462
  26  Si  4.623779504788  4.548623042622  2.667764964022  -0.598959997046  -0.336937004221  -0.634186352652
  27  Si  1.427506205029  6.282154540783  5.212492198218  0.256354283639  0.473805979823  -0.547958251395
  28  Si  -1.691799286725  6.250247152990  5.191899527431  0.499796074843  0.898713071461  -0.586427417882
  29  Si  -0.093873478637  3.561586377253  5.161795133566  0.413119978771  0.332991521234  -0.153247895132
  30  Si  3.014826751094  1.766487626371  7.761392315536  -0.240883629179  -0.349631152365  -0.182254473394
  31  Si  6.152199593862  1.813796116887  7.810653502866  -0.909522637024  -1.025157750798  -0.424207338896
  32  Si  4.553891244672  4.497461026073  7.818042839451  -0.719095191394  -0.366826579877  -0.172446210437
  33  Si  1.365425649983  6.217756991324  10.371847733816  -0.122556301611  0.442796038702  1.465291311345
  34  Si  -1.758089304849  6.204300109247  10.305069372500  0.113109842641  0.546588577307  1.770053663989
  35  Si  -0.180880663497  3.494988031071  10.307569121629  0.351992163198  0.749925410087  1.804204662773
  36  C  -0.074714508674  1.764779421829  4.505456914195  2.999693503495  1.488109398886  -0.163221355112
  37  C  2.988658176753  7.214759067102  4.599294787984  -0.172412358290  0.555465206358  0.643003472860
  38  C  -3.265222083076  7.153977349559  4.522479616133  3.237396068227  2.441241738971  -0.113125646853
  39  C  4.540660540937  6.301434544927  7.183572377010  -4.337959724298  -2.189362889260  -1.574975976592
  40  C  1.461533713387  0.838113832214  7.096502355346  0.408137870115  -0.188339002814  0.589388456261
  41  C  7.718867952416  0.913765301371  7.163644880648  -4.212580065256  -3.148309652962  -1.119277556264
  42  C  -0.166445003188  1.734052901369  9.645236676582  3.168543268756  0.849865989791  0.065792234496
  43  C  2.943450933582  7.161824032327  9.732245529011  -0.887441503103  0.447175345372  1.080479238925
  44  C  -3.347627101387  7.121820483120  9.679819918288  3.307423690282  2.089547387438  -0.189335938009
  45  C  4.612042804422  6.365815202925  2.042412149410  -4.644551695073  -2.570141780248  -3.483643010813
  46  C  1.527522576939  0.900509834911  1.965634253320  0.844011931721  -0.324317381769  -0.984798157669
  47  C  7.798249508636  0.964502349328  2.025828890359  -4.470030710960  -3.235663734722  -2.905465780442
  48  C  -1.669571638115  4.455387424026  4.528062430010  3.065057600825  1.601905209464  -0.253211678957
  49  C  1.464764329151  4.473394098113  4.556587226257  -0.202647175937  0.222138387270  0.360618766077
  50  C  -0.126087309280  7.181970137591  4.581300717730  -0.261969566152  0.701781641874  0.058997878862
  51  C  6.124080149000  3.609044311655  7.176817637345  -4.488546026508  -2.549884840062  -1.750859417406
  52  C  3.006165707203  3.584563538932  7.140603682365  -0.158555405342  0.072776533528  0.470239838031
  53  C  4.584592113369  0.888852748690  7.144081270310  0.347373794533  -0.691862172958  0.345547127417
  54  C  -1.744322966488  4.413637522729  9.645236921981  3.198309487692  1.602154948311  -0.111986062401
  55  C  1.388657024945  4.449501239254  9.694224472808  -0.123260556519  -0.543317338915  0.469801900199
  56  C  -0.183573795851  7.122524080420  9.722723840189  -0.196034548279  0.903016716068  0.251054060422
  57  C  6.194343469147  3.667057473548  2.031701093935  -4.205748247537  -2.531668859721  -3.036578304183
  58  C  3.077546122198  3.642621708320  2.007147824707  0.272071557274  0.125525514716  -1.250959673563
  59  C  4.666105998753  0.938653351404  2.013727128941  0.207484395807  -0.562438457391  -1.093729514461
  60  C  3.040710691903  1.787033842825  4.550987260678  0.153739646722  0.080833894941  0.283412212900
  61  C  6.167877985063  1.813946353739  4.603582590466  -0.052376642222  -0.106689420927  0.335987729575
  62  C  4.590144357244  4.528443215214  4.605406916592  -0.552945892318  -0.483687098350  0.435073431760
  63  C  1.394936702866  6.264245984422  7.126911126979  0.288143789504  0.397184514837  0.534679513578
  64  C  -1.729821188990  6.242493036660  7.111098217441  0.683764732896  0.225971828899  0.432510182358
  65  C  -0.130483427913  3.544159810630  7.109582708968  0.432583206873  0.301947469576  -0.058238004117
  66  C  2.973455651037  1.734712708841  9.707216791087  0.112762658814  -0.089301778664  0.212187878513
  67  C  6.126173859953  1.773519591983  9.725744872042  -0.610412636588  -0.337673154952  0.795369293693
  68  C  4.516442351106  4.466369310856  9.753547656039  -0.391012790232  -0.207231417962  0.433247744826
  69  C  1.493186261104  6.328839554396  2.018877279251  0.066925122247  0.358959872859  -1.485860201636
  70  C  -1.654040915534  6.295212900162  1.956769777565  0.760155409412  0.582132646190  -0.969477776983
  71  C  -0.063344147553  3.608543203628  1.960030986857  0.904733498948  0.361704461516  -0.972372159550


MDSTEP:  4
LATTICE_CONSTANT: 1.889726125458
LATTICE_VECTORS
  9.172065582485  0.000000000000  0.000000000000
  -4.755226959402  8.185174410476  0.000000000000
  -0.258388597072  -0.205833508923  10.559633441516
VIRIAL (KBAR)
  102.704078258402  80.204320116160  36.838093929135
  80.204320116160  -57.387714909412  30.382573274884
  36.838093929135  30.382573274884  -135.977738756314
INDEX    LABEL    POSITIONS    FORCE (eV/Angstrom)
  0  Si  -0.027955451305  1.788933333001  2.577255863169  3.940503186814  2.327873318844  0.614859727105
  1  Si  3.024302481337  7.228275393436  2.658979032449  -0.180861653167  0.869964325587  -0.404721104885
  2  Si  -3.231110577046  7.181649303952  2.593284198949  4.845108250575  3.481418667657  0.925250361280
  3  Si  4.565323665343  6.329378802906  5.257261776946  -3.051515550300  -1.360749992494  -0.190705042915
  4  Si  1.501871217851  0.876892799651  5.159925404103  0.137397246199  -0.796102849818  -0.058531265683
  5  Si  7.760865430016  0.946437931527  5.263243013701  -3.245219964565  -2.792504576230  -0.574985372699
  6  Si  -0.114980569499  1.752782516515  7.724329033616  4.152062161285  1.557081671655  1.459679669600
  7  Si  2.943795202003  7.181780695978  7.821503948019  -0.221299178338  0.335593874711  -0.610822080143
  8  Si  -3.282392604487  7.134003495088  7.738587926297  3.646584350254  3.146885056489  1.490992353632
  9  Si  4.484659718444  6.273875783046  10.405052821666  -2.745047191442  -1.636358116182  1.922482868839
  10  Si  1.416994519477  0.806589042375  10.309217562433  0.014796652595  -0.396702025749  1.659200126715
  11  Si  7.683297528957  0.862051970672  10.383675791250  -3.196655565917  -2.360017572599  2.029603762286
  12  Si  -1.636031625267  4.482052668158  2.596884208794  4.165975877301  2.593429198202  0.624618715138
  13  Si  1.497885014170  4.522153863002  2.627342194784  -0.147875136718  -0.223480567313  -0.916019152196
  14  Si  -0.109827266442  7.200862892602  2.627219848644  0.156781221578  0.877457669473  -0.733734215038
  15  Si  6.159101983481  3.622788125997  5.251940844839  -3.214530256373  -1.635391435206  -0.146157351505
  16  Si  3.006154030085  3.592958600136  5.223651900226  0.620508980584  0.125778283766  -0.670622402295
  17  Si  4.604180045306  0.913515732378  5.198602812077  0.194926296401  -1.140326033421  -0.058063301472
  18  Si  -1.701430303716  4.420894512077  7.711026369381  4.251593807128  2.811124685339  1.838196596189
  19  Si  1.402067948001  4.466231897937  7.755284446150  0.400272032067  -0.181806549792  0.049668054525
  20  Si  -0.171886638984  7.156449199491  7.774183910802  -0.005804872575  0.778517011314  -0.270326294574
  21  Si  6.096083978742  3.586462101499  10.376869205351  -3.321369541962  -2.106607624837  2.288260130471
  22  Si  2.955333961158  3.537227729037  10.351903849211  -0.481055106402  -0.049090306952  1.668719004881
  23  Si  4.555044153629  0.855944974694  10.345648448778  -0.410678632174  -1.135746447420  1.624815910613
  24  Si  3.072765173301  1.816906632203  2.628404702919  0.242556104230  -0.138516559585  -1.282763250517
  25  Si  6.207254315031  1.845478188826  2.669615428438  -0.344666046784  -0.502643122850  -1.004828384812
  26  Si  4.621653399281  4.545947269132  2.669152410112  -0.564492457776  -0.239137853198  -0.747599227708
  27  Si  1.427130182771  6.280128630392  5.213574841803  0.225495857310  0.602710326728  -0.543500597859
  28  Si  -1.693959099639  6.249305023779  5.191817206613  0.537262548103  1.035747063609  -0.523732706924
  29  Si  -0.094342468012  3.560401712146  5.158010552046  0.420126077493  0.414205987355  -0.035552226532
  30  Si  3.011376125943  1.768935709497  7.764476184540  -0.221259953781  -0.442907735370  -0.259255269540
  31  Si  6.155927142388  1.813620429282  7.808716905388  -1.018979050163  -1.048782785028  -0.328469711774
  32  Si  4.550988761308  4.496166499597  7.817477107607  -0.762374787538  -0.267898063272  -0.137473129195
  33  Si  1.368320589959  6.219429156151  10.374726992218  -0.156864631473  0.406325521984  1.425045290187
  34  Si  -1.758994370730  6.201502050597  10.305067740824  0.147562434868  0.565187430739  1.796882460735
  35  Si  -0.184052307668  3.496079210571  10.312071648437  0.476097235003  0.700569621011  1.737230689224
  36  C  -0.077265460808  1.770660279347  4.501001054755  2.947243032431  1.337831334701  -0.056580535119
  37  C  2.992361111746  7.212833758872  4.598487069373  -0.286530310454  0.604727760744  0.615842765645
  38  C  -3.263183951968  7.156348984691  4.525499025075  3.159089199525  2.427648463142  -0.194815074925
  39  C  4.543142825341  6.305499508265  7.177083715771  -4.312297026208  -2.243560594786  -1.433109992756
  40  C  1.455774615609  0.832288979773  7.102026785111  0.540541434492  -0.065773437771  0.505901275159
  41  C  7.720555716986  0.905393129453  7.161719320303  -4.182794203497  -2.944579615510  -1.034779944627
  42  C  -0.167913712614  1.731179253509  9.648823586868  3.200805260962  0.940449098267  -0.011984287970
  43  C  2.944296832674  7.156770751876  9.732624602740  -0.886900983701  0.538827123902  1.011142852080
  44  C  -3.346125711361  7.122990441750  9.680960475707  3.267962288965  2.017750389649  -0.191195205355
  45  C  4.612571255855  6.364554497167  2.035833669855  -4.640534842136  -2.507794756235  -3.401588551268
  46  C  1.532049921493  0.902439891812  1.959401259119  0.778289067327  -0.330089578622  -0.928067145231
  47  C  7.800530604396  0.961587831910  2.022028795558  -4.360970991328  -3.095013724250  -2.836217539715
  48  C  -1.668909101748  4.462143771809  4.533150781545  3.015522788443  1.451991470088  -0.320346042112
  49  C  1.459564874343  4.478661765080  4.561645063612  -0.094155224441  0.099549255001  0.202197227505
  50  C  -0.130210586203  7.187883450998  4.586790005884  -0.189851450615  0.610384502953  -0.040720863285
  51  C  6.115265298258  3.611069995191  7.181357245649  -4.182145756870  -2.528960956605  -1.771304580061
  52  C  3.006150036884  3.578334698671  7.137023861198  -0.154945030691  0.188242859701  0.504372628374
  53  C  4.582169615195  0.889915759330  7.141336086271  0.376579595349  -0.662162528558  0.436992777065
  54  C  -1.738596866786  4.409040543001  9.647962911357  3.063488525660  1.666770106988  -0.177724487103
  55  C  1.386660231878  4.453787543305  9.691874421440  -0.063631999610  -0.641624690471  0.568942557349
  56  C  -0.183061788802  7.125474275416  9.728735953929  -0.211727515909  0.862464433602  0.188701890610
  57  C  6.192539848421  3.666773161285  2.028409640058  -4.026272284243  -2.456498251313  -2.927377348848
  58  C  3.071526151074  3.649019596292  2.004412993551  0.365412934272  -0.032756918498  -1.213799338192
  59  C  4.671673206041  0.933114622587  2.009860520078  0.060793835186  -0.459657862517  -1.074742710891
  60  C  3.044655571859  1.784446328010  4.547229183549  0.023706901186  0.195459560651  0.356292175272
  61  C  6.170751881591  1.812346334885  4.597593469073  -0.152854746873  -0.062244256656  0.453580584288
  62  C  4.592214925982  4.532999353161  4.599557392704  -0.566990226532  -0.600760353130  0.539922618281
  63  C  1.400072660263  6.260460883514  7.129107709432  0.158315631176  0.482683037773  0.501151955224
  64  C  -1.733737494375  6.248074576835  7.113676027301  0.816985506081  0.122441202974  0.411644245025
  65  C  -0.125438257256  3.541557302231  7.110141748651  0.282684207868  0.360124509068  -0.089487448426
  66  C  2.969169157369  1.738812693490  9.703870557465  0.172836464574  -0.193796400349  0.298698027530
  67  C  6.120769570977  1.772647642544  9.730963811785  -0.500980029187  -0.360301272939  0.645490473575
  68  C  4.516709462952  4.465710921422  9.758425449854  -0.370985231078  -0.207157641617  0.318238120796
  69  C  1.498438615249  6.327689220731  2.023473825043  -0.092161810611  0.399860596868  -1.567014473660
  70  C  -1.657566995669  6.291715919187  1.952781384476  0.829116454511  0.636135070188  -0.939753859707
  71  C  -0.064392527878  3.614132425546  1.960873257650  0.932295793636  0.274292566425  -1.006146377685


MDSTEP:  5
LATTICE_CONSTANT: 1.889726125458
LATTICE_VECTORS
  9.172065582485  0.000000000000  0.000000000000
  -4.755226959402  8.185174410476  0.000000000000
  -0.258388597072  -0.205833508923  10.559633441516
VIRIAL (KBAR)
  101.485452642355  79.397142942218  36.607798591498
  79.397142942218  -58.664316022484  30.058044395287
  36.607798591498  30.058044395287  -136.531927562527
INDEX    LABEL    POSITIONS    FORCE (eV/Angstrom)
  0  Si  -0.027858992791  1.790825813425  2.577631643117  3.832216497606  2.246822626272  0.482932479789
  1  Si  3.023093575925  7.228591632759  2.660676430875  -0.249692124822  0.815517719722  -0.447537305519
  2  Si  -3.234006634211  7.184265217440  2.594732458053  4.762078513738  3.327334134230  0.853876397641
  3  Si  4.566107989609  6.329101674849  5.260936995023  -3.179863826166  -1.355915064023  -0.311976063715
  4  Si  1.499471755308  0.878278134348  5.162024491751  0.152543722212  -0.771162197635  -0.089616340353
  5  Si  7.759413638285  0.948205744424  5.259986086134  -3.233470599323  -2.774959185226  -0.611427115788
  6  Si  -0.115208268833  1.751746948030  7.726135335279  4.152065857948  1.626746106232  1.409052979303
  7  Si  2.940710368827  7.179469313888  7.816795758509  -0.255177448160  0.432115473166  -0.558617646090
  8  Si  -3.284563904336  7.134305551624  7.736377713433  3.637843358685  3.090044647944  1.486652893547
  9  Si  4.482631229319  6.275942350440  10.402209256617  -2.729354002186  -1.702273519761  1.896679969639
  10  Si  1.412393262973  0.803093329433  10.312107163438  0.117875401262  -0.294088884700  1.641804134185
  11  Si  7.682488403604  0.861465865371  10.381979138654  -3.296090638270  -2.414856445947  2.082092684469
  12  Si  -1.637205769678  4.483338595304  2.600855629263  4.232507468716  2.511047495863  0.516600159879
  13  Si  1.501090120121  4.519573842381  2.626243816995  -0.239777150995  -0.293825662511  -0.979561673001
  14  Si  -0.107507632574  7.200945301521  2.623112057786  0.142051998863  0.815878743920  -0.698748426117
  15  Si  6.157651738198  3.626401217401  5.255492954831  -3.139695634047  -1.685665258359  -0.269167298247
  16  Si  3.007692779346  3.590791737435  5.220722461832  0.477532665635  0.211950451633  -0.652645767757
  17  Si  4.602146549288  0.912635966761  5.198188012454  0.131715251160  -1.158080544308  -0.075690559154
  18  Si  -1.701837615746  4.422679052828  7.715214847651  4.133532641455  2.712363370602  1.778570607816
  19  Si  1.402345955908  4.470633659888  7.756756343866  0.374911462362  -0.218497687140  -0.005521418892
  20  Si  -0.170521296258  7.161305408333  7.776917318498  -0.050529696618  0.751726094051  -0.266635465682
  21  Si  6.093898985413  3.585885340377  10.375975410487  -3.174168857510  -2.113933111161  2.305987682790
  22  Si  2.956461702878  3.539483338541  10.355923044538  -0.490928512870  -0.127339079058  1.638547299733
  23  Si  4.555222037198  0.856352304292  10.342418446619  -0.392687570314  -1.162561729100  1.671636963933
  24  Si  3.077114662178  1.815191459296  2.628687640834  0.166329741200  -0.163817913801  -1.325806946945
  25  Si  6.202815476655  1.848022889247  2.669437905567  -0.237249403142  -0.513092363288  -1.013807281773
  26  Si  4.625472232302  4.545177200950  2.671584054337  -0.645147929813  -0.266582756199  -0.877511154718
  27  Si  1.423790496008  6.282278184647  5.210857723614  0.246947982337  0.491415202631  -0.455849867781
  28  Si  -1.692855661733  6.245004540948  5.194656536390  0.558433542569  1.182723609378  -0.596701679065
  29  Si  -0.094453171380  3.560759066333  5.160750945777  0.386613381877  0.439368775273  -0.108587534473
  30  Si  3.007769040335  1.765635071367  7.766997606939  -0.084414714857  -0.262217036557  -0.255135868001
  31  Si  6.159603150330  1.813798568741  7.806630637309  -1.105285452302  -1.043381038310  -0.264420551661
  32  Si  4.548342134358  4.493175046544  7.812998060017  -0.842200198563  -0.195538306312  -0.000308264133
  33  Si  1.364597025629  6.221719172068  10.376313125954  -0.094920390122  0.218894040283  1.399137085295
  34  Si  -1.761670682987  6.203381932265  10.309844902492  0.252644224060  0.503683623841  1.794309379108
  35  Si  -0.181161254761  3.498416043336  10.314814828778  0.401269970923  0.554679124763  1.729656729928
  36  C  -0.077704957431  1.773842197217  4.495951604739  2.880230340560  1.276966640775  0.072408976218
  37  C  2.986200797648  7.217435625090  4.604182300251  -0.153444287713  0.526656602499  0.516251466468
  38  C  -3.263211544572  7.156586118467  4.530657060252  3.148442354411  2.444353694252  -0.253089532557
  39  C  4.534496114073  6.308828407645  7.174341699528  -4.072607974266  -2.253607428920  -1.313565394795
  40  C  1.462469520617  0.839201972155  7.103262091695  0.357205202394  -0.207189110964  0.492230412512
  41  C  7.720213968783  0.908915824714  7.155306176967  -4.120299941484  -2.951940859627  -0.984470768784
  42  C  -0.172575973109  1.726942085208  9.646032613036  3.318515473217  1.059256452689  0.010297042729
  43  C  2.936808179037  7.153833676806  9.726709647347  -0.745008776334  0.558069785793  1.067505056750
  44  C  -3.341365763118  7.124305586848  9.683891536057  3.108821450593  1.961915688033  -0.249744770115
  45  C  4.610105075703  6.359170788463  2.032156944020  -4.470304163273  -2.321086665028  -3.274037403482
  46  C  1.529984640389  0.903232680283  1.952584590141  0.828769512380  -0.350967648789  -0.849168756502
  47  C  7.796567088526  0.961463563451  2.025029548457  -4.232618951791  -3.058525029656  -2.804711467281
  48  C  -1.668980675105  4.470341003147  4.529225369204  2.878275492551  1.175428016086  -0.149760526566
  49  C  1.455075636010  4.473355789132  4.556036413067  0.018411100134  0.225955748013  0.301779980669
  50  C  -0.129133317198  7.182014347622  4.580717876884  -0.269978852236  0.717507575284  0.032152197060
  51  C  6.106730270895  3.612931522921  7.187017193007  -3.847627760077  -2.429250878199  -1.822001885043
  52  C  3.002502361863  3.582379654526  7.132285069615  -0.128949243120  0.098870703800  0.570579206942
  53  C  4.583401740295  0.893735547959  7.140407418310  0.342229111926  -0.702732122384  0.458727935717
  54  C  -1.734699372588  4.409631781184  9.653468877025  2.956103286580  1.652678910256  -0.217994928627
  55  C  1.383896166714  4.446551857418  9.687376842356  0.022497032155  -0.458146468008  0.689366895866
  56  C  -0.179654855598  7.123990518200  9.732225045807  -0.356474057676  0.919615594233  0.144465525607
  57  C  6.194045553094  3.669397110393  2.024523372163  -4.049492448304  -2.500859865294  -2.881163755552
  58  C  3.074604667057  3.643862420395  2.001699922155  0.375054158889  0.046687840951  -1.182325000488
  59  C  4.678073112482  0.930435080495  2.009107378528  -0.078322496982  -0.448049125847  -1.079532147505
  60  C  3.038020439785  1.790756993894  4.548500342365  0.147405567751  0.015605899444  0.310321159024
  61  C  6.165169667841  1.806040337348  4.595601671884  -0.076197945330  0.141581383760  0.498506151818
  62  C  4.586148714310  4.529971724365  4.594294524453  -0.443835052426  -0.508881895595  0.673736550740
  63  C  1.396679303533  6.266467377961  7.135399574329  0.167800354106  0.400120322374  0.318266631684
  64  C  -1.730647274987  6.247994088371  7.111914130215  0.727044877280  0.151031451139  0.490886500379
  65  C  -0.124362682221  3.546188966642  7.108491193971  0.221103796949  0.274139506495  -0.034759840924
  66  C  2.972436045299  1.739342235395  9.707589423012  0.045433140695  -0.226255117187  0.266998433992
  67  C  6.119598514162  1.770549299539  9.732324361314  -0.462382882426  -0.322662789825  0.574847189435
  68  C  4.521342317087  4.459286407665  9.761626422366  -0.488749700488  -0.032195125310  0.203317134018
  69  C  1.494323263631  6.320869230273  2.015615895453  0.044792720375  0.516158810627  -1.496159925837
  70  C  -1.653597901220  6.285665722991  1.958815158974  0.703435292175  0.823690998082  -0.996070399284
  71  C  -0.066589771260  3.609566303424  1.953363533052  0.986264736278  0.371535049641  -0.926351162478


MDSTEP:  6
LATTICE_CONSTANT: 1.889726125458
LATTICE_VECTORS
  9.172065582485  0.000000000000  0.000000000000
  -4.755226959402  8.185174410476  0.000000000000
  -0.258388597072  -0.205833508923  10.559633441516
VIRIAL (KBAR)
  98.829304226494  77.817947928893  36.704539295585
  77.817947928893  -58.940776392345  30.108065699530
  36.704539295585  30.108065699530  -136.925869411669
INDEX    LABEL    POSITIONS    FORCE (eV/Angstrom)
  0  Si  -0.025141229620  1.789303470812  2.576337948742  3.624147987710  2.149276612189  0.479846359383
  1  Si  3.025524254468  7.229271164425  2.657891372544  -0.266601963781  0.820696652213  -0.514508599754
  2  Si  -3.230829653796  7.182325940051  2.597511902414  4.602832030945  3.174878640115  0.775183503430
  3  Si  4.559791612787  6.331416040825  5.261218420940  -2.999684662061  -1.347207267211  -0.310878796840
  4  Si  1.498402296699  0.877815115496  5.157632188853  0.159046722715  -0.803498549010  -0.010645467363
  5  Si  7.754457145115  0.951743957331  5.259349595197  -3.140446500957  -2.744164297623  -0.624022268253
  6  Si  -0.111769613507  1.755126712585  7.726900940847  3.960571421441  1.576170759935  1.262276998185
  7  Si  2.939524122924  7.184754523243  7.816952808138  -0.279442677751  0.325318907495  -0.549541951427
  8  Si  -3.283952107279  7.137652550840  7.737725525964  3.411236904044  2.842022189366  1.337859878494
  9  Si  4.480732472575  6.270258906944  10.405473316309  -2.566943818577  -1.437233185478  1.789297342405
  10  Si  1.411859037344  0.804542007003  10.307742301433  0.056070543529  -0.293912095705  1.703309192594
  11  Si  7.684568842180  0.859455291216  10.383412026777  -3.296118121172  -2.395251116397  2.037620840763
  12  Si  -1.640417337332  4.479314155924  2.603915450189  4.279205697727  2.475713673072  0.460359145793
  13  Si  1.504075336184  4.514608980615  2.626322695085  -0.274308314936  -0.133493105032  -1.050627003550
  14  Si  -0.109249763126  7.200486938494  2.617842192900  0.251551135365  0.849437564463  -0.588768939200
  15  Si  6.155667784187  3.626484940004  5.260109341328  -2.876974705286  -1.626208430099  -0.460690265448
  16  Si  3.011772204817  3.588292477761  5.222780878310  0.411670833543  0.282407560629  -0.610659876075
  17  Si  4.601141571985  0.913814583708  5.200334270164  0.093627728794  -1.189885837981  -0.130231052436
  18  Si  -1.695871691021  4.419302248700  7.715036427128  3.943246626687  2.711004938815  1.765678288984
  19  Si  1.402610566181  4.470535999230  7.756113498735  0.444946337742  -0.173896569983  0.000847189749
  20  Si  -0.173037512071  7.166213471413  7.772487351935  0.111470682279  0.680296033592  -0.195057622955
  21  Si  6.090627879993  3.587774588164  10.376495432160  -3.190478061526  -2.261595689471  2.308075546492
  22  Si  2.960077135628  3.542636568665  10.356573793422  -0.555069749282  -0.164951746751  1.613889123236
  23  Si  4.556506437291  0.856970349936  10.343463772017  -0.412238668437  -1.171061370998  1.660576182477
  24  Si  3.073759387553  1.819608815932  2.633211674051  0.231351760355  -0.323510344500  -1.396956589666
  25  Si  6.199538869156  1.846167806023  2.669484826291  -0.087740903589  -0.505254546034  -1.035783491446
  26  Si  4.621517223149  4.542075048440  2.674352851963  -0.548150123445  -0.214391421073  -0.956776141735
  27  Si  1.427671722525  6.283633339962  5.210100726757  0.122057472105  0.474409005642  -0.468257419638
  28  Si  -1.691942291621  6.245895926847  5.194789648543  0.678436558569  1.095367656733  -0.531566672567
  29  Si  -0.089141145795  3.556283757764  5.155782024423  0.387459441906  0.603548245579  -0.054819122765
  30  Si  3.007031169826  1.763667005849  7.771875276354  -0.079511091146  -0.219737082629  -0.334714253789
  31  Si  6.159423325205  1.814628635491  7.808873473306  -1.127773210521  -1.085606567249  -0.288640913392
  32  Si  4.553227624773  4.492833349833  7.813281480767  -0.978950629663  -0.248566765183  -0.003135733518
  33  Si  1.364579945001  6.217692031873  10.372847635458  -0.068244858004  0.308432094145  1.428717286712
  34  Si  -1.766344447064  6.201287341412  10.305741680776  0.425777453999  0.609871930386  1.841683974824
  35  Si  -0.186051575718  3.498390998145  10.314257711489  0.481452688881  0.627194268654  1.771391711638
  36  C  -0.074452105563  1.776853053946  4.497669230079  2.726714095123  1.096113695671  0.039611671406
  37  C  2.983687944723  7.217625366939  4.600046935797  -0.064422519197  0.578446277311  0.541079087275
  38  C  -3.255966450639  7.151396069882  4.534669010041  2.895215970706  2.456654122760  -0.267171338549
  39  C  4.528433899480  6.299760590175  7.178451166711  -3.716420740973  -1.920081910120  -1.307028085620
  40  C  1.460448268576  0.838717694566  7.097926869245  0.385915282284  -0.216194947955  0.579391006530
  41  C  7.714164981428  0.914555931391  7.158625720203  -3.874625237651  -2.911944842683  -1.041678542587
  42  C  -0.177104382685  1.735693857196  9.641707881153  3.333769767163  0.881410634476  0.080715265895
  43  C  2.937472662233  7.154182988431  9.724984719242  -0.713272192390  0.534162614004  1.099986324782
  44  C  -3.335616106926  7.126526649651  9.685664524150  2.811748608539  1.871614315990  -0.208747894737
  45  C  4.610572949114  6.358286091274  2.023147207532  -4.307629617070  -2.286228983680  -3.123331468754
  46  C  1.524925143661  0.896846136347  1.955531428008  0.994045094074  -0.267767857577  -0.837223665256
  47  C  7.797124799219  0.958536028151  2.018148559670  -4.132241210189  -2.924521041413  -2.687121173840
  48  C  -1.659237204018  4.467506961061  4.525347105618  2.574680924422  1.094352930828  0.067227458170
  49  C  1.458713415929  4.474991969890  4.553286996780  0.061820317653  0.178518503005  0.337015037879
  50  C  -0.128586138558  7.189760797437  4.585457625024  -0.261972041084  0.600398663428  -0.059284183605
  51  C  6.106696462446  3.607387438975  7.190255308577  -3.675617707033  -2.239199075072  -1.815832419393
  52  C  3.001542571718  3.579695831227  7.137322427228  -0.066037486295  0.114628770379  0.506213923364
  53  C  4.586511047090  0.899694344901  7.137232335547  0.251020030840  -0.758663640496  0.539325248712
  54  C  -1.740096383633  4.412711414698  9.658418818709  3.063240154984  1.588072500086  -0.348364637936
  55  C  1.386139777482  4.443971151606  9.686011923885  -0.047342546253  -0.442478907066  0.715424973939
  56  C  -0.176071753715  7.124814924890  9.732341394481  -0.466651035642  0.891286208373  0.115707022911
  57  C  6.190267407971  3.663408029169  2.029762210397  -4.009336646658  -2.397953490011  -2.912941827889
  58  C  3.077776448986  3.639327534715  1.996501578551  0.294921890809  0.129150712661  -1.129026781653
  59  C  4.685146333211  0.937149358566  2.013469877482  -0.346241595044  -0.586032328297  -1.158040254997
  60  C  3.034259551692  1.790584184644  4.553125791952  0.215197068240  0.042598865933  0.233666206033
  61  C  6.157919477968  1.801002145006  4.588762043620  0.044321778979  0.279825490551  0.636336285003
  62  C  4.591328541430  4.531578405266  4.592856012659  -0.550683871680  -0.525150662162  0.742050834591
  63  C  1.398905869544  6.263615059213  7.132175218298  0.137196869972  0.514067512455  0.372429564557
  64  C  -1.723491446551  6.245193603520  7.118604064807  0.532163580236  0.203263908423  0.359971605206
  65  C  -0.120511820840  3.553736513600  7.104522600134  0.198314269281  0.084172777851  -0.010146225407
  66  C  2.966203497687  1.742333672314  9.711972505982  0.199620193838  -0.265514875018  0.220336132585
  67  C  6.120981932103  1.764914534053  9.724951019957  -0.505275274424  -0.180890259974  0.745817590506
  68  C  4.522234253253  4.464779074616  9.757405837269  -0.487130857635  -0.165955475909  0.279648326540
  69  C  1.499418824621  6.325914932295  2.009080707669  -0.048540792870  0.327116752666  -1.427372398656
  70  C  -1.650767152164  6.279055568346  1.960519950677  0.630408298496  0.893897322595  -1.017637971049
  71  C  -0.067179256384  3.603427548536  1.957996004482  0.995645208246  0.462204973374  -0.981335079297


MDSTEP:  7
LATTICE_CONSTANT: 1.889726125458
LATTICE_VECTORS
  9.172065582485  0.000000000000  0.000000000000
  -4.755226959402  8.185174410476  0.000000000000
  -0.258388597072  -0.205833508923  10.559633441516
VIRIAL (KBAR)
  97.004288075089  78.080709589944  37.527453515026
  78.080709589944  -58.538636057299  30.280417182879
  37.527453515026  30.280417182879  -136.303939024736
INDEX    LABEL    POSITIONS    FORCE (eV/Angstrom)
  0  Si  -0.024322420810  1.795116932313  2.576052834104  3.433095192096  1.884503258130  0.480658639954
  1  Si  3.029312768974  7.230401665156  2.660720260065  -0.456166928299  0.756086270953  -0.615182556412
  2  Si  -3.233564788186  7.183230772677  2.592985066535  4.504127757525  3.173497337831  0.792297522104
  3  Si  4.553213426323  6.327667621723  5.255822366314  -2.533524844881  -1.023939190443  -0.248846608375
  4  Si  1.495818441052  0.875503636934  5.160317184618  0.348587714558  -0.743482905568  -0.062712219614
  5  Si  7.747993004492  0.955733085576  5.263710635286  -2.933779489834  -2.803993903369  -0.721919781971
  6  Si  -0.115659924201  1.755798392307  7.730125108155  4.040331052729  1.558154058408  1.174175699248
  7  Si  2.936770507910  7.182884560042  7.817137292419  -0.095610842639  0.320624940672  -0.532663397875
  8  Si  -3.283520922597  7.143978480035  7.739094069539  3.435542101106  2.753568580159  1.244679883693
  9  Si  4.475177730819  6.268413228845  10.408127278738  -2.369588756053  -1.412353663559  1.728426828903
  10  Si  1.416753310860  0.808379810087  10.309724852599  -0.134028833102  -0.404973246645  1.691386923261
  11  Si  7.682144562231  0.860734336234  10.380641028765  -3.261864430509  -2.503512295588  2.097894936347
  12  Si  -1.642950443622  4.483667136500  2.606133653649  4.476481241179  2.395417163795  0.494309878634
  13  Si  1.500901688219  4.518234876002  2.630453167322  -0.263083673153  -0.114569464986  -1.179135786020
  14  Si  -0.111815052914  7.196095067641  2.614378942709  0.298728271290  0.909789880171  -0.476758079393
  15  Si  6.148999397216  3.621574272589  5.255905016930  -2.737766088592  -1.466492208799  -0.248100065287
  16  Si  3.016525997934  3.584503509646  5.224372176495  0.245981541879  0.414299927722  -0.720873244563
  17  Si  4.602859664087  0.912579153642  5.205825846402  0.092942140790  -1.153160636471  -0.253559320056
  18  Si  -1.698174748627  4.424383176231  7.720811944408  4.158167757371  2.830928034163  1.702265848845
  19  Si  1.405731556214  4.475669905176  7.754213838882  0.332011256587  -0.287119878487  0.048707210476
  20  Si  -0.173708786135  7.170798889855  7.768742211629  0.136116350295  0.610550368613  -0.135110438846
  21  Si  6.084502660745  3.584340466495  10.381429117067  -3.029044695457  -2.111035194731  2.174385224763
  22  Si  2.957103240285  3.541636481249  10.359054494723  -0.485868273453  -0.069400395027  1.587866082496
  23  Si  4.561358613175  0.858262159881  10.343915315436  -0.553584531736  -1.221242230340  1.608384067691
  24  Si  3.077607125770  1.824257043889  2.633646071310  0.215702818527  -0.376533048399  -1.318856235688
  25  Si  6.194299050058  1.850790539750  2.671408269293  0.074191828369  -0.604323275792  -1.038886884175
  26  Si  4.617790129876  4.545693118455  2.678134402929  -0.497176557854  -0.249333348987  -0.960572829122
  27  Si  1.431692919621  6.283457018361  5.207506505284  -0.011387344704  0.518769944278  -0.357793190751
  28  Si  -1.687910588917  6.247992138356  5.190606292873  0.600890592425  1.041069940559  -0.505333095647
  29  Si  -0.085757437823  3.555462182322  5.151239148041  0.249678588808  0.601470612098  0.098117206124
  30  Si  3.002637546774  1.767569977138  7.777304901030  0.062677653460  -0.358564375147  -0.534920309079
  31  Si  6.156708399441  1.818921954118  7.805944816034  -0.995873893039  -1.198504918164  -0.345046922623
  32  Si  4.548987624798  4.488914074876  7.815224442990  -0.888906214203  -0.132743307703  -0.124962790923
  33  Si  1.368296023275  6.213240958032  10.371259678083  -0.183596253289  0.471442768289  1.481371383331
  34  Si  -1.768294545430  6.206425038021  10.303338012358  0.368749834069  0.449919916859  1.826000430425
  35  Si  -0.181351275466  3.504041923516  10.310909253230  0.371394414723  0.466652544141  1.760185714690
  36  C  -0.070583898670  1.771891826706  4.506037412534  2.626258012154  1.144518603548  -0.112573369139
  37  C  2.982857132123  7.209591121416  4.599557077472  -0.061069493476  0.729181759050  0.493485112896
  38  C  -3.249398674132  7.159421271433  4.527417819606  2.515286567122  2.188375213111  -0.061430251480
  39  C  4.532314836677  6.300498519935  7.177533313515  -3.786924438844  -1.962758212303  -1.330578872291
  40  C  1.469448770957  0.842889698600  7.095865989966  0.170785282909  -0.242782416955  0.675458028798
  41  C  7.719479429731  0.904261339920  7.153655988818  -3.993652645915  -2.743342164389  -0.877978957929
  42  C  -0.179068106198  1.731219241546  9.640519261994  3.419892569941  1.040387789597  0.119261828146
  43  C  2.943972661426  7.146405655819  9.726388567884  -0.914003391834  0.687857842063  1.043391515535
  44  C  -3.338205225375  7.125360081379  9.684810905570  2.782692424664  1.904946215944  -0.113787308349
  45  C  4.606363766909  6.351971967350  2.019521830423  -4.134945870737  -2.093425500426  -3.047402533114
  46  C  1.527666030813  0.902573304696  1.956642784922  0.978080157585  -0.318697638755  -0.875430489311
  47  C  7.795342034629  0.952607915321  2.018016994792  -3.928267268683  -2.674913920235  -2.554319430781
  48  C  -1.665298789909  4.460307237287  4.524737852268  2.703386987117  1.241608070456  0.062499224746
  49  C  1.452338691048  4.482664945184  4.546432781296  0.245606615293  0.016096779183  0.523070740607
  50  C  -0.126346845906  7.197721135745  4.591372764701  -0.214086150364  0.469990774001  -0.201110309944
  51  C  6.112409270204  3.612751640605  7.195546025617  -3.994108681285  -2.421526363670  -2.011913887995
  52  C  2.997280008371  3.573567084545  7.130553771697  0.017459112474  0.251392483640  0.656118707641
  53  C  4.589991750270  0.891195021769  7.131025879417  0.157690656780  -0.517270962267  0.760326850455
  54  C  -1.742578411979  4.409991455381  9.657571255093  2.998517610924  1.628345515621  -0.183694421852
  55  C  1.389215095455  4.447613234038  9.690283361222  -0.060458273854  -0.539069652455  0.578237462042
  56  C  -0.183191681450  7.122728763855  9.733331311987  -0.265764226653  0.943721060424  0.073171421359
  57  C  6.190827549817  3.668958323093  2.033482398647  -4.190015075533  -2.543955268636  -2.999439702369
  58  C  3.075079222666  3.647520054228  2.002318003585  0.358225968562  -0.001506428117  -1.168637565591
  59  C  4.690012828077  0.929600950454  2.018050535621  -0.468873968482  -0.424917859609  -1.211619990704
  60  C  3.041194142448  1.794732527549  4.557560421583  0.099206364316  -0.041598799292  0.156080937408
  61  C  6.161937536223  1.805264482184  4.591941077654  -0.119715769592  0.188568589468  0.596805512791
  62  C  4.592875985661  4.539726614423  4.598641169363  -0.623479431730  -0.727711914199  0.604998461873
  63  C  1.402572622752  6.267135106727  7.138515602698  0.077026552964  0.460983859798  0.205543307601
  64  C  -1.717405083541  6.252263258642  7.112196741737  0.400284825094  0.125147614694  0.467128638361
  65  C  -0.124003391397  3.555081820307  7.110557517894  0.276848635190  0.125761522944  -0.103875367398
  66  C  2.957667677151  1.745395039053  9.706648403877  0.435136874463  -0.270053725419  0.368014656409
  67  C  6.121518863247  1.763082721721  9.718783598439  -0.552452650618  -0.150162402336  0.830166950911
  68  C  4.520103905654  4.468767150465  9.750210680113  -0.523261456806  -0.329286202681  0.460229144537
  69  C  1.495622150021  6.326701699780  2.002178674357  0.042069795131  0.318886951689  -1.341944766965
  70  C  -1.657249531743  6.278317325989  1.966803213196  0.712308797124  0.931933671898  -1.107198252261
  71  C  -0.060379284403  3.597582948551  1.959603950459  0.799768527611  0.683807055979  -0.980932749209


MDSTEP:  8
LATTICE_CONSTANT: 1.889726125458
LATTICE_VECTORS
  9.172065582485  0.000000000000  0.000000000000
  -4.755226959402  8.185174410476  0.000000000000
  -0.258388597072  -0.205833508923  10.559633441516
VIRIAL (KBAR)
  93.154820551854  76.640916239510  37.229483014442
  76.640916239510  -58.954417387773  29.333419380040
  37.229483014442  29.333419380040  -137.523629401205
INDEX    LABEL    POSITIONS    FORCE (eV/Angstrom)
  0  Si  -0.023195062548  1.798941825174  2.577783004530  3.194298617032  1.741985189283  0.282825601691
  1  Si  3.026604070525  7.230190321490  2.658109147798  -0.477456741207  0.778339606522  -0.616729039192
  2  Si  -3.236469721286  7.181680576804  2.589565898790  4.483138877614  3.189861851791  0.787215238420
  3  Si  4.549329992979  6.328257604066  5.259095512154  -2.310722317510  -0.942646494151  -0.513663434470
  4  Si  1.491026127512  0.876222232202  5.159807366676  0.421578821247  -0.615160152582  -0.209547407230
  5  Si  7.744353400354  0.950256181512  5.267938703060  -2.783424576445  -2.569552440018  -1.041955530004
  6  Si  -0.115513614655  1.756747486226  7.731753435649  3.671914532178  1.408648298698  1.015932265811
  7  Si  2.936426262515  7.186915552013  7.812396929537  -0.156876557234  0.182023062699  -0.438254469783
  8  Si  -3.280550631312  7.150078903198  7.740090623820  3.017294376763  2.487593108927  1.138465721282
  9  Si  4.474998852742  6.271153249926  10.411067443750  -2.335453193321  -1.507309522545  1.632368890664
  10  Si  1.412877492769  0.805262844073  10.309678771901  0.125282230495  -0.326475952602  1.729554691728
  11  Si  7.684910223909  0.860495436992  10.386414505417  -3.387880488492  -2.508054790522  2.071728942910
  12  Si  -1.646077060105  4.486809934875  2.602564783155  4.504290504966  2.174785164720  0.574365516256
  13  Si  1.498606445446  4.523653325199  2.633402140675  -0.078689077308  -0.317046922096  -1.379548064183
  14  Si  -0.116709647995  7.190802365116  2.612392235113  0.433813934416  0.983913447968  -0.423133555208
  15  Si  6.148724347141  3.618984490307  5.255634262215  -2.835993698251  -1.558852606341  -0.212708058591
  16  Si  3.015601089864  3.587469130896  5.218201798523  0.326783296935  0.299907190909  -0.675082340111
  17  Si  4.596956124714  0.908543881872  5.209887852671  0.362370628690  -1.033953505951  -0.428636024506
  18  Si  -1.701088061005  4.429657645092  7.724549313601  4.198232589884  2.703979795561  1.620298578431
  19  Si  1.408223723812  4.474357367191  7.754457366169  0.367766052199  -0.316533121114  -0.009093486194
  20  Si  -0.175088546673  7.172115968849  7.772095747975  0.143775026567  0.529252364906  -0.157741927830
  21  Si  6.087559363404  3.582457820817  10.380046252224  -3.093842879905  -2.157502656830  2.196689737581
  22  Si  2.959935397162  3.541941731922  10.353638994512  -0.569226390934  -0.172864217471  1.562603728654
  23  Si  4.566579814687  0.862117835017  10.350115671018  -0.641301785356  -1.350676905767  1.534611433154
  24  Si  3.080295678398  1.829556691870  2.627084525462  0.256617093781  -0.513394614639  -1.197311838835
  25  Si  6.188965070639  1.850526435323  2.669007930933  0.227848145359  -0.559808714713  -0.909822466265
  26  Si  4.618225335466  4.550692553167  2.672433261115  -0.393839540530  -0.464615391254  -0.862190915783
  27  Si  1.432523290504  6.288935861141  5.204524337851  -0.098433526525  0.390489023905  -0.203596607232
  28  Si  -1.688871753419  6.243157578651  5.185724352107  0.546340928491  1.136693443987  -0.337907312693
  29  Si  -0.089837697511  3.559005703181  5.151501619912  0.344203821764  0.566204717193  0.070379940778
  30  Si  3.004870835155  1.763206159992  7.772306223001  0.074196052758  -0.268842300158  -0.539590086334
  31  Si  6.155826980829  1.824517898050  7.806004960851  -1.048199870657  -1.290053875095  -0.424609339276
  32  Si  4.552164083370  4.491724236211  7.809538292420  -0.971979354230  -0.239020547311  -0.047004498451
  33  Si  1.371904779565  6.215519072134  10.376551606469  -0.215744756451  0.327595753085  1.344884764650
  34  Si  -1.764999230191  6.205159208843  10.308026344313  0.347820401787  0.513339433824  1.798693394943
  35  Si  -0.178012510412  3.503573372639  10.309367486225  0.315030737671  0.487157712058  1.790828404228
  36  C  -0.076094308648  1.782182017398  4.501034799716  2.582185373087  0.900004241357  0.075808147119
  37  C  2.976380485273  7.211417660689  4.593740969449  0.078473792310  0.692644481092  0.575336564484
  38  C  -3.248772165481  7.170040312793  4.522622056001  2.298181283780  1.915934933992  0.069570276301
  39  C  4.530084767908  6.292006722308  7.167414860900  -3.443114288784  -1.519698806937  -0.978401588055
  40  C  1.461342027217  0.848567402071  7.090280218691  0.292115555532  -0.339864196048  0.772260953392
  41  C  7.710070432809  0.897699931541  7.146603187891  -3.536311114104  -2.422951476349  -0.550469571760
  42  C  -0.172842768448  1.723615811815  9.648040165038  3.316777735900  1.198010948856  -0.059605729182
  43  C  2.947493012482  7.153539528523  9.728481980605  -0.925446879723  0.591085577674  0.995895359827
  44  C  -3.333807141929  7.128911191869  9.693208503637  2.691876233972  1.804084751539  -0.225422682579
  45  C  4.602008980762  6.347815749660  2.015195460694  -4.007262312851  -1.916689416758  -3.007521018936
  46  C  1.533542058935  0.901628381428  1.954026221963  0.822164028179  -0.296806723360  -0.881487664674
  47  C  7.782958831000  0.952748381691  2.024698294983  -3.451520157968  -2.534811309973  -2.542047502281
  48  C  -1.669161520133  4.452794090222  4.532976620744  2.855449621868  1.493791831446  -0.253906438874
  49  C  1.451160936324  4.484385076284  4.538720685950  0.228917047796  0.063731826140  0.649840379795
  50  C  -0.127537719161  7.200967691269  4.598357406605  -0.233742771580  0.351928952856  -0.362357458860
  51  C  6.111459250096  3.616880297642  7.187312629419  -3.842027183704  -2.462057184666  -1.838134002489
  52  C  3.002610741190  3.573915284980  7.125430189711  -0.052091996506  0.219804834362  0.684504552413
  53  C  4.593454486407  0.885774581058  7.123161575169  0.081609928405  -0.443636654164  0.945471506022
  54  C  -1.744984114820  4.417863075150  9.660375209566  3.060497192607  1.431726075229  -0.244604871407
  55  C  1.383435354102  4.443304854743  9.681819082815  0.111622969900  -0.430903248099  0.748135393983
  56  C  -0.181608970523  7.115296105542  9.733178144045  -0.243424593563  1.085888279170  0.168261594521
  57  C  6.196750302730  3.658902135952  2.023744479130  -4.237898600871  -2.326933541259  -2.930682125264
  58  C  3.083983070174  3.642877598908  1.994945985791  0.155286687661  0.178813958506  -1.081006980060
  59  C  4.697035077642  0.932649058128  2.021756935012  -0.688316951107  -0.567346432439  -1.326809807123
  60  C  3.049946198052  1.787663917129  4.555828768837  -0.151358659615  0.137887203142  0.131076462964
  61  C  6.168254180506  1.810044988660  4.587231604406  -0.359164148749  0.017359267429  0.717907171347
  62  C  4.601576486810  4.539682028937  4.603490277416  -0.790471727070  -0.659813284409  0.380660730440
  63  C  1.396779453687  6.261975726545  7.147444657192  0.196313437575  0.588761161179  -0.005194738290
  64  C  -1.722007912424  6.251425409398  7.118493742600  0.471960348035  0.220250487040  0.319570173856
  65  C  -0.116348115079  3.557919034290  7.103114741507  0.048111281033  0.081629162047  0.080824530092
  66  C  2.965927071598  1.740304748173  9.700799688668  0.275009462770  -0.238240353814  0.449172333361
  67  C  6.119367227806  1.757971618524  9.714699269339  -0.381426945341  -0.030456621238  0.873340532863
  68  C  4.520053017096  4.462722492895  9.750593676892  -0.465868830140  -0.134884979605  0.386237294620
  69  C  1.498997898466  6.319170879121  1.995097674002  -0.046341111064  0.501909263724  -1.289068038452
  70  C  -1.658061417541  6.270545587830  1.962281337506  0.649374285637  1.100394036847  -1.081834504485
  71  C  -0.053572202023  3.605430446150  1.950406787861  0.676330090453  0.560048520614  -0.888639683641


MDSTEP:  9
LATTICE_CONSTANT: 1.889726125458
LATTICE_VECTORS
  9.172065582485  0.000000000000  0.000000000000
  -4.755226959402  8.185174410476  0.000000000000
  -0.258388597072  -0.205833508923  10.559633441516
VIRIAL (KBAR)
  90.968438239453  74.743817922112  36.008922687529
  74.743817922112  -59.382465627098  29.101708136049
  36.008922687529  29.101708136049  -137.111267914284
INDEX    LABEL    POSITIONS    FORCE (eV/Angstrom)
  0  Si  -0.027973896721  1.804485079271  2.578951245757  3.157456873739  1.556075524041  0.203320796057
  1  Si  3.030161533586  7.224764829388  2.661670191492  -0.509141551950  0.844139884223  -0.700178504836
  2  Si  -3.231655435719  7.180207336948  2.586398785689  4.262523953926  3.087149725399  0.848469851630
  3  Si  4.549381714235  6.323989448042  5.263945143755  -2.353405763186  -0.985461888273  -0.631707484153
  4  Si  1.493442995809  0.871023851595  5.154808085317  0.388441448028  -0.512055609808  -0.087511096101
  5  Si  7.747942590972  0.949752273140  5.265731157663  -2.983700941254  -2.703453726556  -1.006332666964
  6  Si  -0.119574957746  1.751311437723  7.732780136933  3.699012229944  1.451647439648  1.011852599713
  7  Si  2.937615183397  7.189944012166  7.814052421982  -0.142257094041  0.171251201103  -0.574827361340
  8  Si  -3.275899319205  7.146378272714  7.742904955534  2.867927252664  2.611599848001  1.127747160212
  9  Si  4.468722833498  6.276933663993  10.412582362299  -2.148174363011  -1.561529468699  1.526564911945
  10  Si  1.408141523606  0.799016333707  10.309615508366  0.372307510140  -0.172724871200  1.717275396696
  11  Si  7.686594764405  0.863777313048  10.387332276207  -3.589966820702  -2.526457279428  2.108319891342
  12  Si  -1.644464636420  4.488418333409  2.606955400501  4.005490404450  1.845072942446  0.279379429962
  13  Si  1.501763210125  4.518694855383  2.626620814107  -0.049577999916  -0.148432806115  -1.269876946830
  14  Si  -0.114907084886  7.195119242565  2.607508807963  0.349999228697  0.911820491550  -0.335905983046
  15  Si  6.151032654705  3.620416866102  5.257758350354  -2.842162414217  -1.638735324008  -0.304773119516
  16  Si  3.010590006546  3.590773629090  5.220803423314  0.540106008507  0.282188231315  -0.671417868865
  17  Si  4.599191317700  0.906076581424  5.208983700201  0.294157594256  -0.971368733102  -0.414083315114
  18  Si  -1.702285384406  4.425532860436  7.726350200563  3.975592222474  2.644892738147  1.525732185602
  19  Si  1.414690038873  4.470277582738  7.755440356227  0.237204776031  -0.258073933728  -0.013179608275
  20  Si  -0.174301430277  7.170104111998  7.773449689664  0.094938768569  0.565556924180  -0.156003988965
  21  Si  6.080020387852  3.575815004352  10.379796194049  -2.946048238377  -1.931066354443  2.189898366076
  22  Si  2.960026150525  3.542602089405  10.360588724706  -0.522852289835  -0.173230860927  1.432438865078
  23  Si  4.564282732541  0.859000986420  10.345649865476  -0.689339759294  -1.279492197916  1.585622918724
  24  Si  3.078556057073  1.834937386673  2.632215401663  0.258575765830  -0.572808178096  -1.322211564108
  25  Si  6.189033874888  1.852617420287  2.669649118828  0.024754932727  -0.615679041009  -0.837996809594
  26  Si  4.613721354175  4.554249262553  2.669735908750  -0.269154122233  -0.579841842001  -0.818464864764
  27  Si  1.437510712466  6.288340671011  5.206497525054  -0.236560428835  0.463105803625  -0.257963747543
  28  Si  -1.690976086534  6.246735500121  5.189154037555  0.547812773376  1.144445788313  -0.368699261221
  29  Si  -0.084210866620  3.562171235007  5.157656900806  0.215136909068  0.511692547131  -0.036002864673
  30  Si  3.004834649869  1.760266166729  7.769501900458  0.072365614214  -0.181819960067  -0.432062225300
  31  Si  6.150256963142  1.821307345894  7.803894897144  -1.091468100231  -1.142065993677  -0.399951581774
  32  Si  4.552171895950  4.495717443056  7.814834068178  -1.054208656265  -0.389026181177  -0.141500978162
  33  Si  1.372028926582  6.211073803948  10.373116364890  -0.233853001374  0.509590025657  1.377384357113
  34  Si  -1.763118119168  6.205506340806  10.303747707728  0.259218939477  0.359187887844  1.825460574409
  35  Si  -0.177156824625  3.497345667738  10.313925823202  0.311878869872  0.716079269151  1.699358518032
  36  C  -0.081444241519  1.776471325540  4.502782431101  2.858439437608  1.174248430481  -0.024952948966
  37  C  2.975373222348  7.203192962449  4.584748993157  0.177147869669  0.762149794417  0.806887052975
  38  C  -3.254897699180  7.169319075675  4.528123415948  2.428001556935  1.970579786044  -0.058939831398
  39  C  4.534794812743  6.286923397402  7.166591861061  -3.511448528758  -1.353642182007  -0.893667660255
  40  C  1.468402315199  0.854363153205  7.096534721487  0.071498705732  -0.511814505208  0.604856930382
  41  C  7.700024959770  0.903881248422  7.137537834261  -3.308691707999  -2.505279031100  -0.342381963771
  42  C  -0.170361013075  1.723202817059  9.655626485057  3.308042586475  1.174550303097  -0.232200337678
  43  C  2.944664023958  7.162967778358  9.719921036234  -0.887330094500  0.504452983845  1.176519517533
  44  C  -3.329664173272  7.131982000031  9.693953221695  2.486841202036  1.657549459540  -0.165217421102
  45  C  4.603308546276  6.339014984960  2.013951954075  -3.900985580177  -1.592669712633  -2.980626154854
  46  C  1.534725083565  0.896730275200  1.958082517912  0.706791468251  -0.184831458718  -0.886509050638
  47  C  7.772369891519  0.955007784547  2.028665162482  -3.139358474072  -2.501121000672  -2.539169621115
  48  C  -1.674112556444  4.460343636229  4.526495630857  3.026255534192  1.347613406828  -0.055708872428
  49  C  1.459571076827  4.488236152294  4.539128759107  0.047570303949  -0.030381684929  0.583141302509
  50  C  -0.129561895526  7.201850291359  4.593995524119  -0.173748617974  0.317471920648  -0.250418404559
  51  C  6.102145035900  3.618323289869  7.179867320238  -3.548535258798  -2.384764377565  -1.638765035161
  52  C  2.997743468746  3.567304383908  7.128661585098  0.077757239241  0.365750184452  0.608318032443
  53  C  4.586303203248  0.886570778516  7.125530417473  0.187881274572  -0.532448846730  0.867521884458
  54  C  -1.749077774126  4.412120713741  9.653384012095  3.039762035249  1.406627972450  -0.028677179655
  55  C  1.387924260318  4.450610474559  9.678389903175  0.026967182108  -0.653697398568  0.849030622045
  56  C  -0.186258435619  7.114317133188  9.734649084504  -0.106557902868  1.078977782928  0.141793750704
  57  C  6.183630832475  3.657390926965  2.016996034516  -3.604361146957  -2.048409912189  -2.703389198618
  58  C  3.090427207313  3.646160051504  1.986007354678  -0.008908829495  0.114451520115  -1.044832826742
  59  C  4.686498900581  0.933532748133  2.026446344627  -0.504286461167  -0.554161692843  -1.333020414863
  60  C  3.049753031331  1.797303333638  4.552263586029  -0.145720691037  -0.019017422476  0.241320633474
  61  C  6.173848900227  1.803334082601  4.597584224166  -0.422533015596  0.158930355498  0.500469575131
  62  C  4.610881627592  4.537627334799  4.596758896503  -0.993104183727  -0.642693728611  0.497418828328
  63  C  1.399533197914  6.263732796648  7.151581505981  0.190387480533  0.514297842527  -0.074691030054
  64  C  -1.727449017135  6.256359889054  7.126024616105  0.664894166472  0.041673654647  0.190883277880
  65  C  -0.118898789256  3.557115780874  7.108079980250  0.116440575594  0.094456165208  0.045515944394
  66  C  2.969554120279  1.744816237079  9.694183933296  0.123766100524  -0.339157817443  0.598709801789
  67  C  6.113777114755  1.762960502801  9.718807901507  -0.276306335937  -0.195977644508  0.729917182939
  68  C  4.520026481417  4.463921267098  9.747424209257  -0.531419892853  -0.068435859163  0.494666948252
  69  C  1.501263738474  6.320923564066  2.001947480999  -0.061538121526  0.437152668846  -1.398297344329
  70  C  -1.659507074691  6.262681844621  1.968800651242  0.743761321095  1.276158446131  -1.175354162993
  71  C  -0.048641066685  3.613041494522  1.940330829337  0.569598271932  0.389239576117  -0.788325807505


MDSTEP:  10
LATTICE_CONSTANT: 1.889726125458
LATTICE_VECTORS
  9.172065582485  0.000000000000  0.000000000000
  -4.755226959402  8.185174410476  0.000000000000
  -0.258388597072  -0.205833508923  10.559633441516
VIRIAL (KBAR)
  86.490317385353  72.102030668890  36.028749086565
  72.102030668890  -58.871018679966  28.866579409368
  36.028749086565  28.866579409368  -137.168751645892
INDEX    LABEL    POSITIONS    FORCE (eV/Angstrom)
  0  Si  -0.024025416447  1.809916292904  2.578425146456  2.765437582261  1.412458880750  0.180856730248
  1  Si  3.034918480460  7.224809920555  2.654784254224  -0.687024187789  0.855128096157  -0.585842294357
  2  Si  -3.229331553443  7.183933288242  2.590275381275  4.082972922627  2.962918294538  0.770326454196
  3  Si  4.547528602671  6.317586260197  5.259773870570  -2.247785042152  -0.789914345264  -0.608058498837
  4  Si  1.488984937940  0.874078567958  5.161016426517  0.481596739864  -0.501679900625  -0.229966973460
  5  Si  7.744436089559  0.955335715354  5.268155166636  -2.749233805643  -2.825823578406  -1.104179288568
  6  Si  -0.111489714222  1.751624877366  7.729863971499  3.267482896072  1.193221462996  0.873595033290
  7  Si  2.935034566319  7.184473284613  7.818463156866  0.045731693333  0.204834908892  -0.599969111715
  8  Si  -3.278926956525  7.147322570467  7.748784972041  2.903324603975  2.529865076000  0.951289411590
  9  Si  4.462146848813  6.272542740818  10.416617079906  -1.802022189292  -1.264960143907  1.384643928961
  10  Si  1.402890616015  0.804904372776  10.311674274551  0.490421381889  -0.222638665493  1.721677016836
  11  Si  7.686324776320  0.866850497215  10.382342376246  -3.567150166708  -2.613402665647  2.234469799113
  12  Si  -1.641832521176  4.486914751028  2.610940640115  3.791167860408  1.832097348463  0.035479419819
  13  Si  1.499649226163  4.522399901728  2.630947273450  -0.001859448577  -0.270924642756  -1.430911833146
  14  Si  -0.113899949366  7.201535127788  2.608448664515  0.485200825028  0.779547355607  -0.367320160407
  15  Si  6.150243439588  3.616536958107  5.258283011244  -2.834054032747  -1.474452769386  -0.393221455758
  16  Si  3.006794394678  3.587430009486  5.214078756907  0.495004624782  0.479428244731  -0.493327619761
  17  Si  4.598985523921  0.906708658340  5.203755977565  0.365281584704  -0.995602381508  -0.332467447076
  18  Si  -1.703556313761  4.430332485830  7.728774083627  3.985975349469  2.500266527458  1.387245434005
  19  Si  1.410689281156  4.475180014236  7.760419183981  0.298323427885  -0.499813816323  -0.034651337397
  20  Si  -0.167902695058  7.176848784431  7.777388731088  -0.032933012628  0.423349809240  -0.214559520267
  21  Si  6.079905103587  3.575727206255  10.381544207847  -2.922702358621  -1.968321304101  2.168284300957
  22  Si  2.961967238738  3.537436133223  10.366877160842  -0.625607539439  -0.063876907053  1.440934874973
  23  Si  4.563117786384  0.858296123227  10.348808869980  -0.653067721365  -1.303345807291  1.572104777107
  24  Si  3.075541389169  1.828424099456  2.633539961738  0.407975191041  -0.409258376461  -1.357441535165
  25  Si  6.193932232240  1.853214704535  2.674761202232  -0.118666828958  -0.605841734227  -1.079346860639
  26  Si  4.612210007106  4.557815792385  2.664476040071  -0.327420214305  -0.736331082095  -0.727518109986
  27  Si  1.436454657861  6.285020554215  5.209334100613  -0.109624454775  0.591259629673  -0.326376271812
  28  Si  -1.689910039691  6.247950820244  5.188905452326  0.477150561299  1.072456188557  -0.404398374606
  29  Si  -0.088297485347  3.566025023344  5.155575606976  0.315619023242  0.510610663853  -0.007928171057
  30  Si  2.998744240402  1.763309722376  7.766896820786  0.124754632907  -0.310913688360  -0.354617443038
  31  Si  6.154697455575  1.817979736564  7.808814561088  -1.121895981911  -1.056026146358  -0.543065591061
  32  Si  4.550682771337  4.501707348806  7.821674176550  -1.062291334590  -0.645409171126  -0.289754099372
  33  Si  1.369679860967  6.209506203847  10.373274887391  -0.200672375948  0.605818331557  1.493111456950
  34  Si  -1.769621620809  6.207721667184  10.304681762677  0.469201986373  0.334644519707  1.826338564902
  35  Si  -0.174925335226  3.497635358407  10.308687257604  0.273801519924  0.794451450231  1.750628275233
  36  C  -0.078251620406  1.785921070359  4.510226820827  2.736417839496  1.007777625628  -0.146237388004
  37  C  2.979408157477  7.200211749542  4.576932061855  0.070250642574  0.810243679368  0.935809104203
  38  C  -3.255190926944  7.179260287966  4.531477473318  2.371019158621  1.794109252392  -0.047877266933
  39  C  4.540153280504  6.277222869698  7.164290221910  -3.598465709512  -1.169854261554  -0.813597410450
  40  C  1.462865980014  0.846597090898  7.089577068943  0.201453247902  -0.411480977295  0.793584060513
  41  C  7.698626065833  0.891268013458  7.135940168839  -3.032561285665  -2.204521518073  -0.135733998711
  42  C  -0.169320998412  1.722431675971  9.652871777973  3.339669907988  1.242182261244  -0.265382324086
  43  C  2.942258360399  7.168798472261  9.726242509893  -0.832895927526  0.406427455697  1.096179024561
  44  C  -3.319231189417  7.139267367440  9.691786390388  1.938481956779  1.434314092785  0.067599098631
  45  C  4.598470138387  6.336328518026  2.020199614462  -3.538364320103  -1.371087289633  -3.040173437448
  46  C  1.535294233711  0.906680482674  1.963909528491  0.636203734906  -0.384302210967  -0.970713498877
  47  C  7.766704503704  0.956380598538  2.018961793228  -2.703496921165  -2.333930724927  -2.363849148166
  48  C  -1.672680838717  4.451955175709  4.516536143034  2.855527958043  1.498979395285  0.198885794272
  49  C  1.451402066969  4.497529310352  4.531678659322  0.150890987828  -0.244237502661  0.786296337925
  50  C  -0.128883109907  7.195219780240  4.589130233655  -0.180405118722  0.478266024450  -0.129724726875
  51  C  6.103278623851  3.621390386843  7.173895366776  -3.555887513705  -2.469414076266  -1.463209387630
  52  C  2.989858124833  3.560354297234  7.133389395958  0.166970523180  0.563330466207  0.469890374729
  53  C  4.586547475870  0.887815629110  7.125282579865  0.187801235007  -0.507624882114  0.850617518520
  54  C  -1.751775529714  4.412749193093  9.647760764922  3.021011896512  1.402851022147  0.092574497538
  55  C  1.391381525374  4.458488493879  9.682673993495  -0.018698861902  -0.854823001292  0.783664195691
  56  C  -0.184875744803  7.112979070680  9.737854398240  -0.180909638722  1.106403342549  0.120766656870
  57  C  6.178133530035  3.661006424792  2.010688442806  -3.332052197961  -1.964395103843  -2.593638512286
  58  C  3.090763854641  3.639904364269  1.982170417151  -0.048879947886  0.188343250115  -0.979863018332
  59  C  4.687132202849  0.929142067457  2.021086135850  -0.457789096431  -0.434653931149  -1.212798765050
  60  C  3.053365162556  1.804770229405  4.551891850305  -0.251877862257  -0.221265829996  0.235516609612
  61  C  6.183183870481  1.804318745718  4.591794128569  -0.655521660872  0.122502458177  0.617410698490
  62  C  4.604493400468  4.540629572418  4.594331785645  -0.851627339046  -0.796684288897  0.460787445405
  63  C  1.408944154809  6.257148468411  7.160976717667  -0.028055669177  0.664293212148  -0.254829858826
  64  C  -1.729210941792  6.254865611371  7.124522358379  0.796144199935  0.154879133375  0.245931703410
  65  C  -0.116092169381  3.548490173957  7.104254755204  0.023330871339  0.345920393422  0.135069179068
  66  C  2.965359350623  1.747919926350  9.699207611557  0.183319636563  -0.409084252805  0.483105252075
  67  C  6.122961705651  1.752967985304  9.718588648323  -0.512150138610  0.022360711460  0.757815080503
  68  C  4.514260866565  4.464984340638  9.751277682771  -0.408234508694  -0.122266573946  0.484158110285
  69  C  1.503487299436  6.312821847974  2.010944135750  -0.089043063420  0.664961539777  -1.524504839032
  70  C  -1.650316662456  6.269592629719  1.974849238565  0.523608653694  1.155483164096  -1.212480149941
  71  C  -0.050765483217  3.618304873354  1.936937980650  0.612400619374  0.312178283074  -0.767110492345


