1.32656 0.167935
1.87604 0.297491
2.29767 0.409901
2.65312 0.310341
2.96628 0.632946
3.2494 0.741784
3.75208 0.653969
3.97968 1.12947
4.19495 0.760354
4.3997 0.659939
4.59534 0.388886
4.78298 0.831378
4.96353 1.17734
5.30624 1.05643
5.46955 0.942158
5.62812 1.31937
5.78234 1.13488
5.93256 1.21469
6.07906 1.15898
6.22212 0.954795
6.49879 1.42856
6.6328 1.42298
6.76416 0.739915
6.89301 1.03439
7.14374 0.943183
7.26587 0.984094
7.50416 0.954448
7.62051 0.989969
7.73511 1.10763
7.84803 1.14592
7.95936 0.831941
8.06915 1.09111
8.17747 1.09693
8.3899 0.765447
8.49413 0.932756
8.59709 0.967282
8.69884 0.916869
8.7994 1.01185
8.89884 0.893268
8.99717 1.01255
9.19068 0.607474
9.28592 0.941192
9.3802 0.955372
9.47353 0.695223
9.56596 0.957924
9.6575 0.802796
9.74819 1.2518
9.92707 1.05179
10.0153 1.02417
10.1895 1.13744
10.3608 1.085
10.4453 0.918181
10.6951 1.0876
10.777 0.877025
10.9391 0.950274
11.0988 1.13241
11.2562 0.664974
11.3341 0.906562
11.4883 0.694058
11.5647 0.678278
11.6405 0.866218
11.939 0.969126
12.302 0.88411
12.4442 0.987857
13.0651 0.781879
13.786 1.12759
