1     # ionic step
 Electronic state energy (eV) and occupations
 Spin number 2
 spin=1 k-point=1/1 Cartesian=0.0000000 0.0000000 0.0000000 (72605 plane wave)
 1 -93.19730637478263 1.000000000000000
 2 -93.19729882472284 1.000000000000000
 3 -93.19724570706907 1.000000000000000
 4 -93.19723549142225 1.000000000000000
 5 -93.19721690694435 1.000000000000000
 6 -93.19721532736746 1.000000000000000
 7 -93.19713525688572 1.000000000000000
 8 -93.19712373313844 1.000000000000000
 9 -93.19709221813160 1.000000000000000
 10 -84.39243759333824 1.000000000000000
 11 -84.39243305205015 1.000000000000000
 12 -84.39242622784668 1.000000000000000
 13 -84.39226429964702 1.000000000000000
 14 -84.39225625001195 1.000000000000000
 15 -84.39224531440725 1.000000000000000
 16 -84.39224479818776 1.000000000000000
 17 -84.39222590982767 1.000000000000000
 18 -84.39221893038308 1.000000000000000
 19 -71.09805965039757 1.000000000000000
 20 -71.09805222815294 1.000000000000000
 21 -71.09804620950275 1.000000000000000
 22 -71.09801458607161 1.000000000000000
 23 -71.09801289332489 1.000000000000000
 24 -71.09800119914978 1.000000000000000
 25 -71.09799351848716 1.000000000000000
 26 -71.09799083800981 1.000000000000000
 27 -71.09798360858443 1.000000000000000
 28 -53.70466599158835 1.000000000000000
 29 -53.70464446762852 1.000000000000000
 30 -53.70456621011068 1.000000000000000
 31 -53.70455304721460 1.000000000000000
 32 -53.70451515117807 1.000000000000000
 33 -53.70449905176547 1.000000000000000
 34 -53.70444211299183 1.000000000000000
 35 -53.70442892476967 1.000000000000000
 36 -53.70439736376014 1.000000000000000
 37 -53.70287837725253 1.000000000000000
 38 -53.70285519578943 1.000000000000000
 39 -53.70283413950910 1.000000000000000
 40 -53.70278273323441 1.000000000000000
 41 -53.70277649668351 1.000000000000000
 42 -53.70275143089103 1.000000000000000
 43 -53.70268100606435 1.000000000000000
 44 -53.70266826266733 1.000000000000000
 45 -53.70262390792881 1.000000000000000
 46 -53.55898164441987 1.000000000000000
 47 -53.55896823166238 1.000000000000000
 48 -53.55892633428360 1.000000000000000
 49 -53.55891897359427 1.000000000000000
 50 -53.55887126079428 1.000000000000000
 51 -53.55885528729215 1.000000000000000
 52 -53.55882683059198 1.000000000000000
 53 -53.55876766969642 1.000000000000000
 54 -53.55874304607912 1.000000000000000
 55 -47.72551348859280 1.000000000000000
 56 -47.72549118977916 1.000000000000000
 57 -47.72548880471135 1.000000000000000
 58 -47.72535615223757 1.000000000000000
 59 -47.72532005958558 1.000000000000000
 60 -47.72530786611748 1.000000000000000
 61 -47.72529494786838 1.000000000000000
 62 -47.72528117240375 1.000000000000000
 63 -47.72524675559493 1.000000000000000
 64 -47.72433031161611 1.000000000000000
 65 -47.72432692882890 1.000000000000000
 66 -47.72428384346986 1.000000000000000
 67 -47.72415795883315 1.000000000000000
 68 -47.72415195203115 1.000000000000000
 69 -47.72410284123598 1.000000000000000
 70 -47.72409663883212 1.000000000000000
 71 -47.72408187332820 1.000000000000000
 72 -47.72407793498264 1.000000000000000
 73 -47.54969549132698 1.000000000000000
 74 -47.54968680434061 1.000000000000000
 75 -47.54965955022386 1.000000000000000
 76 -47.54953165669716 1.000000000000000
 77 -47.54952625222219 1.000000000000000
 78 -47.54948946697373 1.000000000000000
 79 -47.54948231408454 1.000000000000000
 80 -47.54947153310330 1.000000000000000
 81 -47.54942784133825 1.000000000000000
 82 -39.95378419724268 1.000000000000000
 83 -39.95377661256068 1.000000000000000
 84 -39.95374049702865 1.000000000000000
 85 -39.95373572936728 1.000000000000000
 86 -39.95372694008260 1.000000000000000
 87 -39.95371775017409 1.000000000000000
 88 -39.95365850125159 1.000000000000000
 89 -39.95361291748561 1.000000000000000
 90 -39.95360512617034 1.000000000000000
 91 -39.95208426933845 1.000000000000000
 92 -39.95207814819674 1.000000000000000
 93 -39.95204143472824 1.000000000000000
 94 -39.95203691942977 1.000000000000000
 95 -39.95202476546478 1.000000000000000
 96 -39.95201608022793 1.000000000000000
 97 -39.95196243739060 1.000000000000000
 98 -39.95191723130247 1.000000000000000
 99 -39.95190379963287 1.000000000000000
 100 -39.83203640605070 1.000000000000000
 101 -39.83202402630460 1.000000000000000
 102 -39.83201834919848 1.000000000000000
 103 -39.83200003987149 1.000000000000000
 104 -39.83198638178882 1.000000000000000
 105 -39.83198190103786 1.000000000000000
 106 -39.83193602642464 1.000000000000000
 107 -39.83193235053916 1.000000000000000
 108 -39.83192645177209 1.000000000000000
 109 -33.93185945847262 1.000000000000000
 110 -33.93162031509907 1.000000000000000
 111 -33.93157435184045 1.000000000000000
 112 -33.90824182387204 1.000000000000000
 113 -33.90823677794955 1.000000000000000
 114 -33.90821224275994 1.000000000000000
 115 -33.90820726520966 1.000000000000000
 116 -33.90815584353317 1.000000000000000
 117 -33.90815201869093 1.000000000000000
 118 -33.90717310497281 1.000000000000000
 119 -33.90717203508019 1.000000000000000
 120 -33.90713446130079 1.000000000000000
 121 -33.90713303907733 1.000000000000000
 122 -33.90708114050828 1.000000000000000
 123 -33.90707970793897 1.000000000000000
 124 -33.90644869231379 1.000000000000000
 125 -33.90644678470784 1.000000000000000
 126 -33.90641299127611 1.000000000000000
 127 -33.90641152984891 1.000000000000000
 128 -33.90635048560036 1.000000000000000
 129 -33.90634931541761 1.000000000000000
 130 -33.89558774741408 1.000000000000000
 131 -33.89557690199240 1.000000000000000
 132 -33.89551694118769 1.000000000000000
 133 -33.89455085387578 1.000000000000000
 134 -33.89453765783291 1.000000000000000
 135 -33.89447755156602 1.000000000000000
 136 -9.245360248701614 1.000000000000000
 137 -9.151055370559225 1.000000000000000
 138 -9.151050935951965 1.000000000000000
 139 -8.248323292546154 1.000000000000000
 140 -8.248321951347998 1.000000000000000
 141 -8.239801862295888 1.000000000000000
 142 -8.239795916717528 1.000000000000000
 143 -8.228932968175808 1.000000000000000
 144 -8.228932771505660 1.000000000000000
 145 -8.157960890740927 1.000000000000000
 146 -8.157956718672688 1.000000000000000
 147 -8.156616675168909 1.000000000000000
 148 -8.156616250855047 1.000000000000000
 149 -8.146787288423583 1.000000000000000
 150 -8.146785918303117 1.000000000000000
 151 -8.137882963917884 1.000000000000000
 152 -8.137882395748422 1.000000000000000
 153 -8.133553729370762 1.000000000000000
 154 -8.133553468264600 1.000000000000000
 155 -8.132750235451926 1.000000000000000
 156 -8.132744427916174 1.000000000000000
 157 -7.695774957472459 1.000000000000000
 158 -7.695745606041922 1.000000000000000
 159 -7.604252928760046 1.000000000000000
 160 -7.604252792936943 1.000000000000000
 161 -7.602796986702447 1.000000000000000
 162 -7.602796570647056 1.000000000000000
 163 -7.594878380995640 1.000000000000000
 164 -7.594873717105677 1.000000000000000
 165 -7.589634991664422 1.000000000000000
 166 -7.589367703037387 1.000000000000000
 167 -7.589356569094914 1.000000000000000
 168 -7.582455982031628 1.000000000000000
 169 -7.582451966370889 1.000000000000000
 170 -7.582436806931412 1.000000000000000
 171 -7.579930131740319 1.000000000000000
 172 -7.579929286796275 1.000000000000000
 173 -7.549902858536752 1.000000000000000
 174 -7.549899445735756 1.000000000000000
 175 -7.549866430045444 1.000000000000000
 176 -7.549865706648766 1.000000000000000
 177 -7.541608069425186 1.000000000000000
 178 -7.494226391924308 1.000000000000000
 179 -7.494218752292776 1.000000000000000
 180 -7.494198585966540 1.000000000000000
 181 -7.487069792902280 1.000000000000000
 182 -7.487058473531279 1.000000000000000
 183 -7.486746539476596 1.000000000000000
 184 -7.473397944135627 1.000000000000000
 185 -7.473397618466993 1.000000000000000
 186 -7.472487165809444 1.000000000000000
 187 -7.472481307283618 1.000000000000000
 188 -7.434181835817454 1.000000000000000
 189 -7.434180841054043 1.000000000000000
 190 3.614295260182137 1.000000000000000
 191 3.893133378233297 1.000000000000000
 192 3.893133824581495 1.000000000000000
 193 3.905415489129154 1.000000000000000
 194 3.905415925201666 1.000000000000000
 195 3.910602283387357 1.000000000000000
 196 3.910603222277990 1.000000000000000
 197 3.959556847704101 1.000000000000000
 198 3.959557293571091 1.000000000000000
 199 4.017098677672712 1.000000000000000
 200 4.017101821190382 1.000000000000000
 201 4.060490325895639 1.000000000000000
 202 4.060490550207017 1.000000000000000
 203 4.187905142210472 1.000000000000000
 204 4.187917560819408 1.000000000000000
 205 4.236175597741587 1.000000000000000
 206 4.236683826396771 1.000000000000000
 207 4.236910133392147 1.000000000000000
 208 4.236913745405182 1.000000000000000
 209 4.246497032654639 1.000000000000000
 210 4.246497805031620 1.000000000000000
 211 4.254363073350517 1.000000000000000
 212 4.254367147002549 1.000000000000000
 213 4.259964344142507 1.000000000000000
 214 4.259970244800584 1.000000000000000
 215 4.387465669018788 1.000000000000000
 216 4.387465894723122 1.000000000000000
 217 4.444092818147117 1.000000000000000
 218 4.444093222016299 1.000000000000000
 219 4.454792440592692 1.000000000000000
 220 4.454792735002493 1.000000000000000
 221 4.542460675558659 1.000000000000000
 222 4.542462052783761 1.000000000000000
 223 4.599519938098118 1.000000000000000
 224 4.611832669108516 1.000000000000000
 225 4.611839329208540 1.000000000000000
 226 4.632920231251499 1.000000000000000
 227 4.632922460330947 1.000000000000000
 228 4.640270952122384 1.000000000000000
 229 4.654038582167150 1.000000000000000
 230 4.654039468522985 1.000000000000000
 231 4.695300821409967 1.000000000000000
 232 4.695302346782070 1.000000000000000
 233 4.768225013355251 1.000000000000000
 234 4.768225422709458 1.000000000000000
 235 4.771074681463982 1.000000000000000
 236 4.771075288649078 1.000000000000000
 237 4.787089882480253 1.000000000000000
 238 4.792982079321041 1.000000000000000
 239 4.792996818573578 1.000000000000000
 240 4.819479251906677 1.000000000000000
 241 4.819484421883216 1.000000000000000
 242 4.840466213692807 1.000000000000000
 243 4.867205951383434 1.000000000000000
 244 4.867218302618863 1.000000000000000
 245 4.871721433955094 1.000000000000000
 246 4.871721571499715 1.000000000000000
 247 5.122208566406607 1.000000000000000
 248 5.122209508568131 1.000000000000000
 249 5.148005618605145 1.000000000000000
 250 5.148006390184464 1.000000000000000
 251 5.149320585468355 1.000000000000000
 252 5.149326322930023 1.000000000000000
 253 5.160073619834534 1.000000000000000
 254 5.170029263971871 1.000000000000000
 255 5.170031676747764 1.000000000000000
 256 5.171453973465274 1.000000000000000
 257 5.171455609775265 1.000000000000000
 258 5.174333829118511 1.000000000000000
 259 5.367167852614957 1.000000000000000
 260 5.367168751791782 1.000000000000000
 261 5.401726925008014 1.000000000000000
 262 5.401727034246891 1.000000000000000
 263 5.403226438267709 1.000000000000000
 264 5.403226703006084 1.000000000000000
 265 5.505213905077213 1.000000000000000
 266 5.505216025260072 1.000000000000000
 267 5.544508684624286 1.000000000000000
 268 5.544514238010568 1.000000000000000
 269 5.624516757238253 1.000000000000000
 270 5.624517243847491 1.000000000000000
 271 5.635013763389163 1.000000000000000
 272 5.635014873344756 1.000000000000000
 273 5.690750204254260 1.000000000000000
 274 5.690750678987422 1.000000000000000
 275 5.719754390871818 1.000000000000000
 276 5.719774291751952 1.000000000000000
 277 5.730149052915744 1.000000000000000
 278 5.730149440311568 1.000000000000000
 279 5.776562584200226 1.000000000000000
 280 5.776575946792656 1.000000000000000
 281 5.832516069839246 1.000000000000000
 282 5.832517709364065 1.000000000000000
 283 5.844417292433494 1.000000000000000
 284 5.880824699709196 1.000000000000000
 285 5.880837453223408 1.000000000000000
 286 5.945026218968942 1.000000000000000
 287 5.945042376817034 1.000000000000000
 288 5.952546247198627 1.000000000000000
 289 5.952559914618377 1.000000000000000
 290 6.015687967958881 1.000000000000000
 291 6.056383834303649 1.000000000000000
 292 6.056385349670772 1.000000000000000
 293 6.075298554817695 1.000000000000000
 294 6.075300740561828 1.000000000000000
 295 6.185065396752729 1.000000000000000
 296 6.245944506382562 1.000000000000000
 297 6.245955191053874 1.000000000000000
 298 6.376365412703822 1.000000000000000
 299 6.376390367512299 1.000000000000000
 300 6.423298957418324 1.000000000000000
 301 6.705013736738137 1.000000000000000
 302 6.763878152771591 1.000000000000000
 303 6.763885662747769 1.000000000000000
 304 6.800193110592146 1.000000000000000
 305 6.800199717519273 1.000000000000000
 306 6.842656020764581 1.000000000000000
 307 7.035151071557887 1.000000000000000
 308 7.035151336694232 1.000000000000000
 309 7.043178264594395 1.000000000000000
 310 7.043178558938851 1.000000000000000
 311 7.063067035209337 1.000000000000000
 312 7.063068670147265 1.000000000000000
 313 7.090681998571459 1.000000000000000
 314 7.090682547216398 1.000000000000000
 315 7.129033369081625 1.000000000000000
 316 7.129034917965574 1.000000000000000
 317 7.134352932438039 1.000000000000000
 318 7.134353411336932 1.000000000000000
 319 7.220537555291934 1.000000000000000
 320 7.220538387319203 1.000000000000000
 321 7.241195400008515 1.000000000000000
 322 7.241196954469150 1.000000000000000
 323 7.301353986120620 1.000000000000000
 324 7.301354535220451 1.000000000000000
 325 7.374664252161823 1.000000000000000
 326 7.374700333164530 1.000000000000000
 327 7.609343549721728 1.000000000000000
 328 7.609343768850262 1.000000000000000
 329 7.611930675077276 1.000000000000000
 330 7.611935439810904 1.000000000000000
 331 7.615864161270014 1.000000000000000
 332 7.615864526090030 1.000000000000000
 333 7.655665226858096 1.000000000000000
 334 7.655668235581142 1.000000000000000
 335 7.675814087704420 1.000000000000000
 336 7.675814472082277 1.000000000000000
 337 7.695903734120113 1.000000000000000
 338 7.695904126810595 1.000000000000000
 339 7.774953584365299 1.000000000000000
 340 7.774954630342802 1.000000000000000
 341 7.781589251999105 1.000000000000000
 342 7.781589468540265 1.000000000000000
 343 7.821502504563971 1.000000000000000
 344 7.821502592192093 1.000000000000000
 345 8.472540768812969 1.000000000000000
 346 8.534382020895229 1.000000000000000
 347 8.541976623669449 1.000000000000000
 348 8.543025403998215 1.000000000000000
 349 8.543032588072377 1.000000000000000
 350 8.543920016793370 1.000000000000000
 351 8.552794546537337 1.000000000000000
 352 8.552798186883621 1.000000000000000
 353 8.569680598927917 1.000000000000000
 354 8.569690303585531 1.000000000000000
 355 8.572244993269111 1.000000000000000
 356 8.576314490508148 1.000000000000000
 357 8.585795800532422 1.000000000000000
 358 8.585808005813609 1.000000000000000
 359 8.612846324360815 1.000000000000000
 360 8.612851573398009 1.000000000000000
 361 8.712531177271133 1.000000000000000
 362 8.712532901799666 1.000000000000000
 363 8.734012480439903 1.000000000000000
 364 8.734013216599438 1.000000000000000
 365 8.750618121050058 1.000000000000000
 366 8.750620125697871 1.000000000000000
 367 8.753437000793564 1.000000000000000
 368 8.753443910387082 1.000000000000000
 369 8.778100028055530 1.000000000000000
 370 8.778101297674954 1.000000000000000
 371 8.779618007101803 1.000000000000000
 372 8.779625601525812 1.000000000000000
 373 8.828525834926236 1.000000000000000
 374 8.828527604540874 1.000000000000000
 375 8.859362820934845 1.000000000000000
 376 8.859367113767686 1.000000000000000
 377 8.876668315444437 1.000000000000000
 378 8.876669662967567 1.000000000000000
 379 9.333207110966603 1.000000000000000
 380 9.375705715689845 1.000000000000000
 381 9.375753316227138 1.000000000000000
 382 9.402729428881017 1.000000000000000
 383 9.402729921006015 1.000000000000000
 384 9.417265460311194 1.000000000000000
 385 9.417268390232735 1.000000000000000
 386 9.441686844995534 1.000000000000000
 387 9.441686919182832 1.000000000000000
 388 9.523469350326000 1.000000000000000
 389 9.523479252889114 1.000000000000000
 390 9.542340943852292 1.000000000000000
 391 9.542349556040669 1.000000000000000
 392 9.553752097176938 1.000000000000000
 393 9.553759243494566 1.000000000000000
 394 9.569319678360021 1.000000000000000
 395 9.569320886481421 1.000000000000000
 396 9.574287117586326 1.000000000000000
 397 9.580356326709508 1.000000000000000
 398 9.580399298493614 1.000000000000000
 399 9.585705726307172 1.000000000000000
 400 9.585749992535968 1.000000000000000
 401 9.590478668512580 1.000000000000000
 402 9.623219762993056 1.000000000000000
 403 9.623220725958207 1.000000000000000
 404 9.629672512295560 1.000000000000000
 405 9.629673202977363 1.000000000000000
 406 10.19179137785136 1.000000000000000
 407 10.19179549083579 1.000000000000000
 408 10.20618118446668 1.000000000000000
 409 10.20618244858248 1.000000000000000
 410 10.22141712762168 1.000000000000000
 411 10.22423503109196 1.000000000000000
 412 10.22423762961993 1.000000000000000
 413 10.22525036641276 1.000000000000000
 414 10.22525302624162 1.000000000000000
 415 10.26233800381773 1.000000000000000
 416 10.26234126932359 1.000000000000000
 417 10.26934051208714 1.000000000000000
 418 10.26934959738324 1.000000000000000
 419 10.27429225228159 1.000000000000000
 420 10.27543569389238 1.000000000000000
 421 10.27546973001432 1.000000000000000
 422 10.28158140919915 1.000000000000000
 423 10.28160083306346 1.000000000000000
 424 10.28615418928741 1.000000000000000
 425 10.31390371523042 1.000000000000000
 426 10.31391516091661 1.000000000000000
 427 10.31878108314562 1.000000000000000
 428 10.31879849240764 1.000000000000000
 429 10.32760714837086 1.000000000000000
 430 10.32761073416509 1.000000000000000
 431 10.33907912357292 1.000000000000000
 432 10.33908157028709 1.000000000000000
 433 10.84674508893367 1.000000000000000
 434 10.84675099195556 1.000000000000000
 435 10.92688861598154 1.000000000000000
 436 10.92691317483323 1.000000000000000
 437 11.02883418916626 1.000000000000000
 438 11.02883883358617 1.000000000000000
 439 11.07545994792354 1.000000000000000
 440 11.07776249858868 1.000000000000000
 441 11.07781221121352 1.000000000000000
 442 11.09255648013059 1.000000000000000
 443 11.09260714720872 1.000000000000000
 444 11.10026825877069 1.000000000000000
 445 11.13630302509099 1.000000000000000
 446 11.13630948592731 1.000000000000000
 447 11.13736785987983 1.000000000000000
 448 11.13736860733101 1.000000000000000
 449 11.18561269912993 1.000000000000000
 450 11.18561857414526 1.000000000000000
 451 11.74576755752017 0.000000000000000
 452 11.74576820341853 0.000000000000000
 453 11.93489696625850 0.000000000000000
 454 11.93489805775799 0.000000000000000
 455 11.94809264331452 0.000000000000000
 456 11.94809483060828 0.000000000000000
 457 12.04788989502561 0.000000000000000
 458 12.05105785610144 0.000000000000000
 459 12.05107367426161 0.000000000000000
 460 12.06670823233121 0.000000000000000
 461 12.06672624201647 0.000000000000000
 462 12.07006921561767 0.000000000000000
 463 12.14333197843276 0.000000000000000
 464 12.14333260303969 0.000000000000000
 465 12.17617773056042 0.000000000000000
 466 12.17617993966916 0.000000000000000
 467 12.19317281062865 0.000000000000000
 468 12.19317396669729 0.000000000000000
 469 12.25675352444470 0.000000000000000
 470 12.25675396249593 0.000000000000000
 471 12.28088008742728 0.000000000000000
 472 12.28090879675562 0.000000000000000
 473 12.28193258269623 0.000000000000000
 474 12.28193301494225 0.000000000000000
 475 12.39597294664630 0.000000000000000
 476 12.39600952556909 0.000000000000000
 477 12.43896867657437 0.000000000000000
 478 12.43897476256490 0.000000000000000
 479 12.45011173223831 0.000000000000000
 480 12.45068054199833 0.000000000000000
 481 12.45068069647166 0.000000000000000
 482 12.45113858973200 0.000000000000000
 483 12.45114692946658 0.000000000000000
 484 12.45392752672422 0.000000000000000
 485 12.47137242486160 0.000000000000000
 486 12.47137288213366 0.000000000000000
 487 16.19498622475955 0.000000000000000
 488 17.06572835096111 0.000000000000000
 489 17.06576760961633 0.000000000000000
 490 18.17981026797530 0.000000000000000

 spin=2 k-point=1/1 Cartesian=0.0000000 0.0000000 0.0000000 (72605 plane wave)
 1 -91.46931660163375 1.000000000000000
 2 -91.46931214399774 1.000000000000000
 3 -91.46926399720456 1.000000000000000
 4 -91.46925415214781 1.000000000000000
 5 -91.46923600415739 1.000000000000000
 6 -91.46923335414787 1.000000000000000
 7 -91.46917166038475 1.000000000000000
 8 -91.46916021240158 1.000000000000000
 9 -91.46913134385554 1.000000000000000
 10 -84.31289626577730 1.000000000000000
 11 -84.31289188529971 1.000000000000000
 12 -84.31287562865106 1.000000000000000
 13 -84.31272617958663 1.000000000000000
 14 -84.31271828583189 1.000000000000000
 15 -84.31270762511696 1.000000000000000
 16 -84.31270585038482 1.000000000000000
 17 -84.31268126422884 1.000000000000000
 18 -84.31267358672228 1.000000000000000
 19 -68.17482935794591 1.000000000000000
 20 -68.17482125833098 1.000000000000000
 21 -68.17481380208569 1.000000000000000
 22 -68.17478383525626 1.000000000000000
 23 -68.17478231553983 1.000000000000000
 24 -68.17477085283116 1.000000000000000
 25 -68.17476097908988 1.000000000000000
 26 -68.17476022081121 1.000000000000000
 27 -68.17475100765684 1.000000000000000
 28 -51.81026436934764 1.000000000000000
 29 -51.81024404631972 1.000000000000000
 30 -51.81018029677917 1.000000000000000
 31 -51.81015478614952 1.000000000000000
 32 -51.81010484885024 1.000000000000000
 33 -51.81009250935958 1.000000000000000
 34 -51.81004176069725 1.000000000000000
 35 -51.81002778843966 1.000000000000000
 36 -51.81000014242414 1.000000000000000
 37 -51.80427598915735 1.000000000000000
 38 -51.80424965885224 1.000000000000000
 39 -51.80423524285343 1.000000000000000
 40 -51.80419427038290 1.000000000000000
 41 -51.80419082264944 1.000000000000000
 42 -51.80416909169257 1.000000000000000
 43 -51.80411810300043 1.000000000000000
 44 -51.80410799960263 1.000000000000000
 45 -51.80408144453195 1.000000000000000
 46 -51.76254025778338 1.000000000000000
 47 -51.76252872187839 1.000000000000000
 48 -51.76249873135288 1.000000000000000
 49 -51.76247923295847 1.000000000000000
 50 -51.76239921941794 1.000000000000000
 51 -51.76238738090232 1.000000000000000
 52 -51.76237797133465 1.000000000000000
 53 -51.76229875775063 1.000000000000000
 54 -51.76228433160703 1.000000000000000
 55 -47.60477673035204 1.000000000000000
 56 -47.60475000595590 1.000000000000000
 57 -47.60474113394699 1.000000000000000
 58 -47.60462704426899 1.000000000000000
 59 -47.60458457536195 1.000000000000000
 60 -47.60457048904127 1.000000000000000
 61 -47.60455491648505 1.000000000000000
 62 -47.60453769253744 1.000000000000000
 63 -47.60450476657036 1.000000000000000
 64 -47.60046103581228 1.000000000000000
 65 -47.60045424102712 1.000000000000000
 66 -47.60040065802554 1.000000000000000
 67 -47.60028482769953 1.000000000000000
 68 -47.60027959992087 1.000000000000000
 69 -47.60022826566517 1.000000000000000
 70 -47.60022261227481 1.000000000000000
 71 -47.60020624181786 1.000000000000000
 72 -47.60019995583252 1.000000000000000
 73 -47.54268486281295 1.000000000000000
 74 -47.54267418395550 1.000000000000000
 75 -47.54264467244352 1.000000000000000
 76 -47.54252079764934 1.000000000000000
 77 -47.54251587892561 1.000000000000000
 78 -47.54247896248589 1.000000000000000
 79 -47.54246939757017 1.000000000000000
 80 -47.54245596749658 1.000000000000000
 81 -47.54241477363941 1.000000000000000
 82 -36.84513543251858 1.000000000000000
 83 -36.84512781564786 1.000000000000000
 84 -36.84509253248984 1.000000000000000
 85 -36.84508154457891 1.000000000000000
 86 -36.84506732879595 1.000000000000000
 87 -36.84505462803349 1.000000000000000
 88 -36.84496255123578 1.000000000000000
 89 -36.84490746709301 1.000000000000000
 90 -36.84488627535941 1.000000000000000
 91 -36.84189537135179 1.000000000000000
 92 -36.84188732452918 1.000000000000000
 93 -36.84184594325701 1.000000000000000
 94 -36.84184176907739 1.000000000000000
 95 -36.84181377619025 1.000000000000000
 96 -36.84180654684976 1.000000000000000
 97 -36.84171966281778 1.000000000000000
 98 -36.84167698153634 1.000000000000000
 99 -36.84162829771746 1.000000000000000
 100 -36.79339522098579 1.000000000000000
 101 -36.79336636345134 1.000000000000000
 102 -36.79335932773686 1.000000000000000
 103 -36.79334898806682 1.000000000000000
 104 -36.79330264780440 1.000000000000000
 105 -36.79329982285071 1.000000000000000
 106 -36.79319715814656 1.000000000000000
 107 -36.79319533296040 1.000000000000000
 108 -36.79315243920087 1.000000000000000
 109 -33.92378661015771 1.000000000000000
 110 -33.92341171807507 1.000000000000000
 111 -33.92336672481402 1.000000000000000
 112 -33.90034532890349 1.000000000000000
 113 -33.90034030480937 1.000000000000000
 114 -33.90029469846692 1.000000000000000
 115 -33.90028990142790 1.000000000000000
 116 -33.90023926669917 1.000000000000000
 117 -33.90023563992406 1.000000000000000
 118 -33.89938507297727 1.000000000000000
 119 -33.89938409352946 1.000000000000000
 120 -33.89931842600711 1.000000000000000
 121 -33.89931677949944 1.000000000000000
 122 -33.89926622653490 1.000000000000000
 123 -33.89926522020910 1.000000000000000
 124 -33.89820504908396 1.000000000000000
 125 -33.89820367977120 1.000000000000000
 126 -33.89810949992210 1.000000000000000
 127 -33.89810881948114 1.000000000000000
 128 -33.89805135102726 1.000000000000000
 129 -33.89805033035530 1.000000000000000
 130 -33.88778827319892 1.000000000000000
 131 -33.88776581206093 1.000000000000000
 132 -33.88770084972418 1.000000000000000
 133 -33.88653783648998 1.000000000000000
 134 -33.88650113587587 1.000000000000000
 135 -33.88644563989637 1.000000000000000
 136 -9.096585116741991 1.000000000000000
 137 -9.000786343234992 1.000000000000000
 138 -9.000780817371032 1.000000000000000
 139 -8.089707934856564 1.000000000000000
 140 -8.089706749050096 1.000000000000000
 141 -8.086152519635508 1.000000000000000
 142 -8.086145677704444 1.000000000000000
 143 -8.076586985555025 1.000000000000000
 144 -8.076586919329324 1.000000000000000
 145 -8.000250364543080 1.000000000000000
 146 -8.000245000057815 1.000000000000000
 147 -7.998669518358818 1.000000000000000
 148 -7.998669272058707 1.000000000000000
 149 -7.994281173947474 1.000000000000000
 150 -7.994279529971498 1.000000000000000
 151 -7.981219745063306 1.000000000000000
 152 -7.981219311718113 1.000000000000000
 153 -7.978711537597965 1.000000000000000
 154 -7.978711377287742 1.000000000000000
 155 -7.978013992774423 1.000000000000000
 156 -7.978007952363687 1.000000000000000
 157 -7.551506517160440 1.000000000000000
 158 -7.551476191718321 1.000000000000000
 159 -7.450765038706588 1.000000000000000
 160 -7.450764772698297 1.000000000000000
 161 -7.445867658040813 1.000000000000000
 162 -7.445867064575733 1.000000000000000
 163 -7.429577736721173 1.000000000000000
 164 -7.429572632867322 1.000000000000000
 165 -7.426790398514580 1.000000000000000
 166 -7.426039035716435 1.000000000000000
 167 -7.426027006496017 1.000000000000000
 168 -7.419604372672490 1.000000000000000
 169 -7.419600859692652 1.000000000000000
 170 -7.419583986037246 1.000000000000000
 171 -7.410475731990140 1.000000000000000
 172 -7.410474671155327 1.000000000000000
 173 -7.395052815011434 1.000000000000000
 174 -7.387394651470675 1.000000000000000
 175 -7.387389907531665 1.000000000000000
 176 -7.385893535253115 1.000000000000000
 177 -7.385893240573493 1.000000000000000
 178 -7.325371250210759 1.000000000000000
 179 -7.325366607272005 1.000000000000000
 180 -7.325347513322536 1.000000000000000
 181 -7.318667701470324 1.000000000000000
 182 -7.318655553120038 1.000000000000000
 183 -7.318378877883335 1.000000000000000
 184 -7.310918057693471 1.000000000000000
 185 -7.310911444919422 1.000000000000000
 186 -7.305348790667963 1.000000000000000
 187 -7.305348281210187 1.000000000000000
 188 -7.267312665687260 1.000000000000000
 189 -7.267311822186907 1.000000000000000
 190 4.002805634837370 1.000000000000000
 191 4.289179321106189 1.000000000000000
 192 4.289179988211156 1.000000000000000
 193 4.303425077212916 1.000000000000000
 194 4.303425362748433 1.000000000000000
 195 4.336164045772757 1.000000000000000
 196 4.336164323858628 1.000000000000000
 197 4.395568633533078 1.000000000000000
 198 4.395568952351813 1.000000000000000
 199 4.410447265566818 1.000000000000000
 200 4.410452576013134 1.000000000000000
 201 4.430512078602621 1.000000000000000
 202 4.430512571502726 1.000000000000000
 203 4.555297325904258 1.000000000000000
 204 4.555307875298378 1.000000000000000
 205 4.567298900946676 1.000000000000000
 206 4.567299592786124 1.000000000000000
 207 4.632054037920896 1.000000000000000
 208 4.632054254941974 1.000000000000000
 209 4.666161800643496 1.000000000000000
 210 4.666179560721962 1.000000000000000
 211 4.680165903431345 1.000000000000000
 212 4.680166420310764 1.000000000000000
 213 4.694668017925406 1.000000000000000
 214 4.700779046660352 1.000000000000000
 215 4.700779252014669 1.000000000000000
 216 4.704803673797239 1.000000000000000
 217 4.704815853473948 1.000000000000000
 218 4.713290557584344 1.000000000000000
 219 4.713293400201054 1.000000000000000
 220 4.718143086940159 1.000000000000000
 221 4.760982922782921 1.000000000000000
 222 4.760983341663588 1.000000000000000
 223 4.773013554995447 1.000000000000000
 224 4.781689924099262 1.000000000000000
 225 4.781708082700311 1.000000000000000
 226 4.816698373056580 1.000000000000000
 227 4.816703294428184 1.000000000000000
 228 4.829901978652976 1.000000000000000
 229 4.961014741458628 1.000000000000000
 230 4.975340603027836 1.000000000000000
 231 4.975341304507553 1.000000000000000
 232 5.008162587692001 1.000000000000000
 233 5.008176927430278 1.000000000000000
 234 5.015219564178325 1.000000000000000
 235 5.015220346312167 1.000000000000000
 236 5.041378997077030 1.000000000000000
 237 5.041396977877047 1.000000000000000
 238 5.056486802000610 1.000000000000000
 239 5.056486867491734 1.000000000000000
 240 5.073269658395437 1.000000000000000
 241 5.075881965580189 1.000000000000000
 242 5.075886718560954 1.000000000000000
 243 5.081634025443932 1.000000000000000
 244 5.081634650251535 1.000000000000000
 245 5.117259279710980 1.000000000000000
 246 5.117260031446035 1.000000000000000
 247 5.558648176061197 1.000000000000000
 248 5.558652643132906 1.000000000000000
 249 5.576009034085259 1.000000000000000
 250 5.576009653004186 1.000000000000000
 251 5.608518361298587 1.000000000000000
 252 5.608519139279526 1.000000000000000
 253 5.831579314636897 1.000000000000000
 254 5.831586003409602 1.000000000000000
 255 5.843350853795522 1.000000000000000
 256 5.857765311905954 1.000000000000000
 257 5.857768954681168 1.000000000000000
 258 5.874850703451988 1.000000000000000
 259 5.946311990089431 1.000000000000000
 260 5.946315422548777 1.000000000000000
 261 5.996094506687061 1.000000000000000
 262 5.996094806818343 1.000000000000000
 263 6.000176175554594 1.000000000000000
 264 6.000176420051781 1.000000000000000
 265 6.096492411262787 1.000000000000000
 266 6.096493002440999 1.000000000000000
 267 6.110152218645305 1.000000000000000
 268 6.110163437752989 1.000000000000000
 269 6.119237543066500 1.000000000000000
 270 6.119238167094987 1.000000000000000
 271 6.159927027274269 1.000000000000000
 272 6.202063491265359 1.000000000000000
 273 6.202063599780020 1.000000000000000
 274 6.210621052146267 1.000000000000000
 275 6.210621388623482 1.000000000000000
 276 6.222667288557352 1.000000000000000
 277 6.222671583856732 1.000000000000000
 278 6.277245023779093 1.000000000000000
 279 6.277265323173263 1.000000000000000
 280 6.279720453612802 1.000000000000000
 281 6.279720871972594 1.000000000000000
 282 6.343140524719077 1.000000000000000
 283 6.343142272026827 1.000000000000000
 284 6.353769609665168 1.000000000000000
 285 6.363587023337452 1.000000000000000
 286 6.363588095274043 1.000000000000000
 287 6.397565267626868 1.000000000000000
 288 6.397569934711269 1.000000000000000
 289 6.474890383890996 1.000000000000000
 290 6.474891371956817 1.000000000000000
 291 6.518146907773930 1.000000000000000
 292 6.518147522782832 1.000000000000000
 293 6.543465843703925 1.000000000000000
 294 6.543467311691572 1.000000000000000
 295 6.674812172555100 1.000000000000000
 296 6.744686397146993 1.000000000000000
 297 6.744697524568743 1.000000000000000
 298 6.869326251448992 1.000000000000000
 299 6.869352706858868 1.000000000000000
 300 6.973097762652124 1.000000000000000
 301 7.029754200586678 1.000000000000000
 302 7.116218078383539 1.000000000000000
 303 7.116223140202115 1.000000000000000
 304 7.176143923607291 1.000000000000000
 305 7.176154029556031 1.000000000000000
 306 7.215851414482342 1.000000000000000
 307 7.381834844229183 1.000000000000000
 308 7.381835115663159 1.000000000000000
 309 7.388063509380713 1.000000000000000
 310 7.388063595385339 1.000000000000000
 311 7.402978139509940 1.000000000000000
 312 7.402980207249227 1.000000000000000
 313 7.421368611565726 1.000000000000000
 314 7.421369244423558 1.000000000000000
 315 7.431925676303522 1.000000000000000
 316 7.431925798303880 1.000000000000000
 317 7.437044989505992 1.000000000000000
 318 7.437045084117171 1.000000000000000
 319 7.548745936669944 1.000000000000000
 320 7.548747285311499 1.000000000000000
 321 7.565512366313609 1.000000000000000
 322 7.565512775044121 1.000000000000000
 323 7.579820508937358 1.000000000000000
 324 7.579820797625593 1.000000000000000
 325 7.608568867491710 1.000000000000000
 326 7.608603493919727 1.000000000000000
 327 7.800846948957669 1.000000000000000
 328 7.800847055984416 1.000000000000000
 329 7.843129137991291 1.000000000000000
 330 7.843133758164773 1.000000000000000
 331 7.859921787540828 1.000000000000000
 332 7.859922080423320 1.000000000000000
 333 7.943228460968800 1.000000000000000
 334 7.943230537761295 1.000000000000000
 335 7.952553503110162 1.000000000000000
 336 7.952554210578163 1.000000000000000
 337 7.962226961351630 1.000000000000000
 338 7.962227669683833 1.000000000000000
 339 8.012449179467339 1.000000000000000
 340 8.012449433117053 1.000000000000000
 341 8.031377762230829 1.000000000000000
 342 8.031378549339522 1.000000000000000
 343 8.063068857488624 1.000000000000000
 344 8.063069655455601 1.000000000000000
 345 8.674679634609642 1.000000000000000
 346 8.679796153549491 1.000000000000000
 347 8.680381121567569 1.000000000000000
 348 8.680383766982441 1.000000000000000
 349 8.680542768563829 1.000000000000000
 350 8.733511605839709 1.000000000000000
 351 8.733516970834396 1.000000000000000
 352 9.965549676635352 1.000000000000000
 353 9.965555064624414 1.000000000000000
 354 9.967001494763815 1.000000000000000
 355 9.969793583305275 1.000000000000000
 356 9.969799571239365 1.000000000000000
 357 9.972926295589010 1.000000000000000
 358 9.974781485203886 1.000000000000000
 359 9.974783910842607 1.000000000000000
 360 9.983322419498592 1.000000000000000
 361 9.983326162954043 1.000000000000000
 362 10.00918037627248 1.000000000000000
 363 10.00922810115463 1.000000000000000
 364 10.03144632006033 1.000000000000000
 365 10.03147906767713 1.000000000000000
 366 10.04046715981947 1.000000000000000
 367 10.04046919751386 1.000000000000000
 368 10.06008586149415 1.000000000000000
 369 10.06008909321666 1.000000000000000
 370 10.11607658640174 1.000000000000000
 371 10.11612990638006 1.000000000000000
 372 10.12097845560802 1.000000000000000
 373 10.12222663413350 1.000000000000000
 374 10.12224860077950 1.000000000000000
 375 10.14549259899207 1.000000000000000
 376 10.14549662915602 1.000000000000000
 377 10.18081498217445 1.000000000000000
 378 10.18081767401473 1.000000000000000
 379 10.48508845503542 1.000000000000000
 380 10.48508961332970 1.000000000000000
 381 10.48897294156948 1.000000000000000
 382 10.49508021724348 1.000000000000000
 383 10.49508059398858 1.000000000000000
 384 10.50141951545962 1.000000000000000
 385 10.50142020319449 1.000000000000000
 386 10.54494381618568 1.000000000000000
 387 10.54498045355231 1.000000000000000
 388 10.65716553008552 1.000000000000000
 389 10.66005537576473 1.000000000000000
 390 10.66006244087624 1.000000000000000
 391 10.66087017999946 1.000000000000000
 392 10.66090737365023 1.000000000000000
 393 10.66703830211234 1.000000000000000
 394 10.66707616730810 1.000000000000000
 395 10.67046901407258 1.000000000000000
 396 10.67219077201069 1.000000000000000
 397 10.67219352180041 1.000000000000000
 398 10.67918723810419 1.000000000000000
 399 10.67918858148286 1.000000000000000
 400 10.70211424466330 1.000000000000000
 401 10.70211556944713 1.000000000000000
 402 10.71284875832532 1.000000000000000
 403 10.71285354906801 1.000000000000000
 404 10.73532248242696 1.000000000000000
 405 10.73535345716707 1.000000000000000
 406 11.81613347214003 0.000000000000000
 407 11.81614549852377 0.000000000000000
 408 11.82957881053022 0.000000000000000
 409 11.82957999462352 0.000000000000000
 410 11.84772631704026 0.000000000000000
 411 11.84772864071129 0.000000000000000
 412 11.87108356201903 0.000000000000000
 413 11.87108788111498 0.000000000000000
 414 11.88661764583926 0.000000000000000
 415 11.88661958174220 0.000000000000000
 416 11.88812890436845 0.000000000000000
 417 11.88813297703835 0.000000000000000
 418 11.91409562905501 0.000000000000000
 419 11.93015491768494 0.000000000000000
 420 11.93101712472058 0.000000000000000
 421 11.93203981004860 0.000000000000000
 422 11.93204558774378 0.000000000000000
 423 11.94828745227663 0.000000000000000
 424 11.94828810160353 0.000000000000000
 425 11.97184557170312 0.000000000000000
 426 11.97185231545910 0.000000000000000
 427 11.98241038921301 0.000000000000000
 428 11.98241138782974 0.000000000000000
 429 11.98872567249598 0.000000000000000
 430 11.98872661481417 0.000000000000000
 431 12.00807927896253 0.000000000000000
 432 12.00808594661774 0.000000000000000
 433 12.32479022734912 0.000000000000000
 434 12.32479191845220 0.000000000000000
 435 12.41676617742540 0.000000000000000
 436 12.41676831418991 0.000000000000000
 437 12.45738538843184 0.000000000000000
 438 12.46130524811396 0.000000000000000
 439 12.46132794387707 0.000000000000000
 440 12.46971022134372 0.000000000000000
 441 12.46974678175365 0.000000000000000
 442 12.47013316169376 0.000000000000000
 443 12.47015628478406 0.000000000000000
 444 12.48300045791541 0.000000000000000
 445 12.50166832540811 0.000000000000000
 446 12.50167031000380 0.000000000000000
 447 12.52857520138213 0.000000000000000
 448 12.52857743726893 0.000000000000000
 449 12.58059237939675 0.000000000000000
 450 12.58063476002985 0.000000000000000
 451 13.03135255254631 0.000000000000000
 452 13.03135475940272 0.000000000000000
 453 13.14209148964753 0.000000000000000
 454 13.14209968338174 0.000000000000000
 455 13.15150196190893 0.000000000000000
 456 13.15151148984158 0.000000000000000
 457 13.24305922821425 0.000000000000000
 458 13.24306712342623 0.000000000000000
 459 13.24996042803768 0.000000000000000
 460 13.24997127313058 0.000000000000000
 461 13.25064271330030 0.000000000000000
 462 13.25068777611380 0.000000000000000
 463 13.25803390372374 0.000000000000000
 464 13.26296370288748 0.000000000000000
 465 13.26296768940406 0.000000000000000
 466 13.26778361765447 0.000000000000000
 467 13.27025305236787 0.000000000000000
 468 13.27030169689956 0.000000000000000
 469 13.58003848445779 0.000000000000000
 470 13.58004481907133 0.000000000000000
 471 13.59121412084589 0.000000000000000
 472 13.59121556430626 0.000000000000000
 473 13.59454403121686 0.000000000000000
 474 13.59454415294842 0.000000000000000
 475 13.66491064878277 0.000000000000000
 476 13.66491315207860 0.000000000000000
 477 13.67681112048946 0.000000000000000
 478 13.67681165428142 0.000000000000000
 479 13.68340216375886 0.000000000000000
 480 13.68340769938987 0.000000000000000
 481 13.69366677289729 0.000000000000000
 482 13.69367968983079 0.000000000000000
 483 13.69903472766259 0.000000000000000
 484 13.69977494411409 0.000000000000000
 485 13.70272443486976 0.000000000000000
 486 13.70273909876419 0.000000000000000
 487 16.39317010728887 0.000000000000000
 488 17.29789077920668 0.000000000000000
 489 17.29793161958767 0.000000000000000
 490 18.33826608500134 0.000000000000000

