MDSTEP:  0
LATTICE_CONSTANT: 1.889726125458
LATTICE_VECTORS
  8.805895415073  0.000000000000  0.000000000000
  -0.263614654523  8.906397512572  0.000000000000
  -0.059926168364  -0.011088948130  8.904438282770
VIRIAL (KBAR)
  -23.896296943641  70.367111509052  20.472467730354
  70.367111509052  -54.896924097508  7.267865921501
  20.472467730354  7.267865921501  -57.193235741189
INDEX    LABEL    POSITIONS    FORCE (eV/Angstrom)
  0  Si  3.267766299145  1.143645778139  3.306551329110  0.067163695523  -0.510760687019  -0.008941642087
  1  Si  3.244609648099  1.154525649021  7.682629279654  -0.020130933193  -0.644284674145  1.801054570125
  2  Si  3.197735896281  5.536912324965  3.310932624678  0.251295339423  -0.341288958204  -0.145178200003
  3  Si  3.192832770324  5.535058067422  7.707953582132  -0.190437218723  -0.211313539689  1.478048520282
  4  Si  7.653740091591  1.205810711438  3.322090302341  0.248237972056  -0.410356187216  -0.270723274280
  5  Si  7.648934265151  1.208658177719  7.722368710500  -0.166989623864  -0.549166059905  1.403364057568
  6  Si  7.580901253510  5.605658404794  3.340924736998  0.124582396337  -0.470628037605  -0.660199194723
  7  Si  7.584539197955  5.591526070320  7.691931868555  -0.051671843730  -0.173368340302  2.144431804010
  8  Si  3.242987594668  3.343096325417  1.126312682607  -0.124070371443  -0.202123623815  -1.045028363493
  9  Si  3.221655896655  3.350670195813  5.512098507935  0.233454476729  -0.472908790734  -0.453579857759
  10  Si  3.182330619432  7.740517800095  1.110921808047  -0.787305422058  1.439353001153  -0.313476509542
  11  Si  3.170791564506  7.739356671456  5.488523152445  -1.137116403003  1.403869480860  0.151965304352
  12  Si  7.625369324647  3.411900507018  1.110349312349  0.288815087849  -0.471380963851  -0.292050819554
  13  Si  7.613232367092  3.392634621303  5.520057990367  0.244633641254  -0.106205730431  -0.371133376128
  14  Si  7.557590619392  7.803438931427  1.139352546810  -0.525857917068  1.542099055520  -0.686357930987
  15  Si  7.558981268256  7.796210216567  5.542916232289  -0.900418230835  1.753957037143  -0.552796555207
  16  Si  1.080321470156  1.107917405735  1.097298469669  0.197447313808  1.056454451487  0.517296885276
  17  Si  1.072683798658  1.117855082051  5.499048544254  -0.411540666652  0.684762774258  0.316871170334
  18  Si  1.021711404494  5.512572615582  1.107727657276  -0.314744660178  0.954301705930  0.205114214608
  19  Si  1.011473350803  5.491038508722  5.498477998668  -0.326315412523  1.359795181177  0.359505203207
  20  Si  5.455680312128  1.175488658929  1.119188072273  0.361299068167  -0.436532029937  -0.858019498466
  21  Si  5.458605445343  1.176611784922  5.507759622896  0.192766824698  -0.538318688874  -0.130768718604
  22  Si  5.396543255204  5.568037111042  1.108665876909  0.401856211548  -0.132674827873  -0.321188450381
  23  Si  5.411769382682  5.590663354921  5.512937966738  -0.605709795403  -0.772305529747  -0.094375712731
  24  Si  1.037102843782  3.309295707796  3.287325836764  -0.039171028765  1.140777723297  1.011672141424
  25  Si  1.031258335761  3.325361764693  7.691173723817  -0.323647982492  0.573736762372  2.301209722327
  26  Si  0.973167652313  7.706022734144  3.287697770561  -0.722167789637  2.154886789659  0.827040644602
  27  Si  0.978173694861  7.694631261595  7.698665074842  -0.720540428227  2.125340957327  1.823825268446
  28  Si  5.430697246726  3.364068192337  3.312328923341  -0.135680440282  -0.109265903590  -0.106570233671
  29  Si  5.412182305831  3.364179764312  7.693776371489  -0.124673940713  -0.150045990710  2.003606793030
  30  Si  5.362761946628  7.764451991406  3.303967742371  -0.705375603466  1.822874214495  0.230785072949
  31  Si  5.344951544012  7.759448025770  7.704738133141  -0.694451729402  1.433088463814  1.794315341505
  32  C  8.796752521663  0.145859142482  0.027326003830  -0.000003330508  -2.420318650078  -1.501640872094
  33  C  8.763380593781  0.132149553450  4.420985139956  0.670603454639  -2.275386504627  -0.277583267113
  34  C  -0.075825368922  4.515789321013  0.041666278224  -0.122100521297  -0.769319889414  -2.295466148907
  35  C  -0.109065175255  4.529213364807  4.423911594721  -0.000230346486  -1.465504559403  -0.469502221482
  36  C  4.402469608143  0.061858827085  0.006100269959  0.585385230657  -0.936428549496  -1.270515124490
  37  C  4.393744713492  0.070899371724  4.413551853434  0.672811011859  -1.384403268560  -0.290951661457
  38  C  4.338721992146  4.458741456618  0.015102686965  -0.149436267487  -0.057222615782  -1.386771467208
  39  C  4.310124701187  4.438252404866  4.424567938339  0.176631719039  0.629329835236  -0.145015810491
  40  C  -0.061100603432  2.327683544376  2.234756421130  -0.223036849158  -1.327229015767  -0.929384479586
  41  C  -0.079458790544  2.324067128030  6.620796699587  0.152661937406  -1.072013696792  -0.484817754269
  42  C  -0.141614891116  6.702068393399  2.231364266123  0.090163370413  -0.797526303239  -0.580116306410
  43  C  -0.135188790567  6.714337985598  6.611475265741  0.041903613746  -1.278283250896  -0.297564308065
  44  C  4.338215216299  2.240991642431  2.203799431765  0.225011591598  0.464632461554  0.423672515352
  45  C  4.346951214264  2.257777143349  6.592819077977  -0.312377553244  0.159962391004  0.361820838933
  46  C  4.298536931259  6.649977615778  2.220452490438  -0.425597605401  0.151129974052  -0.035497258965
  47  C  4.259060460484  6.651308710948  6.610013629778  0.150222183174  0.185600799415  0.071029482646
  48  C  2.196381040941  0.029380336129  2.216464417801  0.847717717429  -1.076852006748  -0.310558994231
  49  C  2.156459823155  0.036789449601  6.594333378256  1.331184542719  -1.229684853891  0.086137311362
  50  C  2.117065351031  4.423069689168  2.205367748962  0.225902592065  0.388986596955  0.248266592390
  51  C  2.116781579850  4.423795358242  6.591373032010  -0.092015720395  0.325523325085  0.580714203242
  52  C  6.582876560986  0.109132641563  2.204680622617  0.818881004373  -1.562863117359  0.267563490868
  53  C  6.564935859010  0.094957874612  6.611216815562  1.003009615594  -1.322191621102  0.191148694600
  54  C  6.510126788821  4.472158965569  2.209636460448  -0.087918293736  0.459722080352  0.432222092454
  55  C  6.500732737188  4.465109073290  6.619532562786  -0.041228540320  0.568104778337  -0.052271019100
  56  C  2.149727655981  2.227273777638  0.002656479101  0.672921538471  0.499895821073  -1.144393171314
  57  C  2.152797334135  2.224883822039  4.403064812485  -0.008880722342  0.449216067462  0.223536047143
  58  C  2.111435762842  6.608338276666  0.011620387180  0.081642665427  0.506525587024  -1.204257705214
  59  C  2.082624064507  6.604261100899  4.397376289441  -0.031955736499  0.672489901627  0.253363219185
  60  C  6.552821487473  2.286585931998  0.019593002430  0.160202401776  0.155697108044  -1.260969550180
  61  C  6.536497352027  2.281993935918  4.416392385093  0.060275638159  0.192789969312  0.153077990762
  62  C  6.502374751621  6.682518346001  0.037775181952  -0.139810409285  0.115859339326  -1.678621701583
  63  C  6.468230618897  6.689981633639  4.418918025405  0.083925481881  0.307392832451  0.263627966793


MDSTEP:  1
LATTICE_CONSTANT: 1.889726125458
LATTICE_VECTORS
  8.805895415073  0.000000000000  0.000000000000
  -0.263614654523  8.906397512572  0.000000000000
  -0.059926168364  -0.011088948130  8.904438282770
VIRIAL (KBAR)
  -24.158049684347  70.343446158895  20.454547083686
  70.343446158895  -55.030510989352  7.090531521579
  20.454547083686  7.090531521579  -57.361200502898
INDEX    LABEL    POSITIONS    FORCE (eV/Angstrom)
  0  Si  3.268306050958  1.143257373054  3.307022392198  0.055019678414  -0.512524832967  -0.023474345792
  1  Si  3.244300164273  1.154802974642  7.683488885166  -0.016476397129  -0.646359004185  1.773161496790
  2  Si  3.197423763825  5.536668431653  3.310825306007  0.252861571759  -0.339315614423  -0.142006975362
  3  Si  3.192793183965  5.534099849908  7.708757083609  -0.190336573593  -0.181289964877  1.452948916330
  4  Si  7.654183735113  1.205604188721  3.321225820627  0.221422231091  -0.417361082460  -0.245438864661
  5  Si  7.648720280537  1.208590575493  7.722801367198  -0.157859099654  -0.557338987278  1.388833189041
  6  Si  7.580751983070  5.605230723156  3.341176550646  0.122659832395  -0.443712580708  -0.671990639413
  7  Si  7.584505326748  5.591525240296  7.691449821406  -0.058252406679  -0.176886371461  2.145995151375
  8  Si  3.244138888940  3.342531409256  1.126552354075  -0.146840638139  -0.183302751489  -1.045585035242
  9  Si  3.221515909628  3.349990017436  5.512190777922  0.224557428288  -0.449252344295  -0.451146567048
  10  Si  3.182763373227  7.741775463227  1.111142769466  -0.809250120904  1.408605571422  -0.308743347924
  11  Si  3.171022301730  7.738750086521  5.488532253256  -1.133565859153  1.413789434839  0.144639771967
  12  Si  7.625193280573  3.411970522595  1.110581616791  0.286916032269  -0.485859296018  -0.302950492399
  13  Si  7.613898610939  3.393338759852  5.519499792106  0.232491136547  -0.120226566150  -0.335235901994
  14  Si  7.557786743853  7.803593129045  1.138479318984  -0.524822856304  1.526590851170  -0.676974944375
  15  Si  7.559360570815  7.796904055021  5.543672648964  -0.919676406760  1.734156003777  -0.570215945498
  16  Si  1.080310020958  1.108797246632  1.096933101971  0.206235526754  1.038562249605  0.525343261985
  17  Si  1.072071036823  1.118452749758  5.499278770547  -0.399221146587  0.671116870967  0.304073250902
  18  Si  1.021611107993  5.513269927822  1.107496606400  -0.320418701922  0.932888423461  0.197756379507
  19  Si  1.011324576235  5.491232287652  5.498391434036  -0.319555394053  1.367641513276  0.351801005736
  20  Si  5.456099200474  1.174708127810  1.119118811537  0.354217410477  -0.426379255505  -0.870907680078
  21  Si  5.458821310993  1.177261553154  5.507882337162  0.195138105448  -0.560069914991  -0.123361567711
  22  Si  5.396030867583  5.567763901924  1.108297427451  0.415968233164  -0.117501742788  -0.314225503590
  23  Si  5.411443953209  5.590217502871  5.512748668399  -0.603892646010  -0.755709307332  -0.084144646560
  24  Si  1.036886241333  3.310339898611  3.287998034817  -0.042494272397  1.105920856211  0.987264539766
  25  Si  1.031494409689  3.325823666606  7.692314749034  -0.341165280870  0.565789090767  2.271284683126
  26  Si  0.973025487665  7.706358740512  3.287658175817  -0.721172036567  2.146521976731  0.818813240490
  27  Si  0.977763104879  7.695699413213  7.698383727971  -0.716465890454  2.104776768251  1.822885232580
  28  Si  5.430343621084  3.363099694224  3.312051282299  -0.136708270831  -0.084818890578  -0.082926424833
  29  Si  5.412083694204  3.363915490290  7.693409670462  -0.117864386572  -0.143114407652  2.003059706287
  30  Si  5.362100479744  7.764078845903  3.304285704697  -0.693250787780  1.825970323650  0.222169409509
  31  Si  5.344747803727  7.759821007015  7.705163252396  -0.691308377891  1.425246448354  1.776091833123
  32  C  8.797638319012  0.145033320563  0.027245930260  -0.003956838838  -2.401968835748  -1.510842480695
  33  C  8.762569095886  0.131717753042  4.420695890227  0.692440571124  -2.262204931480  -0.272058942270
  34  C  -0.075715955790  4.514278554206  0.040549637114  -0.109826365020  -0.740991909758  -2.266612781062
  35  C  -0.109103367880  4.529172661210  4.423608133073  0.005699614216  -1.461507700310  -0.465708341545
  36  C  4.401805581991  0.061364620206  0.005763061612  0.604453393280  -0.916219536777  -1.265095988713
  37  C  4.394225208098  0.071071405213  4.412862554574  0.674044497779  -1.388285030518  -0.271828421479
  38  C  4.339737788101  4.458274503800  0.014380421420  -0.166982163957  -0.063866946154  -1.369352327221
  39  C  4.309197262253  4.439395450804  4.425593109683  0.191347242826  0.593828051011  -0.172307173915
  40  C  -0.061679851179  2.326042346198  2.235045724103  -0.194449878502  -1.277060943388  -0.929934430906
  41  C  -0.078477855856  2.322925614469  6.621126542535  0.140107347940  -1.042179917069  -0.488418793959
  42  C  -0.140521677615  6.701679798452  2.230054961546  0.062140298790  -0.796552818135  -0.558647093182
  43  C  -0.135462582501  6.713726427401  6.610835186021  0.058627578933  -1.260677821655  -0.285219451254
  44  C  4.338343541567  2.240401704606  2.203675586853  0.232395344831  0.459852954221  0.423980129432
  45  C  4.346792313769  2.258575763969  6.592876740072  -0.312754165618  0.134751246907  0.367619080034
  46  C  4.297452083261  6.649572732835  2.220907070033  -0.403495822818  0.157200928520  -0.052663955993
  47  C  4.259904167295  6.651827293102  6.609935752695  0.126638071688  0.166132235101  0.084622579650
  48  C  2.196742057062  0.029139211265  2.216337546755  0.846733366480  -1.055761695523  -0.312307730813
  49  C  2.157114039648  0.036827054841  6.593541711346  1.321136495691  -1.225382943656  0.094380000415
  50  C  2.116931018865  4.423498376756  2.205890487854  0.229565895671  0.371508035749  0.225600587165
  51  C  2.115542197068  4.423868750685  6.591166210065  -0.068761418575  0.318152791784  0.587600320872
  52  C  6.583090561025  0.108809021743  2.203727307652  0.816933038368  -1.568233609299  0.280771926936
  53  C  6.566199971884  0.093578490991  6.610664401053  0.982186396313  -1.291164725776  0.202838570894
  54  C  6.510131760203  4.471848171673  2.209899933852  -0.095072046119  0.460320630821  0.425108768997
  55  C  6.499819666706  4.465708478536  6.620101665281  -0.016915694378  0.550415120938  -0.073822096309
  56  C  2.149901440941  2.228237742395  0.001679898755  0.675527619206  0.487509001519  -1.115791436257
  57  C  2.153740975994  2.224700005707  4.402646329228  -0.032771565429  0.452338604707  0.230889970687
  58  C  2.111151162102  6.608922294072  0.012234322328  0.091565110285  0.505605783782  -1.216193907347
  59  C  2.083127245312  6.604088220996  4.396081830152  -0.049941865043  0.677975021905  0.280915049601
  60  C  6.552427781464  2.286536913988  0.018324697229  0.163845909228  0.151787773789  -1.234475657312
  61  C  6.536607268580  2.282357887402  4.417596501136  0.068401236752  0.185781486439  0.117482999808
  62  C  6.502217891455  6.682858139102  0.036490776530  -0.139131058233  0.109250345572  -1.650496261182
  63  C  6.467592099041  6.690153840029  4.419444362895  0.103380216776  0.303095885161  0.253175100886


MDSTEP:  2
LATTICE_CONSTANT: 1.889726125458
LATTICE_VECTORS
  8.805895415073  0.000000000000  0.000000000000
  -0.263614654523  8.906397512572  0.000000000000
  -0.059926168364  -0.011088948130  8.904438282770
VIRIAL (KBAR)
  -24.642691883262  70.137288854149  20.351982025882
  70.137288854149  -55.278247224941  6.758282229914
  20.351982025882  6.758282229914  -57.616901348063
INDEX    LABEL    POSITIONS    FORCE (eV/Angstrom)
  0  Si  3.268497854977  1.141263753309  3.307305942797  0.079347990420  -0.447642873445  -0.014141791391
  1  Si  3.241739236693  1.153950366651  7.683477774696  0.086254929570  -0.577627187184  1.771408209920
  2  Si  3.196486296331  5.537801581268  3.309515495218  0.318701262765  -0.359444788448  -0.111638996558
  3  Si  3.193515603097  5.534312963126  7.711464977778  -0.196173877151  -0.156985710994  1.371087735593
  4  Si  7.655238841252  1.207091523445  3.322182979049  0.221076717036  -0.390422056005  -0.276190095139
  5  Si  7.647676150793  1.209167066987  7.720678093116  -0.158634372166  -0.602563008431  1.443274673489
  6  Si  7.580967623974  5.606888636299  3.341569197060  0.087921531900  -0.462220146629  -0.673420086744
  7  Si  7.585236451525  5.591561934259  7.691664401976  -0.063825014286  -0.141498446184  2.115640827078
  8  Si  3.243362818999  3.343620558997  1.127782338397  -0.124089787963  -0.227069248660  -1.061591068178
  9  Si  3.222529064691  3.348008407073  5.509576922324  0.282532457492  -0.375095647590  -0.380886657572
  10  Si  3.180187929014  7.743237030239  1.109392306074  -0.742671590459  1.400985186788  -0.309329892124
  11  Si  3.171259068090  7.740290180489  5.488939008481  -1.161894833465  1.353352287436  0.134001094865
  12  Si  7.622665761137  3.409201646828  1.109452310963  0.320813247351  -0.379191568281  -0.283243266413
  13  Si  7.612723382507  3.394115318162  5.521266802812  0.262781634404  -0.075189720583  -0.368774500064
  14  Si  7.555928066600  7.803282470902  1.139127630950  -0.509114551323  1.476452477652  -0.681278025875
  15  Si  7.561039734185  7.798306820846  5.542493588261  -0.913303591959  1.706284934918  -0.521115812128
  16  Si  1.082407597576  1.107502531367  1.095308753815  0.130106313173  1.047491182118  0.518851297467
  17  Si  1.071952104206  1.120414950079  5.500307881686  -0.400331684708  0.654542365456  0.311555047023
  18  Si  1.023628590755  5.511964422591  1.107009302358  -0.405366579522  0.899127499853  0.216207111401
  19  Si  1.012299534575  5.493644162838  5.498761793868  -0.364908895694  1.264123494467  0.348572726365
  20  Si  5.457478779400  1.176838256731  1.117414744351  0.278514020550  -0.468870299393  -0.810845430458
  21  Si  5.461133856408  1.177339939614  5.510121491080  0.127533249018  -0.544803338411  -0.164946571344
  22  Si  5.396144330001  5.568000256025  1.110501063663  0.376255007162  -0.119082458032  -0.381274838564
  23  Si  5.412813830405  5.591611515590  5.513217196868  -0.646952044341  -0.743596292570  -0.089704450618
  24  Si  1.037699152280  3.313327106698  3.290631541934  -0.120905616800  1.053405300794  0.911788795258
  25  Si  1.030453584674  3.327988416375  7.693564365821  -0.337581594480  0.531337642868  2.228130350977
  26  Si  0.973502961003  7.708461258500  3.289389302735  -0.758517706804  2.093889780201  0.729715696416
  27  Si  0.979069379811  7.695173795254  7.699559427821  -0.759222437001  2.119567610765  1.810213895299
  28  Si  5.430141704556  3.361317395184  3.313578262478  -0.083309119665  0.017562554361  -0.105401281480
  29  Si  5.413965021946  3.365829917914  7.694963297945  -0.165589722796  -0.092171966417  1.953039385159
  30  Si  5.361401621408  7.765295622495  3.304872109325  -0.686183134970  1.769600028955  0.222447006017
  31  Si  5.345276756677  7.760513609056  7.703922286561  -0.713066199871  1.411046226671  1.798507808206
  32  C  8.798271219354  0.139344417948  0.027649475227  0.000621326737  -2.302683321258  -1.528797940507
  33  C  8.763271441244  0.132577824204  4.420598479952  0.723769136376  -2.240313852474  -0.271010881043
  34  C  -0.078922147449  4.513601286152  0.038812154209  -0.034101143581  -0.725060568894  -2.219288100723
  35  C  -0.112733114251  4.530528974306  4.422305590851  0.107165528200  -1.465211918326  -0.380270203927
  36  C  4.403399200588  0.060243226297  0.001881054970  0.590557801467  -0.888030823684  -1.206540554970
  37  C  4.394066998201  0.067919939093  4.411893715888  0.701035647115  -1.297784270133  -0.243554502892
  38  C  4.335719445769  4.459974731081  0.013873824849  -0.085191000717  -0.072119486293  -1.320639476282
  39  C  4.311870021247  4.440538023117  4.425026001160  0.143558835378  0.599206190927  -0.166825369461
  40  C  -0.062018282081  2.329002273662  2.230746669946  -0.142916104742  -1.314416322859  -0.820363985220
  41  C  -0.081792271897  2.323221513843  6.621517239748  0.213262805527  -1.012936530858  -0.471688542324
  42  C  -0.142704655569  6.698784370569  2.230654580745  0.150291723417  -0.690815550963  -0.549002702557
  43  C  -0.132006446146  6.714628987427  6.610307048526  0.013487526446  -1.257346307934  -0.280952143528
  44  C  4.338035683315  2.243593132591  2.207659851052  0.256742964831  0.372923707170  0.343073853919
  45  C  4.350154556979  2.261896430654  6.595321361826  -0.374033770489  0.050953472337  0.324712070409
  46  C  4.295788277536  6.649994770020  2.218603967114  -0.392597143308  0.192059454432  -0.003736090856
  47  C  4.259825196564  6.655581550272  6.609731406772  0.115158121680  0.091558592678  0.100851826120
  48  C  2.200515787503  0.032052427908  2.213541155635  0.775233714412  -1.133900207712  -0.262503646351
  49  C  2.157837555669  0.038098341607  6.595762281557  1.281145770670  -1.234937780332  0.036876410311
  50  C  2.120373695481  4.421845509736  2.208177548259  0.151862726372  0.419143615336  0.176256052705
  51  C  2.119217914404  4.422770777910  6.590852437504  -0.137296897241  0.343287010385  0.583892907016
  52  C  6.584236090673  0.107987525352  2.204936226668  0.792129087918  -1.509970650212  0.255063046959
  53  C  6.564501915089  0.092363886250  6.609701267237  1.051139415493  -1.265222966566  0.218206201122
  54  C  6.511294035360  4.475570725114  2.207912655819  -0.129914812003  0.363825899937  0.485913573008
  55  C  6.500663683050  4.469092166267  6.616901292195  -0.033714388006  0.506258052419  0.026855766446
  56  C  2.149426292528  2.226206502405  0.001962980745  0.684384150586  0.533210739793  -1.121483406747
  57  C  2.154460768259  2.226484533263  4.403607292034  -0.054020894903  0.386521081915  0.208769843708
  58  C  2.107673790851  6.609818434605  0.011769429561  0.148931106675  0.495019901069  -1.199990094648
  59  C  2.081015408663  6.600760344116  4.395050501773  0.008048951596  0.788504886727  0.299760047059
  60  C  6.548607715954  2.290069331860  0.018149462356  0.225138161509  0.092542042876  -1.252965649803
  61  C  6.538841085667  2.285623846347  4.421178477591  0.032621488642  0.097680490718  0.058346635666
  62  C  6.499474479863  6.682527181107  0.035066079219  -0.101761984760  0.127258028546  -1.630672233278
  63  C  6.470051591620  6.691516265424  4.423396216470  0.059066143289  0.315503575185  0.161048394783


MDSTEP:  3
LATTICE_CONSTANT: 1.889726125458
LATTICE_VECTORS
  8.805895415073  0.000000000000  0.000000000000
  -0.263614654523  8.906397512572  0.000000000000
  -0.059926168364  -0.011088948130  8.904438282770
VIRIAL (KBAR)
  -25.059109156219  69.561847532627  20.121158715265
  69.561847532627  -55.459764583708  7.007055081166
  20.121158715265  7.007055081166  -57.881494773305
INDEX    LABEL    POSITIONS    FORCE (eV/Angstrom)
  0  Si  3.266129396978  1.139670362501  3.309957742940  0.146989943467  -0.442285468028  -0.113276236766
  1  Si  3.240837644739  1.156528326019  7.685807639164  0.139378267301  -0.635388868131  1.678931291515
  2  Si  3.196427612960  5.536100154182  3.312581689428  0.353482883757  -0.359986057482  -0.213915007471
  3  Si  3.190823037601  5.536800824561  7.712792321936  -0.103156134873  -0.123110058528  1.280470826596
  4  Si  7.656834716401  1.209908321085  3.319892074801  0.155158471139  -0.493029690086  -0.178136121116
  5  Si  7.646108331462  1.206646562158  7.719109352804  -0.126926455453  -0.575337740652  1.477132885656
  6  Si  7.581874510741  5.604479414298  3.338742865613  0.134008671793  -0.409392378277  -0.634346238160
  7  Si  7.583320768616  5.594619845598  7.689012164002  -0.084845067290  -0.212874962640  2.113806124563
  8  Si  3.240962617264  3.340901138784  1.127152439953  -0.046779911353  -0.182627086371  -1.082941270580
  9  Si  3.223658648282  3.350765695267  5.506671671810  0.318986068786  -0.411731250770  -0.337275928657
  10  Si  3.180726763112  7.740733324984  1.108547477745  -0.723546648366  1.464346236204  -0.322419438883
  11  Si  3.170835094325  7.740314329859  5.487547443532  -1.131249836260  1.395594865403  0.166199430690
  12  Si  7.620997026320  3.411937856555  1.109814905420  0.371080606397  -0.510580512466  -0.332590568073
  13  Si  7.610663815190  3.390855353015  5.520666363318  0.264564142068  -0.043257684707  -0.330072573194
  14  Si  7.557935070551  7.805550936417  1.137895314414  -0.584207723157  1.399082469635  -0.686380752848
  15  Si  7.564187303582  7.795665480366  5.542478242438  -0.980951767554  1.735689100946  -0.549734331033
  16  Si  1.080373610833  1.108986989040  1.096875701695  0.116639765105  0.971973370126  0.461847526149
  17  Si  1.070616350498  1.123346098638  5.501434692870  -0.308898549273  0.574995045112  0.330302222590
  18  Si  1.022387490108  5.509146583296  1.108937389202  -0.292398789298  0.976054756847  0.147153743889
  19  Si  1.014282584697  5.495459680635  5.500146062455  -0.450079035161  1.191546125141  0.273895670219
  20  Si  5.460383921139  1.175376942760  1.118891131495  0.175881412801  -0.441859569832  -0.853171092130
  21  Si  5.459773126849  1.179303174460  5.507903540522  0.207947267717  -0.630421599614  -0.024528422438
  22  Si  5.396906890839  5.564855353404  1.107599830694  0.379360957090  -0.071040095777  -0.364967843018
  23  Si  5.410209329784  5.589577661097  5.510657441565  -0.574582172486  -0.612621625459  -0.103587098823
  24  Si  1.038277068826  3.310617072675  3.293652524579  -0.140437146424  1.112600466075  0.834521580533
  25  Si  1.033434240827  3.325084916404  7.697285487381  -0.356132485615  0.620297822807  2.102850544209
  26  Si  0.973027244413  7.707491328009  3.290244799599  -0.742172618162  2.105003459028  0.749917749977
  27  Si  0.976506675669  7.696489908840  7.700016965825  -0.775811872467  2.034132044381  1.782173909185
  28  Si  5.432306429265  3.364284975990  3.313726407413  -0.141561784909  -0.112405890410  -0.181353363634
  29  Si  5.414479845481  3.367392769922  7.693724402789  -0.158702595918  -0.077240113532  1.976035110380
  30  Si  5.359526670502  7.766832096809  3.305213882404  -0.632131811363  1.708346588407  0.196904960657
  31  Si  5.341672077661  7.763997803311  7.703480468183  -0.702686539268  1.369014187713  1.763697208921
  32  C  8.795143787508  0.137735172949  0.025368964915  0.103058749330  -2.231592942697  -1.472951701235
  33  C  8.761803264250  0.132690340465  4.421923387611  0.767068615038  -2.200516957230  -0.281110755155
  34  C  -0.079551786092  4.510563804112  0.039189027625  -0.005643971656  -0.657526025893  -2.230880189753
  35  C  -0.114423199166  4.526317666143  4.424755214386  0.181687171038  -1.389463806888  -0.412175934524
  36  C  4.341376427649  0.050392103967  8.900207619234  0.653019197443  -0.892082911576  -1.059273884197
  37  C  4.398298417835  0.070623158315  4.412769061654  0.571558718704  -1.364963962534  -0.273586331980
  38  C  4.333753515970  4.461702026735  0.013098120468  -0.083922080399  -0.135096791116  -1.323970814387
  39  C  4.315684197288  4.438364383073  4.422300962540  0.089553611595  0.662034895429  -0.142078975911
  40  C  -0.066669118165  2.328099259917  2.234230941388  -0.025247518157  -1.237737105942  -0.892500076602
  41  C  -0.080436781928  2.322737658210  6.624553717873  0.177670507365  -0.999946717046  -0.512971524211
  42  C  -0.137705723621  6.700745790291  2.228555025188  0.043711862492  -0.781039440758  -0.541711288506
  43  C  -0.133484269816  6.708771278565  6.605020552718  0.139994570455  -1.142047164756  -0.160352912169
  44  C  4.332981437072  2.243757230880  2.205734048558  0.371783857860  0.339456151375  0.386574185290
  45  C  4.352067691215  2.265340160258  6.595660960724  -0.442724285949  -0.005287014421  0.293990026353
  46  C  4.295127152914  6.645666402929  2.215316464534  -0.353562621964  0.258823179374  0.082146966795
  47  C  4.259743904079  6.660155166777  6.604959215182  0.104629867113  -0.014007576064  0.164841483691
  48  C  2.196721289353  0.028429684912  2.215576751843  0.841310451332  -1.049470614954  -0.285004288463
  49  C  2.160049079624  0.032778844391  6.600697829330  1.212678609301  -1.067050832922  -0.108133760919
  50  C  2.124401475624  4.418633161954  2.208063483157  0.023523771592  0.439109449242  0.210733161202
  51  C  2.121842242213  4.425996112497  6.586081229694  -0.184399394339  0.266509324722  0.705883821726
  52  C  6.585707978088  0.109287881715  2.207731668514  0.775301069241  -1.539655908431  0.199058306569
  53  C  6.569837773935  0.087057747773  6.612933872576  0.931315215064  -1.149518873790  0.084491756035
  54  C  6.515934783906  4.471627168012  2.205910394228  -0.232893944806  0.467592271239  0.504032182427
  55  C  6.497865869696  4.472791068445  6.612618620228  0.011912895601  0.416857030289  0.089355405758
  56  C  2.092672364118  2.213177915146  8.902027916501  0.594206942073  0.532570295442  -1.009436985040
  57  C  2.159069784794  2.229567701556  4.399488169925  -0.154906278034  0.304398625389  0.349458836925
  58  C  2.112907077778  6.613885955842  0.009121211762  -0.039431630500  0.358938800855  -1.137346616011
  59  C  2.083067547079  6.600931549948  4.394594025914  -0.038146299251  0.780409575311  0.297081780048
  60  C  6.550425724253  2.288272809134  0.018211065697  0.206380950844  0.138973242199  -1.262986651068
  61  C  6.534934346850  2.281251626632  4.419928593206  0.123650707588  0.196476980171  0.054744192882
  62  C  6.495533980673  6.684328729678  0.029658276280  -0.033430096700  0.124277513360  -1.517002518361
  63  C  6.474145278831  6.692646059665  4.420452384572  -0.035928732086  0.257091427555  0.173938603890


MDSTEP:  4
LATTICE_CONSTANT: 1.889726125458
LATTICE_VECTORS
  8.805895415073  0.000000000000  0.000000000000
  -0.263614654523  8.906397512572  0.000000000000
  -0.059926168364  -0.011088948130  8.904438282770
VIRIAL (KBAR)
  -25.308975089308  68.792857101849  19.585599068970
  68.792857101849  -55.724431000156  7.076173847602
  19.585599068970  7.076173847602  -57.937959011373
INDEX    LABEL    POSITIONS    FORCE (eV/Angstrom)
  0  Si  3.267577297952  1.139758212401  3.308360942570  0.135550518653  -0.409243456645  -0.122096175135
  1  Si  3.244565063448  1.158536626068  7.683247071688  0.033659153805  -0.595910595670  1.706532270167
  2  Si  3.192715823725  5.536100477070  3.311672208638  0.371914745998  -0.349231870441  -0.278068757301
  3  Si  3.188393076320  5.536365439382  7.710410960393  -0.024575799371  -0.137937228698  1.375488917117
  4  Si  7.655296126769  1.209189018550  3.315725102073  0.193111126322  -0.424507799647  -0.110151431320
  5  Si  7.647308222361  1.203345879857  7.719300927000  -0.117522526667  -0.495809583743  1.460167956062
  6  Si  7.578468538243  5.606665348953  3.340898687049  0.227670772520  -0.496116529033  -0.739254750748
  7  Si  7.584824767912  5.597952326335  7.692786750743  -0.192119086919  -0.296766325930  2.017128535544
  8  Si  3.237315958119  3.337079203871  1.127005168983  0.040532061595  -0.067589828791  -1.053420453224
  9  Si  3.221087861619  3.354176297000  5.503314157580  0.327951254115  -0.458319487762  -0.358350967621
  10  Si  3.179548358310  7.742034957129  1.109585757142  -0.756410949572  1.429874168806  -0.371312122446
  11  Si  3.172109633438  7.741120984488  5.486829278902  -1.148475959186  1.348712851314  0.227124499869
  12  Si  7.623801221074  3.412407316388  1.113200271820  0.298692711865  -0.609248887585  -0.389262780600
  13  Si  7.608444531770  3.393241731916  5.519508609853  0.312834644740  -0.107142795877  -0.332017121812
  14  Si  7.556753823943  7.802690039574  1.140216122574  -0.537143089931  1.509739337912  -0.735939853256
  15  Si  7.562914875947  7.798314613803  5.545893862366  -0.944585834103  1.715178991303  -0.644134902507
  16  Si  1.083313260856  1.112072633071  1.098814534232  0.041935180329  0.891064436078  0.381752737537
  17  Si  1.071632663493  1.123677615577  5.502583052866  -0.390868691734  0.615829760397  0.224552072595
  18  Si  1.022306972116  5.510136189025  1.110414529023  -0.419394410202  0.919922452167  0.063014894967
  19  Si  1.010221772770  5.497993838239  5.501067901136  -0.394685469257  1.045920881259  0.258728385524
  20  Si  5.457447406061  1.172269222113  1.116073435614  0.266948408984  -0.341607492250  -0.763373245635
  21  Si  5.462147567480  1.181944744602  5.509848618250  0.148513366377  -0.637169392925  -0.089213683498
  22  Si  5.394414064325  5.566214914698  1.105921925901  0.416873597303  -0.214661776401  -0.332984747007
  23  Si  5.406737511840  5.592591883690  5.507319679512  -0.457804370734  -0.688471976052  -0.067393272741
  24  Si  1.038060936140  3.309092553099  3.291446393257  -0.108148372894  1.220516153736  0.887270136832
  25  Si  1.031549725128  3.326606737120  7.701718823055  -0.332477121700  0.600446622014  2.004962612094
  26  Si  0.970463691478  7.708271900182  3.292814170291  -0.752134985457  2.092261962379  0.638288226867
  27  Si  0.979862626002  7.694217673719  7.698924050402  -0.856790812449  2.045685681046  1.784493438005
  28  Si  5.432764266192  3.365446132299  3.316764106210  -0.145422338265  -0.140830472565  -0.294711307423
  29  Si  5.412207485424  3.368810712687  7.695477177828  -0.159031155363  -0.096727720106  1.934817960576
  30  Si  5.362070301565  7.770017428204  3.307550415001  -0.727417899048  1.606024122023  0.124209091504
  31  Si  5.337515984695  7.765218665043  7.705062523876  -0.608494347103  1.394814240517  1.754900234110
  32  C  8.798574953489  0.139426329360  0.021447369176  0.072214857272  -2.286261224474  -1.337890467348
  33  C  8.757046506659  0.135746710088  4.417542905417  0.878766184279  -2.243660846674  -0.148036247661
  34  C  -0.083631458292  4.508255645072  0.036673893755  0.110840433125  -0.560339152301  -2.141199277490
  35  C  -0.115816971245  4.527074236535  4.419354972136  0.221207085187  -1.390289863062  -0.292773125533
  36  C  4.339688478149  0.054365380003  8.900722640648  0.628897677767  -0.989816823365  -1.119977182616
  37  C  4.393732702031  0.073408543556  4.415719371099  0.670375976558  -1.390553617201  -0.280882777843
  38  C  4.332401095290  4.459902534300  0.010691967456  -0.091056121113  -0.110917738740  -1.268743417564
  39  C  4.312864169102  4.440161147709  4.416705740186  0.106260186984  0.678432818873  -0.066650829172
  40  C  -0.061591897883  2.326244270964  2.238353575874  -0.142017131846  -1.259688858051  -1.040826906253
  41  C  -0.078074411460  2.321434881814  6.623781609776  0.138264637365  -0.946233942090  -0.512164453007
  42  C  -0.140305606928  6.696619938437  2.224896338306  0.121017698092  -0.687759215477  -0.437484636625
  43  C  -0.132397867862  6.705329780485  6.600144971557  0.145075326341  -1.043417663489  -0.044132941519
  44  C  4.336446676633  2.243778000403  2.205865157851  0.294951400378  0.342539994340  0.382566593524
  45  C  4.347808275615  2.269891575737  6.591243129989  -0.337169002658  -0.053993534339  0.340117107625
  46  C  4.292217526667  6.641870152018  2.209071048120  -0.290934149631  0.402651565519  0.261083805046
  47  C  4.264915594595  6.657462199179  6.609009402161  -0.042366215674  0.086597344128  0.063768883835
  48  C  2.199307540771  0.029967220169  2.211227302793  0.808240554833  -1.127382248612  -0.181416536829
  49  C  2.155243752926  0.037757593475  6.604102712214  1.319596441592  -1.155400535403  -0.137643271220
  50  C  2.119507106212  4.423572019095  2.204516505178  0.097597573842  0.306263736744  0.272486768223
  51  C  2.127967736381  4.426668661707  6.588779801495  -0.400510772455  0.280715179524  0.624609537380
  52  C  6.585897069023  0.112221831107  2.212871969941  0.714962659997  -1.595538036414  0.052510655942
  53  C  6.573275969389  0.084931736991  6.609110755270  0.856314379718  -1.148593954073  0.169025429255
  54  C  6.520038296475  4.467619473978  2.208519682144  -0.350393148846  0.590713799407  0.465438380506
  55  C  6.495639305395  4.471186149915  6.613103154388  0.027185688336  0.515931568927  0.076072967660
  56  C  2.092606869239  2.215387646563  8.903972920556  0.593328452090  0.500262382754  -1.046512832106
  57  C  2.158438419467  2.230334478143  4.393495766402  -0.138108526091  0.300614898906  0.448809072108
  58  C  2.109938939276  6.610259662061  0.010662332601  0.035668761861  0.452545430647  -1.191531656985
  59  C  2.082327241501  6.598211649784  4.396776049152  -0.038343687643  0.868394927827  0.276528825147
  60  C  6.547026293338  2.286471675607  0.017378688312  0.281541274731  0.148346287116  -1.227706138264
  61  C  6.534099500052  2.279423006436  4.414265915622  0.145265549534  0.239555239726  0.182169404447
  62  C  6.490357176406  6.688355700390  0.033251072718  0.026203493473  0.103485552167  -1.574680803870
  63  C  6.480294167222  6.693122480433  4.417853629295  -0.205561860047  0.304098086330  0.273319674110


MDSTEP:  5
LATTICE_CONSTANT: 1.889726125458
LATTICE_VECTORS
  8.805895415073  0.000000000000  0.000000000000
  -0.263614654523  8.906397512572  0.000000000000
  -0.059926168364  -0.011088948130  8.904438282770
VIRIAL (KBAR)
  -25.595635650575  68.849024792210  19.549947332554
  68.849024792210  -55.673586837729  6.447769268167
  19.549947332554  6.447769268167  -58.190874038535
INDEX    LABEL    POSITIONS    FORCE (eV/Angstrom)
  0  Si  3.264597399071  1.138285846525  3.307741740138  0.187078139728  -0.459525615767  -0.047251931634
  1  Si  3.247924044111  1.160064331473  7.686541170848  -0.028014663881  -0.658739772175  1.588218648580
  2  Si  3.191767781375  5.532577470832  3.310881756822  0.294557214242  -0.242913549547  -0.187472665586
  3  Si  3.184632014679  5.537268061665  7.715308706130  0.022089994584  -0.193916072616  1.248187496040
  4  Si  7.651665137640  1.212535410713  3.312463875960  0.295196087410  -0.553344534145  0.011746853973
  5  Si  7.650131005567  1.201407969757  7.718815554701  -0.195384086769  -0.455728974806  1.486551841683
  6  Si  7.578127507906  5.606800920078  3.342962922718  0.185285956625  -0.509322104192  -0.789130646911
  7  Si  7.589206182131  5.602190979161  7.689586491349  -0.306410731278  -0.358146567719  2.132837437798
  8  Si  3.232793057293  3.332827279448  1.130407935990  0.079121276973  0.006768826463  -1.139358072229
  9  Si  3.224980691790  3.349663764460  5.502426007638  0.206829409139  -0.279677395106  -0.394077550242
  10  Si  3.176296701313  7.739875511675  1.112092253238  -0.706238392723  1.454611763068  -0.371550922209
  11  Si  3.172876897165  7.737550203224  5.486542924911  -1.157085566069  1.455066563730  0.216198346065
  12  Si  7.623042610095  3.411818940287  1.114030001290  0.379120799570  -0.523017608247  -0.477687822388
  13  Si  7.611726727369  3.393804104507  5.516577145943  0.140337012739  -0.097909447562  -0.171780848175
  14  Si  7.559438342081  7.804841425884  1.135907252558  -0.609283468659  1.509240230853  -0.641269337005
  15  Si  7.566966904565  7.798668865878  5.544579825826  -0.983204731476  1.659083372186  -0.635812208132
  16  Si  1.081986326853  1.116455387046  1.102889819402  0.006053909921  0.827769452218  0.231732134972
  17  Si  1.067744375306  1.127682359423  5.506214068048  -0.344561833741  0.556309783488  0.169519478114
  18  Si  1.019246515819  5.514439447793  1.114492214642  -0.504825950747  0.795189310343  -0.000121618508
  19  Si  1.006203601671  5.501389676623  5.505588615666  -0.287479469154  1.014127388536  0.163726001268
  20  Si  5.457622368240  1.167465714621  1.112861464893  0.273988696062  -0.171609245347  -0.636482531103
  21  Si  5.460185030771  1.182932387344  5.507564995537  0.255209112435  -0.685677300732  -0.007684382635
  22  Si  5.396910210258  5.561755612519  1.107906356209  0.311577903813  -0.156555117885  -0.441781852567
  23  Si  5.405165753972  5.595875397634  5.505263664036  -0.413143212540  -0.714174198582  -0.054042339425
  24  Si  1.038522771508  3.311170076659  3.296081939488  -0.234082148206  1.131695198819  0.849899292060
  25  Si  1.032609323286  3.328116905776  7.701772486288  -0.348819819271  0.615930983597  1.964821181860
  26  Si  0.965555501358  7.713684107410  3.291744077290  -0.725309972391  2.013599941686  0.716115676619
  27  Si  0.983593486929  7.691129003262  7.697310040069  -0.824439174758  2.178106097987  1.795543632103
  28  Si  5.435562516531  3.363420785912  3.313692142481  -0.246705937872  -0.002748099633  -0.238613837585
  29  Si  5.414326227301  3.367648809906  7.691476807694  -0.186073244979  -0.015901314967  2.007538978511
  30  Si  5.363694734616  7.774254624155  3.302972736183  -0.786581164128  1.484077377075  0.246063256207
  31  Si  5.340962427888  7.762638872132  7.706982475295  -0.679901743932  1.348024406389  1.656557850859
  32  C  8.793543440441  0.143744281837  0.022914637829  0.181256171306  -2.269268422229  -1.281487455915
  33  C  8.763106473557  0.130701774022  4.418114457022  0.762703067636  -2.084988524761  -0.256297565982
  34  C  -0.088531075459  4.512560128372  0.030945804124  0.243743465697  -0.582874475511  -1.979112972519
  35  C  -0.121239805596  4.525272781396  4.424339733415  0.348054490437  -1.282359770650  -0.362083023333
  36  C  4.400782269254  0.064098549561  0.000547347780  0.591050008347  -1.009624068398  -1.203086009219
  37  C  4.400196176936  0.070651794526  4.422092902448  0.502264183706  -1.344813613118  -0.466339507307
  38  C  4.327613234911  4.455294872327  0.006014715727  -0.022199656513  -0.040568692573  -1.118259879957
  39  C  4.310926338239  4.446745146104  4.418502408162  0.196902907128  0.482828362415  -0.152557997684
  40  C  -0.063628556304  2.326903316555  2.237769086899  -0.065230712562  -1.195361713560  -0.973825890316
  41  C  -0.079716917228  2.320701319342  6.626178359480  0.164189262949  -0.909598489289  -0.559705336723
  42  C  -0.147182165260  6.698238656076  2.226273432616  0.244807154500  -0.679859372322  -0.428813905080
  43  C  -0.129478925351  6.704782673365  6.605829630673  0.093322010096  -0.997735181232  -0.191513695865
  44  C  4.332942316678  2.246589756433  2.209413026493  0.361039488649  0.213204313050  0.299896781538
  45  C  4.347022249466  2.274018431051  6.586838104379  -0.250353452242  -0.186797650978  0.430884869113
  46  C  4.289454420171  6.639792089069  2.211276052300  -0.241420605178  0.409345047832  0.201834117923
  47  C  4.260280671166  6.653821035239  6.602182025528  0.041430552642  0.174267680584  0.304744330443
  48  C  2.194720913359  0.027870312372  2.206918575197  0.882969989947  -1.066006654160  -0.113577976127
  49  C  2.154644009934  0.040849157156  6.598633987077  1.381873129787  -1.200935406149  0.032044586715
  50  C  2.112541762350  4.418681004228  2.208282372709  0.169768827350  0.420866301768  0.199500833348
  51  C  2.128088042601  4.427237717960  6.585620916847  -0.407692613023  0.252646956621  0.674630994991
  52  C  6.582487449238  0.111544075791  2.218658882970  0.764199789015  -1.522639797232  -0.118452090766
  53  C  6.578942596663  0.080181248356  6.608048174230  0.769513813137  -1.045042700844  0.163037593436
  54  C  6.523221508879  4.467759056738  2.202997633702  -0.390265557482  0.562356982349  0.618231603632
  55  C  6.495132210501  4.477984652988  6.618672723792  0.076256791680  0.424687616136  -0.114829493907
  56  C  2.095110486051  2.212409996286  8.899005023339  0.523542165579  0.532692885327  -0.920945198715
  57  C  2.155115571950  2.229829728463  4.393252513320  -0.089294503727  0.295824508952  0.477680647409
  58  C  2.107111254919  6.611875235513  0.015144277618  0.067963364036  0.434385394250  -1.231510812210
  59  C  2.082511277281  6.605735662883  4.399222834214  -0.131065213559  0.701137661662  0.163763420795
  60  C  6.549343309019  2.293607692836  0.020714240767  0.191293315991  -0.048819180694  -1.316960312136
  61  C  6.532619852098  2.279840162739  4.411843417949  0.190143697188  0.258568231906  0.234520981832
  62  C  6.492355416155  6.691913765572  0.037255405708  -0.016728916547  0.023837972751  -1.638778037155
  63  C  6.480616789744  6.694586273525  4.412280490839  -0.202936616637  0.309950020682  0.376226859365


MDSTEP:  6
LATTICE_CONSTANT: 1.889726125458
LATTICE_VECTORS
  8.805895415073  0.000000000000  0.000000000000
  -0.263614654523  8.906397512572  0.000000000000
  -0.059926168364  -0.011088948130  8.904438282770
VIRIAL (KBAR)
  -25.870479853641  69.235859306737  19.130415004088
  69.235859306737  -56.136344808100  6.466807435168
  19.130415004088  6.466807435168  -58.404394948846
INDEX    LABEL    POSITIONS    FORCE (eV/Angstrom)
  0  Si  3.269393374182  1.136278416172  3.308528100615  0.052161205440  -0.501267031480  -0.028113281990
  1  Si  3.243122522700  1.162851940206  7.687272780656  0.037096419949  -0.714527815818  1.534409628748
  2  Si  3.196319632150  5.531731036867  3.313799211928  0.183079932499  -0.237740644678  -0.187729368294
  3  Si  3.180849550605  5.539355912247  7.712930987053  -0.021298251016  -0.211140260256  1.204374831555
  4  Si  7.652785685374  1.207180878906  3.315816645298  0.344430587352  -0.464725868222  -0.142728386398
  5  Si  7.649781014450  1.201489928072  7.722379242005  -0.181898611238  -0.467214251479  1.421447997831
  6  Si  7.574274761023  5.603133887109  3.345587178022  0.306899123650  -0.398807742797  -0.741424834531
  7  Si  7.593566337294  5.602665142828  7.688130448391  -0.355428526838  -0.353076684379  2.144257572286
  8  Si  3.230175291473  3.329613787923  1.125101070382  0.174218503603  0.021534967089  -0.975211787306
  9  Si  3.220981619618  3.351952771408  5.503506849397  0.193248775955  -0.330199718202  -0.371632202145
  10  Si  3.173029482914  7.742244906432  1.116578399788  -0.641585753036  1.369082701377  -0.437392112229
  11  Si  3.175504512612  7.740374984594  5.488997780678  -1.298786263731  1.359896065003  0.170048035892
  12  Si  7.621136839256  3.413167685280  1.110236365264  0.399073989553  -0.623824046421  -0.405645884732
  13  Si  7.607473656423  3.396755968628  5.520290200753  0.213938225893  -0.156254550966  -0.262299400938
  14  Si  7.557368338001  7.804117428390  1.139541711493  -0.605258535368  1.467104785658  -0.723474683330
  15  Si  7.562870047184  7.802960606550  5.543207554884  -0.838545645632  1.626782645884  -0.544696889957
  16  Si  1.086529440469  1.121792258140  1.103570661612  -0.075675671884  0.694422491393  0.244248582769
  17  Si  1.069815267405  1.132144265609  5.502223613794  -0.340778943699  0.428157207723  0.286896795885
  18  Si  1.013826448778  5.511091345251  1.112474791128  -0.290968781970  0.847803668123  0.025299786162
  19  Si  1.001189888575  5.499293789221  5.500765443494  -0.124907623423  1.161922908227  0.278213367161
  20  Si  5.459264899433  1.167185005922  1.114880177543  0.161981552116  -0.262558153022  -0.699754607793
  21  Si  5.461187774726  1.180253073583  5.506877499885  0.129026220532  -0.686901065077  -0.082718338783
  22  Si  5.395065773561  5.562469187902  1.103351026407  0.287411516931  -0.178291976633  -0.420981234503
  23  Si  5.404689941049  5.597343248575  5.509074169140  -0.452526184294  -0.712182726777  -0.114136603715
  24  Si  1.036633416763  3.316658511993  3.293713371008  -0.175519853179  0.907078659934  0.938792737555
  25  Si  1.029288188573  3.324421944223  7.698261585873  -0.256924096635  0.742538714600  2.023256688893
  26  Si  0.966198312499  7.709763217601  3.287609553262  -0.581753408406  2.084966718149  0.865389857571
  27  Si  0.979556346355  7.694701021880  7.703064265457  -0.794505663487  2.180972674639  1.624398948557
  28  Si  5.432922289841  3.366244069979  3.309879123560  -0.173966570038  -0.068073374235  -0.056209872418
  29  Si  5.414936576486  3.370799752323  7.691238287751  -0.314865923009  -0.182918096456  1.893514301017
  30  Si  5.364466488568  7.774222155860  3.307154440672  -0.828003609875  1.448700725672  0.173587324143
  31  Si  5.338761078335  7.758227603361  7.703957872731  -0.721091636938  1.432741163891  1.619484693600
  32  C  8.797656402904  0.139507260614  0.025586921822  0.174076753491  -2.190208908657  -1.312153759947
  33  C  8.768976455222  0.134125837937  4.416206414514  0.649043562593  -2.209069028798  -0.240148138343
  34  C  -0.085246386252  4.506401132587  0.027428289121  0.133716636653  -0.541543399233  -1.978407324256
  35  C  -0.113916078673  4.521680245303  4.424171103037  0.074926794420  -1.283667284632  -0.446452696644
  36  C  4.393876749736  0.070112681408  0.000673329102  0.652231198487  -1.094748625571  -1.135028777973
  37  C  4.394544464228  0.062632812655  4.419105010006  0.726731661238  -1.201187485539  -0.407250379108
  38  C  4.261446215521  4.441350574176  8.903236458203  0.075754154487  0.018819686826  -1.001676686990
  39  C  4.307179800068  4.453364904736  4.424911812578  0.324370060794  0.303693308826  -0.244604151152
  40  C  -0.060981424715  2.325744710630  2.234665878856  -0.141550276146  -1.167271255273  -0.927630946300
  41  C  -0.078643938110  2.324786868339  6.623977802741  0.047042780517  -1.038860313837  -0.509333813309
  42  C  -0.143516113946  6.698452514782  2.229787520245  0.044499268102  -0.791887114518  -0.525483759705
  43  C  -0.130256450317  6.701974877277  6.606609694429  0.086440577998  -0.853135850053  -0.248799963568
  44  C  4.338701293820  2.239820005792  2.212920674967  0.230881301146  0.395148615065  0.190316003405
  45  C  4.342338811733  2.265947888590  6.579864970058  -0.143593155553  0.049939744541  0.573974589010
  46  C  4.292923991311  6.632843717557  2.218967689597  -0.275484970628  0.541809676637  0.017543510986
  47  C  4.257046288452  6.648652238571  6.594994048727  0.092866149204  0.280084496172  0.467547509715
  48  C  2.197572866485  0.023505775768  2.204595395571  0.862884305982  -0.963713454308  -0.081685771002
  49  C  2.159602101219  0.040495119022  6.594636086705  1.235173932170  -1.194331831151  0.110776013531
  50  C  2.115034517213  4.414305703817  2.212244227610  0.171055154065  0.536450281733  0.070070011787
  51  C  2.119772392440  4.431691969841  6.586757084022  -0.316419054184  0.139771533690  0.641990903603
  52  C  6.581385847046  0.110018023166  2.211894355935  0.828520993499  -1.571016475616  0.064209982310
  53  C  6.573680220799  0.086209961248  6.607527061356  0.854782253637  -1.166577471033  0.216259238720
  54  C  6.525984981278  4.472524357648  2.203924761759  -0.467949549191  0.478997510036  0.529696593740
  55  C  6.493513583454  4.486180635592  6.619114091400  0.108558785576  0.269372411044  -0.092474541222
  56  C  2.094555498791  2.216332646944  8.899545230302  0.485669180952  0.468434669583  -0.999813429847
  57  C  2.153574191468  2.222270837361  4.397631059030  -0.030577995047  0.529654604325  0.279221704747
  58  C  2.106287020135  6.614593907671  0.006618012152  0.044378153434  0.366132219492  -0.993631622230
  59  C  2.087318819235  6.604493042035  4.400451684452  -0.243564431084  0.725477241765  0.140033589843
  60  C  6.542362562472  2.286095404960  0.024063828745  0.337864337117  0.165191794735  -1.379800132083
  61  C  6.537463375926  2.272610253235  4.412667021547  0.057351081710  0.451665845675  0.195663110454
  62  C  6.489603389331  6.690803405458  0.028247670078  0.064224994046  0.040758837173  -1.473722763595
  63  C  6.479069406776  6.695848816811  4.419783226388  -0.152181139264  0.281813930437  0.247324234861


MDSTEP:  7
LATTICE_CONSTANT: 1.889726125458
LATTICE_VECTORS
  8.805895415073  0.000000000000  0.000000000000
  -0.263614654523  8.906397512572  0.000000000000
  -0.059926168364  -0.011088948130  8.904438282770
VIRIAL (KBAR)
  -25.505252354082  69.941985957397  19.472344890316
  69.941985957397  -56.180532934536  6.524712504910
  19.472344890316  6.524712504910  -58.391428078013
INDEX    LABEL    POSITIONS    FORCE (eV/Angstrom)
  0  Si  3.273677245573  1.133303829767  3.311005459646  -0.026953207783  -0.380473161483  -0.008762453681
  1  Si  3.241991002273  1.164324095353  7.690166687497  0.056086845386  -0.703993450965  1.497194413836
  2  Si  3.201335424702  5.526954939177  3.312874587876  0.066612702420  -0.093501542460  -0.166728015820
  3  Si  3.180990204544  5.539258755941  7.712646408151  -0.083667771123  -0.239903243454  1.146330106966
  4  Si  7.650181410210  1.212087375836  3.311040790769  0.338800162107  -0.493508715117  0.010062653943
  5  Si  7.647342642463  1.204179091268  7.722571010307  -0.108536504548  -0.557015907220  1.486011048278
  6  Si  7.578503111579  5.606480111312  3.345428158299  0.249787438615  -0.529059043668  -0.680432523617
  7  Si  7.594990621948  5.603652386175  7.689380318009  -0.406625789681  -0.307965026350  2.129045868001
  8  Si  3.226517180212  3.334495390077  1.130191413527  0.173646216788  -0.045618512377  -0.986801523660
  9  Si  3.217566820172  3.350010200139  5.503809774732  0.294981865904  -0.324582772496  -0.452830582932
  10  Si  3.168741412647  7.739435116874  1.119773309665  -0.572889627197  1.339870466841  -0.518281452064
  11  Si  3.179194633846  7.742134727862  5.488402050511  -1.419575217938  1.297772886418  0.065653348798
  12  Si  7.622060066680  3.413481869199  1.110465388149  0.402382698626  -0.672712106599  -0.433519786796
  13  Si  7.613190104486  3.391661801997  5.514826896617  0.116725665521  -0.112073660503  -0.024480148765
  14  Si  7.556388061004  7.802575312736  1.144703077746  -0.591252070879  1.499274126998  -0.875880596897
  15  Si  7.562799758121  7.804814420238  5.545563059463  -0.810931186092  1.594886220049  -0.602710747466
  16  Si  1.092141620695  1.121731724581  1.103963486092  -0.093772754085  0.633131426237  0.182892910764
  17  Si  1.069715113207  1.127821694822  5.498022678156  -0.238590432008  0.573058756341  0.393010958103
  18  Si  1.008539668850  5.508911932973  1.107341234762  -0.086300498146  0.999071108729  0.170536513376
  19  Si  0.995668579322  5.499458055880  5.499606596506  0.075163391909  1.184366677242  0.327748228130
  20  Si  5.459989702399  1.168509194438  1.115822171825  0.029014045152  -0.288332933649  -0.687993570649
  21  Si  5.459529477048  1.179850842289  5.503607076312  0.135736966258  -0.642165058531  0.002003984870
  22  Si  5.398524692679  5.557310860844  1.106209844172  0.197564879107  -0.133760405116  -0.457691637932
  23  Si  5.402546084341  5.591927501309  5.512714870398  -0.381326418042  -0.718087884358  -0.181921643599
  24  Si  1.034928486594  3.316743669132  3.289952714098  -0.039569832524  0.877444200095  1.124764287843
  25  Si  1.027248252536  3.330385318781  7.701885384217  -0.217939780271  0.651729510245  1.904125208141
  26  Si  0.960872462275  7.716109004354  3.284819515444  -0.517440357477  1.919872743824  0.918220583549
  27  Si  0.980183272894  7.695379757022  7.701782273777  -0.685302411922  2.370152793706  1.662141612938
  28  Si  5.435179856307  3.366680286768  3.311266044076  -0.279094661251  -0.093269177273  -0.054600724410
  29  Si  5.417720442993  3.371435070607  7.687343168225  -0.538426600985  -0.337217681082  1.973815825528
  30  Si  5.360102687929  7.770370213305  3.309799788259  -0.703677295708  1.602303000644  0.090630264959
  31  Si  5.341333353742  7.758384507325  7.701216752423  -0.764056546431  1.431153978419  1.640445407638
  32  C  -0.000002444675  0.133631272164  0.020438412546  0.119868188963  -2.133032923269  -1.210169290685
  33  C  -0.032450186742  0.133936195939  4.412753775036  0.489975616615  -2.222407797889  -0.320713608482
  34  C  -0.084306502817  4.513778183492  0.030975022977  -0.021322922116  -0.740783522692  -2.106214823235
  35  C  -0.110525145475  4.516734732394  4.428935200129  -0.074673055767  -1.217732671381  -0.600894661156
  36  C  4.393467823327  0.066222594575  0.004750562189  0.629036427011  -1.009882407223  -1.189650787897
  37  C  4.398216435356  0.068775291711  4.414916989148  0.720264829318  -1.415258343659  -0.338004568427
  38  C  4.312965694005  4.454363540392  0.003577476025  0.233182341994  0.001340349313  -1.047968578604
  39  C  4.309865181756  4.451198068313  4.422624829151  0.270309815640  0.300021238557  -0.169717466316
  40  C  -0.056879202644  2.324900376816  2.233921031243  -0.224515917717  -1.166276147194  -0.982024740493
  41  C  -0.079178328733  2.319615843184  6.631798269601  0.067917333527  -0.912869926148  -0.648253080957
  42  C  -0.140352845635  6.692834585154  2.224736406056  -0.016083268179  -0.662243220089  -0.451210616594
  43  C  -0.122411906505  6.708997167924  6.612107792047  -0.170362031738  -1.037962891967  -0.414396253338
  44  C  4.334660111006  2.239935490218  2.217841564179  0.326059490470  0.424603586697  0.096306703139
  45  C  4.334390783668  2.260374777921  6.572437691327  0.051541523375  0.156016370894  0.759216781835
  46  C  4.298734779627  6.635474891302  2.216824788705  -0.397314639893  0.400811741261  0.067117898162
  47  C  4.259399955805  6.645419318554  6.591578010979  0.065807145548  0.345073852728  0.527306270203
  48  C  2.205426251705  0.019548190135  2.211389084978  0.736186500581  -0.876077626529  -0.230270558042
  49  C  2.164596474092  0.047519118981  6.590431556365  1.167377486449  -1.378243069980  0.201914583598
  50  C  2.108341554291  4.418193954057  2.216842371853  0.258650861831  0.509843844877  -0.062734244555
  51  C  2.121430193273  4.425947354467  6.578736125323  -0.405573697740  0.324464415319  0.822252923589
  52  C  6.583450974932  0.114768671087  2.207169490906  0.797422324390  -1.695753190075  0.211725426876
  53  C  6.579879485555  0.090318573253  6.601889929377  0.736013351373  -1.241516621326  0.284347910338
  54  C  6.528077616058  4.464986190495  2.207079505160  -0.433011782048  0.614776628971  0.500663613333
  55  C  6.492095308375  4.479383426646  6.624897842712  0.277695596971  0.414376255562  -0.246018646237
  56  C  2.094293832734  2.224469463818  8.898054013408  0.472427016203  0.379894832947  -0.901033478310
  57  C  2.159482856730  2.223993869738  4.402451416753  -0.209446833744  0.454921616272  0.092945403879
  58  C  2.039796077527  6.603514826846  8.902928702451  0.141165399013  0.356570230342  -0.841639429429
  59  C  2.078640016566  6.600051692166  4.392476158930  -0.066773633138  0.852008968106  0.264680930363
  60  C  6.538599338507  2.283115631077  0.027066755554  0.421996996607  0.260852278812  -1.441697359974
  61  C  6.529274639866  2.280514618886  4.419820664942  0.276913953429  0.267643803052  -0.005976112238
  62  C  6.481625530616  6.691035227111  0.031330910318  0.226463269626  0.043051646245  -1.505545872164
  63  C  6.474883292253  6.693044861441  4.420552698466  -0.037771600554  0.302921086379  0.293657914445


MDSTEP:  8
LATTICE_CONSTANT: 1.889726125458
LATTICE_VECTORS
  8.805895415073  0.000000000000  0.000000000000
  -0.263614654523  8.906397512572  0.000000000000
  -0.059926168364  -0.011088948130  8.904438282770
VIRIAL (KBAR)
  -26.055658789242  70.278800435018  18.919939457691
  70.278800435018  -56.174696770290  6.548844031947
  18.919939457691  6.548844031947  -58.592151854283
INDEX    LABEL    POSITIONS    FORCE (eV/Angstrom)
  0  Si  3.272871011064  1.138928830164  3.311980382471  -0.120605610345  -0.555763547475  0.022744717573
  1  Si  3.236982620312  1.162627678904  7.692875123540  0.262681806527  -0.636386974475  1.444883661553
  2  Si  3.206603441741  5.531160633492  3.314320785411  -0.051582916264  -0.221609769503  -0.140951680890
  3  Si  3.179571468594  5.541437847862  7.709305682205  -0.061226831409  -0.221695606195  1.279457215226
  4  Si  7.645990655213  1.215686202524  3.313260699613  0.525358109062  -0.650949244798  0.038305564914
  5  Si  7.643992149196  1.207938254588  7.727913935753  0.057084007845  -0.562984458307  1.371305255058
  6  Si  7.575735892118  5.601259065205  3.341685836366  0.488514503078  -0.432027878858  -0.495169439158
  7  Si  7.588739677420  5.598864184945  7.685758504727  -0.174593137456  -0.118690597007  2.242272539123
  8  Si  3.231539381747  3.330298696501  1.131790231992  0.018026615988  0.267644402608  -1.024480846093
  9  Si  3.219482086280  3.349009281593  5.509610852428  0.292163669133  -0.353469075619  -0.533959080369
  10  Si  3.164609144217  7.744360039550  1.125156615128  -0.634907364746  1.189584023369  -0.663617944517
  11  Si  3.181900419709  7.748168535258  5.486380406083  -1.487880495148  1.134831548877  0.135146405977
  12  Si  7.621434862527  3.417932856613  1.106359072992  0.324393469863  -0.724242246135  -0.331350147171
  13  Si  7.607819242452  3.388764405424  5.519273613606  0.181665633560  0.074156987731  -0.166740962468
  14  Si  7.553190428306  7.802075339095  1.146474671019  -0.431655426482  1.547134955692  -0.916257352378
  15  Si  7.567894104782  7.807185085695  5.545228026426  -0.780983157925  1.472292935685  -0.548826217671
  16  Si  1.096163757910  1.127069946226  1.105010053402  -0.168241551713  0.560739971387  0.101356550704
  17  Si  1.064027939827  1.133179026993  5.500610027931  -0.173194191618  0.435344839565  0.385329444741
  18  Si  1.004702570769  5.513227168697  1.111822130260  -0.116319493609  0.932354269488  0.011781118154
  19  Si  0.999975780820  5.499499877609  5.497101094959  0.072202938402  1.124344717532  0.388700189979
  20  Si  5.464086698149  1.170260618148  1.111281331124  -0.027823428402  -0.402559145114  -0.688035018534
  21  Si  5.463073499126  1.178523187311  5.498740245782  0.077489268687  -0.733233862747  0.066432073633
  22  Si  5.393894758434  5.561545422937  1.112018179958  0.227937230019  -0.214430786812  -0.541143297751
  23  Si  5.399910890626  5.596701354149  5.509608054566  -0.299309823492  -0.811516401481  -0.048788757024
  24  Si  1.030714831825  3.312920155315  3.292430759149  -0.029197252699  0.927332145330  1.028547772014
  25  Si  1.031196816588  3.325706203474  7.700302925566  -0.346904763752  0.745955706403  1.872846252154
  26  Si  0.958439162643  7.722070906448  3.281868065352  -0.483084231844  1.837279466151  1.086740268430
  27  Si  0.984827037334  7.702042142984  7.698095857446  -0.710221917015  2.364911494812  1.799040878507
  28  Si  5.436264506567  3.362537923388  3.317112850857  -0.365534021958  0.043485836152  -0.274989938622
  29  Si  5.416987310948  3.365339281029  7.687370770084  -0.566401596370  -0.162287788634  1.891075471968
  30  Si  5.362845683577  7.775178766479  3.304879908890  -0.710224573615  1.406502273644  0.198760218926
  31  Si  5.345902121549  7.760480655063  7.701873264558  -0.842864509997  1.400089011186  1.669611356767
  32  C  0.009444141985  0.136593399544  0.016748163247  -0.018037174530  -2.137490320093  -1.169591216997
  33  C  -0.022989828306  0.123591522414  4.408049417733  0.374579329908  -1.987127436739  -0.294442254280
  34  C  -0.089317810342  4.507606968126  0.027934461353  0.147484831869  -0.575007210344  -2.002561476444
  35  C  -0.102975158604  4.506927038754  4.429012214909  -0.283155369195  -1.095649207013  -0.592514047841
  36  C  4.388757258889  0.062538582511  0.003056899733  0.755526330111  -0.896961234157  -1.100037681426
  37  C  4.397989344897  0.062820877020  4.413444327471  0.800073225922  -1.220012212282  -0.415721718807
  38  C  4.315242843097  4.460758035747  0.004654978072  0.197259579486  -0.137322056502  -1.029682480806
  39  C  4.311735688272  4.447588541756  4.424669409135  0.236791122648  0.349409202690  -0.169707687735
  40  C  -0.065806640257  2.315271310374  2.232418549839  -0.022241862459  -0.897010166039  -0.953749238864
  41  C  -0.086035909668  2.326983760024  6.623611639299  0.154483282573  -1.094478121077  -0.419044911620
  42  C  -0.137730039184  6.700348383082  2.230789414748  -0.194130184988  -0.830127214021  -0.581940130842
  43  C  -0.113225399844  6.715870160027  6.619036721900  -0.397143090347  -1.216369350587  -0.578224791701
  44  C  4.330392926193  2.233583449251  2.210198862137  0.493454623152  0.528406225698  0.262412523151
  45  C  4.337960197683  2.252011206295  6.565903774696  0.012009352326  0.237641807763  0.893094561417
  46  C  4.293097597215  6.631497836406  2.216267882715  -0.281362264749  0.608976638375  0.118278807694
  47  C  4.262802540201  6.649997549342  6.595978995334  0.002447652420  0.327935945307  0.383178513673
  48  C  2.198760471819  0.015829548067  2.212169176063  0.917413470245  -0.651254497155  -0.229531573929
  49  C  2.169602160905  0.054456193197  6.597114033978  1.017737400254  -1.389958057780  0.000205171306
  50  C  2.105392424721  4.427306404956  2.224025811758  0.330005866108  0.241605129137  -0.187372127281
  51  C  2.126639618375  4.418593004426  6.585325969089  -0.468771154580  0.487278500901  0.686638056753
  52  C  6.591366636657  0.117832936436  2.211908931375  0.602117031832  -1.690610810133  0.042382624846
  53  C  6.584755541656  0.093665345076  6.604988758525  0.692770639874  -1.258082266629  0.197624574632
  54  C  6.529870658207  4.474700770426  2.213064718992  -0.528814270946  0.341702642865  0.360144553500
  55  C  6.496144945928  4.483059288962  6.631200085299  0.052554758098  0.287816680727  -0.441280209630
  56  C  2.100761843242  2.232205355170  8.890125302965  0.358967164207  0.224155409633  -0.712287317656
  57  C  2.155386545794  2.225734006835  4.409027952143  -0.112446552783  0.436445262922  -0.022401713796
  58  C  2.030553066476  6.607324538467  8.896333851648  0.291209979028  0.347665348749  -0.687162012994
  59  C  2.079600780525  6.598921572387  4.385408505641  -0.039722546829  0.975776515323  0.423553516169
  60  C  6.537067268812  2.287759469895  0.017925500710  0.411856662967  0.190702757799  -1.234788370291
  61  C  6.525454113823  2.281293393979  4.413623485719  0.356095254593  0.216146732627  0.163117541113
  62  C  6.474288054235  6.689502927298  0.037761336896  0.344425480012  0.127623449499  -1.572599479144
  63  C  6.481308658768  6.686600382957  4.423366785163  -0.148199522532  0.486034708085  0.203983725075


MDSTEP:  9
LATTICE_CONSTANT: 1.889726125458
LATTICE_VECTORS
  8.805895415073  0.000000000000  0.000000000000
  -0.263614654523  8.906397512572  0.000000000000
  -0.059926168364  -0.011088948130  8.904438282770
VIRIAL (KBAR)
  -26.135739745924  70.334425270791  18.631657090407
  70.334425270791  -56.148382280791  6.740202767806
  18.631657090407  6.740202767806  -58.556415090845
INDEX    LABEL    POSITIONS    FORCE (eV/Angstrom)
  0  Si  3.272774073391  1.142124782832  3.313656379504  -0.155315234898  -0.722878836329  -0.031578631582
  1  Si  3.234352695777  1.161906908058  7.690813588322  0.265692189747  -0.619902236971  1.357457800588
  2  Si  3.201839983703  5.528270043517  3.310337729013  0.149825499143  -0.090766426507  0.036103570660
  3  Si  3.176338816128  5.542365503654  7.713325218482  -0.061872912282  -0.208821282956  1.133241328672
  4  Si  7.640935348145  1.216500778576  3.312753407141  0.769837239825  -0.630486397140  0.051048923339
  5  Si  7.641206609035  1.202933781257  7.733156114615  0.113413502937  -0.528849473325  1.136901838995
  6  Si  7.574580150129  5.601551708049  3.342821392888  0.466733288701  -0.499042645314  -0.384987255889
  7  Si  7.588347775624  5.603002648417  7.681671117086  -0.111386912255  -0.208657597657  2.247173562712
  8  Si  3.233453563495  3.335884782903  1.132044717957  -0.019204167315  0.165934238361  -1.000327419746
  9  Si  3.220259507051  3.352325633556  5.511928414816  0.323574941399  -0.468738042666  -0.735401737382
  10  Si  3.160308855307  7.741594629394  1.124260147441  -0.520490701790  1.241278728826  -0.649607281830
  11  Si  3.185531647200  7.749220516729  5.491812579706  -1.568779250023  1.174189364407  -0.019497222207
  12  Si  7.616574400888  3.420156791337  1.102260156607  0.352918191037  -0.691841945062  -0.209079313975
  13  Si  7.605531484063  3.394607379714  5.522791436815  0.280220294183  -0.062711701376  -0.384997974040
  14  Si  7.547715577544  7.796632188681  1.144216837960  -0.122747481058  1.672903594207  -0.815243956077
  15  Si  7.568335161031  7.805467442135  5.544841731610  -0.739184719204  1.493515297290  -0.569481094543
  16  Si  1.095030020706  1.130271941174  1.098731822092  -0.175182722577  0.462493467866  0.295287483427
  17  Si  1.057641801939  1.129449652138  5.505164963876  0.063825437393  0.646114672483  0.230017784478
  18  Si  1.000034627635  5.518132898668  1.115186502757  0.050423953711  0.864594484545  -0.024142934628
  19  Si  1.002535417452  5.498592244273  5.497476372423  0.072590977387  1.250320729146  0.266853406242
  20  Si  5.462556603718  1.171302622785  1.114668980497  -0.040985103139  -0.395281765518  -0.783602641442
  21  Si  5.467467470870  1.177037604473  5.496492833616  -0.003459602181  -0.684153344488  -0.046358535478
  22  Si  5.397169790767  5.561822537190  1.105478413256  0.177599363863  -0.141356114810  -0.388648754059
  23  Si  5.405576076569  5.600979541991  5.515611302621  -0.706038705225  -0.951714147502  -0.164769945966
  24  Si  1.033491550966  3.319025532948  3.286273088978  -0.142353109446  0.623891213957  1.141813604587
  25  Si  1.025364962991  3.325902260759  7.698768235904  -0.254485414147  0.698758054395  1.810687942602
  26  Si  0.958919147733  7.728122316594  3.276516295545  -0.491972102392  1.609110589556  1.420223147583
  27  Si  0.985472307665  7.708504552016  7.695666230023  -0.639769282686  2.328399749314  1.827958141088
  28  Si  5.434894380702  3.357018461245  3.311999748180  -0.296615331375  0.212477736724  -0.122855069156
  29  Si  5.412352132855  3.368840327270  7.688264284207  -0.512265991197  -0.311127436193  1.815193122897
  30  Si  5.364959205911  7.771141860648  3.299815965619  -0.766216959245  1.450449733645  0.298441073427
  31  Si  5.345037727878  7.767365266332  7.702637315666  -0.864311855589  1.309873598050  1.649010296161
  32  C  0.015104762880  0.139530997848  0.006610641390  -0.085387603557  -2.307088523078  -1.035541394009
  33  C  -0.016704147061  0.125444399314  4.415608795404  0.093935900214  -2.083565084444  -0.571074649866
  34  C  -0.084034726863  4.504829929728  0.032944905850  0.016893552186  -0.507941631761  -2.164754396818
  35  C  -0.097968672824  4.505021892826  4.425037669365  -0.356435773543  -1.029818949337  -0.480877564498
  36  C  4.321315716689  0.060717456977  8.901375602425  0.848401001681  -1.012787710382  -0.918529751415
  37  C  4.391780859830  0.063163386255  4.406488419638  1.029336123853  -1.228329935837  -0.270769050824
  38  C  4.253989223128  4.459003856769  8.903206887712  0.235506412138  -0.310257220433  -0.933154949902
  39  C  4.312791413253  4.440498396142  4.414887093492  0.258112589021  0.528341005147  0.043022501580
  40  C  -0.074611748276  2.320810501382  2.225120143301  0.150741868382  -0.922693813806  -0.825538545857
  41  C  -0.092521337063  2.321459711242  6.616509180203  0.227897012870  -0.968558085530  -0.212203828875
  42  C  -0.134178652843  6.690686183426  2.238236376976  -0.324485703123  -0.581628637812  -0.738753297622
  43  C  -0.109009459667  6.721908084315  6.619910203526  -0.498143647673  -1.356898191635  -0.617038051526
  44  C  4.333094579195  2.236161956265  2.219458119252  0.441220888696  0.478063432052  -0.032833187770
  45  C  4.336868602858  2.249564470485  6.564619044326  0.056355198275  0.287363633573  0.942491858343
  46  C  4.298297376360  6.631252719091  2.214323479108  -0.388251410078  0.561781616674  0.027257058017
  47  C  4.252968778068  6.652701096359  6.605595557858  0.271543618262  0.276186655689  0.307387001103
  48  C  2.193065369164  0.006234976302  2.220713008824  1.036330528151  -0.306376694830  -0.564823083700
  49  C  2.168954043802  0.055159340523  6.588445971158  1.073259023675  -1.395436064308  0.176098411992
  50  C  2.104571475785  4.430558574256  2.231492448805  0.332859216750  0.259717229925  -0.497418221573
  51  C  2.128670369418  4.425458616193  6.578824242342  -0.543121136446  0.313111392876  0.897858577231
  52  C  6.597517419060  0.116630750004  2.205919933346  0.497918860822  -1.761060618015  0.107047341521
  53  C  6.588867969602  0.087319963969  6.596113894068  0.647196581401  -1.172947505884  0.350287885256
  54  C  6.524314135647  4.481971381796  2.216500058615  -0.451163778534  0.169429412808  0.173436735359
  55  C  6.490078284399  4.479159755115  6.621328383066  0.182155070230  0.444200310131  -0.138918138010
  56  C  2.102964781428  2.223654865084  8.889327202168  0.382740138071  0.474593553146  -0.726105547095
  57  C  2.165196992205  2.217543938595  4.401198539006  -0.430750086208  0.640950451540  0.202340274124
  58  C  2.039970909354  6.602656701189  8.888924633626  0.023444508867  0.422180134045  -0.522694700254
  59  C  2.087455383841  6.603318244576  4.390736860685  -0.170099276694  0.915584373490  0.309265874351
  60  C  6.546642017595  2.280413825256  0.014954167392  0.157268045370  0.328469860321  -1.188798638388
  61  C  6.532575607316  2.286401123244  4.408223661699  0.192125275424  0.126452785394  0.274853105192
  62  C  6.484372481344  6.690181026303  0.041148708482  0.131518403435  0.082530335491  -1.750194758517
  63  C  6.474948696072  6.681096700349  4.432872161005  0.067061276782  0.648456625830  -0.008158127011


MDSTEP:  10
LATTICE_CONSTANT: 1.889726125458
LATTICE_VECTORS
  8.805895415073  0.000000000000  0.000000000000
  -0.263614654523  8.906397512572  0.000000000000
  -0.059926168364  -0.011088948130  8.904438282770
VIRIAL (KBAR)
  -25.738781564425  70.386245281668  19.253084139777
  70.386245281668  -55.865703501632  6.611049608199
  19.253084139777  6.611049608199  -58.311757021107
INDEX    LABEL    POSITIONS    FORCE (eV/Angstrom)
  0  Si  3.269088272099  1.141184247853  3.318013680318  -0.003597904595  -0.710924273729  0.020707287740
  1  Si  3.239926799275  1.163712277463  7.685851366761  0.062844533217  -0.674992830598  1.396785429538
  2  Si  3.207726111485  5.524644056781  3.305817789574  -0.089570926617  -0.037265821602  0.222296988331
  3  Si  3.175057776237  5.538612565148  7.710209836898  -0.015372275864  -0.157566911062  1.137285816820
  4  Si  7.641472347360  1.212020487537  3.312780749123  0.738674041990  -0.478784261953  0.103369378495
  5  Si  7.643710746122  1.197008068500  7.729118608548  0.065211962866  -0.480530121945  1.250478983668
  6  Si  7.573719529402  5.595095259682  3.340009670354  0.547741009053  -0.365297219755  -0.331183638073
  7  Si  7.592856809870  5.608314435932  7.676240146393  -0.326611238573  -0.410074721260  2.360831108032
  8  Si  3.227228611029  3.341174487266  1.132834496192  0.056278656407  0.011924818715  -0.990287198461
  9  Si  3.224308836664  3.346140257534  5.515668357356  0.193515591841  -0.291411830048  -0.851802154335
  10  Si  3.163594784570  7.739302379415  1.120399274870  -0.618641204746  1.283948620457  -0.547504035909
  11  Si  3.185887491736  7.745449946425  5.497124612469  -1.566290152307  1.269124949819  -0.167341640327
  12  Si  7.619099964472  3.414641709090  1.096974157153  0.253680151484  -0.610516748325  -0.110171066812
  13  Si  7.610437827392  3.394986747444  5.520701900091  0.080521088780  -0.031589427421  -0.288785956596
  14  Si  7.542040681222  7.790942248407  1.144653899868  -0.098767000939  1.744036785856  -0.894068906605
  15  Si  7.569396391268  7.809119145314  5.546557294333  -0.656036842393  1.375835536226  -0.550237336579
  16  Si  1.098795024332  1.125610376320  1.101397567688  -0.148068598473  0.632728541493  0.327124375802
  17  Si  1.051871357320  1.136336568392  5.506253659878  0.203606756781  0.616664739279  0.071927055396
  18  Si  0.994994695569  5.511938420507  1.114482483017  0.176614248361  0.965347007381  -0.026673358368
  19  Si  1.005574636415  5.503406545265  5.497786078955  0.017431150244  1.227446164426  0.186008456405
  20  Si  5.462611294097  1.172078226330  1.118837215457  -0.106098195197  -0.429285203475  -0.762846388187
  21  Si  5.470835448890  1.171670663711  5.489802289293  0.071894546461  -0.619724601656  0.157030623539
  22  Si  5.398980604450  5.565984490060  1.100330971855  0.072458130626  -0.323501439203  -0.246064022903
  23  Si  5.408807245612  5.602735075358  5.517879783959  -0.716203756431  -0.999546339656  -0.350361603247
  24  Si  1.028021003302  3.322627732091  3.289663879423  0.071485129714  0.582408402726  1.215057572385
  25  Si  1.027511126943  3.323907257703  7.698589328751  -0.365897951298  0.782403258791  1.638202930868
  26  Si  0.955956832549  7.723327152205  3.278320889688  -0.404711408397  1.789548765784  1.281516173373
  27  Si  0.991961615176  7.705102223400  7.697337748104  -0.748755084365  2.403879261432  1.682567201971
  28  Si  5.435573154213  3.354770055954  3.313447660107  -0.460551158765  0.202821337272  -0.176280583478
  29  Si  5.405322997041  3.362488221755  7.687824666386  -0.405648817289  -0.272820340861  1.785134031251
  30  Si  5.364998953340  7.772401808476  3.306704770923  -0.798591141697  1.472476145168  0.185530135130
  31  Si  5.342543116947  7.765007988539  7.697920105952  -0.806718150982  1.327152577730  1.739567581324
  32  C  0.012078506269  0.146669990033  0.014747029592  -0.121812556555  -2.469232656124  -1.110382170697
  33  C  -0.016644015560  0.127465436723  4.416693386106  0.082478585521  -2.112521719550  -0.581105916287
  34  C  -0.091090428401  4.510435551095  0.027320471327  0.073740729030  -0.644528320519  -2.118056966626
  35  C  -0.090129774382  4.503014431803  4.427957515608  -0.504965300781  -0.947623857295  -0.521851909681
  36  C  4.378214518610  0.076150607557  0.001937126658  0.888172969121  -1.074530283395  -1.033881618155
  37  C  4.401521562212  0.066984270015  4.416192084505  0.782159118014  -1.418150012542  -0.448579138704
  38  C  4.254078606208  4.454146665446  8.898219370250  0.176389707492  -0.246957537752  -0.826618885698
  39  C  4.304568225837  4.436444756588  4.411743256643  0.491883170723  0.614245775628  0.148438762031
  40  C  -0.073937672866  2.326663864745  2.233052587053  0.092617399895  -1.069852823276  -0.974287213246
  41  C  -0.092017438033  2.313306337822  6.610032258449  0.231655135359  -0.784741040574  -0.076574677119
  42  C  -0.131588713821  6.690495301093  2.229719435649  -0.416456406090  -0.666187547195  -0.614834166898
  43  C  -0.108200107040  6.710469762391  6.625795149500  -0.422345765257  -1.019204589307  -0.769920331172
  44  C  4.325592537538  2.229737732229  2.221216684012  0.551672223164  0.635307695028  -0.086260135826
  45  C  4.335781256350  2.240502949899  6.555371563102  0.177062667645  0.373697466566  1.106810295208
  46  C  4.289549680887  6.629312079191  2.220107897240  -0.110479308408  0.627162992845  -0.145806225803
  47  C  4.261098101478  6.648835533060  6.605803284773  0.045864983895  0.322030396259  0.298380484210
  48  C  2.201120895256  0.012410966527  2.226221455456  0.831120161129  -0.548757302749  -0.595285285651
  49  C  2.162191995700  0.062639282076  6.579462213779  1.195963726739  -1.561956963748  0.411319745785
  50  C  2.104645593835  4.429311764090  2.239171552591  0.241135029672  0.315980028454  -0.689453465101
  51  C  2.126027079020  4.435184857553  6.569639526786  -0.429042736641  0.046297856964  1.050215253321
  52  C  6.600013278847  0.116932062526  2.206985629456  0.401201834638  -1.846354580598  0.092767359773
  53  C  6.594169581859  0.078693895269  6.597636003436  0.572078888758  -1.057738614643  0.285850815575
  54  C  6.524504712191  4.477176508654  2.221681178154  -0.464025056443  0.206079782423  -0.026544865350
  55  C  6.481953218617  4.484062322331  6.627575555639  0.394189327384  0.279619652134  -0.267875993337
  56  C  2.095605587143  2.230755369101  8.882101427606  0.514856466964  0.358928507163  -0.603930295384
  57  C  2.173556169478  2.222079936819  4.401240497671  -0.694922364121  0.567760137113  0.265279054289
  58  C  2.038046413232  6.603630661797  8.884196939295  0.110872344574  0.327095364265  -0.414179147636
  59  C  2.080728253818  6.607673687378  4.384669060148  0.022181096805  0.815145827785  0.393599697406
  60  C  6.541661977559  2.273495032495  0.016836849563  0.253770433263  0.407622217262  -1.293414768787
  61  C  6.525092919932  2.287722383420  4.410147490864  0.431771740449  0.068617937015  0.226700249471
  62  C  6.477544467958  6.682953549208  0.032552455332  0.288490374670  0.290942623938  -1.645224912995
  63  C  6.479657939914  6.689714882420  4.428600799354  0.036896190497  0.417888768419  0.096893132898


