MDSTEP:  0
LATTICE_CONSTANT: 1.889726125458
LATTICE_VECTORS
  8.559195520094  0.000000000000  0.000000000000
  0.012182833986  8.929013348059  0.000000000000
  0.202894179671  0.084444212826  8.543190426084
VIRIAL (KBAR)
  136.947804096883  -57.342585716045  -74.935029121556
  -57.342585716045  48.556988970205  27.352133759617
  -74.935029121556  27.352133759617  138.521229427332
INDEX    LABEL    POSITIONS    FORCE (eV/Angstrom)
  0  Si  3.334674595800  1.106405089995  3.242401223334  -0.230484742076  -0.454231372014  0.561327937600
  1  Si  3.387404179628  1.144074740885  7.637343423835  0.995798535398  -1.496017970685  -3.935979970913
  2  Si  3.327784479211  5.497306173760  3.230339051740  0.108421252429  -0.190359846160  0.362056872953
  3  Si  3.391151730308  5.520249033195  7.626366297264  0.868030997431  -0.724819240125  -4.257330406353
  4  Si  7.725557674494  1.105561898974  3.197439516726  -0.722525025021  -0.543308401720  0.428309644626
  5  Si  7.782078030592  1.136010818432  7.592968266509  0.272447875130  -1.598802766257  -4.103218267880
  6  Si  7.719223768958  5.501296432435  3.187729015720  -0.807595282547  -0.129577961867  0.165158712238
  7  Si  7.783021741177  5.508201369662  7.552053261125  0.125129560508  -0.505317200469  -3.399584854094
  8  Si  3.310136625160  3.302230736135  1.051034127048  -0.360775576247  -0.282761158009  0.765338379008
  9  Si  3.354056523865  3.320292878820  5.442164741390  0.038995858033  -0.027613663201  0.119804958869
  10  Si  3.316832181114  7.691408893311  1.021059790496  -0.256713016041  1.959375014719  1.332758532783
  11  Si  3.369353311701  7.705896042634  5.403267294148  -0.326888293802  2.208435067926  0.654640620336
  12  Si  7.700828733897  3.298886500132  0.972804263424  -1.144199076196  -0.280829488338  1.792662606459
  13  Si  7.751670022603  3.306455333417  5.386254732654  -0.897527753990  -0.028707759749  0.199540947429
  14  Si  7.693701932086  7.699650969120  0.983767794026  -1.017834716314  1.835470770049  1.219557760369
  15  Si  7.763666608434  7.709494405679  5.368886842984  -0.890402050468  2.159937998592  0.540256386781
  16  Si  1.120614082239  1.108932277783  1.071657660240  3.667980518683  -2.209698747157  -0.436876098466
  17  Si  1.171653152156  1.126596598521  5.480935431530  3.890090531928  -2.153728068260  -1.976413194052
  18  Si  1.125464658058  5.495036065695  1.058847351338  3.535273457759  -1.503332460299  -0.532736664481
  19  Si  1.168612531605  5.507311389234  5.447695968747  4.024374564699  -1.395487761181  -1.408368553360
  20  Si  5.495801381896  1.096972469792  1.029414956374  -0.148480180036  -0.647756034173  0.823307927430
  21  Si  5.558108677178  1.124148400081  5.420604482877  -0.116751211827  -0.682185193651  0.278777332770
  22  Si  5.499063153498  5.498901853650  0.998924007969  -0.073405891743  -0.277205476724  1.196771062175
  23  Si  5.574494733671  5.525680803193  5.394644350994  -0.684875557082  -0.492952741251  0.471746629807
  24  Si  1.136248550585  3.309212029370  3.267025951456  3.880420910276  -1.635210220993  -1.461657583459
  25  Si  1.195210519142  3.339735973245  7.657913557468  6.891997100311  -5.650374143337  -7.841254139356
  26  Si  1.149028264226  7.702052014448  3.236657202048  2.957296697363  1.639265694268  -0.069194515066
  27  Si  1.199712641104  7.718289898954  7.647520678990  4.123518837499  0.302938508172  -4.992962097184
  28  Si  5.534063336100  3.299987002191  3.213109349771  -0.339630894475  -0.077502150660  0.325569799390
  29  Si  5.582535047927  3.320961297289  7.604378231083  0.930343855107  -0.682342349622  -3.997845550016
  30  Si  5.535849285865  7.700505620145  3.189199776436  -0.144363339067  2.099626493986  0.691935318790
  31  Si  5.587761799350  7.714897943238  7.577766030051  0.092107028791  2.254444806539  -3.039665937335
  32  C  0.434912459124  0.091122864827  8.437134465771  -3.774016662830  0.036478516384  4.227573877511
  33  C  0.285399702891  8.945814835906  4.284631531952  -2.275934732629  -1.245834487347  0.418403591936
  34  C  0.439802359076  4.465590388544  8.424091363663  -6.562948152137  5.790750626871  6.864912716308
  35  C  0.270399497039  4.405786065019  4.270564608693  -3.321610607132  1.545403509538  1.501010439728
  36  C  4.612582631020  9.005324961669  8.489322777612  -0.288026320834  -1.655771173088  2.342947073484
  37  C  4.465690450005  8.949510462915  4.340572726446  0.111709887251  -1.689398689600  -0.673323824299
  38  C  4.606014331767  4.478398298836  8.467739024245  -1.037032850926  0.612447502894  3.514637822771
  39  C  4.447099258807  4.398785177976  4.331308416367  0.361101420177  0.393840729545  -0.535445636284
  40  C  0.251331915141  2.193757421506  2.085316150210  -3.469506051896  1.717134698214  1.474658312139
  41  C  0.301394913083  2.225073201684  6.457109599357  -3.260432341812  1.873312929088  1.969181190162
  42  C  0.250271221563  6.593312766743  2.063454031298  -3.343405545525  1.498638741396  1.550250079950
  43  C  0.307812771513  6.609701024557  6.447976534466  -3.087813787012  1.777623045197  1.603120374205
  44  C  4.413568248576  2.194607403632  2.134650441964  0.323435162311  0.254011852275  -0.331464705035
  45  C  4.481619185126  2.232389517980  6.519199973558  0.171113419341  -0.021057354829  -0.247521949767
  46  C  4.435887610467  6.589877415617  2.129303110948  -0.157907455082  0.210921432345  -0.530492733377
  47  C  4.464681065774  6.613005512080  6.506582904498  0.646400597661  0.281151062835  -0.437104962785
  48  C  2.234141384492  8.938503374230  2.179990376080  0.268543556000  -1.828570521230  -0.981430377531
  49  C  2.275031495702  8.968940062196  6.568318829369  0.989301972209  -2.010438764521  -1.077497813733
  50  C  2.219666557973  4.395034113815  2.152993390355  0.411399554303  0.161027175200  -0.494512058983
  51  C  2.287267061046  4.424526167958  6.540420390907  0.486189076350  0.016952417333  -0.679670109461
  52  C  6.631739778690  8.940868828374  2.116551293183  -0.118724725608  -1.814443873361  -0.384676143830
  53  C  6.680714140295  8.953904020990  6.514779916219  0.345348818175  -1.603619379915  -0.613817028315
  54  C  6.610650611344  4.395981397051  2.092077488437  0.237313433468  0.108194662222  -0.200876382544
  55  C  6.670835551427  4.411741029863  6.485636601191  0.342696347032  0.178347772973  -0.358796782865
  56  C  2.393578436828  2.275047859590  8.507231289994  -0.548592574953  1.044767545674  3.215415776944
  57  C  2.256798712932  2.223497333535  4.352253759118  0.235230938158  -0.149873786148  -0.428802357507
  58  C  2.410130611572  6.664811085475  8.491697609100  -0.824205129761  0.981272841136  3.273608364285
  59  C  2.250607110350  6.594596665075  4.330938613404  0.333699691802  0.376047923340  -0.458945682018
  60  C  6.798653717185  2.271222436579  8.453668791096  -1.332099227060  0.991847492025  3.507696627834
  61  C  6.641634416466  2.202557944564  4.302172814511  0.200356494651  0.250690614702  -0.298724185711
  62  C  6.795924297591  6.662264052978  8.435431598312  -0.774034508562  0.798822295810  3.224891479122
  63  C  6.636578917225  6.606633286679  4.292510722961  0.472675330460  0.329950464692  -0.431638590132


MDSTEP:  1
LATTICE_CONSTANT: 1.889726125458
LATTICE_VECTORS
  8.559195520094  0.000000000000  0.000000000000
  0.012182833986  8.929013348059  0.000000000000
  0.202894179671  0.084444212826  8.543190426084
VIRIAL (KBAR)
  136.595201589545  -56.400198009746  -74.382228739734
  -56.400198009746  47.405035081278  26.359027564496
  -74.382228739734  26.359027564496  138.308833641815
INDEX    LABEL    POSITIONS    FORCE (eV/Angstrom)
  0  Si  3.335163219459  1.106026395156  3.242970243700  -0.238164298226  -0.459730605654  0.532613105516
  1  Si  3.387269205698  1.144205761184  7.637217558082  0.991351629744  -1.485774544169  -3.916071304584
  2  Si  3.327447804754  5.497088206090  3.230318862680  0.118120638288  -0.189519364534  0.353149579230
  3  Si  3.391293960880  5.519202608941  7.626184611866  0.843106949918  -0.657888421320  -4.213200328292
  4  Si  7.725834566529  1.105332538571  3.196695110437  -0.758976770854  -0.546775414779  0.444419891135
  5  Si  7.781939529754  1.135762916296  7.592455037555  0.256687424612  -1.582228741870  -4.059790123621
  6  Si  7.718914374972  5.500927334208  3.188122604094  -0.816254536558  -0.100222863436  0.142742920848
  7  Si  7.783018239789  5.508143519578  7.550618898094  0.088427041922  -0.474421005164  -3.340177255066
  8  Si  3.311247259719  3.301651968572  1.051584771789  -0.377266113667  -0.262223939510  0.771216550343
  9  Si  3.353883133974  3.319689190405  5.442355503770  0.042046035761  -0.010421506390  0.102721610389
  10  Si  3.317356076693  7.692755882513  1.021563531688  -0.273750473131  1.926996462032  1.338857465850
  11  Si  3.369723224751  7.705427660853  5.403362741324  -0.324377782526  2.208600847616  0.635350588946
  12  Si  7.700406535774  3.298989247429  0.973394666665  -1.154072524698  -0.284525490444  1.792019572192
  13  Si  7.752140073238  3.307172784074  5.385794561195  -0.915673564290  -0.035016841837  0.224103099052
  14  Si  7.693813547905  7.699855560263  0.983221952262  -1.020139122724  1.826492095863  1.233690173806
  15  Si  7.764047631509  7.710257980957  5.369831017334  -0.917568341066  2.141832355984  0.504508590268
  16  Si  1.121198779138  1.109251079680  1.071128390782  3.631810483914  -2.182465949310  -0.382436041735
  17  Si  1.171779297139  1.126706688344  5.480771732036  3.863546038304  -2.141157089921  -1.980508275702
  18  Si  1.126025693156  5.495311221185  1.058489557136  3.504077243955  -1.486724311557  -0.499404820081
  19  Si  1.169211090861  5.507031883204  5.447305730017  3.986746548892  -1.339896187995  -1.390610301997
  20  Si  5.496132703609  1.096155655958  1.029634503358  -0.155080419308  -0.638306864185  0.813757356406
  21  Si  5.558271375791  1.124773455841  5.420797546356  -0.110460910920  -0.703572155675  0.269777500088
  22  Si  5.498469128379  5.498603817978  0.998816303931  -0.051074658099  -0.260995737200  1.212505866714
  23  Si  5.574155705607  5.525282936586  5.394552297547  -0.675588525169  -0.475766223520  0.468308766298
  24  Si  1.136705230683  3.309779378650  3.267273296678  3.848171007293  -1.627804562724  -1.456412697664
  25  Si  1.196686050640  3.339128737015  7.657312374820  6.723286422028  -5.427602060932  -7.696897666364
  26  Si  1.149518134560  7.702299450707  3.236463657734  2.929010153204  1.636003228233  -0.076244243122
  27  Si  1.200134132780  7.719045009882  7.646068387788  4.105147148188  0.323023054273  -4.934324949178
  28  Si  5.533674677148  3.299023960253  3.212905938992  -0.334010889964  -0.048940186139  0.337826291204
  29  Si  5.582617660540  3.320605588788  7.602980638784  0.924891941866  -0.657116961656  -3.949872204738
  30  Si  5.535284186096  7.700180013386  3.189596952215  -0.133385460424  2.096512771442  0.675775378772
  31  Si  5.587693169121  7.715412011846  7.577360798780  0.102125885790  2.240420630699  -3.021048771120
  32  C  0.434282410089  0.091283824559  8.439355552452  -3.751780212599  0.001859218265  4.156111036967
  33  C  0.283404717058  8.945796558867  4.284621827915  -2.228398584144  -1.248348459024  0.425498992633
  34  C  0.437324781984  4.466714498274  8.426654022534  -6.399976790653  5.574842891758  6.690236191862
  35  C  0.269027259774  4.406954703761  4.271052610728  -3.272242104115  1.500739231331  1.478358806239
  36  C  4.611567795894  9.004541828171  8.490436929694  -0.277132756964  -1.631640283985  2.314221660888
  37  C  4.465945576274  8.949559993867  4.339729846395  0.115541151086  -1.687129535172  -0.646285282668
  38  C  4.606673621278  4.478200321493  8.468985427832  -1.049194819934  0.591539695192  3.470668955657
  39  C  4.446245912809  4.399833638845  4.332176770130  0.368397214633  0.359757376370  -0.551671379072
  40  C  0.249448711056  2.193339003250  2.086571045843  -3.403381086001  1.708919906042  1.434154790638
  41  C  0.301004965856  2.225114689434  6.458425100039  -3.233519469656  1.857425091607  1.923459295831
  42  C  0.249985329436  6.593846434962  2.063000396243  -3.335194139328  1.481720613279  1.565193054571
  43  C  0.306281917033  6.610316882403  6.448099871763  -3.023271729639  1.739734019569  1.568043414854
  44  C  4.413736106034  2.193932869262  2.134223293400  0.320757006184  0.249103307224  -0.315824464597
  45  C  4.481654480565  2.233115431351  6.519012890874  0.161024010665  -0.043970852664  -0.241243918046
  46  C  4.434910281206  6.589496548134  2.129558873783  -0.142826981024  0.217447599062  -0.533759792904
  47  C  4.465724064477  6.613562472350  6.506300933340  0.614867181282  0.261097303694  -0.424228800716
  48  C  2.234269773174  8.937960318850  2.179594047068  0.277843264584  -1.800095611949  -0.968239399125
  49  C  2.275548393799  8.968664074747  6.567059784117  0.981607423620  -2.002630470618  -1.061160064528
  50  C  2.219606731347  4.395371240659  2.153217789460  0.417747567766  0.143169534880  -0.500722972399
  51  C  2.286259916355  4.424475621756  6.539707330951  0.505582990739  0.014230296159  -0.663362832353
  52  C  6.631577185926  8.940444160215  2.115336003761  -0.114577664279  -1.813754303009  -0.359476262344
  53  C  6.681714101283  8.952411600872  6.513904184257  0.323491251840  -1.565897406626  -0.597379978075
  54  C  6.610786213250  4.395529410870  2.092086675502  0.217813740824  0.111624970658  -0.188028511104
  55  C  6.670076685793  4.412183887768  6.486082586481  0.358179036437  0.165330370106  -0.382718622394
  56  C  2.393261596135  2.276230674086  8.508005843004  -0.506650563934  1.003615784389  3.194028488807
  57  C  2.257840403141  2.223072890552  4.351573261732  0.211551694291  -0.139430428686  -0.408403324191
  58  C  2.409482173721  6.665585786868  8.494110095682  -0.775540012108  0.944039710405  3.182190903323
  59  C  2.251257158007  6.594304718158  4.329358052616  0.317658488399  0.385327199138  -0.415706258672
  60  C  6.797660622718  2.271509261457  8.454315838266  -1.305721084489  0.959451490385  3.473593920152
  61  C  6.641800597012  2.202945152056  4.303195462543  0.202546614977  0.241438322159  -0.319908188602
  62  C  6.795512698974  6.662878160672  8.436116707057  -0.761256908506  0.771673323095  3.190605624613
  63  C  6.636096540181  6.606814553426  4.292757804071  0.483348067992  0.328025680743  -0.424590409039


MDSTEP:  2
LATTICE_CONSTANT: 1.889726125458
LATTICE_VECTORS
  8.559195520094  0.000000000000  0.000000000000
  0.012182833986  8.929013348059  0.000000000000
  0.202894179671  0.084444212826  8.543190426084
VIRIAL (KBAR)
  136.096653638974  -54.083192880506  -72.600003554425
  -54.083192880506  44.393306166280  23.528270427689
  -72.600003554425  23.528270427689  137.282443256797
INDEX    LABEL    POSITIONS    FORCE (eV/Angstrom)
  0  Si  3.335254300925  1.104050912724  3.243444836622  -0.200045033160  -0.404670126052  0.512941939569
  1  Si  3.385054514681  1.143064774279  7.635251927237  1.095854267456  -1.412347164078  -3.828974020717
  2  Si  3.326464047380  5.498272817797  3.229179161572  0.203712536805  -0.214574924792  0.357338533831
  3  Si  3.392371416710  5.519251988063  7.626945915953  0.779834648232  -0.539030704551  -4.193559965930
  4  Si  7.726552859271  1.106775413355  3.197889267948  -0.780269740171  -0.512287242069  0.389789220843
  5  Si  7.781037816336  1.135987309718  7.588459903831  0.171522000265  -1.527801976607  -3.828009051588
  6  Si  7.718807454411  5.502703252305  3.188795149995  -0.865266835338  -0.108206244903  0.120597970160
  7  Si  7.783799755890  5.508077996330  7.548948719134  -0.015438883163  -0.334520372153  -3.263884516645
  8  Si  3.310392027736  3.302714005155  1.053438913328  -0.339742730941  -0.304391611167  0.763766259089
  9  Si  3.354833587748  3.317858339177  5.439931928071  0.126424860534  0.049282541115  0.137641635021
  10  Si  3.314964601921  7.694395541299  1.020379097051  -0.196578901938  1.906828931643  1.348430614908
  11  Si  3.370237985462  7.707240810108  5.403938078909  -0.345378517916  2.143675535031  0.590953810508
  12  Si  7.697383968659  3.296289539340  0.972985082074  -1.138614017648  -0.164583625387  1.838310643079
  13  Si  7.750570395962  3.307978615952  5.387753731286  -0.904672066543  0.028162251853  0.160846425177
  14  Si  7.691784706102  7.699647932373  0.984526668005  -1.007362004584  1.794017414167  1.234518653325
  15  Si  7.765727519099  7.711800802878  5.369021175307  -0.935706003404  2.124106032048  0.522832773123
  16  Si  1.124473202667  1.106849788984  1.069192177528  3.428982253283  -2.035075187976  -0.223497779853
  17  Si  1.173124826534  1.127702739634  5.481015981438  3.748443669877  -2.044845789564  -1.905077724955
  18  Si  1.129357071044  5.493174464614  1.057762745270  3.314075293764  -1.361823727133  -0.326292993592
  19  Si  1.171665467459  5.508513591215  5.447077489208  3.872197101773  -1.360020351195  -1.358279045682
  20  Si  5.497337314658  1.098212977728  1.028509198240  -0.226480877312  -0.678713208033  0.882777555763
  21  Si  5.560478933500  1.124802542499  5.423171762127  -0.168859932218  -0.688227867628  0.198242461063
  22  Si  5.498422139489  5.498790875110  1.001544444531  -0.070632199467  -0.251948327329  1.164855483163
  23  Si  5.575500951879  5.526773122986  5.395210619875  -0.705435637963  -0.462054654861  0.434819417834
  24  Si  1.138854769049  3.311827422844  3.269067285161  3.701315075235  -1.571490952782  -1.443403150751
  25  Si  1.198072198692  3.339234473641  7.655137449815  6.423055003526  -4.956053215767  -7.321254115914
  26  Si  1.151249618009  7.704226581376  3.237887290101  2.851983818722  1.577949496707  -0.161073503830
  27  Si  1.203096859689  7.717907275306  7.644922666555  3.966870196786  0.448043089110  -4.856620512338
  28  Si  5.533404977844  3.297253987243  3.214577467616  -0.265992312751  0.058634944020  0.292652512738
  29  Si  5.584857224368  3.322343432240  7.602489152784  0.785775039339  -0.491297290171  -3.883529913925
  30  Si  5.534777667962  7.701489734096  3.190339191933  -0.121632503173  2.034697270948  0.654825966629
  31  Si  5.588494704242  7.716384664749  7.574471788406  0.103860480674  2.207886989884  -2.940345243910
  32  C  0.431904656249  0.087525934764  8.444311403011  -3.752554213093  0.012352662422  4.001251483686
  33  C  0.281760730761  8.947471068417  4.285084771078  -2.144603789298  -1.241739317218  0.438023476224
  34  C  0.429065666056  4.471110786938  8.432111642526  -5.943063151015  4.998452842355  6.289177498249
  35  C  0.262764318623  4.410690611684  4.271311751997  -3.093079717592  1.372148607356  1.472574118287
  36  C  4.612453229829  9.002845731494  8.489430215342  -0.326675243755  -1.556235811527  2.296879454863
  37  C  4.465338716516  8.946168463750  4.338460203749  0.136188852557  -1.592845473099  -0.591583716346
  38  C  4.601946591007  4.480427041767  8.472366856086  -0.879970308683  0.462825565043  3.383711542729
  39  C  4.449060897352  4.400788180458  4.331304915540  0.308066171090  0.368180341166  -0.526503426033
  40  C  0.246532522027  2.198697591172  2.084171082008  -3.243197368930  1.508933172819  1.406056479256
  41  C  0.294980490490  2.227739862915  6.460753276726  -3.047266711047  1.721593910503  1.799945341571
  42  C  0.245073247650  6.592781160944  2.065306111911  -3.133540719591  1.458433221105  1.489002670450
  43  C  0.307262340923  6.613629695409  6.449060474010  -2.976233607514  1.660834250338  1.504335439778
  44  C  4.413499229356  2.196955000499  2.137613267107  0.322793825998  0.158844416577  -0.363482951620
  45  C  4.485397313281  2.236292529253  6.520968408486  0.079210721400  -0.118170758793  -0.286518936115
  46  C  4.433455872686  6.589966981914  2.126869303028  -0.146455858025  0.253832722359  -0.455242721668
  47  C  4.466037291793  6.617393015661  6.505687823346  0.587671815844  0.189326252379  -0.407465795899
  48  C  2.237586509996  8.940275606564  2.176270741196  0.229670992228  -1.847579605285  -0.894072552132
  49  C  2.275999163609  8.969310992837  6.568352100464  0.954448941978  -1.996427497887  -1.102799942057
  50  C  2.223200575689  4.393534947636  2.154921388788  0.345614144806  0.190905795266  -0.515625493709
  51  C  2.290397008795  4.423133505798  6.538388650455  0.420087401901  0.038988341986  -0.636419152001
  52  C  6.631974426151  8.939425435238  2.116030606681  -0.129752505119  -1.748522368144  -0.351563886665
  53  C  6.679486909816  8.950976301340  6.512298228973  0.397207181882  -1.534124086308  -0.579044485705
  54  C  6.612199831869  4.398971854513  2.089606859766  0.155808311681  0.017177144870  -0.087794904891
  55  C  6.671222018502  4.415258234076  6.482634074536  0.324595613077  0.131778446550  -0.284629371822
  56  C  2.391836795261  2.274614026485  8.511751035154  -0.456159528620  1.028643662982  3.070665467336
  57  C  2.258756462083  2.224382045675  4.352020675515  0.188143425749  -0.192764822331  -0.401860174695
  58  C  2.405308250525  6.666834124611  8.497178457902  -0.615821846989  0.832591855563  3.082529126708
  59  C  2.249440617436  6.590741755122  4.327767123198  0.380015396453  0.506379252442  -0.370180228963
  60  C  6.792660043195  2.275690481554  8.457922630439  -1.107012453135  0.738935104324  3.308896267797
  61  C  6.644142174072  2.206255820548  4.306426079427  0.155506620597  0.149404822156  -0.352113973556
  62  C  6.792269529094  6.663079331944  8.438580902627  -0.696325001215  0.733440149522  3.078002793775
  63  C  6.638861263740  6.608197005109  4.296165203609  0.420884557795  0.345087268179  -0.486489783023


MDSTEP:  3
LATTICE_CONSTANT: 1.889726125458
LATTICE_VECTORS
  8.559195520094  0.000000000000  0.000000000000
  0.012182833986  8.929013348059  0.000000000000
  0.202894179671  0.084444212826  8.543190426084
VIRIAL (KBAR)
  135.684878754667  -52.871453351117  -71.697638914848
  -52.871453351117  42.204948533433  22.387628191561
  -71.697638914848  22.387628191561  136.539441373825
INDEX    LABEL    POSITIONS    FORCE (eV/Angstrom)
  0  Si  3.332789858217  1.102472285085  3.246277714940  -0.125246799565  -0.405056983254  0.393658524912
  1  Si  3.384499767819  1.145355967880  7.635657795702  1.188095947486  -1.520964700560  -3.896938451002
  2  Si  3.326365859947  5.496621160357  3.232406471731  0.255194785462  -0.217909555430  0.231738446016
  3  Si  3.390014156273  5.521608598985  7.626361540608  0.898212246996  -0.537837551814  -4.207218010719
  4  Si  7.727804724582  1.109550344544  3.195827159073  -0.868207700323  -0.612586188955  0.472422946811
  5  Si  7.779583421323  1.133148941571  7.585080228408  0.118163021279  -1.432646942080  -3.699508222297
  6  Si  7.719386875920  5.500415650811  3.186241601281  -0.835648884138  -0.053431112381  0.146788448787
  7  Si  7.781900695904  5.511069595515  7.544448359936  -0.043364704487  -0.372238624783  -3.149875365432
  8  Si  3.307917739022  3.299968021055  1.053436111403  -0.240127108528  -0.250644602028  0.751572732820
  9  Si  3.355909541001  3.320761421338  5.437204816534  0.184131786933  0.000505930149  0.146083093923
  10  Si  3.315691044669  7.692065617279  1.020103787812  -0.185176885978  1.947832782884  1.352657015001
  11  Si  3.370094523645  7.707536472868  5.402703498816  -0.310982093050  2.165133421441  0.599898633429
  12  Si  7.695213851595  3.299099477039  0.974076530577  -1.110547849014  -0.272049066500  1.812388431564
  13  Si  7.748109753119  3.304754157092  5.387335241612  -0.920157822086  0.079911576156  0.176912572836
  14  Si  7.693620538503  7.702025496454  0.983952518180  -1.089608696223  1.747403104822  1.244159939711
  15  Si  7.768867392208  7.709303003694  5.369364475165  -1.022074778340  2.160477615034  0.468419097969
  16  Si  1.123572535733  1.107275239408  1.070504093412  3.316905270565  -1.993539456470  -0.163090868050
  17  Si  1.173214373256  1.129706520773  5.481381274493  3.745442598064  -2.062458445399  -1.862914031545
  18  Si  1.129393774483  5.489579881707  1.059504457687  3.347383295877  -1.222752808201  -0.309854914663
  19  Si  1.175104163763  5.509427591568  5.447875373536  3.787783850468  -1.421926746881  -1.450051731536
  20  Si  5.500068966780  1.096679572799  1.030567424930  -0.319331024833  -0.647441429340  0.844070007231
  21  Si  5.559016378873  1.126716504240  5.421078584168  -0.084032144852  -0.772409372143  0.302202237581
  22  Si  5.499031173449  5.495600326783  0.999174380407  -0.056311099028  -0.203528923147  1.198150661739
  23  Si  5.572876359381  5.524835991353  5.392831063313  -0.619311228836  -0.327208954911  0.394026312271
  24  Si  1.140745799063  3.308215612890  3.271279148052  3.594766540133  -1.393205309460  -1.433204731429
  25  Si  1.203375453064  3.334445795543  7.655577906450  6.016767486689  -4.328047667379  -7.031018758126
  26  Si  1.152014279347  7.703079401011  3.238436758770  2.790685510226  1.630651202004  -0.130401131393
  27  Si  1.202157791749  7.718649141213  7.643089831826  3.932367405699  0.446350936010  -4.758094854406
  28  Si  5.535506942241  3.300235678357  3.214862362844  -0.315626392621  -0.068676365466  0.193362709076
  29  Si  5.585698886665  3.323769165834  7.599245120204  0.771784199142  -0.433728825651  -3.717100978484
  30  Si  5.533096666882  7.703117281844  3.190829507622  -0.065955416121  1.967927140467  0.613276081207
  31  Si  5.585170678154  7.720142611469  7.572401950019  0.156930493510  2.141907279470  -2.927387236842
  32  C  0.425762270787  0.087776375260  8.446473222224  -3.586816284428  -0.059631544460  3.943573191085
  33  C  0.277988368622  8.948385746974  4.286979251270  -2.031218696272  -1.250001153556  0.417911554638
  34  C  0.423689314613  4.472671045472  8.439323429166  -5.563378438022  4.529423589553  5.781052646925
  35  C  0.258503453079  4.408758576176  4.275249779054  -2.918390841089  1.326048494193  1.357938562645
  36  C  4.609619805178  9.003546783295  8.486132819991  -0.270115448661  -1.527411518639  2.388589526198
  37  C  4.469116390550  8.948634658130  4.339055975078  0.013099104993  -1.640424287795  -0.606527648965
  38  C  4.599342209123  4.482584062729  8.475370191605  -0.837822265272  0.338162865800  3.235104435046
  39  C  4.453007223351  4.398428955643  4.328290944883  0.239852705473  0.431810899565  -0.484551303120
  40  C  0.239391207119  2.200062594919  2.089443853445  -3.014187419292  1.440825793470  1.213261986638
  41  C  0.293716773029  2.229452675771  6.465614575118  -2.980594337542  1.631235371046  1.654353939255
  42  C  0.247434252756  6.596469088070  2.064843701114  -3.132633305502  1.332193125975  1.455941119970
  43  C  0.303382852197  6.610116182532  6.445208112896  -2.847813078030  1.743943533415  1.611422130340
  44  C  4.408498042258  2.196947127314  2.135119882316  0.420432751555  0.130969190545  -0.287959092339
  45  C  4.487674542163  2.239600400115  6.520817001004  -0.006108857021  -0.166644961498  -0.317805503462
  46  C  4.432992475175  6.585688237745  2.123219101838  -0.120211901103  0.321214994809  -0.342781912695
  47  C  4.466335573046  6.622045169648  6.500507296459  0.566877905103  0.078396489718  -0.351526928210
  48  C  2.233353757285  8.936079559640  2.177798993440  0.310512922627  -1.760868910410  -0.887011981746
  49  C  2.277948249591  8.963379785310  6.572372137810  0.876446697809  -1.832706826543  -1.219684997279
  50  C  2.227383997776  4.390139254728  2.154251530132  0.218078265400  0.216715225083  -0.445296534179
  51  C  2.293469087525  4.426114395018  6.532637156959  0.353243941967  -0.025143449284  -0.488386681200
  52  C  6.632705759277  8.940534161245  2.118338740633  -0.136976583831  -1.775265591509  -0.382742999139
  53  C  6.684297460071  8.945454152609  6.514890396950  0.273188771880  -1.412145326796  -0.696879484587
  54  C  6.617070103909  4.394749831908  2.087143733920  0.035101871308  0.119576014612  -0.039598472512
  55  C  6.668712038218  4.418656314023  6.478101184257  0.354949069002  0.042963868379  -0.218890109519
  56  C  2.394092828059  2.273072372281  8.510745272275  -0.555194138050  1.068212008226  3.165064648539
  57  C  2.263560011005  2.226999869326  4.347411029805  0.097361511179  -0.263750669514  -0.236147822760
  58  C  2.409927205759  6.671172819890  8.497970419406  -0.804791365246  0.744010031069  3.053968248371
  59  C  2.251791559242  6.590686327349  4.326772479370  0.337112898815  0.504272020866  -0.343994717579
  60  C  6.793407925071  2.274413211145  8.461648811133  -1.114839347149  0.760500696194  3.166831432469
  61  C  6.640334149788  2.201925151370  4.304846469005  0.233205735362  0.241304554820  -0.332151380163
  62  C  6.787851413044  6.665367831088  8.436955613096  -0.611157355646  0.685350194969  3.074316090311
  63  C  6.643245602354  6.609350564150  4.292701199513  0.309881699175  0.289053921494  -0.442520549939


MDSTEP:  4
LATTICE_CONSTANT: 1.889726125458
LATTICE_VECTORS
  8.559195520094  0.000000000000  0.000000000000
  0.012182833986  8.929013348059  0.000000000000
  0.202894179671  0.084444212826  8.543190426084
VIRIAL (KBAR)
  135.489426672925  -51.899144077437  -70.985350149838
  -51.899144077437  40.140085065690  20.532567422369
  -70.985350149838  20.532567422369  136.482374209101
INDEX    LABEL    POSITIONS    FORCE (eV/Angstrom)
  0  Si  3.334144233002  1.102572924730  3.244855070621  -0.126181536210  -0.380843870691  0.354534043903
  1  Si  3.388587470619  1.147060030773  7.631181653420  0.986157911972  -1.363233548546  -3.744344666095
  2  Si  3.322620304105  5.496670293239  3.231650093966  0.286011779957  -0.209980427295  0.145927412633
  3  Si  3.387928212363  5.521030735310  7.622094898569  0.979709135018  -0.517254291816  -4.000857393934
  4  Si  7.725914560300  1.108789968700  3.191883684134  -0.856906244957  -0.541638407727  0.527965529933
  5  Si  7.780867512042  1.129553733038  7.583493381704  0.011098849987  -1.244877331728  -3.585196580702
  6  Si  7.715647780221  5.502723874986  3.188665779403  -0.754821153087  -0.133751117441  0.024930482530
  7  Si  7.783418945665  5.514347327301  7.546414623292  -0.263897490142  -0.327758962065  -3.118013744392
  8  Si  3.304204655976  3.296122718911  1.053919082703  -0.140306549795  -0.130395453324  0.790234710039
  9  Si  3.353292425518  3.324313646027  5.434013358974  0.212571244877  -0.056445722592  0.095206426161
  10  Si  3.314697595326  7.693533349905  1.021717535144  -0.210780468978  1.906402959281  1.317980018623
  11  Si  3.371650863499  7.708607500364  5.402134330362  -0.323820868383  2.118335687143  0.630657236426
  12  Si  7.697509036944  3.299650883698  0.978198798647  -1.207139104672  -0.357754253153  1.773677617271
  13  Si  7.745483461707  3.307182850456  5.386351661508  -0.873831537647  0.024213399059  0.149503475554
  14  Si  7.692265662773  7.699284264212  0.986936558318  -1.066818522565  1.850153209489  1.213551665926
  15  Si  7.767580836876  7.712098072063  5.373129878921  -1.005667978360  2.134137629557  0.340514812136
  16  Si  1.127611628221  1.109342089616  1.072228230073  3.189431767065  -2.006009293995  -0.173047169910
  17  Si  1.175623544067  1.129131947777  5.481776161042  3.594715159899  -1.961265149684  -1.936765497180
  18  Si  1.130563693675  5.489814093109  1.060824593432  3.210901391793  -1.229321557113  -0.325103630971
  19  Si  1.172499258042  5.511063897712  5.448204954800  3.849006741968  -1.600439856577  -1.538200255144
  20  Si  5.496962322823  1.093501225067  1.028332811588  -0.229044073070  -0.548788969134  0.941440406710
  21  Si  5.561290510776  1.129309294871  5.423135909320  -0.130204532431  -0.778161308398  0.204118902449
  22  Si  5.496388672991  5.496914371902  0.998033480703  -0.005369275075  -0.346525331424  1.247170242503
  23  Si  5.569389174891  5.527948266688  5.389664254987  -0.488947962285  -0.406602833459  0.405899547913
  24  Si  1.141812885392  3.305830230590  3.268293945556  3.500616323780  -1.190898692229  -1.305017625396
  25  Si  1.203680329727  3.334267625696  7.656873326298  5.839844523236  -4.049992742428  -6.869035154772
  26  Si  1.150664430163  7.703697010763  3.240703698318  2.734220479430  1.600099092935  -0.226028285600
  27  Si  1.207131224201  7.715831428234  7.639750024951  3.713687686805  0.652496685519  -4.564870853265
  28  Si  5.535904979749  3.301411857824  3.218028794323  -0.308710486806  -0.098178786586  0.060916784965
  29  Si  5.583746192803  3.325064637877  7.599042033905  0.797862479757  -0.453551879209  -3.678264083811
  30  Si  5.535834806298  7.706391791427  3.193309083380  -0.159432924509  1.879727826294  0.529421823588
  31  Si  5.581309904270  7.721628998510  7.572372396476  0.248485778353  2.154978030626  -2.859538695363
  32  C  0.426229332915  0.091212284295  8.446902760915  -3.471225643550  -0.309461297766  3.885478525173
  33  C  0.270983726177  8.952205672958  4.283160298858  -1.877159890870  -1.314199121216  0.535168952068
  34  C  0.415145073289  4.474529601346  8.443244340087  -5.215979756555  4.263446794986  5.558047225322
  35  C  0.254619365448  4.411696537646  4.271271482846  -2.781787149279  1.221779916594  1.407068818919
  36  C  4.607190294802  9.007009695170  8.489417535534  -0.263558966110  -1.627218232909  2.260021925375
  37  C  4.464102060016  8.951198764058  4.341738830306  0.112026472673  -1.675719975269  -0.593376419777
  38  C  4.597384174860  4.481164743271  8.476626377396  -0.885281523381  0.376662064214  3.199121716310
  39  C  4.450307931536  4.400040779644  4.322420611980  0.245657481820  0.455555562408  -0.387927165444
  40  C  0.242067389914  2.200359315316  2.095258062140  -3.035966578597  1.348298759987  1.033919092108
  41  C  0.293542086034  2.230263547370  6.466583495565  -2.940573731448  1.618129796834  1.571561117323
  42  C  0.242282787928  6.594040811537  2.062789743158  -3.026983884165  1.407599095744  1.563608609424
  43  C  0.302069126212  6.608993022083  6.441755811706  -2.863233222470  1.864116706888  1.758549541380
  44  C  4.412002361834  2.196800417723  2.134709134048  0.330374205544  0.131415488278  -0.261414911726
  45  C  4.483765862961  2.244022195563  6.515907710405  0.074046970103  -0.219867434566  -0.271622402567
  46  C  4.430270301285  6.581942106640  2.116632336918  -0.072483578810  0.460275344937  -0.144081831809
  47  C  4.471878590824  6.619426430919  6.504142680881  0.399614598153  0.189567747281  -0.453330737829
  48  C  2.235513615130  8.937045623394  2.172965947166  0.305407687207  -1.810040041865  -0.764293748080
  49  C  2.272872825316  8.967743477282  6.574884103380  1.016454046101  -1.932012783224  -1.255300729782
  50  C  2.222645915425  4.394899460947  2.150177558657  0.300800170457  0.085169926265  -0.359322046989
  51  C  2.300026474555  4.426552657402  6.534376362450  0.127516414550  -0.010581045907  -0.547615327198
  52  C  6.632162010839  8.943278843639  2.123011676777  -0.187410482644  -1.838070675530  -0.501188070105
  53  C  6.687206977696  8.943117172059  6.510439598359  0.192585579877  -1.384205414786  -0.608065737493
  54  C  6.621388899496  4.390462573846  2.089316319317  -0.101098201150  0.246586684136  -0.044670585002
  55  C  6.666761037407  4.416751044356  6.478338102520  0.348183682781  0.159633271073  -0.241332103194
  56  C  2.393104010808  2.275712388640  8.516043684309  -0.435093229895  0.912854157167  2.972171087868
  57  C  2.263131294255  2.227310247390  4.340948204130  0.119059415284  -0.253533462802  -0.106338440973
  58  C  2.406344248133  6.667855856671  8.502878454416  -0.672792245809  0.770655258348  2.895518943609
  59  C  2.251352702149  6.587744603849  4.328439521125  0.339858017108  0.603079112541  -0.344797100539
  60  C  6.788947148137  2.273111355210  8.464374939314  -0.971516622772  0.677607905039  3.045633992207
  61  C  6.639587309353  2.200132541496  4.298872995351  0.237542257077  0.280148663440  -0.181225965114
  62  C  6.782210516206  6.669845515627  8.444236649665  -0.476968165911  0.578959293469  2.865683827593
  63  C  6.649672282817  6.609852660625  4.289607238047  0.127545329755  0.336493202926  -0.315017553786


MDSTEP:  5
LATTICE_CONSTANT: 1.889726125458
LATTICE_VECTORS
  8.559195520094  0.000000000000  0.000000000000
  0.012182833986  8.929013348059  0.000000000000
  0.202894179671  0.084444212826  8.543190426084
VIRIAL (KBAR)
  134.774305432535  -49.723864589122  -69.140849060896
  -49.723864589122  37.456922179333  17.469378366928
  -69.140849060896  17.469378366928  136.205140599133
INDEX    LABEL    POSITIONS    FORCE (eV/Angstrom)
  0  Si  3.331074416789  1.101110315454  3.244399613198  -0.061827099732  -0.442585304816  0.401895934662
  1  Si  3.392273679627  1.148324124476  7.632603118712  0.977384577221  -1.468170911289  -3.806997893486
  2  Si  3.321642750025  5.493195126453  3.231005304875  0.222025866841  -0.101947433258  0.217740416404
  3  Si  3.384512170065  5.521803044253  7.625145615230  1.011813270282  -0.531251054656  -4.025220669444
  4  Si  7.721922840575  1.112096120963  3.188841681358  -0.773714567935  -0.664974185704  0.629693008895
  5  Si  7.783734482770  1.127358482761  7.581274688214  -0.263316035492  -1.019493037985  -3.422238560691
  6  Si  7.714969217469  5.502983935757  3.190992548819  -0.811003466985  -0.141906143013  -0.045171961368
  7  Si  7.787775700610  5.518575332691  7.541450199808  -0.529669254381  -0.241851692555  -2.892448653213
  8  Si  3.299619628540  3.291849217787  1.057955232400  -0.075088849188  -0.054652061642  0.707209398840
  9  Si  3.357145617202  3.319939176120  5.433281027435  0.112220167355  0.102666510592  0.023953970317
  10  Si  3.311633388189  7.691537614614  1.024804382938  -0.149221752405  1.930505763387  1.325700423905
  11  Si  3.372701435227  7.705301120922  5.401986608939  -0.331446558832  2.219813781096  0.589897135220
  12  Si  7.696233101562  3.299148907891  0.979771600377  -1.147544175150  -0.255114618591  1.702565165180
  13  Si  7.748357981383  3.307790350109  5.383585622683  -1.061531111264  0.046949734546  0.296076399901
  14  Si  7.694768212364  7.701552598777  0.983297430782  -1.154119086188  1.887610755373  1.316620565829
  15  Si  7.771611880890  7.712596256234  5.372154116098  -1.058933432760  2.094354935351  0.308991131491
  16  Si  1.127366008065  1.112729561831  1.076112915251  3.131245382821  -2.034116803002  -0.271942866972
  17  Si  1.173104492316  1.132251337712  5.484664661482  3.580758120944  -2.004733313463  -2.019324874883
  18  Si  1.128750415576  5.493378984974  1.064768941993  3.057277507263  -1.265953635919  -0.286208180508
  19  Si  1.169938995801  5.513550586100  5.452108339408  3.910414652240  -1.593130372677  -1.648503555698
  20  Si  5.496966888141  1.088626540945  1.025706524937  -0.220153991701  -0.381136986424  1.071330760632
  21  Si  5.559232221294  1.130248500225  5.420953060216  -0.023931831294  -0.828617294406  0.249508061546
  22  Si  5.498739758540  5.492409768359  1.000560768937  -0.091784372255  -0.285785898576  1.152331650446
  23  Si  5.567806717727  5.531328616006  5.387770837966  -0.430644657364  -0.433293147145  0.391713027038
  24  Si  1.143514502005  3.307079319173  3.272176337320  3.303445131748  -1.154482400603  -1.261229212544
  25  Si  1.206860412110  3.334180148623  7.653878351861  5.496233669343  -3.549104102832  -6.476467196860
  26  Si  1.146953967931  7.708940136782  3.239336671742  2.792260233987  1.451974861431  -0.232926102236
  27  Si  1.212432260521  7.712264131506  7.635954707875  3.466393717654  1.147530079854  -4.274616058675
  28  Si  5.538647132891  3.299401164307  3.215079005653  -0.398028341116  0.043949110589  0.096037786878
  29  Si  5.586193672872  3.323780149131  7.593113304781  0.726547938816  -0.311993099447  -3.491056959654
  30  Si  5.537654369034  7.710723017538  3.188870614287  -0.205553635923  1.780571766831  0.621310482202
  31  Si  5.585050760641  7.719310357791  7.572707070017  0.142314987570  2.142341906597  -2.864943232484
  32  C  0.418351347956  0.097118214746  8.452566000438  -3.070112565454  -0.742205186829  3.670762411256
  33  C  0.274829837315  8.947907380357  4.284280674242  -2.011027832702  -1.067661791201  0.534215155889
  34  C  0.405966382143  4.482709067506  8.443701112006  -4.668441336067  3.661229030148  5.308184725512
  35  C  0.246784203661  4.411993377442  4.277621739706  -2.547733659178  1.210072689319  1.252023321305
  36  C  4.607641000533  9.005141887341  8.496395703671  -0.295641445483  -1.654017725089  2.073106720641
  37  C  4.470117008643  8.948212938788  4.347861333205  -0.057456446978  -1.621569842848  -0.755069508216
  38  C  4.591958307352  4.476948757753  8.475538194710  -0.793181832053  0.373725726260  3.224548146852
  39  C  4.448482079549  4.406445739093  4.323959196304  0.323096929462  0.259028265681  -0.460277572282
  40  C  0.237706000540  2.203113376611  2.096340231941  -2.928481550270  1.352561833877  1.056492375514
  41  C  0.289426326676  2.231589957219  6.470654117401  -2.860545036066  1.590344181598  1.456929848655
  42  C  0.232877416687  6.597342745974  2.065774330444  -2.816456356551  1.340231383103  1.519942475586
  43  C  0.302571472258  6.610781558786  6.448888578967  -2.836688445201  1.861183972002  1.570215124293
  44  C  4.408526457280  2.199442575878  2.137739687593  0.372681759773  0.002865800694  -0.311805629354
  45  C  4.483310169638  2.248015803149  6.511011269930  0.148277313235  -0.362814122381  -0.184937589975
  46  C  4.427682677745  6.579910333299  2.118511868552  -0.036558743779  0.468658116597  -0.183682486758
  47  C  4.467598713845  6.615867983863  6.496899914304  0.466260438612  0.275892105308  -0.209898668632
  48  C  2.230523058363  8.934400331553  2.168188990003  0.396807457149  -1.738598570384  -0.667104498596
  49  C  2.272029565800  8.970211182612  6.568517555757  1.085176171566  -1.965242804966  -1.073790039040
  50  C  2.215843805710  4.389830839791  2.153435889502  0.371822223762  0.203842784970  -0.401281981693
  51  C  2.300570948912  4.426887713247  6.530275820915  0.104140740093  -0.035974160479  -0.471173057860
  52  C  6.628027508047  8.942406260064  2.128353799531  -0.135433872441  -1.788004826647  -0.630995238130
  53  C  6.692340426724  8.938177414997  6.508752774248  0.093146531035  -1.256075984621  -0.609682041705
  54  C  6.624772372371  4.390325716754  2.083384496578  -0.158502461959  0.222439035201  0.145926948463
  55  C  6.666511802572  4.423263330376  6.483652698087  0.375737776615  0.078327046443  -0.438718343113
  56  C  2.394781488890  2.273066176381  8.514304025550  -0.529142297956  0.991261825150  3.041825123668
  57  C  2.260015031644  2.226360346241  4.340258996952  0.166593033755  -0.250279719695  -0.050944658889
  58  C  2.402947451818  6.669726970096  8.510643557351  -0.557068138266  0.690586242671  2.770727247516
  59  C  2.251840550150  6.595055486795  4.330387190485  0.251509079135  0.431659887121  -0.436007658842
  60  C  6.790257573160  2.280672532204  8.471143297442  -0.935940106187  0.335480962749  2.782142629218
  61  C  6.638181787960  2.200582306796  4.296158579495  0.273332810978  0.291658360132  -0.105582319363
  62  C  6.783804554445  6.673785532375  8.451807960341  -0.450622036774  0.415209130317  2.679875235063
  63  C  6.650262492804  6.611342476953  4.283561483953  0.117628894077  0.342210648153  -0.179245537656


MDSTEP:  6
LATTICE_CONSTANT: 1.889726125458
LATTICE_VECTORS
  8.559195520094  0.000000000000  0.000000000000
  0.012182833986  8.929013348059  0.000000000000
  0.202894179671  0.084444212826  8.543190426084
VIRIAL (KBAR)
  134.035984386178  -48.152504018137  -69.149076785850
  -48.152504018137  36.469035201568  16.821230236185
  -69.149076785850  16.821230236185  136.478139687466
INDEX    LABEL    POSITIONS    FORCE (eV/Angstrom)
  0  Si  3.335784881185  1.099108704898  3.245340277196  -0.187254850480  -0.487853503356  0.390222818710
  1  Si  3.387817560376  1.150833655354  7.631481216629  1.010877326010  -1.500218679234  -3.800454913743
  2  Si  3.326169682854  5.492397121012  3.234061969827  0.124862480583  -0.097441973479  0.194594252561
  3  Si  3.381069722717  5.523775004324  7.620956231195  0.982590397675  -0.545705297308  -3.988887486413
  4  Si  7.722676166975  1.106703239095  3.192406744409  -0.731778285890  -0.573882653508  0.450680158633
  5  Si  7.783361153818  1.127246761473  7.583151973995  -0.227585053206  -1.027537493697  -3.379876687287
  6  Si  7.710774198078  5.499443127537  3.193872389095  -0.700031434863  -0.019011512402  -0.012155316626
  7  Si  7.792059155917  5.519089449145  7.538267733553  -0.591392403932  -0.205016742965  -2.782316387020
  8  Si  3.296948884252  3.288614625284  1.053282749999  0.023528559530  -0.032981696844  0.875547441481
  9  Si  3.353114042284  3.322359536272  5.434505482780  0.123437561066  0.040450988342  0.007213930260
  10  Si  3.308557531333  7.694070501454  1.029873615546  -0.064616022638  1.828550192816  1.255665830699
  11  Si  3.375612696698  7.708388629107  5.404569847903  -0.456504852056  2.130318767147  0.499554088445
  12  Si  7.693802849145  3.300589690224  0.976726984305  -1.131922677662  -0.351959960491  1.787425700021
  13  Si  7.743692011929  3.310791980205  5.387459408571  -0.995543473984  0.001416590269  0.174838223449
  14  Si  7.692511031498  7.700958589443  0.987604517440  -1.152468931794  1.849876813263  1.240244637439
  15  Si  7.767489007121  7.717037533261  5.371106429760  -0.931805620653  2.060699270274  0.377522634876
  16  Si  1.132982772667  1.117083239727  1.076620721292  3.014848583108  -2.135015750904  -0.215254813074
  17  Si  1.176523917352  1.135833404544  5.479922235735  3.462993532268  -2.018141378162  -1.832014832268
  18  Si  1.124554099438  5.489322782408  1.062653234223  3.151204193566  -1.128095937191  -0.174092839824
  19  Si  1.166367457752  5.510558982424  5.446662580727  3.931453233153  -1.330057949020  -1.481679359948
  20  Si  5.498439657965  1.088273849564  1.028311952174  -0.342956783107  -0.474079961393  1.017655606393
  21  Si  5.560139067141  1.127520079821  5.420353922324  -0.143352577553  -0.826074304093  0.152039700688
  22  Si  5.496756747836  5.493078946861  0.996553092471  -0.104384967841  -0.300209115873  1.189870063597
  23  Si  5.567324892231  5.532892962865  5.391734481108  -0.461652912053  -0.435067924537  0.297536937288
  24  Si  1.142840455085  3.311782344444  3.269082496414  3.365183149658  -1.411435972073  -1.224121878451
  25  Si  1.205547329543  3.329054300654  7.647467469902  5.383762858281  -3.221427945749  -6.228894469055
  26  Si  1.148805230699  7.704826302213  3.234876107005  2.833539822563  1.567624666827  -0.033396283814
  27  Si  1.209869223855  7.715482098551  7.639623546497  3.519225893400  1.047439545648  -4.446996321932
  28  Si  5.535954919802  3.302240491073  3.211380955382  -0.319302423383  -0.016129236446  0.264646903871
  29  Si  5.587117550570  3.326829370026  7.590985757237  0.641544588556  -0.483229597117  -3.510988081694
  30  Si  5.538625733405  7.710792409080  3.193181233935  -0.249805227921  1.722490820486  0.533181735263
  31  Si  5.583131881398  7.715171974625  7.568129118118  0.000988369139  2.322999964658  -2.760844704445
  32  C  0.419852461912  0.094107894692  8.459216463305  -3.175560402122  -0.537766319235  3.604926465171
  33  C  0.278471660472  8.952148670347  4.283007656439  -2.028712362745  -1.247509358424  0.511051004358
  34  C  0.405305077038  4.479959391397  8.446037537037  -4.606181113448  3.499854545863  5.097640336894
  35  C  0.251781722588  4.410403030743  4.278749732871  -2.787809475294  1.225689992733  1.246090798687
  36  C  4.600023195225  9.010638373007  8.499153474797  -0.127274091359  -1.833668802231  2.016756132737
  37  C  4.464015668221  8.939971636595  4.344641501822  0.148195266684  -1.489790357054  -0.660009983628
  38  C  4.585098120654  4.474426213497  8.471810264161  -0.715286027479  0.410969689915  3.241215258519
  39  C  4.444836913968  4.412885717455  4.330121407314  0.440374779966  0.082559400176  -0.534875648012
  40  C  0.238053061595  2.204001536481  2.094867993549  -2.977858343129  1.337526320641  1.101505556982
  41  C  0.288069514403  2.237683728618  6.470073538593  -2.844381553382  1.322225215717  1.401945313057
  42  C  0.234084332424  6.599179358496  2.070853868459  -2.874588939591  1.140049810134  1.355903265699
  43  C  0.299440248265  6.610270353558  6.451083852489  -2.723826732320  1.881516904329  1.408151780216
  44  C  4.414294786745  2.192503858757  2.140755951005  0.239020831587  0.179024502801  -0.388040290128
  45  C  4.478946954942  2.239803865358  6.503543440882  0.232348582823  -0.120259694425  -0.048489905602
  46  C  4.431316815930  6.573009608412  2.125893817514  -0.078416129888  0.599810634970  -0.341071831997
  47  C  4.464705600115  6.610780822846  6.489298520984  0.506388967415  0.384666163451  -0.041097677422
  48  C  2.232984473538  8.929495496897  2.165421158436  0.385239939674  -1.613753474112  -0.601572254882
  49  C  2.276749318228  8.969243170703  6.563631330267  0.937973641452  -1.914115097525  -0.987316842000
  50  C  2.218498871557  4.385281202786  2.156915131134  0.377442519409  0.318734520794  -0.501184709664
  51  C  2.292666458261  4.431110113654  6.530491555236  0.200753516254  -0.146881698640  -0.500784538973
  52  C  6.626203223494  8.940667037752  2.121177542803  -0.063735984824  -1.807222696120  -0.427250908467
  53  C  6.686534720031  8.944036603295  6.507610929987  0.191893709308  -1.369374934428  -0.564246746636
  54  C  6.627722021776  4.394817959067  2.083932218819  -0.264667656686  0.140434777364  0.088013037481
  55  C  6.665133750810  4.431181078978  6.483833883392  0.401138530354  -0.087530126687  -0.414666044619
  56  C  2.393380872431  2.277357198853  8.518027555166  -0.493290478869  0.888662719422  2.861135520090
  57  C  2.258679207509  2.218362765580  4.344212894051  0.211820602144  -0.009330098423  -0.223266551720
  58  C  2.401621124615  6.672651450286  8.505332319261  -0.541992619158  0.618115010429  2.934069251988
  59  C  2.256955416858  6.593596392461  4.331134240187  0.144940990913  0.470543599339  -0.432191799637
  60  C  6.782371311684  2.273468955470  8.477785725070  -0.812166642862  0.536087003991  2.611472485105
  61  C  6.643092138217  2.193378978836  4.296708975601  0.129112580996  0.483725794142  -0.122550016722
  62  C  6.780703978076  6.672989563601  8.446269430763  -0.357908944993  0.394183183178  2.753796638836
  63  C  6.648972622477  6.612630935439  4.290618004425  0.149330989630  0.311529834028  -0.281523383791


MDSTEP:  7
LATTICE_CONSTANT: 1.889726125458
LATTICE_VECTORS
  8.559195520094  0.000000000000  0.000000000000
  0.012182833986  8.929013348059  0.000000000000
  0.202894179671  0.084444212826  8.543190426084
VIRIAL (KBAR)
  132.635920246644  -45.405257871299  -67.738863943346
  -45.405257871299  35.047042852636  14.914049393839
  -67.738863943346  14.914049393839  137.188211265903
INDEX    LABEL    POSITIONS    FORCE (eV/Angstrom)
  0  Si  3.339986501846  1.096138726675  3.247961354450  -0.256063997235  -0.375279021339  0.384358470217
  1  Si  3.387020579717  1.152035888554  7.632542345342  1.025068591704  -1.461894794532  -3.713141361453
  2  Si  3.331165474960  5.487669222547  3.233268692010  0.021718917015  0.040477399774  0.187562374042
  3  Si  3.381555259855  5.523562909113  7.618887521223  0.884271069275  -0.501060678465  -3.967742280436
  4  Si  7.719702163195  1.111572235509  3.187834753763  -0.752487688663  -0.591615640829  0.591709320206
  5  Si  7.780907086379  1.129743427152  7.581694260330  -0.112717635585  -1.132924337305  -3.196492552445
  6  Si  7.714656620394  5.502919829697  3.193963907921  -0.759368387592  -0.142817297612  0.020703298778
  7  Si  7.793402375827  5.520127558080  7.537825092157  -0.752328331872  -0.032730740375  -2.676299101028
  8  Si  3.293239003873  3.293477498388  1.059008916417  0.039824481146  -0.098474101612  0.872132966214
  9  Si  3.349675259386  3.320544301040  5.434938559668  0.241320120969  0.031369666584  -0.103756669856
  10  Si  3.304467677441  7.691418560696  1.033650170851  0.019886452809  1.794347005592  1.173191234729
  11  Si  3.379592181408  7.710413048989  5.404087318639  -0.584819221240  2.045284527198  0.385094056029
  12  Si  7.694200106850  3.300997272306  0.977709430936  -1.143636802011  -0.404016987608  1.776808781707
  13  Si  7.748992945861  3.305751981064  5.382146281871  -1.100089912764  0.045257448377  0.396879167015
  14  Si  7.691342761864  7.699547974072  0.993440514097  -1.136289743111  1.870673509693  1.090537505964
  15  Si  7.767386678849  7.719040417819  5.373778760335  -0.918583792001  2.024226345294  0.289702741485
  16  Si  1.139656694051  1.116050660396  1.076855684636  2.914136755380  -2.120960685440  -0.190229585858
  17  Si  1.177730538789  1.130670414566  5.474993353801  3.376673952115  -1.715947809587  -1.613352443224
  18  Si  1.120449868625  5.486464555222  1.057451177065  3.308286540270  -0.954751675551  -0.001163225865
  19  Si  1.162239700181  5.509867135872  5.444899127404  3.973414995291  -1.198155728443  -1.372489979448
  20  Si  5.498990990746  1.089525370341  1.029843958039  -0.477575776189  -0.502116768124  1.039329375687
  21  Si  5.558387194471  1.127070035941  5.417164149234  -0.135454252131  -0.792200562983  0.204243584447
  22  Si  5.500081066342  5.487878735503  0.999965313795  -0.191006388487  -0.248287260412  1.169148968198
  23  Si  5.565177900061  5.527572417631  5.395516611685  -0.386459595100  -0.438090033397  0.203871892338
  24  Si  1.142351923752  3.311070982220  3.264578776101  3.403186740632  -1.356762644982  -0.996476518282
  25  Si  1.205445236087  3.333655865303  7.648256264279  5.156064986007  -2.979731079883  -6.069886943786
  26  Si  1.144652695126  7.710994357518  3.231777293666  2.915991351822  1.350631893006  -0.057865827647
  27  Si  1.211978121076  7.715771411486  7.636255743572  3.557993566164  1.172908896761  -4.405840094486
  28  Si  5.538162556533  3.302694553129  3.212878105366  -0.420235872893  -0.042121961650  0.246193096837
  29  Si  5.590229989293  3.327361517115  7.585233935694  0.308855514734  -0.470675858921  -3.237456911172
  30  Si  5.534460571239  7.707034526363  3.195950119199  -0.145548503959  1.844365062612  0.453028893002
  31  Si  5.585952225417  7.715634724566  7.563883147621  -0.075455459092  2.349797270050  -2.658040693423
  32  C  0.425398241153  0.089559325572  8.458017880871  -3.332148762416  -0.329560986653  3.651248586553
  33  C  0.280789372480  8.952731456331  4.280158460778  -2.177721714463  -1.182021944083  0.503128183346
  34  C  0.402437365621  4.490582927104  8.455268512214  -4.421230732002  2.923679383261  4.642422779011
  35  C  0.252872998607  4.407473303058  4.284873462646  -2.819490745879  1.196953099793  1.054242059918
  36  C  4.598988086463  9.006154706141  8.505762559969  -0.168570744955  -1.740409124268  1.857890324772
  37  C  4.467222896792  8.945882278834  4.340250437308  0.160356614497  -1.678176013019  -0.585706626848
  38  C  4.576055982355  4.476665248575  8.479997911173  -0.410297157225  0.188860510187  3.019178455556
  39  C  4.447615483103  4.410541242531  4.327601246651  0.380807672697  0.084101474419  -0.443323891678
  40  C  0.239876856459  2.205169325050  2.095753166268  -2.958369394659  1.241866998322  0.989993037212
  41  C  0.285212421269  2.234409380898  6.479429350084  -2.662104664551  1.245362778654  1.092114412414
  42  C  0.234902675630  6.595113368061  2.067314086356  -2.906220181946  1.287950226674  1.469284193405
  43  C  0.305027283601  6.619489410949  6.457912991674  -2.813877225062  1.572283475057  1.140267519098
  44  C  4.410260142475  2.192445729089  2.145212242337  0.320164075959  0.207581644023  -0.451202747010
  45  C  4.471300923650  2.234094032223  6.495616131828  0.416370745251  -0.006542819810  0.140376794892
  46  C  4.437285911101  6.575687374755  2.123462838270  -0.213281650812  0.456673936241  -0.260182004303
  47  C  4.467391453400  6.607631914054  6.485473884801  0.461944077854  0.451145466963  0.014086854155
  48  C  2.240454163512  8.925015729318  2.171797219193  0.257006114647  -1.518476672620  -0.717080066235
  49  C  2.281504947914  8.975688963450  6.558544693831  0.895033167670  -2.061466152113  -0.912211680987
  50  C  2.211971701129  4.388994560348  2.161054382242  0.481358584467  0.288350742526  -0.607607615746
  51  C  2.294739707638  4.425135227622  6.521552596588  0.092327856615  0.047119857095  -0.289958396977
  52  C  6.627551594762  8.945227939473  2.116057883612  -0.071130937674  -1.898999776883  -0.274388696175
  53  C  6.692201481525  8.947982306601  6.501346811789  0.069234224484  -1.423967200695  -0.488450902502
  54  C  6.629977954400  4.387007821972  2.086732154559  -0.245197348334  0.282134675132  0.087494355222
  55  C  6.663950507200  4.424097167589  6.489358815891  0.535071315204  0.065275555836  -0.558397635250
  56  C  2.392332800852  2.285831588022  8.519637867064  -0.402142914652  0.716250012614  2.837310863219
  57  C  2.264782593355  2.219652827567  4.348629599249  0.022865577575  -0.070770613031  -0.394201934817
  58  C  2.394585314401  6.672863737228  8.500359877896  -0.333299734529  0.520610720581  2.997605964052
  59  C  2.248588703462  6.588950252515  4.322699041785  0.314531541293  0.598514157010  -0.284719585609
  60  C  6.777684259343  2.270787124446  8.483994870636  -0.733002597970  0.604960747420  2.471499376919
  61  C  6.634961048698  2.201309098481  4.303606996041  0.338534315092  0.296780115564  -0.304257263193
  62  C  6.772387016051  6.673505293640  8.452748668547  -0.125051973655  0.286301427053  2.587072216649
  63  C  6.645028714873  6.609850851074  4.290962649307  0.248959922071  0.338910942859  -0.207788467547


MDSTEP:  8
LATTICE_CONSTANT: 1.889726125458
LATTICE_VECTORS
  8.559195520094  0.000000000000  0.000000000000
  0.012182833986  8.929013348059  0.000000000000
  0.202894179671  0.084444212826  8.543190426084
VIRIAL (KBAR)
  132.452337390778  -44.166069288272  -67.157754892250
  -44.166069288272  34.044087420226  13.798414163162
  -67.157754892250  13.798414163162  136.878373517119
INDEX    LABEL    POSITIONS    FORCE (eV/Angstrom)
  0  Si  3.339101556951  1.101765511504  3.249071332894  -0.337319354491  -0.556964772099  0.394212282799
  1  Si  3.382345088786  1.150079097170  7.633460784775  1.236794285015  -1.449439829323  -3.720175614802
  2  Si  3.336418068862  5.491920944961  3.234836605040  -0.082720396098  -0.091878845340  0.193314827110
  3  Si  3.380469056649  5.525652281112  7.613789869691  0.874085520596  -0.423004721256  -3.689243933938
  4  Si  7.715136499241  1.115137357831  3.190254485728  -0.580733266591  -0.756850866662  0.597900163659
  5  Si  7.777555156696  1.133304738705  7.585428524466  0.105498929841  -1.220173030764  -3.236503406480
  6  Si  7.711542708208  5.497831475885  3.190462459283  -0.524649164112  -0.034827339373  0.204499858859
  7  Si  7.787032666136  5.515433912837  7.532552415749  -0.601002724196  0.253436569603  -2.417680986370
  8  Si  3.298215231316  3.289262646418  1.061246366743  -0.101564601259  0.223226800486  0.847505200994
  9  Si  3.351572090149  3.319665668981  5.440859560752  0.258625948662  -0.015328879287  -0.220204306870
  10  Si  3.300539055612  7.696499617544  1.039614577131  -0.022832159543  1.630855612237  1.020943897787
  11  Si  3.382584745411  7.716703661965  5.402175417193  -0.635339646790  1.898688193783  0.415987556982
  12  Si  7.693043771925  3.305540569194  0.974362468116  -1.224134284057  -0.450059356927  1.889185363246
  13  Si  7.743204050163  3.302908635163  5.386737755700  -1.054973137211  0.259229446092  0.226510808652
  14  Si  7.687957882964  7.699175593674  0.995887664934  -0.984704613574  1.893204436843  1.045458096549
  15  Si  7.772444041751  7.721558581902  5.373750313512  -0.903871755713  1.908990803309  0.309845124099
  16  Si  1.144712190353  1.120442721226  1.077774066732  2.811191724817  -2.150851733493  -0.231815748693
  17  Si  1.173285379604  1.135241364790  5.476891422915  3.404180702491  -1.855224809075  -1.626683923928
  18  Si  1.117778971640  5.490108560472  1.061873085588  3.214502572769  -0.940645554375  -0.092805372958
  19  Si  1.167886135359  5.509090448542  5.441809513670  3.788382449635  -1.072830991618  -1.189959724991
  20  Si  5.502913948948  1.091203349199  1.025896534413  -0.548931615404  -0.620911043530  1.051927047401
  21  Si  5.561838049549  1.125690836675  5.412366797565  -0.190950101983  -0.879030520282  0.242801548676
  22  Si  5.495317639501  5.492073952208  1.006332546223  -0.152361755709  -0.338140787882  1.098747142810
  23  Si  5.562540942857  5.532442462967  5.392542334167  -0.290576717260  -0.531924646509  0.322042839311
  24  Si  1.139321018591  3.306479912750  3.266328074673  3.464806506150  -1.348595868657  -1.146665219609
  25  Si  1.211240024783  3.327729171639  7.643934355555  4.727868051846  -2.440981189330  -5.780712351589
  26  Si  1.143398941571  7.716760698474  3.228490511756  3.014455636895  1.151483107921  -0.036005417330
  27  Si  1.218079658248  7.722022487580  7.630484688716  3.430910166713  1.266693104256  -4.230415979967
  28  Si  5.539198718116  3.298569761235  3.218828249043  -0.503114986829  0.092114797277  0.007532622245
  29  Si  5.589787938702  3.321219878344  7.583471219052  0.121667489579  -0.155148294806  -3.203677484915
  30  Si  5.537395310507  7.711926239297  3.191154740888  -0.146372932474  1.648839117196  0.539784887008
  31  Si  5.590757560245  7.718046469695  7.563062926609  -0.160068195882  2.327897659987  -2.575470329526
  32  C  0.432071797113  0.093970195272  8.458232844439  -3.475039484143  -0.293994995828  3.582340682894
  33  C  0.288106749958  8.943222532442  4.276115901668  -2.369768646461  -0.790835452485  0.701242497190
  34  C  0.393891579673  4.487355401840  8.457649180993  -3.998707503418  2.703473894537  4.367730553279
  35  C  0.258218053166  4.399605344323  4.286280060972  -3.051953674993  1.367753613309  1.156096023435
  36  C  4.593636798296  9.001883856573  8.506517009785  -0.045714293126  -1.638324135161  1.886156528279
  37  C  4.466546027931  8.939716660438  4.338578794739  0.224236111324  -1.499973700120  -0.623720002540
  38  C  4.577816219616  4.483210380260  8.484342582455  -0.373034917503  -0.039548999627  2.863045029190
  39  C  4.449574753364  4.406758266033  4.329426036574  0.335248990256  0.132047351977  -0.428563449885
  40  C  0.228753294167  2.197474737772  2.095834821302  -2.751900622387  1.442900997300  0.969163077807
  41  C  0.276161793510  2.243511022001  6.472640769837  -2.528755776372  0.995115932294  1.257141234859
  42  C  0.235203813764  6.604193770780  2.074909842706  -2.969401272361  1.054960391515  1.282405123595
  43  C  0.312090234994  6.628459233227  6.466090794411  -2.847309639646  1.194464007978  0.811103525652
  44  C  4.405988221833  2.185919352793  2.137129721912  0.476055554882  0.324451202904  -0.257032372978
  45  C  4.475163407672  2.225599875598  6.488585096467  0.361468428855  0.092124283031  0.275893398847
  46  C  4.431796563748  6.571755194373  2.122643009852  -0.112751424891  0.665778311030  -0.183459670633
  47  C  4.471112257518  6.612295352953  6.489462596211  0.384185246122  0.438031598982  -0.130967421715
  48  C  2.233403454485  8.920781043355  2.172186252607  0.444641276697  -1.296617670373  -0.673829827198
  49  C  2.286291858525  8.982077199521  6.564332185590  0.748005288439  -2.067747386854  -1.100461037998
  50  C  2.209201474317  4.397929084203  2.167800121346  0.559623628051  0.016668776514  -0.718411569908
  51  C  2.300349100735  4.417558084650  6.527248992790  0.017426380647  0.230595258471  -0.410121135028
  52  C  6.634769541241  8.948128935338  2.120406825018  -0.261873478559  -1.888834113787  -0.412695551246
  53  C  6.696541909032  8.951182514527  6.503824845946  0.028577069915  -1.438812600561  -0.566705481440
  54  C  6.631921869271  4.396455188166  2.092385466476  -0.375141594825  0.011913720680  -0.021857704547
  55  C  6.668206896567  4.427492594735  6.495410122130  0.292279434149  -0.029799200643  -0.776587876850
  56  C  2.398098262879  2.293837675972  8.514712196226  -0.449757446855  0.541079642140  3.006366821771
  57  C  2.260872900693  2.220970672215  4.354814805586  0.128744794244  -0.093829457215  -0.494476436447
  58  C  2.384961162005  6.676805223785  8.496849121259  -0.040882935236  0.358640086677  3.061836526716
  59  C  2.249855772682  6.587616498484  4.315190051007  0.342683195149  0.721182888307  -0.099954933942
  60  C  6.775224369947  2.275707388137  8.477997115617  -0.701700542283  0.536298065073  2.670807602400
  61  C  6.631190022747  2.202111278989  4.297170205368  0.409289681561  0.239978818693  -0.112598277004
  62  C  6.764767164880  6.672168398172  8.462466725447  0.071223238552  0.263822525451  2.382842369262
  63  C  6.651684414936  6.603435283507  4.293373920423  0.123256358384  0.525189777389  -0.272907712041


MDSTEP:  9
LATTICE_CONSTANT: 1.889726125458
LATTICE_VECTORS
  8.559195520094  0.000000000000  0.000000000000
  0.012182833986  8.929013348059  0.000000000000
  0.202894179671  0.084444212826  8.543190426084
VIRIAL (KBAR)
  132.148240912436  -43.371002585591  -68.214152186989
  -43.371002585591  33.924456067584  14.944567985994
  -68.214152186989  14.944567985994  137.109072114760
INDEX    LABEL    POSITIONS    FORCE (eV/Angstrom)
  0  Si  3.338930167864  1.104961051495  3.250874946593  -0.368206164122  -0.721824682663  0.324535694194
  1  Si  3.380049817930  1.149079004239  7.629624807564  1.226268078443  -1.423739067547  -3.824315328305
  2  Si  3.331643913628  5.489074923690  3.230968384987  0.137709187442  0.036613545458  0.354759217258
  3  Si  3.377557728184  5.526510777708  7.616102422273  0.950060846933  -0.523688164361  -3.879461245957
  4  Si  7.709701197505  1.115915551671  3.189939440451  -0.337132154525  -0.723563230912  0.592091436679
  5  Si  7.774786249349  1.128074490036  7.589087703260  0.171700018684  -1.259766738533  -3.470788327364
  6  Si  7.710038896611  5.498260575889  3.191838385280  -0.557081881120  -0.097561266367  0.301178283199
  7  Si  7.786494272492  5.519700219579  7.526864113815  -0.448889397034  0.085638363161  -2.303437948211
  8  Si  3.300088327829  3.294833473274  1.062143968396  -0.139676194465  0.116293820446  0.869906639962
  9  Si  3.352337989127  3.323098188084  5.443284912735  0.302672505000  -0.143011955479  -0.461519292883
  10  Si  3.296449043465  7.693885805037  1.039296836059  0.090980552825  1.651957412221  1.045756836471
  11  Si  3.386508860980  7.718018064298  5.407704073025  -0.722707262416  1.924952514212  0.236330799322
  12  Si  7.687651317809  3.307858698700  0.971026410634  -1.203140432208  -0.422290401756  2.024893944890
  13  Si  7.740491447905  3.308815190590  5.390390679480  -0.953923115861  0.124119341797  -0.033873151347
  14  Si  7.682293033667  7.693851334484  0.994303773853  -0.691441025877  1.963342531384  1.139749966713
  15  Si  7.772842879958  7.719990964700  5.373659012888  -0.868711856548  1.922137513406  0.252799713929
  16  Si  1.144602029306  1.122713156257  1.071381374990  2.658401960788  -2.117945817206  0.115864810692
  17  Si  1.168128239080  1.130725070995  5.480755137168  3.578761419045  -1.693346827275  -1.835096362685
  18  Si  1.114255323320  5.494370826474  1.065201527681  3.393364332561  -1.049924816249  -0.199045905271
  19  Si  1.171722455302  5.507427981499  5.441642446836  3.684202133264  -0.829623099582  -1.222207266452
  20  Si  5.501204829224  1.092170339638  1.029881942997  -0.560977520829  -0.600368391729  0.955481161395
  21  Si  5.566139799680  1.124155165794  5.410179976651  -0.263449102653  -0.825894253116  0.108431543325
  22  Si  5.498462021157  5.492308566228  1.000356159398  -0.199532792455  -0.262840848956  1.264324974159
  23  Si  5.568209129034  5.536816703792  5.398672980403  -0.703187575807  -0.669760191145  0.166343301436
  24  Si  1.143298093170  3.311803401536  3.259423116026  3.348903989388  -1.612887049072  -0.999869548974
  25  Si  1.207151595512  3.326830365466  7.639770306760  4.751448480445  -2.400279782539  -5.652028911905
  26  Si  1.145080496920  7.722576505157  3.222753025738  2.973628092522  1.028050253166  0.283747781433
  27  Si  1.220147603184  7.728107606687  7.625983657874  3.579878792014  1.107053041443  -4.092413239579
  28  Si  5.537781326687  3.293067005439  3.213812206219  -0.420247744907  0.263785942627  0.147882147145
  29  Si  5.585389144863  3.324723377339  7.582614444727  0.245089868211  -0.386178659263  -3.122190230590
  30  Si  5.539702542531  7.707972587626  3.186207955709  -0.215604453741  1.683123111974  0.639252356640
  31  Si  5.590127739381  7.725249827089  7.562368591510  -0.114532021178  2.168632542897  -2.449873771143
  32  C  0.434955382534  0.098388686978  8.451912584556  -3.480952513930  -0.425902128727  3.673767377025
  33  C  0.292187876216  8.946036399523  4.284475120250  -2.544541885250  -0.925638005397  0.418303739138
  34  C  0.395843996242  4.487211991515  8.467776928101  -4.028937284757  2.678794715468  3.969659023413
  35  C  0.261000342829  4.399679068066  4.283710186807  -3.087387274244  1.386411854638  1.274949041542
  36  C  4.585477781953  9.010556136879  8.502796261559  0.157326613655  -1.797565183195  2.012791234283
  37  C  4.459874968660  8.939834274543  4.331455800349  0.463763383039  -1.510870495318  -0.482083302150
  38  C  4.576030646232  4.492623691229  8.481583266070  -0.269369318904  -0.267100639182  2.884586774538
  39  C  4.450709570276  4.399493512041  4.319435780186  0.355977965401  0.323230650622  -0.192284126685
  40  C  0.217755431116  2.204893596691  2.090081104422  -2.475476006502  1.238950771189  0.954138615814
  41  C  0.267520900373  2.239665559547  6.466884803446  -2.439524886245  1.143497098390  1.443641846028
  42  C  0.236525804354  6.596045875913  2.083854447239  -3.106081276433  1.360714583726  1.199975310185
  43  C  0.314337938295  6.636433797748  6.468080333730  -2.812129289631  0.905849984277  0.649559304869
  44  C  4.408675898035  2.188334021231  2.145971705108  0.412786579302  0.262585219781  -0.525687146402
  45  C  4.474352535904  2.223036244486  6.486804563847  0.393491693524  0.155693947735  0.324428300339
  46  C  4.437131789225  6.571555706261  2.120456217498  -0.225187410642  0.626943870989  -0.251764441615
  47  C  4.461585148012  6.615087340622  6.498666141510  0.673479264779  0.389451966537  -0.226688169371
  48  C  2.227328570437  8.910668046589  2.180373177301  0.524675928633  -0.999357787775  -0.939492496297
  49  C  2.285427063626  8.982235873675  6.554779949480  0.824230131950  -2.067523377404  -0.902727650367
  50  C  2.208564979024  4.401000560471  2.174840170488  0.574944202816  0.024811594291  -1.009998308875
  51  C  2.302770417846  4.424217500873  6.519866231288  -0.078840619717  0.045552883955  -0.178865321887
  52  C  6.640226273689  8.946767514663  2.114052259331  -0.359263997474  -1.945282202819  -0.323077273757
  53  C  6.700120785380  8.944691951408  6.494335989512  -0.040092359912  -1.345529583942  -0.386392780258
  54  C  6.626488793106  4.403460877660  2.095513940865  -0.326518983884  -0.147868337273  -0.176127674119
  55  C  6.662332807641  4.423337917707  6.485269064773  0.422669236549  0.131027430797  -0.458225159663
  56  C  2.399651546615  2.285541773462  8.516901317749  -0.513475211925  0.905402824264  2.895900677798
  57  C  2.270877097893  2.212354630378  4.346606171339  -0.179459705738  0.142475818629  -0.253837554953
  58  C  2.394112232194  6.672146202595  8.492451501437  -0.539498371866  0.676824401388  3.224951603380
  59  C  2.258017565354  6.591808653733  4.320097867848  0.215866880662  0.667339768925  -0.198788798232
  60  C  6.783904590008  2.268639362760  8.478163176374  -1.140351089464  0.869288234106  2.644882319660
  61  C  6.638354247716  2.207238152744  4.291548896796  0.232766950484  0.150515972856  0.020622560689
  62  C  6.774632126612  6.672955906900  8.469031532668  -0.251655637425  0.343165700157  2.094455904414
  63  C  6.645542514753  6.597963054456  4.302496205854  0.322134731330  0.692903757869  -0.457783506661


MDSTEP:  10
LATTICE_CONSTANT: 1.889726125458
LATTICE_VECTORS
  8.559195520094  0.000000000000  0.000000000000
  0.012182833986  8.929013348059  0.000000000000
  0.202894179671  0.084444212826  8.543190426084
VIRIAL (KBAR)
  132.117723066628  -41.457318573123  -65.677533879890
  -41.457318573123  32.045550819248  11.685242733375
  -65.677533879890  11.685242733375  137.459410542822
INDEX    LABEL    POSITIONS    FORCE (eV/Angstrom)
  0  Si  3.335171228475  1.104020878667  3.255354589511  -0.205956976971  -0.713480585715  0.362661660098
  1  Si  3.385953924648  1.150608217698  7.622882402012  0.907892134893  -1.312911931282  -3.612284506285
  2  Si  3.337525878884  5.485492697996  3.226557918824  -0.092410927211  0.085141397953  0.520860609771
  3  Si  3.376624335369  5.522649667546  7.611264940425  0.958807126143  -0.422154796150  -3.736471252810
  4  Si  7.709857900411  1.111403284340  3.190152656109  -0.382741142189  -0.565993980109  0.629342863470
  5  Si  7.777310410609  1.121897672651  7.583467237835  -0.027014635464  -1.056451550568  -3.238425272154
  6  Si  7.708826546981  5.491942055352  3.189262393040  -0.486961803281  0.038540333342  0.348384156069
  7  Si  7.790887358682  5.525113111667  7.519869792980  -0.720665366299  -0.062156193322  -2.163449295662
  8  Si  3.293821987527  3.300106123807  1.063576260430  -0.054897088008  -0.032946987372  0.889743235901
  9  Si  3.356380137765  3.317024714369  5.447118946840  0.187463386881  0.020087927207  -0.613555230035
  10  Si  3.299945042005  7.691734642596  1.036018401196  -0.001877497789  1.711534185653  1.163364392371
  11  Si  3.387155371234  7.714505416621  5.413103994806  -0.738651257810  1.999730749215  0.081104130537
  12  Si  7.689642301708  3.302436220149  0.966507886586  -1.321537244838  -0.344387684407  2.130639523718
  13  Si  7.744973804639  3.309258743614  5.388421770729  -1.167463272199  0.171260008678  0.048378201890
  14  Si  7.676422764232  7.688261173713  0.995412468578  -0.667775753857  2.053688545616  1.069871289972
  15  Si  7.773859611502  7.723789919869  5.375657067935  -0.787343105863  1.804519656602  0.237701482910
  16  Si  1.149340503203  1.117165088542  1.073985480418  2.481911893632  -1.744686283494  0.345538605535
  17  Si  1.163565341107  1.136808271647  5.481134368851  3.802786853090  -1.865631408685  -2.156090091136
  18  Si  1.110363849281  5.487518620441  1.064437420504  3.476058580708  -0.931317363031  -0.148645498739
  19  Si  1.176002433404  5.511527723475  5.441440590645  3.611832362846  -0.837357194228  -1.346262374392
  20  Si  5.501080877629  1.092875486233  1.034647635442  -0.613747902676  -0.639259380118  0.983170994046
  21  Si  5.569418459018  1.118739530331  5.403542610035  -0.194615454644  -0.774522950802  0.269723123162
  22  Si  5.500143272119  5.496428783350  0.995776592602  -0.298359925692  -0.457160161091  1.425142371520
  23  Si  5.571441277575  5.538669101669  5.401055214792  -0.706794974588  -0.730200119614  -0.053517014230
  24  Si  1.139026957337  3.314637161623  3.262078137079  3.552015807706  -1.716385527264  -0.993716311817
  25  Si  1.211017534367  3.323770696435  7.637027603635  4.249760349007  -1.826525597791  -5.497953913944
  26  Si  1.143308779208  7.717581719078  3.224167186877  2.956723854461  1.225666521136  0.207371078867
  27  Si  1.228086559255  7.724285687749  7.625621248554  3.121396374756  1.629367201324  -3.909267584506
  28  Si  5.538417626620  3.290836226941  3.215353129176  -0.578216021212  0.253919485438  0.077111069907
  29  Si  5.578620196583  3.318345488182  7.580478602354  0.392737939402  -0.393665029337  -3.080260057087
  30  Si  5.539931451381  7.709312469756  3.193213845797  -0.249042052847  1.706006898483  0.520612833397
  31  Si  5.587890713262  7.723187573583  7.556243221382  -0.088763934264  2.265435297864  -2.262403577449
  32  C  0.429201443565  0.107038850080  8.463831995257  -3.153366207408  -1.058956867864  3.280846918902
  33  C  0.290128499034  8.948987608302  4.286354485915  -2.483925797491  -1.007061686418  0.377020543876
  34  C  0.385538248928  4.495377541714  8.467080313163  -3.588082906256  2.030386249200  3.634622100559
  35  C  0.266645447770  4.399612583084  4.288040501523  -3.230069446446  1.507741333735  1.301138915084
  36  C  4.569712436366  0.085256573732  8.510150820348  0.257807473098  -1.944717747551  1.798741831756
  37  C  4.469161342284  8.943428191386  4.340989714918  0.237340628035  -1.663567584512  -0.647238716762
  38  C  4.575714458910  4.487801167907  8.479662568717  -0.384840806254  -0.161201360166  2.923408948417
  39  C  4.442564998839  4.395275105825  4.316102919786  0.586047061065  0.418988132548  -0.065740187946
  40  C  0.216319846321  2.212483425106  2.099443175976  -2.306799545075  0.897071152273  0.635635310635
  41  C  0.265882039701  2.233208815647  6.461738034745  -2.552480873149  1.466173928289  1.690235281245
  42  C  0.236881267118  6.597415292228  2.076894900913  -3.138541587325  1.275003341610  1.311578343403
  43  C  0.313288449174  6.626813158137  6.474982746711  -2.735195018729  1.228980921431  0.478176754701
  44  C  4.401151014887  2.181736701957  2.147334356644  0.509695884011  0.415293411449  -0.546596870756
  45  C  4.473536013630  2.213868952670  6.477060587604  0.487314095882  0.243872672337  0.496907828974
  46  C  4.428515084266  6.569667411680  2.126016495600  0.045087827515  0.688321618568  -0.408864364127
  47  C  4.470037349294  6.611312764182  6.498444841898  0.429329492405  0.450253959567  -0.226570245966
  48  C  2.234973080612  8.916287359986  2.185580649228  0.366604672128  -1.200652335282  -0.992008710327
  49  C  2.278464968777  8.989175922529  6.544929563161  0.967502042464  -2.221890983947  -0.652429531567
  50  C  2.208833565730  4.399565048874  2.182107514906  0.496120552879  0.091252459609  -1.186511904675
  51  C  2.300500087415  4.433728810509  6.509816575476  0.025017025099  -0.224023939923  -0.006260704255
  52  C  6.642033552159  8.946920840626  2.114772433162  -0.451819897503  -2.023672600815  -0.320737274933
  53  C  6.704870293357  8.935927246250  6.495266317863  -0.131583185773  -1.220767410376  -0.430253733071
  54  C  6.626779497733  4.398411116893  2.100414252733  -0.367736267345  -0.098286366407  -0.344120968529
  55  C  6.654400948663  4.427988910837  6.491259735658  0.629882414075  -0.045458139093  -0.599840865011
  56  C  2.391572415924  2.292988349746  8.512585127525  -0.150280517237  0.560369162026  2.884825299986
  57  C  2.279438138584  2.216490200251  4.346281678987  -0.433036960693  0.082577833616  -0.182593233497
  58  C  2.391735519900  6.673324720823  8.490734319047  -0.296341522147  0.467406122699  3.233987191010
  59  C  2.251600484794  6.595964679811  4.313621943242  0.410788129335  0.561600863957  -0.091941086383
  60  C  6.777882162942  2.262155013391  8.483125482758  -0.965134925401  0.850542954307  2.364756917684
  61  C  6.630904208089  2.208578743056  4.293268500688  0.456867290565  0.087591004713  -0.012550652142
  62  C  6.767496306690  6.665937800117  8.463523715776  -0.127249479757  0.548123924127  2.132102391965
  63  C  6.650456660984  6.606616941236  4.297863656817  0.276530029612  0.461002492161  -0.328145171144


