MDSTEP:  0
LATTICE_CONSTANT: 1.889726125458
LATTICE_VECTORS
  8.841530693645  0.000000000000  0.000000000000
  -0.149882536391  8.623655039395  0.000000000000
  -0.088491327815  -0.166156925993  9.055167244175
VIRIAL (KBAR)
  -5.388883722268  47.405491607681  5.221667734242
  47.405491607681  22.260300003122  37.811291947085
  5.221667734242  37.811291947085  -81.814914653073
INDEX    LABEL    POSITIONS    FORCE (eV/Angstrom)
  0  Si  3.302781830575  1.117280882998  3.364590021418  0.035756700932  0.639915248897  -0.410775478699
  1  Si  3.263877862132  1.064294240727  7.796345911964  0.084737456006  0.524764809869  2.382973941402
  2  Si  3.255492652538  5.543351433933  3.396613313932  0.094434010738  0.341738645937  -0.231190662304
  3  Si  3.223726841089  5.496887830843  7.819807823416  -0.007155687797  -0.031871648564  2.526635243363
  4  Si  7.743178399414  1.151940204868  3.373825166342  -0.222583607860  0.799462318616  -0.094120043109
  5  Si  7.716729026908  1.098733803323  7.803559364178  -0.481331576058  0.395468905340  2.607450087053
  6  Si  7.699864300300  5.575525190130  3.414875311343  -0.164276405185  0.332331676813  -0.159705040955
  7  Si  7.672969341782  5.541895721854  7.855000203293  -0.364867491806  -0.206843899190  2.295333611686
  8  Si  3.306811030616  3.342923361184  1.152363829082  -0.376407185114  0.291401688430  -0.755122520428
  9  Si  3.257670045575  3.327105291210  5.592565873420  0.289682648505  -0.310093882880  -0.273617734935
  10  Si  3.255471024250  7.781094226986  1.195266695799  -0.425801166197  -3.826627731030  -1.062331352913
  11  Si  3.234539516658  7.733140633667  5.647138969960  -0.398785299648  -3.626603959914  -0.886514400115
  12  Si  7.725029255731  3.388801680128  1.167861862304  -0.051197049892  0.078903099130  -0.640755997650
  13  Si  7.712099870971  3.332717817625  5.617880888343  -0.381843272310  0.428841886254  -0.329398224877
  14  Si  7.701125834054  7.815079632959  1.221527562180  -0.856437541417  -3.860245606554  -0.962157898952
  15  Si  7.669810235533  7.768589773237  5.661140052910  -0.389629934442  -3.665526980108  -1.008493718603
  16  Si  1.090933305893  1.108987606797  1.122910789412  0.667395873586  1.799653110414  0.162535399332
  17  Si  1.064618038173  1.076714485404  5.556431295460  0.871503347405  1.768700269652  0.675391384791
  18  Si  1.067523640654  5.531395664146  1.168756139121  0.468598252437  1.439598979224  -0.020867251798
  19  Si  1.036788069323  5.491458853134  5.589947838622  0.581332550845  1.639625871084  0.810011534106
  20  Si  5.542275537358  1.151578360686  1.153598703201  -0.198856885456  0.682659550363  -0.820793176623
  21  Si  5.502762293119  1.104126373971  5.578041051740  -0.061623574808  1.012787090311  -0.076715566651
  22  Si  5.489292131969  5.567925366572  1.192383089781  -0.030291053731  0.575456265161  -0.808861842548
  23  Si  5.475600352053  5.538979151675  5.629263113558  -0.276863777608  0.291446102524  -0.459645358549
  24  Si  1.071356817350  3.304961889179  3.363139051060  0.535136115573  1.179921400318  0.558737916132
  25  Si  1.043495190908  3.254774423323  7.803078893289  0.465546089819  0.770284124971  3.022731139215
  26  Si  1.027475119955  7.744364672007  3.394457484539  0.028840568594  -2.982296512498  0.937813344574
  27  Si  1.000241973998  7.701499658863  7.843821067806  -0.299928667512  -2.945855541202  3.111629020063
  28  Si  5.492563783513  3.337970491965  3.379807714996  0.169685801218  0.335175676111  -0.043404835709
  29  Si  5.481602694523  3.297843070740  7.811767815944  -0.465052614371  -0.210530850619  2.568963768872
  30  Si  5.450914747301  7.769971420525  3.417937274203  -0.167353330104  -3.782134356034  -0.275456429361
  31  Si  5.439020728155  7.736551626902  7.868702362660  -1.027137931849  -3.718865754097  2.266608362087
  32  C  0.031330205662  0.070102451228  0.040881050258  0.623541289848  2.510801195267  -2.642420476024
  33  C  0.011796449973  0.047293615170  4.477311530116  -0.152328445691  1.892091934029  -0.265162933163
  34  C  -0.013945210020  4.518800299129  0.092930198484  -0.336542094481  -0.727991251368  -2.732511604083
  35  C  -0.022162844623  4.476372646685  4.522847406817  -0.799989251810  -1.606146641026  -0.705769323874
  36  C  4.440757971669  0.036215692242  0.031898515491  1.201210130876  3.427478530206  -2.065099275090
  37  C  4.410978405702  -0.003691579272  4.456224180585  0.197814947159  3.202702340159  0.723899667875
  38  C  4.395333521283  4.479940196269  0.067024860844  0.299600480223  0.089374608644  -2.025959453733
  39  C  4.372438816235  4.431403924652  4.496763696063  0.118032698495  -0.168360391563  0.217176617327
  40  C  0.000923675834  2.285743241639  2.280771453674  -0.509765570048  -1.262409213835  -0.649139652675
  41  C  -0.033146454670  2.230506192601  6.726593785994  -0.223678387657  -1.139975499077  -0.648549002142
  42  C  -0.029043221978  6.702413991958  2.332129362022  -0.717581123018  -1.343407300206  -0.879758860750
  43  C  -0.061170984121  6.679884906750  6.758184205720  -0.650851755731  -1.696566416601  -0.575693841802
  44  C  4.406499568446  2.236913872177  2.248590517101  0.174540223966  -0.196653038176  0.486417007609
  45  C  4.380167631651  2.196063900806  6.703401865000  -0.061026949591  -0.182649776676  0.099426709629
  46  C  4.368897772586  6.674121007997  2.298168507972  -0.120387990376  -0.561324738652  0.139736457341
  47  C  4.336303002023  6.629049222274  6.731498323949  0.185841929454  -0.401708607065  0.447646945751
  48  C  2.200476490279  -0.004505708853  2.236713368560  0.739349472017  3.627424784958  0.279747672966
  49  C  2.182102775859  -0.028627081185  6.668224919709  0.243521446790  3.071513281333  0.654350231418
  50  C  2.173443807720  4.429468431897  2.279566359532  0.150111348777  -0.167203557806  0.030965322160
  51  C  2.147498412140  4.396934576069  6.699739853790  -0.248572000394  -0.377489908483  0.431078889372
  52  C  6.634881624922  0.037255061454  2.265425967399  0.810697502250  3.253563424288  0.187125690833
  53  C  6.619037379523  0.008558876065  6.674758905598  0.124821886423  2.797563021070  0.984851668129
  54  C  6.622594809010  4.468731995231  2.294587184014  -0.330526808048  -0.271921846113  0.154589385919
  55  C  6.575008481793  4.431091447502  6.732317273393  0.301825274878  -0.347702133173  0.153416640689
  56  C  2.191788934088  2.231352302310  0.035371645206  0.478359549762  0.564100581262  -1.746968101577
  57  C  2.184078778509  2.195465183038  4.458897221940  -0.079896581217  0.102692918627  0.625698287095
  58  C  2.162932983752  6.669248959723  0.065790361429  0.184808967616  0.236981411906  -1.803827302722
  59  C  2.141078802063  6.625460795208  4.516280540585  -0.077786684529  -0.152653553919  0.068832567258
  60  C  6.630219209058  2.280255181446  0.055626421376  0.491849899092  0.238208765779  -1.898101449373
  61  C  6.614619449719  2.230109906539  4.493607060013  0.030886018210  -0.096778568998  0.152556335114
  62  C  6.593961123589  6.714449706508  0.103763910113  0.297549365986  0.016824056063  -2.008721614652
  63  C  6.572638254610  6.668247729946  4.526449123225  0.009345848276  -0.491018407581  0.203279577277


MDSTEP:  1
LATTICE_CONSTANT: 1.889726125458
LATTICE_VECTORS
  8.841530693645  0.000000000000  0.000000000000
  -0.149882536391  8.623655039395  0.000000000000
  -0.088491327815  -0.166156925993  9.055167244175
VIRIAL (KBAR)
  -5.900295193753  47.252721718494  5.489430183090
  47.252721718494  22.266049485857  37.822936176597
  5.489430183090  37.822936176597  -82.241412927929
INDEX    LABEL    POSITIONS    FORCE (eV/Angstrom)
  0  Si  3.303316187494  1.117090133698  3.364992060048  0.023431516827  0.650094160210  -0.419497818499
  1  Si  3.263586391931  1.064772378225  7.797305475882  0.090737185229  0.527830883061  2.354765075107
  2  Si  3.255153575442  5.543224866754  3.396491220588  0.097756932860  0.327735611999  -0.227499335720
  3  Si  3.223718737665  5.495960436714  7.820791444444  -0.007488073042  -0.019764556371  2.498738064678
  4  Si  7.743541168202  1.151941497070  3.372991020407  -0.246917724442  0.803434270002  -0.070894659795
  5  Si  7.716461046635  1.098828464477  7.804198851107  -0.471482046446  0.399287872101  2.588389974796
  6  Si  7.699665411535  5.575235435800  3.415213096690  -0.166989748568  0.339138010902  -0.174082398206
  7  Si  7.672881671821  5.541889141612  7.854544077095  -0.370526232331  -0.220221550990  2.291855110516
  8  Si  3.307918980077  3.342443219658  1.152653298730  -0.393554111505  0.301034416355  -0.761062436050
  9  Si  3.257539717065  3.326453080141  5.592689056154  0.282006781840  -0.296895315938  -0.270103362750
  10  Si  3.255965874944  7.781447333476  1.195359023701  -0.444212299879  -3.812062301274  -1.057968188092
  11  Si  3.234897079698  7.731669946034  5.646969687339  -0.402489561937  -3.569493393248  -0.888297134405
  12  Si  7.724794806536  3.388966219997  1.168034268391  -0.050850916463  0.058060934071  -0.650671904829
  13  Si  7.712658502603  3.333513863247  5.617329859081  -0.389974190085  0.405194352213  -0.297475097147
  14  Si  7.701265173652  7.814305850208  1.220606959191  -0.849579554321  -3.823896321477  -0.962888080820
  15  Si  7.670277278054  7.768352687232  5.661818192828  -0.399773311995  -3.649670601496  -1.033046491468
  16  Si  1.091002581466  1.109995109628  1.122484483045  0.676850966249  1.796746481296  0.172524771643
  17  Si  1.064225669470  1.077498344992  5.556723106073  0.877740735024  1.761553850028  0.661745683616
  18  Si  1.067557901812  5.532176337661  1.168486270588  0.458713102921  1.403107366160  -0.033682582077
  19  Si  1.036795204743  5.491700699598  5.589938659100  0.578104926330  1.628629270793  0.799727837107
  20  Si  5.542598205681  1.150990077171  1.153535836966  -0.199321078687  0.705578466081  -0.834740552776
  21  Si  5.502934461206  1.105042581278  5.578173050913  -0.056434574349  1.000463967568  -0.069506105431
  22  Si  5.488705512842  5.567773795705  1.191930870893  -0.012650605782  0.575160250003  -0.802240419249
  23  Si  5.475331409655  5.538716024107  5.629011071526  -0.274819199785  0.290299386289  -0.445439180881
  24  Si  1.071238865726  3.306012803846  3.363733446956  0.530937271415  1.138020789130  0.538059559553
  25  Si  1.043866827569  3.255270086890  7.804343856861  0.443229141129  0.749658316428  2.989586816498
  26  Si  1.027461958741  7.743818245735  3.394436917624  0.027361363572  -2.943499298485  0.924298444350
  27  Si  0.999903634025  7.701696712635  7.843760931665  -0.283325469552  -2.933781571241  3.080575619545
  28  Si  5.492262611740  3.337078337196  3.379540924105  0.168365707961  0.349889455674  -0.020719213795
  29  Si  5.481445614815  3.297568407014  7.811498228338  -0.456552496827  -0.209615485716  2.565799978909
  30  Si  5.450345698457  7.768635482337  3.418168277587  -0.142154114184  -3.726069743906  -0.296695530146
  31  Si  5.438759841153  7.736039638254  7.869208609403  -1.006617852734  -3.689079462442  2.234913533488
  32  C  0.032466452010  0.071257231796  0.040342778350  0.591157176004  2.482658692193  -2.625149635559
  33  C  0.010654418443  0.048535697860  4.477027269061  -0.121900338602  1.852940710678  -0.265013629403
  34  C  -0.013921928138  4.517306132123  0.091638016454  -0.318476596057  -0.691756733212  -2.698386651344
  35  C  -0.022522263363  4.476275453677  4.522449047616  -0.785463847256  -1.590394048700  -0.695951683776
  36  C  4.440341293861  0.037474264749  0.031242159487  1.198545769207  3.403378905844  -2.049369839274
  37  C  4.411268116385  -0.001677117885  4.455942500507  0.196260235345  3.148074791144  0.740521545732
  38  C  4.396529674505  4.479532124767  0.066045863085  0.278715131874  0.086825938358  -2.006790034937
  39  C  4.371487840788  4.432226575366  4.497934343332  0.130748823495  -0.189422144108  0.187359363373
  40  C  0.000229262438  2.284128078574  2.281173318017  -0.483367421466  -1.207634263590  -0.652572273201
  41  C  -0.032316678463  2.229337381931  6.726857865682  -0.230688426226  -1.098482176785  -0.644292719426
  42  C  -0.028274442034  6.701806141894  2.330699704908  -0.736501865690  -1.338007136191  -0.854264303662
  43  C  -0.061723023807  6.679105343576  6.757432414246  -0.624624297765  -1.680466395398  -0.557933919511
  44  C  4.406607621702  2.236058326591  2.248491873746  0.179413490933  -0.187651520767  0.485465671682
  45  C  4.380109687054  2.196724909984  6.703354135525  -0.064900292815  -0.193818714368  0.108926247738
  46  C  4.367935513157  6.673429964989  2.298693470836  -0.103154598499  -0.554892127907  0.121295540757
  47  C  4.337161015637  6.629331909437  6.731571716660  0.163719170267  -0.419543454158  0.454843870008
  48  C  2.200793979894  -0.002857343581  2.236823596366  0.734029177568  3.592451826075  0.281304219401
  49  C  2.182320128455  -0.026861883838  6.667661477616  0.243767537066  3.017222395621  0.663661806393
  50  C  2.173279033722  4.429673723656  2.280001818566  0.155261828226  -0.170430404991  0.012126711735
  51  C  2.146196147950  4.396725600652  6.699472930270  -0.223360741592  -0.371363487377  0.442731442104
  52  C  6.635092338027  0.038865977131  2.264440344295  0.794396797139  3.184288784092  0.217197408110
  53  C  6.619948765055  0.008834207103  6.674525284818  0.090604678035  2.785944164315  1.011206293496
  54  C  6.622502335788  4.468127333851  2.294739145216  -0.337565941813  -0.258404676956  0.148542848853
  55  C  6.574233200141  4.431323015522  6.732968991095  0.317224667071  -0.349216562977  0.134493146900
  56  C  2.191884572507  2.232342055146  0.034153038415  0.482813887690  0.563378990620  -1.717282054047
  57  C  2.184993896587  2.195142184404  4.458640268630  -0.100620125832  0.119180894491  0.628076770989
  58  C  2.162689820137  6.669724713716  0.066163477236  0.193790906758  0.230206202852  -1.809574307873
  59  C  2.141563574698  6.624956493391  4.514911963879  -0.092758315675  -0.145040444476  0.096454272361
  60  C  6.629958710490  2.280239304548  0.054102209796  0.491061178490  0.240299246461  -1.869241697882
  61  C  6.614717561822  2.230357551751  4.494810966531  0.035355546511  -0.093277441750  0.119360882647
  62  C  6.593979930590  6.714749721722  0.102346918842  0.291016496457  0.009709674434  -1.983602251287
  63  C  6.571969779569  6.668099251515  4.526951221562  0.025977842708  -0.493627991256  0.191386981230


MDSTEP:  2
LATTICE_CONSTANT: 1.889726125458
LATTICE_VECTORS
  8.841530693645  0.000000000000  0.000000000000
  -0.149882536391  8.623655039395  0.000000000000
  -0.088491327815  -0.166156925993  9.055167244175
VIRIAL (KBAR)
  -6.790993501798  46.831771747251  5.980640595237
  46.831771747251  22.183883685366  37.858975300739
  5.980640595237  37.858975300739  -82.980022038471
INDEX    LABEL    POSITIONS    FORCE (eV/Angstrom)
  0  Si  3.303497139487  1.115495928530  3.365139557866  0.039952074853  0.729912548563  -0.409650800729
  1  Si  3.261062297284  1.064323159960  7.797494173730  0.193166658224  0.605761225850  2.354723574424
  2  Si  3.254162822173  5.544587179994  3.395152039133  0.165142342989  0.271817439982  -0.195777983857
  3  Si  3.224503973899  5.496229041545  7.823858616616  -0.007425744027  -0.034956962986  2.423297714242
  4  Si  7.744435377429  1.153848232699  3.374008143013  -0.245915700972  0.846993378460  -0.101168581729
  5  Si  7.715309172586  1.099733602513  7.802487681479  -0.473551143868  0.379240754408  2.613364890552
  6  Si  7.699781544117  5.577162295124  3.415776798118  -0.198552941025  0.286210076281  -0.183702466833
  7  Si  7.673505515779  5.541910947892  7.854808767456  -0.373405693349  -0.214055010600  2.264258387063
  8  Si  3.307058152396  3.343698762110  1.153981030013  -0.369900409541  0.246478429503  -0.778700710844
  9  Si  3.258572608697  3.324523811619  5.590137397455  0.336319125253  -0.243452990528  -0.200539139154
  10  Si  3.253515838477  7.781115354314  1.193351166164  -0.321563353016  -3.733422495079  -1.118111312234
  11  Si  3.235385005321  7.731498046810  5.647021579915  -0.464479459203  -3.522406936505  -0.861121048310
  12  Si  7.722151248188  3.386384206538  1.166785503822  -0.016330432232  0.146117099808  -0.634782088242
  13  Si  7.711269427910  3.334470928477  5.619109842408  -0.359651111123  0.429709076915  -0.327831372207
  14  Si  7.699294927123  7.812157046825  1.221157046481  -0.810027653810  -3.768807407739  -0.994807956028
  15  Si  7.672135052710  7.767905854146  5.660480127956  -0.441180954751  -3.564975050867  -0.951393520504
  16  Si  1.093261836732  1.108960866483  1.120738925061  0.603559580143  1.840394082530  0.180408545982
  17  Si  1.064545433616  1.079835161956  5.557875094598  0.855736102530  1.766836029295  0.673895023909
  18  Si  1.069843053175  5.531032374862  1.167919456324  0.361607698096  1.349455657745  -0.022787319749
  19  Si  1.038078551832  5.494202236415  5.590462902970  0.513451998324  1.491219990177  0.779851191121
  20  Si  5.543787617973  1.153509087072  1.151844194898  -0.262504739391  0.686853320872  -0.787980234693
  21  Si  5.505160579515  1.105657084887  5.580430706728  -0.109807719395  1.031673773283  -0.098426058922
  22  Si  5.488671724430  5.568248111939  1.193966850914  -0.039963406257  0.550306111882  -0.864380663531
  23  Si  5.476814339134  5.540469390253  5.629355478245  -0.316753878698  0.270821079722  -0.444781116346
  24  Si  1.072248777512  3.309011039777  3.366212630931  0.451364637432  1.074175642688  0.471532331765
  25  Si  1.043095479113  3.257498004429  7.805840244382  0.423956934260  0.695369969972  2.931240703814
  26  Si  1.028196588682  7.744172100832  3.396204283696  0.024749456024  -2.897239556421  0.774515018861
  27  Si  1.001358713165  7.699440111734  7.845368707608  -0.303787779236  -2.870253913133  3.040875800246
  28  Si  5.492165502543  3.335445381019  3.381089275400  0.214934206092  0.427234416052  -0.033901524397
  29  Si  5.483210587183  3.299459988375  7.813245183703  -0.489950182534  -0.186503204556  2.519245236852
  30  Si  5.449836167877  7.767944870743  3.418576427583  -0.115630212188  -3.682914419386  -0.316042799017
  31  Si  5.439180470394  7.734975227612  7.868125270509  -1.007025513921  -3.650206509784  2.238359545533
  32  C  0.033577411833  0.069492186532  0.039851192153  0.547469892387  2.466663131826  -2.581954421964
  33  C  0.010702597736  0.052701495893  4.476935518338  -0.083127394503  1.788738556215  -0.265414512576
  34  C  -0.017295730067  4.516668415049  0.089553686411  -0.238097451190  -0.655037825668  -2.648623096535
  35  C  -0.026787557184  4.477528231418  4.520961549217  -0.668525619674  -1.561833472846  -0.605475507983
  36  C  4.442412151248  0.039822836155  0.026730139871  1.098849505283  3.331951187035  -1.919415651177
  37  C  4.410726098863  -0.001184492673  4.455786890023  0.211608745280  3.133693466810  0.753331830220
  38  C  4.392869364101  4.481353404754  0.065027208098  0.334372903423  0.098616669883  -1.960711749377
  39  C  4.374111920624  4.432739957016  4.497656157593  0.085665576092  -0.157138785479  0.183026621276
  40  C  -0.000341258059  2.287143777002  2.277097070928  -0.427751806567  -1.236800716001  -0.556018540499
  41  C  -0.035928957486  2.229588053284  6.727123348220  -0.151295952770  -1.050739411184  -0.622311187856
  42  C  -0.031098975134  6.698475759760  2.331061852619  -0.624658293620  -1.225391810872  -0.834973387191
  43  C  -0.058815748728  6.679670684342  6.756685203206  -0.652077993761  -1.679270774156  -0.549257696274
  44  C  4.406257202735  2.238729609451  2.252525529735  0.194327303756  -0.246504261218  0.405774682695
  45  C  4.383671033109  2.199781633994  6.705590947417  -0.130327809310  -0.251808789350  0.074093059561
  46  C  4.366512973754  6.673279972565  2.296530110866  -0.097820380818  -0.519538089132  0.161339290039
  47  C  4.337111832425  6.632615689003  6.731664772232  0.155225644051  -0.492265551607  0.459401826013
  48  C  2.204477174228  0.003789817297  2.234504058107  0.601267438934  3.412195174110  0.407704170133
  49  C  2.182178186038  -0.022182480885  6.670339356105  0.252756313987  2.891830732540  0.584271707579
  50  C  2.176662021332  4.427585513486  2.282117393832  0.089184184683  -0.106735824854  -0.033306806406
  51  C  2.149747674508  4.395073734361  6.699042783469  -0.278825106014  -0.322021129473  0.445109969549
  52  C  6.636219764146  0.041862217061  2.265598193431  0.758644140962  3.130436593230  0.217530368069
  53  C  6.617534494084  0.010894774029  6.674211518760  0.211085201834  2.697442342932  0.980792588902
  54  C  6.623469813808  4.471272529947  2.292529699738  -0.366896156360  -0.319050756337  0.204442662926
  55  C  6.575345633904  4.433984022480  6.729935959183  0.301430614165  -0.365864096919  0.225556916293
  56  C  2.191254615731  2.230371762078  0.033952938552  0.503734549309  0.616300483248  -1.706459880882
  57  C  2.185659185602  2.196659083912  4.459920294524  -0.116101929239  0.075276709771  0.597895397305
  58  C  2.159294567623  6.670399623732  0.065221917613  0.242897986336  0.223950603732  -1.795277857355
  59  C  2.139417343279  6.620967482111  4.513732456796  -0.036591009883  -0.029690217908  0.116476228465
  60  C  6.626401499422  2.283842824339  0.053417062677  0.532252691327  0.207477232953  -1.878117299978
  61  C  6.616924833063  2.233399340599  4.498394451503  -0.001833881566  -0.156923475121  0.061551008295
  62  C  6.591582059704  6.714338801971  0.100654635030  0.312904703592  0.023395325927  -1.962400486924
  63  C  6.574367094249  6.668821662738  4.530853440284  -0.016279395808  -0.478738868496  0.101738488620


MDSTEP:  3
LATTICE_CONSTANT: 1.889726125458
LATTICE_VECTORS
  8.841530693645  0.000000000000  0.000000000000
  -0.149882536391  8.623655039395  0.000000000000
  -0.088491327815  -0.166156925993  9.055167244175
VIRIAL (KBAR)
  -7.714319392382  46.635101739396  6.336038540159
  46.635101739396  22.214047687011  37.925807227013
  6.336038540159  37.925807227013  -83.632548974671
INDEX    LABEL    POSITIONS    FORCE (eV/Angstrom)
  0  Si  3.301115147129  1.114307083668  3.367655481970  0.104508673918  0.755045679192  -0.498776313087
  1  Si  3.260197434562  1.067307669181  7.800024434597  0.251556613796  0.554295158398  2.274351962774
  2  Si  3.254051384055  5.543102621321  3.398189327624  0.202528484270  0.237846307877  -0.293052796906
  3  Si  3.221876252308  5.498758825622  7.825547444635  0.078554339393  -0.027424844622  2.330174324671
  4  Si  7.745870818610  1.157090141029  3.371777366928  -0.314878068683  0.769441127641  -0.012499487451
  5  Si  7.713633164458  1.097550393682  7.801320922462  -0.435043449853  0.422781523243  2.643294999093
  6  Si  7.700590013362  5.575010194279  3.413118707821  -0.157805757090  0.307864655315  -0.151319574804
  7  Si  7.671483477274  5.544943932622  7.852207586639  -0.395149783486  -0.295454032391  2.244267163251
  8  Si  3.304573503095  3.341142027906  1.153448317778  -0.290382310959  0.279865832404  -0.802732082540
  9  Si  3.259720670550  3.327326325288  5.587294104837  0.372522810853  -0.292592652889  -0.160958766455
  10  Si  3.254199343159  7.776847737338  1.192228483190  -0.317334341379  -3.528105282628  -1.116448647988
  11  Si  3.235200626701  7.729847142429  5.645288143474  -0.452968576473  -3.390803528477  -0.831287532858
  12  Si  7.720366688582  3.389300884622  1.167027328078  0.032842068966  0.010746769017  -0.679376816266
  13  Si  7.708996025525  3.331384419931  5.618523468813  -0.352505135894  0.446274817768  -0.294652398115
  14  Si  7.701198553201  7.812623517648  1.219817017594  -0.910484857055  -3.736500894853  -0.970239132176
  15  Si  7.675444818548  7.763453586711  5.660316961402  -0.542253943167  -3.454628383553  -0.962591407543
  16  Si  1.091390503564  1.110717723780  1.122189601859  0.601566154240  1.797190041889  0.139985044876
  17  Si  1.063641198563  1.083148435962  5.559126386690  0.912890978129  1.708258377336  0.681813716209
  18  Si  1.068865444444  5.528369244575  1.169765437284  0.449433655566  1.388877944066  -0.087418073844
  19  Si  1.040363360438  5.496095772591  5.591995336094  0.413890897840  1.374816565048  0.696028504487
  20  Si  5.546506894196  1.152444818790  1.153328437317  -0.344577739246  0.737254081073  -0.831628921073
  21  Si  5.503718312115  1.108161914135  5.578235609110  -0.028574745780  0.959800733895  0.024271312618
  22  Si  5.489291294570  5.565333175932  1.190899648260  -0.028268697653  0.570979246013  -0.852435287573
  23  Si  5.474323277190  5.538784036074  5.626673737324  -0.251583714631  0.357129474804  -0.441656062279
  24  Si  1.073023295938  3.306308141348  3.369082364671  0.421055503579  1.120306400493  0.406279032309
  25  Si  1.046337759745  3.254650857316  7.809802917582  0.390458828495  0.747446971449  2.820578483443
  26  Si  1.027989961384  7.741487481503  3.397075171244  -0.007852231022  -2.795410116375  0.832370567430
  27  Si  0.998952472354  7.699041985779  7.846249036145  -0.317153383545  -2.898450510539  2.974960105194
  28  Si  5.494432687931  3.338553703474  3.381261983882  0.155257816250  0.282839091653  -0.110677816482
  29  Si  5.483613977568  3.300990433143  7.812200807020  -0.484816549604  -0.179077029975  2.522106324326
  30  Si  5.448157228867  7.767608148627  3.418733203963  -0.047816942872  -3.655338861536  -0.363199077358
  31  Si  5.435474802460  7.736720642327  7.867834561993  -0.953756822979  -3.643590706596  2.168124968965
  32  C  0.030889267477  0.071714192745  0.036724673466  0.594126229027  2.451335512600  -2.528979412691
  33  C  0.008586234803  0.056050579696  4.478264921600  0.007971068686  1.723854112148  -0.306120971934
  34  C  -0.018089240450  4.513687182796  0.089585671856  -0.197051436199  -0.581419070509  -2.638515649500
  35  C  -0.029100760523  4.473239306447  4.523230263670  -0.570044488636  -1.466270291816  -0.620916207290
  36  C  4.440723861151  0.044450604656  0.020045763538  1.051199394345  3.254175321717  -1.717331287063
  37  C  4.414564358254  0.005078565327  4.457463041939  0.087804751437  2.984898955583  0.743558834746
  38  C  4.391240473083  4.483217854023  0.063737328936  0.322623794844  0.047406557609  -1.947050509438
  39  C  4.377879590583  4.429958739469  4.495212157660  0.030702299869  -0.073172437099  0.198776153972
  40  C  -0.005220904765  2.286303112448  2.280793693018  -0.314830354757  -1.160162516157  -0.634459132779
  41  C  -0.034866320259  2.229073830318  6.730038830061  -0.177668620706  -1.021697958367  -0.650006811087
  42  C  -0.026722566255  6.700007750427  2.328732574700  -0.724177251636  -1.315522764328  -0.822444707606
  43  C  -0.060828226093  6.673474040442  6.751183175567  -0.516966701444  -1.558876803525  -0.407837489790
  44  C  4.401152817532  2.238396116680  2.250650095279  0.305902293539  -0.247218474227  0.449276445349
  45  C  4.385779938143  2.202982152438  6.705729222213  -0.198021991582  -0.285328896100  0.053708292084
  46  C  4.366088645481  6.668379973915  2.293375214557  -0.070082588513  -0.445202180001  0.238380421270
  47  C  4.337062726477  6.636720315263  6.727180606504  0.146260974061  -0.593846225387  0.511072510431
  48  C  2.200542927686  0.003818986280  2.237078037202  0.742569765702  3.361035403486  0.302456852264
  49  C  2.183563597151  -0.024186914492  6.675714630560  0.240318501751  2.937012898942  0.444417332661
  50  C  2.180639451339  4.423950722868  2.281834985337  -0.024876196454  -0.066507393073  -0.000250149073
  51  C  2.152258311662  4.397764622007  6.694160090301  -0.307997745364  -0.361961941980  0.559955371791
  52  C  6.637664752856  0.046890246817  2.268363484999  0.767469785189  2.975425590298  0.153103159896
  53  C  6.622195531179  0.008771873847  6.678056715374  0.130528346332  2.704640792358  0.847316127695
  54  C  6.627920193490  4.466780412986  2.290301330487  -0.465477054518  -0.199877564529  0.222689254072
  55  C  6.572817045005  4.436982342498  6.725812905315  0.334233839719  -0.422277637399  0.288356353496
  56  C  2.194281738527  2.228498869554  0.029109675617  0.421946519185  0.641207605031  -1.597607658338
  57  C  2.190218331984  2.199492227304  4.456113759846  -0.202302498605  0.022025789281  0.723242966842
  58  C  2.164603338838  6.674249393002  0.062095500760  0.068416391239  0.096794994277  -1.730089955398
  59  C  2.141433622083  6.620481425776  4.513128747692  -0.077116718195  -0.029035966422  0.118972721995
  60  C  6.628466215090  2.282138629899  0.052976477083  0.514040300348  0.252716375542  -1.867761186386
  61  C  6.612990415992  2.228822595638  4.497147141215  0.079366929827  -0.047999408478  0.064097772111
  62  C  6.587974665326  6.716056916867  0.094980352337  0.356859269782  0.016458383321  -1.855266317977
  63  C  6.578400255832  6.669313436161  4.527861964300  -0.109586582197  -0.524294716937  0.107600560824


MDSTEP:  4
LATTICE_CONSTANT: 1.889726125458
LATTICE_VECTORS
  8.841530693645  0.000000000000  0.000000000000
  -0.149882536391  8.623655039395  0.000000000000
  -0.088491327815  -0.166156925993  9.055167244175
VIRIAL (KBAR)
  -9.177485759473  45.820507816490  6.782414641019
  45.820507816490  22.412405948445  38.149914672749
  6.782414641019  38.149914672749  -84.992428442410
INDEX    LABEL    POSITIONS    FORCE (eV/Angstrom)
  0  Si  3.302548453779  1.114806273410  3.365926244102  0.090506110801  0.805089999820  -0.498668006211
  1  Si  3.263963391835  1.069724681925  7.797668422264  0.151876271188  0.610163719253  2.302864792845
  2  Si  3.250287734849  5.543308327884  3.397252659263  0.224520694540  0.213613698475  -0.353101272506
  3  Si  3.219508717164  5.498356312837  7.823526705859  0.150767052153  -0.059390455828  2.409207643291
  4  Si  7.744170749210  1.156804556891  3.367667298212  -0.279201582798  0.855075913676  0.055729572673
  5  Si  7.714727202606  1.094592612526  7.801913128464  -0.400895657455  0.502475812689  2.631861851048
  6  Si  7.697083788815  5.577442540627  3.415440471746  -0.075065556737  0.196314925950  -0.250639540691
  7  Si  7.672880872233  5.548248043546  7.856026992912  -0.483078214796  -0.401750135424  2.150023074740
  8  Si  3.300843155011  3.337478981171  1.153397311907  -0.196651202698  0.375127186628  -0.788947827851
  9  Si  3.257168276289  3.330777856760  5.583997163886  0.383357538687  -0.353340865551  -0.176289035066
  10  Si  3.253160491484  7.776434226413  1.192993976022  -0.297126810967  -3.504219810863  -1.211542179532
  11  Si  3.236708187487  7.729009442977  5.644227294925  -0.591666520073  -3.300059980849  -0.651047008152
  12  Si  7.723054682411  3.389949445017  1.170293557011  -0.029936392207  -0.094689493784  -0.732747841148
  13  Si  7.706564749642  3.333938976385  5.617377883852  -0.301550642795  0.367299189928  -0.292227727273
  14  Si  7.699905214976  7.807998305181  1.222040306984  -0.830614068374  -3.475628593870  -1.077862331570
  15  Si  7.674323104351  7.764319600766  5.663590745411  -0.416553017694  -3.429300096314  -1.135109085795
  16  Si  1.094496748722  1.114086868742  1.124017859421  0.539607816105  1.748419819559  0.064856377491
  17  Si  1.065077254009  1.083869282421  5.560395507499  0.819923942870  1.751904736439  0.591001978160
  18  Si  1.069039780960  5.529500674581  1.171161990598  0.329275468173  1.300142088892  -0.183389382769
  19  Si  1.036599363019  5.498692892254  5.593062197356  0.446301168120  1.197016399416  0.660669114107
  20  Si  5.543391576799  1.149742179415  1.150518142190  -0.259183418718  0.853072645526  -0.760004031768
  21  Si  5.506011496255  1.111349800811  5.580197451854  -0.079674351941  0.966902584349  -0.029441276631
  22  Si  5.486658428003  5.566913301215  1.189054275359  0.013849636113  0.414953545180  -0.820278806450
  23  Si  5.470962424483  5.542131414006  5.623219832603  -0.137969307911  0.238557757904  -0.390898245283
  24  Si  1.073000062517  3.304786269125  3.366729111793  0.432014661483  1.210034606509  0.460999045156
  25  Si  1.044709733452  3.256216359774  7.814482826726  0.394822844843  0.701140266998  2.720926907019
  26  Si  1.025678682210  7.740584529990  3.399672868376  0.029099139773  -2.699692818539  0.655412684049
  27  Si  1.002465993558  7.695075175407  7.845565899159  -0.413415231802  -2.841835253762  2.989814920900
  28  Si  5.494992496421  3.339850645116  3.384323963070  0.153258895614  0.234572650553  -0.217859310250
  29  Si  5.481229581954  3.302373390115  7.814141183331  -0.483791408160  -0.206589101739  2.476851518796
  30  Si  5.450901599706  7.768950800550  3.420877314349  -0.215637759765  -3.617052925354  -0.349703909716
  31  Si  5.431232454985  7.736219437353  7.869555557737  -0.813736513309  -3.534899336369  2.100473768052
  32  C  0.034714911589  0.077167180152  0.031954762871  0.448502792472  2.259768134393  -2.325665966586
  33  C  0.003219688549  0.062259425567  4.473864348515  0.097563684074  1.583351538776  -0.162105640788
  34  C  -0.022322671679  4.511440161035  0.086743081412  -0.083008761321  -0.465387733162  -2.546527453028
  35  C  -0.031098404194  4.473934177623  4.517662338817  -0.515324757720  -1.439074680634  -0.498433456912
  36  C  4.439355772743  0.051754600537  0.020032162583  0.982377507422  3.089564528113  -1.732225011248
  37  C  4.409610039317  0.011358227560  4.461230431605  0.282839172049  2.812565911265  0.618401673204
  38  C  4.390214633706  4.481564967876  0.060830651405  0.314992122613  0.069004590020  -1.886248542098
  39  C  4.375012286703  4.431164906628  4.489890746748  0.047120228440  -0.031957464989  0.266105884956
  40  C  -0.000376308513  2.284510439735  2.285123613698  -0.422264272898  -1.163464061493  -0.779172079948
  41  C  -0.032789396335  2.227753580990  6.729156640507  -0.208684908495  -0.946307170741  -0.637230244784
  42  C  -0.029939300556  6.695452544173  2.324848372591  -0.631462597682  -1.198389529117  -0.704361495829
  43  C  -0.060269565978  6.669697700036  6.746108788218  -0.498152539699  -1.460613843851  -0.279345313414
  44  C  4.404565133945  2.237945606146  2.250831573761  0.231363992872  -0.222175371134  0.442603777945
  45  C  4.381717093703  2.207308608206  6.701118371388  -0.102093645676  -0.315199950857  0.110404239197
  46  C  4.363406740838  6.664018174236  2.287255301631  -0.016880462664  -0.307252590081  0.408198154834
  47  C  4.342267859569  6.633561558998  6.731508923423  -0.003753456472  -0.487548974478  0.412037304218
  48  C  2.203049859982  0.008899513578  2.233200500022  0.611619576014  3.179412504159  0.493202894124
  49  C  2.177977166401  -0.015991671455  6.679563381816  0.484357510731  2.705484469284  0.284151869794
  50  C  2.175706201875  4.428483414268  2.278118522908  0.043110533346  -0.164962858823  0.062815858695
  51  C  2.158284518363  4.397932315609  6.696741436701  -0.502776135804  -0.332478825551  0.479299133534
  52  C  6.637847552863  0.053451194507  2.273466870318  0.773549381283  2.813415691061  -0.018814966084
  53  C  6.624990448631  0.009741937976  6.674846380517  -0.046819850070  2.649827234090  1.021495374891
  54  C  6.631836870331  4.462236535506  2.292684613552  -0.574783957405  -0.060023632398  0.192358596607
  55  C  6.570849403497  4.434703340895  6.726457298406  0.329246338898  -0.304093063215  0.270075946162
  56  C  2.194077865579  2.230795870124  0.030582197829  0.425697278308  0.629033938574  -1.623499168864
  57  C  2.189548892923  2.200032171707  4.450421619874  -0.179544949427  0.040462255014  0.810128569628
  58  C  2.161721835449  6.670412517166  0.063160466499  0.133444320142  0.174956951590  -1.775775210977
  59  C  2.140662011281  6.617111292033  4.515167694609  -0.079273443176  0.064709960572  0.103306093043
  60  C  6.625313929200  2.280428867071  0.051658279849  0.574219041115  0.271159950379  -1.821044344670
  61  C  6.612119995709  2.226797585755  4.491491977429  0.095783143063  0.014400148303  0.181492598418
  62  C  6.583111383389  6.719997275676  0.098301418968  0.408768777475  -0.002947682972  -1.906394243010
  63  C  6.584489974329  6.669162163671  4.525209919184  -0.273165244072  -0.478669051595  0.189828739326


MDSTEP:  5
LATTICE_CONSTANT: 1.889726125458
LATTICE_VECTORS
  8.841530693645  0.000000000000  0.000000000000
  -0.149882536391  8.623655039395  0.000000000000
  -0.088491327815  -0.166156925993  9.055167244175
VIRIAL (KBAR)
  -9.863750765975  46.129839339213  7.067353918812
  46.129839339213  22.724512678900  37.721696051309
  7.067353918812  37.721696051309  -85.559050847191
INDEX    LABEL    POSITIONS    FORCE (eV/Angstrom)
  0  Si  3.299553080015  1.113751088472  3.365177671448  0.143031712997  0.774996458903  -0.414211536829
  1  Si  3.267362985666  1.071666730863  7.801167389832  0.090647529726  0.560218800596  2.182455769373
  2  Si  3.249289055675  5.539978685702  3.396436430231  0.161098150760  0.286392405084  -0.269373177353
  3  Si  3.215807894080  5.499285919650  7.828779582838  0.196900205044  -0.152354223322  2.282214786160
  4  Si  7.740377498342  1.160590546541  3.364463060065  -0.193882258464  0.752592002815  0.166347662853
  5  Si  7.717452633748  1.092997660644  7.801830288399  -0.448459011361  0.539134618413  2.664608530082
  6  Si  7.696638754239  5.577815994685  3.417672569835  -0.123008597956  0.156256663069  -0.306434310361
  7  Si  7.677162328239  5.552450629470  7.852872389074  -0.578656516826  -0.485436165040  2.256311643261
  8  Si  3.296238770523  3.333379150969  1.156890937762  -0.150845429014  0.432776202620  -0.879017433930
  9  Si  3.261080141137  3.326301389339  5.583171560823  0.277465235791  -0.205245455091  -0.197570929030
  10  Si  3.250066620297  7.772579686463  1.195211813380  -0.224887517752  -3.399048727701  -1.236916724925
  11  Si  3.237666741573  7.723841588516  5.643639247514  -0.649022778886  -3.107547760426  -0.636318879353
  12  Si  7.722183171803  3.389537844389  1.171005283127  0.043997353832  -0.024206978428  -0.817035668328
  13  Si  7.709635874855  3.334664342223  5.614460089480  -0.452034237831  0.357077132421  -0.150062506931
  14  Si  7.702488911961  7.808436981969  1.217613970435  -0.998738321028  -3.368549583323  -0.899519811822
  15  Si  7.678556537199  7.762906481117  5.662108036032  -0.465301606024  -3.403129164963  -1.142633353197
  16  Si  1.093340788793  1.118764164815  1.127984275713  0.518110518193  1.709498003951  -0.079881310496
  17  Si  1.061604930321  1.088264321719  5.564152415544  0.863489822355  1.695741507107  0.532182952734
  18  Si  1.066236528153  5.533934556766  1.175155024701  0.236049733887  1.153499643937  -0.252020253376
  19  Si  1.032870110580  5.502140639090  5.597720997524  0.532169076892  1.129369677470  0.560173643896
  20  Si  5.543385787827  1.145349101018  1.147307328954  -0.252455349342  1.028513153572  -0.657555629115
  21  Si  5.503970566279  1.112888518095  5.577934363788  0.018311139636  0.922110895281  0.045633176343
  22  Si  5.489016116155  5.562670301658  1.190871297125  -0.076788814753  0.448808140620  -0.917182732618
  23  Si  5.469500545076  5.545733406481  5.621052677879  -0.094308746650  0.175430591956  -0.366294134770
  24  Si  1.073647469419  3.306860191778  3.371218213756  0.307216647548  1.121636325352  0.431310473911
  25  Si  1.046019193524  3.257761121457  7.814782457536  0.363058418815  0.697396893014  2.671099894289
  26  Si  1.021038882939  7.744350474255  3.398608658436  0.129132183059  -2.768375357390  0.649982483965
  27  Si  1.006349174954  7.690307410496  7.844365973725  -0.405111758253  -2.577710273757  3.038355638851
  28  Si  5.497893357881  3.337954267445  3.381278401634  0.057852074061  0.345318160111  -0.157176509583
  29  Si  5.483236753334  3.301173744756  7.810327027344  -0.505560353884  -0.139074298534  2.535385367073
  30  Si  5.452701853424  7.771393622662  3.416136824014  -0.364865903552  -3.684227709359  -0.155233980522
  31  Si  5.434608387792  7.731946054821  7.871594229999  -0.864864495518  -3.480993781178  2.007557827247
  32  C  0.029985673417  0.085136991571  0.032628544174  0.600322629556  2.173163117606  -2.378648509571
  33  C  0.008652109712  0.060288756801  4.474424598072  -0.082307647519  1.730289409335  -0.164012873911
  34  C  -0.027378009335  4.515820919510  0.080689388665  0.046396250026  -0.461226974445  -2.395641939519
  35  C  -0.037112900011  4.472093533280  4.522481891633  -0.376781235054  -1.321134752444  -0.552287454436
  36  C  4.440807348440  0.053675819118  0.023803329285  0.932630032732  2.965933892746  -1.790988123487
  37  C  4.415762203046  0.011977875474  4.468326364791  0.170321455489  2.765818305673  0.428644050509
  38  C  4.385752954878  4.477101838837  0.055657353252  0.359966379638  0.145027535703  -1.741622401347
  39  C  4.373026948275  4.437178243263  4.491954720649  0.136166435453  -0.198873377523  0.176279551515
  40  C  -0.002638091531  2.285246783415  2.284749313977  -0.352880431060  -1.092491075669  -0.719266464501
  41  C  -0.034710609235  2.227019959693  6.731452923937  -0.178800753110  -0.894101880062  -0.671166911822
  42  C  -0.037420331864  6.696661068712  2.326011082749  -0.494903142581  -1.185507434335  -0.694466609968
  43  C  -0.057867333161  6.668815456144  6.751604499498  -0.540236168773  -1.435774722081  -0.405029732550
  44  C  4.401009693757  2.240303722154  2.254427670716  0.283444686579  -0.320352102839  0.363317895091
  45  C  4.381119905324  2.211225634477  6.696528815735  -0.029018645944  -0.413715490245  0.196918351404
  46  C  4.360863783692  6.661369840038  2.289578483854  0.016002815974  -0.297808995628  0.347504441059
  47  C  4.337663954054  6.629459179081  6.724961313383  0.074516579531  -0.403605205720  0.638879304377
  48  C  2.198305285486  0.010262285798  2.229433699195  0.662577853259  3.144911768892  0.556699634093
  49  C  2.176706469810  -0.009798630349  6.674433487830  0.552646956200  2.559521988088  0.446518118436
  50  C  2.168697088172  4.423213859598  2.281715960250  0.115481889164  -0.037794677236  -0.001865297336
  51  C  2.158322674062  4.398008788592  6.693465823133  -0.501123040404  -0.333163720579  0.538670896526
  52  C  6.634484996223  0.056315184266  2.279196486947  0.965608745160  2.782887279856  -0.308913620823
  53  C  6.629931581510  0.008042749120  6.674468594877  -0.147095343989  2.656750853719  1.035321706940
  54  C  6.634839827941  4.461853376084  2.286943198103  -0.605117327760  -0.059189251227  0.337745720907
  55  C  6.570584956154  4.440843112128  6.732182711834  0.353028063276  -0.356692075331  0.093126297634
  56  C  2.196446823031  2.227921662988  0.025150803229  0.369516551482  0.672660543180  -1.490142231173
  57  C  2.186192759221  2.199318439488  4.450468617411  -0.131879570182  0.052669415201  0.830109997474
  58  C  2.158972694919  6.671805101744  0.067173084356  0.157631539975  0.159191067592  -1.816337933679
  59  C  2.140813167886  6.623989699065  4.517475328572  -0.157066694634  -0.089585047104  -0.011487930186
  60  C  6.627866055092  2.287663541422  0.054517199343  0.475583596429  0.097051798202  -1.885700773662
  61  C  6.610600598173  2.227033873311  4.489068936073  0.138733350759  0.050293615538  0.228719067353
  62  C  6.585416940653  6.723469842254  0.102039284103  0.358869801025  -0.073448251472  -1.969714943538
  63  C  6.584758290553  6.669997154143  4.519569711844  -0.261973716198  -0.472573355168  0.289657750693


MDSTEP:  6
LATTICE_CONSTANT: 1.889726125458
LATTICE_VECTORS
  8.841530693645  0.000000000000  0.000000000000
  -0.149882536391  8.623655039395  0.000000000000
  -0.088491327815  -0.166156925993  9.055167244175
VIRIAL (KBAR)
  -10.627215582095  45.892291068933  7.418000917833
  45.892291068933  22.848022355159  38.467009577299
  7.418000917833  38.467009577299  -86.238365501441
INDEX    LABEL    POSITIONS    FORCE (eV/Angstrom)
  0  Si  3.304333923096  1.112167774803  3.365837963955  0.019529036907  0.763082172420  -0.376527292518
  1  Si  3.262602230327  1.074873109481  7.802103148179  0.168951491307  0.513002902934  2.133141160474
  2  Si  3.253795056954  5.539314093350  3.399325748640  0.060160227025  0.264456642284  -0.270938516158
  3  Si  3.212085485576  5.501388048691  7.826757101009  0.159752679294  -0.192183208233  2.230434422626
  4  Si  7.741330024547  1.155684665661  3.367868942088  -0.136169855210  0.862234672094  0.023122201400
  5  Si  7.717015699433  1.093421401627  7.805798693857  -0.451732808922  0.550629313937  2.583491607215
  6  Si  7.692680093606  5.574377619482  3.420462654145  -0.001831419754  0.238940130234  -0.268585871341
  7  Si  7.681428954107  5.552881063144  7.851458765342  -0.625236518400  -0.494520874554  2.255220051325
  8  Si  3.293542000269  3.330312013113  1.151673511469  -0.054203558900  0.436679451297  -0.729893703655
  9  Si  3.257105335710  3.328615967176  5.584319911895  0.264713005886  -0.271006091721  -0.176361101755
  10  Si  3.246964768674  7.773281619428  1.199400665874  -0.048496396375  -3.460950342131  -1.397129541243
  11  Si  3.240468900603  7.725098896210  5.645801223319  -0.760770996503  -3.164928187073  -0.677777961328
  12  Si  7.720162270220  3.391057954410  1.167095065077  0.069047266997  -0.136580063650  -0.749027185106
  13  Si  7.705179296386  3.337772515739  5.618180605567  -0.371192034026  0.286948212198  -0.235932012272
  14  Si  7.700285111732  7.806037233121  1.221159708126  -0.900472318474  -3.322141747989  -1.053225174407
  15  Si  7.674637604021  7.765459112512  5.660561648071  -0.349617573523  -3.304085039120  -1.051825634627
  16  Si  1.098059818056  1.124403951342  1.128558063976  0.438980474924  1.602984345852  -0.066193645968
  17  Si  1.064090845263  1.093117676558  5.560286553336  0.861932012390  1.601204953413  0.629179466632
  18  Si  1.061070986928  5.530709550760  1.173051062100  0.419300312209  1.179940291125  -0.229131391722
  19  Si  1.028137985501  5.500084342862  5.593034023856  0.677491544597  1.253344304458  0.673053031567
  20  Si  5.544847460608  1.145480691088  1.149318801999  -0.354234557094  0.963025538934  -0.725138073904
  21  Si  5.504891924583  1.110761555574  5.577265185237  -0.095220308580  0.950947788077  -0.007255502023
  22  Si  5.487038257134  5.563591847934  1.186152644652  -0.089839905255  0.405582650366  -0.892240949687
  23  Si  5.469134266863  5.547506878716  5.624755909732  -0.139780334615  0.152610169218  -0.418580205228
  24  Si  1.071944076395  3.312345171413  3.368705840231  0.374742098923  0.877263329470  0.509354239653
  25  Si  1.042942622634  3.254094147294  7.811514197241  0.443438443045  0.815894635048  2.721698729374
  26  Si  1.021975235346  7.738786749906  3.394451414530  0.237136984159  -2.588629396223  0.816027632731
  27  Si  1.002456093167  7.692245581402  7.850547163780  -0.246728371709  -2.552500730169  2.741202017882
  28  Si  5.495357761263  3.340897128724  3.377493360284  0.118869938664  0.275874821174  0.009275381406
  29  Si  5.483737343596  3.304282371432  7.810269847584  -0.632744520734  -0.297402925971  2.421214153875
  30  Si  5.453618486501  7.769585597285  3.420180663935  -0.329691768403  -3.610389003695  -0.274054262098
  31  Si  5.432343494791  7.725875790054  7.868690212517  -0.935839477288  -3.300226010926  2.028313394224
  32  C  0.034435275060  0.084468608397  0.034419470593  0.486115871810  2.177441461429  -2.282651220276
  33  C  0.013843288032  0.066777661645  4.472590688539  -0.186545431682  1.478447174333  -0.128916178597
  34  C  -0.024251850603  4.509759644061  0.076837272868  -0.048758603467  -0.411831221005  -2.383249347657
  35  C  -0.030371438977  4.468469848958  4.522160468633  -0.627135773107  -1.310576674329  -0.616810097645
  36  C  4.434176222677  0.062883546023  0.023457044499  1.008346010924  2.760378582039  -1.759219052318
  37  C  4.409843838295  0.007260994568  4.466057419248  0.376910867785  2.828196445420  0.431810681537
  38  C  4.379819100651  4.474395579636  0.047940061242  0.441574377285  0.207997607076  -1.630766911021
  39  C  4.369231620048  4.443250385855  4.498628282695  0.258488258784  -0.349054622214  0.082274485884
  40  C  -0.000222031085  2.284170814233  2.281850595400  -0.424210038372  -1.041935538852  -0.674046187140
  41  C  -0.033913156529  2.231117957230  6.729162829292  -0.282543204929  -1.012355247981  -0.626391584647
  42  C  -0.034348495293  6.696468736597  2.329311769599  -0.676976435916  -1.299919417972  -0.796033577017
  43  C  -0.059153800089  6.665655779660  6.752213044246  -0.531426328942  -1.292581227252  -0.443952923832
  44  C  4.406706338421  2.233105361706  2.257986265839  0.153517697428  -0.136966720636  0.257172813885
  45  C  4.376614267474  2.202972807242  6.689367734383  0.067632761608  -0.178696036096  0.339170281385
  46  C  4.364540144966  6.653853406462  2.297387139197  -0.027759534445  -0.169493572960  0.154745358924
  47  C  4.334456149590  6.623826172858  6.718041749673  0.126240501455  -0.308018564072  0.800967825180
  48  C  2.200980195982  0.009280411048  2.227648958521  0.553984080788  3.205226007496  0.652764834692
  49  C  2.180998437588  -0.007131865299  6.670768537106  0.313182265881  2.479361739638  0.638359913155
  50  C  2.171146233937  4.418470113437  2.285516056252  0.115929225712  0.087276356546  -0.118526103409
  51  C  2.149931970548  4.401992454431  6.694492772557  -0.414552249704  -0.420267417201  0.517854962371
  52  C  6.633545187333  0.058247793325  2.272278960760  0.905538989556  2.635110083396  -0.049794926385
  53  C  6.623932886745  0.017045140101  6.674648194270  -0.010338983329  2.434919116436  1.047917555037
  54  C  6.637430708327  4.466119384315  2.287645009781  -0.686299692834  -0.121703260641  0.250536217218
  55  C  6.569188661512  4.448411406658  6.732791131865  0.381043463091  -0.480368800643  0.107148573102
  56  C  2.195768105859  2.231956750699  0.025233770014  0.334403897862  0.618678472255  -1.554822156593
  57  C  2.184617169841  2.191564220104  4.455130272219  -0.087306223581  0.290373719553  0.639065593882
  58  C  2.158220491243  6.674302708267  0.058177022946  0.129333232083  0.103213231745  -1.605127413405
  59  C  2.145599822658  6.622111884828  4.518563398106  -0.269580576653  -0.069487631372  -0.035984544069
  60  C  6.621113681026  2.280268432781  0.057409913910  0.623046488083  0.303919123642  -1.925051112996
  61  C  6.615402823690  2.219636655270  4.489887878951  0.015189985849  0.236821390705  0.195706181167
  62  C  6.582966635053  6.722281331397  0.092765704413  0.409150599623  -0.055930713201  -1.827196003445
  63  C  6.583163482647  6.670631090625  4.527002905788  -0.216438291208  -0.487276548359  0.168134597693


MDSTEP:  7
LATTICE_CONSTANT: 1.889726125458
LATTICE_VECTORS
  8.841530693645  0.000000000000  0.000000000000
  -0.149882536391  8.623655039395  0.000000000000
  -0.088491327815  -0.166156925993  9.055167244175
VIRIAL (KBAR)
  -10.980129347090  45.511158877932  8.298730085980
  45.511158877932  23.612051471637  39.791335402363
  8.298730085980  39.791335402363  -86.928477402418
INDEX    LABEL    POSITIONS    FORCE (eV/Angstrom)
  0  Si  3.308606583796  1.109627552111  3.368195626305  -0.061085151591  0.901156474444  -0.360815472271
  1  Si  3.261516008349  1.076766979451  7.805202747601  0.184467217371  0.536720144808  2.083640773405
  2  Si  3.258768620777  5.534710524165  3.398372538313  -0.054444559936  0.368073031920  -0.249289541572
  3  Si  3.212288339067  5.501297405028  7.826825022075  0.100860935161  -0.252935396897  2.166296687740
  4  Si  7.738560640414  1.161047036256  3.363150065075  -0.142214029992  0.853007179910  0.160661640405
  5  Si  7.714484626646  1.096460242197  7.806389679064  -0.386763038496  0.493492111030  2.620840720502
  6  Si  7.696802380627  5.577942940223  3.420466076955  -0.065983660975  0.077196706331  -0.232363161389
  7  Si  7.682760546963  5.553819713727  7.852746755817  -0.671444396819  -0.470675199756  2.251827872860
  8  Si  3.289805415233  3.335336237020  1.156848132971  -0.052367592154  0.356348266578  -0.748761165086
  9  Si  3.253715087605  3.326693731716  5.584689922082  0.358446134379  -0.290324780754  -0.249364217048
  10  Si  3.242880452635  7.768812485224  1.202265860581  0.061986613599  -3.431301918163  -1.535456130773
  11  Si  3.244343855510  7.725304148478  5.644914224848  -0.881593167370  -3.130641904956  -0.775195150621
  12  Si  7.720972117865  3.391539529667  1.167206120255  0.074121213854  -0.194494893335  -0.774513680828
  13  Si  7.710694724548  3.332830610206  5.612726359875  -0.456939972161  0.307095153705  -0.018259497511
  14  Si  7.699203414846  7.802849784914  1.226207789500  -0.774210910281  -3.181799362900  -1.310381750513
  15  Si  7.674735284861  7.765618940089  5.662742929957  -0.253052590294  -3.273222995584  -1.178762415366
  16  Si  1.103848806994  1.124655551724  1.128844236877  0.417875590138  1.568470112318  -0.128390809759
  17  Si  1.064403879126  1.089198103116  5.556203207973  0.949686059329  1.765667556463  0.758293840467
  18  Si  1.056028218006  5.528644243110  1.167830096599  0.605220957130  1.302487961130  -0.095438268973
  19  Si  1.022892338288  5.500280017092  5.592010822955  0.852166195117  1.255868849599  0.713343214717
  20  Si  5.545394918941  1.147225925531  1.150252075860  -0.472017592753  0.954655673006  -0.723484316008
  21  Si  5.503156587623  1.110922002775  5.574020686716  -0.086686020957  1.012543796653  0.069027276315
  22  Si  5.490367572557  5.558634109407  1.188849562430  -0.166789322445  0.431250867082  -0.930845232679
  23  Si  5.467097853136  5.542388228685  5.628292020223  -0.074277011939  0.110849705898  -0.471115206495
  24  Si  1.070428187216  3.312420085577  3.364797650899  0.495449057780  0.839245048311  0.689443125515
  25  Si  1.041143294233  3.260082723078  7.815377943439  0.470350019374  0.703416282548  2.601471107654
  26  Si  1.016930712677  7.743526935492  3.391644418455  0.334495234956  -2.749080541422  0.789643051207
  27  Si  1.003271207096  7.691298144698  7.849648846742  -0.038408700831  -2.345276259055  2.691933098301
  28  Si  5.497715930911  3.341451507976  3.378902778080  0.023376549820  0.235494553473  0.010373644725
  29  Si  5.486412003780  3.304878358766  7.806556017900  -0.825730322283  -0.447476435127  2.474604116411
  30  Si  5.449425879533  7.763995618286  3.422672225479  -0.114206902582  -3.362862507206  -0.459711840075
  31  Si  5.434841994165  7.724406696085  7.866089544191  -0.963436322115  -3.202088261714  2.035554718559
  32  C  0.042922505881  0.082101185731  0.028491353543  0.271868377912  2.135375206559  -2.007237369094
  33  C  0.017640826334  0.069550228633  4.469227402515  -0.437760456307  1.414316306244  -0.107347709760
  34  C  -0.023458550875  4.517240893716  0.080058794139  -0.191429714913  -0.593617477686  -2.502200202043
  35  C  -0.027544477822  4.463502719537  4.526787716366  -0.750138681881  -1.247597238460  -0.751192508153
  36  C  4.434053365926  0.062090311333  0.027032860931  0.979079761278  2.732988901219  -1.803017769967
  37  C  4.413234795797  0.016640307480  4.462543422333  0.333241060174  2.545602760194  0.535140260214
  38  C  4.371706276855  4.476471565742  0.052214009013  0.574162117105  0.214307776587  -1.666597927538
  39  C  4.371864078398  4.440559192201  4.496603883291  0.212133933439  -0.328101613220  0.145149565640
  40  C  0.003653128313  2.283427163526  2.281309454295  -0.493581902487  -1.026884928318  -0.724393989421
  41  C  -0.034712306007  2.225968223790  6.736889262780  -0.247660148607  -0.884325290997  -0.755589710082
  42  C  -0.031764793741  6.690442700869  2.324043320745  -0.724866679680  -1.155010243366  -0.709822330721
  43  C  -0.051805593324  6.672325060591  6.757554374051  -0.763028876827  -1.489037494530  -0.629896878902
  44  C  4.402603008853  2.232793393955  2.262960861620  0.238714358976  -0.093232121602  0.176132233284
  45  C  4.368835918747  2.197216031762  6.681751835619  0.244875767972  -0.063218053562  0.517038415756
  46  C  4.370549932953  6.655913185056  2.295354453562  -0.139479462799  -0.300812633478  0.202651861315
  47  C  4.336836626806  6.620120825312  6.714893550925  0.097917349950  -0.240684907538  0.848703179881
  48  C  2.208585439370  0.008671765259  2.235032637522  0.426079658545  3.234179668363  0.541982387928
  49  C  2.185252167750  0.002843239824  6.666987818807  0.242348451558  2.194079280623  0.748081682336
  50  C  2.164408987950  4.421997538946  2.289962699843  0.205168692773  0.075932483761  -0.243136267403
  51  C  2.151510940261  4.395797955634  6.686372094540  -0.479373926641  -0.223491638217  0.704378563172
  52  C  6.635672184343  0.066377253760  2.267462514746  0.763516804799  2.399295998629  0.219106050158
  53  C  6.629437193224  0.024046860900  6.669679139556  -0.194208823786  2.314587637814  1.179202117974
  54  C  6.639347940825  4.458098669799  2.290575501591  -0.649609006938  0.030493581291  0.237975968033
  55  C  6.567989275386  4.441011925062  6.738735241899  0.514877737111  -0.320270943059  -0.033384991915
  56  C  2.195384927283  2.240214259529  0.023296710513  0.323408684191  0.555260495470  -1.457899648511
  57  C  2.190480264899  2.193095036380  4.460239695195  -0.250940830924  0.240426187210  0.452397678852
  58  C  2.151723962041  6.674101370809  0.049558211392  0.217400635564  0.105855696806  -1.462599213051
  59  C  2.136900121027  6.617031933808  4.510446475918  -0.089736913405  0.061880392488  0.097124129126
  60  C  6.617579545988  2.277400099585  0.059974836581  0.705491946338  0.398574784439  -1.971033434026
  61  C  6.607180219310  2.227368434785  4.497041556945  0.211718004929  0.082752200135  0.006782271440
  62  C  6.575265857622  6.722435481621  0.095564996990  0.563138735443  -0.060805093435  -1.865512901215
  63  C  6.578925749880  6.667209319196  4.527708764246  -0.100177164895  -0.449678698707  0.204209454877


MDSTEP:  8
LATTICE_CONSTANT: 1.889726125458
LATTICE_VECTORS
  8.841530693645  0.000000000000  0.000000000000
  -0.149882536391  8.623655039395  0.000000000000
  -0.088491327815  -0.166156925993  9.055167244175
VIRIAL (KBAR)
  -11.350180724359  45.712800388446  7.702902062948
  45.712800388446  23.611191841372  40.470544076148
  7.702902062948  40.470544076148  -86.874294736361
INDEX    LABEL    POSITIONS    FORCE (eV/Angstrom)
  0  Si  3.307788623350  1.115692852865  3.369049602278  -0.138973395554  0.753011661946  -0.312062114174
  1  Si  3.256551731114  1.075496806765  7.808112655686  0.396366813416  0.609855183606  2.044572905372
  2  Si  3.263995048925  5.539074791163  3.399790372061  -0.164463184993  0.222406142526  -0.223743743432
  3  Si  3.210932997450  5.503472019788  7.823834702859  0.121067574048  -0.247397615004  2.274086872756
  4  Si  7.734204634308  1.165108454798  3.365421711789  0.035185905069  0.717353788395  0.171792337024
  5  Si  7.711038549413  1.100580304674  7.812122472141  -0.229616328081  0.509678322488  2.508295728723
  6  Si  7.693926678868  5.572930171621  3.416877688027  0.171025216386  0.169541891845  -0.045754840205
  7  Si  7.676418624727  5.548975613861  7.849167123956  -0.464522296937  -0.319148062567  2.358986467034
  8  Si  3.294749970342  3.331277638031  1.158528729550  -0.178395491073  0.633991596064  -0.802114556602
  9  Si  3.255652156690  3.325704582409  5.590560900092  0.355118199390  -0.331207735685  -0.322018833836
  10  Si  3.238966294201  7.772098284672  1.207299718464  0.056946666292  -3.500770763896  -1.697511574711
  11  Si  3.247234463636  7.729816586080  5.642603709217  -1.035079547824  -3.183923823916  -0.631894942463
  12  Si  7.720234140377  3.396154807297  1.162982657578  0.011806501814  -0.255046487074  -0.682390609014
  13  Si  7.705126781253  3.330077217932  5.617175213952  -0.384037564161  0.475780153245  -0.149295401901
  14  Si  7.695942927139  7.800741641274  1.227830111089  -0.526299733585  -3.026685071496  -1.461127886487
  15  Si  7.680021289188  7.766317179934  5.662209995944  -0.272207991256  -3.277684339288  -1.092270866307
  16  Si  1.108046719599  1.130315106417  1.129783863515  0.335148034339  1.512267772335  -0.212766808881
  17  Si  1.059124934886  1.094965152780  5.558916049684  0.998735766623  1.639323113688  0.721426182803
  18  Si  1.052428690229  5.533063716865  1.172219617188  0.564310061215  1.213640065795  -0.248590428535
  19  Si  1.027466476975  5.500346403196  5.589637791512  0.818895260245  1.179693908736  0.754060837699
  20  Si  5.549319786641  1.149404374578  1.145699042410  -0.526681878318  0.868344870647  -0.732342960077
  21  Si  5.506624196892  1.110162818500  5.569176881854  -0.140745799493  0.939525063338  0.145026949238
  22  Si  5.485612465423  5.563062779578  1.194495347592  -0.132247118393  0.338453533544  -1.011179427302
  23  Si  5.464568145405  5.547446860768  5.625085852733  0.018052497385  -0.009059027931  -0.335747820255
  24  Si  1.066398336724  3.308583448546  3.367126142555  0.514623978294  0.869661706746  0.600098822902
  25  Si  1.045328318364  3.255421364621  7.814035056065  0.363166897880  0.770452097095  2.576984173379
  26  Si  1.014790093189  7.747884831450  3.388648795903  0.448096210628  -2.881312239050  0.880820180307
  27  Si  1.008137210102  7.696340557901  7.846316212460  -0.060655343257  -2.348440198266  2.828809044083
  28  Si  5.498904494329  3.337422090476  3.384771906628  -0.062826957610  0.338474226509  -0.188614019343
  29  Si  5.485580169327  3.298744690093  7.806755664207  -0.824701592444  -0.310580443054  2.414491301606
  30  Si  5.452371386123  7.767098402424  3.417563277585  -0.157985522875  -3.465915408802  -0.349026481196
  31  Si  5.439342265595  7.724911106120  7.866881795050  -1.050373481253  -3.169123784864  2.061360681142
  32  C  0.052491195415  0.088492156871  0.024160813573  0.007641276759  2.025921377194  -1.820282702807
  33  C  0.026355927534  0.062126962427  4.464694443614  -0.678509982690  1.687758313475  0.083247792630
  34  C  -0.028606506443  4.511187897920  0.076700134537  -0.024238122974  -0.423614115930  -2.389978121072
  35  C  -0.020537097475  4.453671035470  4.526743995777  -0.944539247091  -1.100961014979  -0.711042820724
  36  C  4.429623993883  0.061412975421  0.024846476251  1.055390863219  2.740771987556  -1.713532223803
  37  C  4.412696806287  0.013867681751  4.461772164343  0.449303540121  2.643971566531  0.401550422526
  38  C  4.374257337518  4.483037139404  0.052794561537  0.533522579414  0.083969439415  -1.625877331868
  39  C  4.373687851799  4.436445089920  4.498901398286  0.180182713452  -0.260083471416  0.136471574835
  40  C  -0.005490451991  2.273910071078  2.280013929576  -0.312103129553  -0.761066543746  -0.703529075768
  41  C  -0.041823392663  2.233359070746  6.728616408172  -0.168471684660  -1.037481527048  -0.530638821213
  42  C  -0.029711358235  6.697560655409  2.329888584738  -0.894983932382  -1.338138298290  -0.862304718840
  43  C  -0.043095180314  6.678835701136  6.764310190660  -0.960240172349  -1.680325605026  -0.815443513411
  44  C  4.398265659052  2.226025371740  2.255382284016  0.400082806798  0.033663918003  0.346946135094
  45  C  4.372560639588  2.188676347504  6.675023375318  0.206585976102  0.033261339741  0.643158965540
  46  C  4.365119871443  6.651372510121  2.294906423005  -0.029663246389  -0.108894304594  0.243514798915
  47  C  4.340265005566  6.624228511764  6.719552715791  0.035719768871  -0.258911288288  0.702030634945
  48  C  2.201670548369  0.008254923218  2.236433085099  0.615496177151  3.392765190678  0.486275433649
  49  C  2.189514771911  0.012649986955  6.674109036482  0.196872394193  2.070640848827  0.485509553161
  50  C  2.161416895758  4.430761425646  2.297001221472  0.268000834218  -0.146893762945  -0.354335574852
  51  C  2.156661081095  4.388003428450  6.692867248962  -0.535057627095  -0.067376742672  0.591036158443
  52  C  6.643560609514  0.072731102351  2.272207884125  0.569796709944  2.346478363530  0.092073681588
  53  C  6.633565994986  0.030250277525  6.673496811695  -0.170454943895  2.189028134020  1.037780150026
  54  C  6.640966988825  4.467343890845  2.296349696498  -0.754059608597  -0.214753126098  0.082064020858
  55  C  6.572229443103  4.444097639860  6.745208294670  0.300876817517  -0.405074492317  -0.223294445006
  56  C  2.201733230265  2.248091023411  0.014920665364  0.209657881821  0.440843657382  -1.287779252731
  57  C  2.186350621528  2.194662867715  4.467104981251  -0.153844820481  0.234174541760  0.336115323137
  58  C  2.142542191317  6.677709681594  0.042464539011  0.357499067491  0.108320210772  -1.316820799668
  59  C  2.137842438414  6.615267097912  4.503244223014  -0.049931579043  0.179405317086  0.266207423819
  60  C  6.616275209878  2.282154571908  0.050408362161  0.680008141838  0.351797619209  -1.794589916056
  61  C  6.603307320881  2.227998685088  4.490854626625  0.284618060941  0.052719275638  0.162927008807
  62  C  6.568198835128  6.720819752923  0.101706259397  0.678989634289  0.022050535070  -1.920566535216
  63  C  6.585300985544  6.660160271749  4.530450996335  -0.212879502858  -0.269127440193  0.130747605718


MDSTEP:  9
LATTICE_CONSTANT: 1.889726125458
LATTICE_VECTORS
  8.841530693645  0.000000000000  0.000000000000
  -0.149882536391  8.623655039395  0.000000000000
  -0.088491327815  -0.166156925993  9.055167244175
VIRIAL (KBAR)
  -11.712854871992  45.599212572855  7.981428705305
  45.599212572855  23.970921558155  40.976132673216
  7.981428705305  40.976132673216  -87.132069616110
INDEX    LABEL    POSITIONS    FORCE (eV/Angstrom)
  0  Si  3.307685375475  1.119338431678  3.370610577340  -0.149892969780  0.605898292514  -0.347922238975
  1  Si  3.253967733698  1.075204179006  7.806257142069  0.417860086561  0.626994761469  1.978748497712
  2  Si  3.259192811179  5.536336741641  3.395778872677  0.029367844472  0.314122137794  -0.044134357452
  3  Si  3.207762971729  5.504390845725  7.828195941435  0.134430128666  -0.261497202786  2.150621885349
  4  Si  7.728980929918  1.166393107617  3.364960278333  0.269574137801  0.756394393677  0.184256643339
  5  Si  7.708154514136  1.095944341708  7.817755260972  -0.156218809694  0.547456788801  2.305353144661
  6  Si  7.692661864303  5.573429482116  3.418167639706  0.156250940650  0.074499165856  0.045640797382
  7  Si  7.675927118561  5.553045210719  7.845119833066  -0.410756126951  -0.398889733178  2.342344758760
  8  Si  3.296596671813  3.336989582010  1.158859608846  -0.208548542941  0.523925422906  -0.787648447067
  9  Si  3.256451205317  3.329028582195  5.592951273972  0.390841472232  -0.457637355658  -0.520428057549
  10  Si  3.234903689852  7.767721515953  1.206048059448  0.146493209918  -3.309041262229  -1.678172747306
  11  Si  3.251021249655  7.729384870950  5.647772367882  -1.071622838546  -3.084121872312  -0.811548826253
  12  Si  7.715266290340  3.398539932942  1.158763142202  0.051245298313  -0.237028305294  -0.565547748291
  13  Si  7.702644677077  3.336058168763  5.620699030535  -0.292473579057  0.334762358346  -0.353851706371
  14  Si  7.690435561585  7.793727167495  1.225385089248  -0.112018850537  -2.817862431877  -1.502550422942
  15  Si  7.680637133754  7.762967694668  5.661637002204  -0.174068865177  -3.235423052694  -1.169064003384
  16  Si  1.107085920511  1.133843996139  1.123397715984  0.309528010831  1.444163468122  -0.028762861391
  17  Si  1.053141410331  1.091649401369  5.563586450744  1.230037293687  1.844900212104  0.584810799117
  18  Si  1.047994575518  5.538066081802  1.175494539752  0.714949189276  1.106957913229  -0.289642624944
  19  Si  1.030282637712  5.499457784923  5.590138587627  0.810115440686  1.275534440660  0.635350083943
  20  Si  5.547618310754  1.150882994814  1.149071469911  -0.532120906821  0.896255153388  -0.829680752289
  21  Si  5.510943194575  1.109251907417  5.566956470743  -0.214076728010  0.988149784052  0.037881392279
  22  Si  5.488763757407  5.563529835727  1.187794101262  -0.168109557429  0.383695722742  -0.867207490419
  23  Si  5.470342360305  5.552000730646  5.630990516786  -0.363860750875  -0.159853809278  -0.473587337818
  24  Si  1.069361884162  3.314669013658  3.360821279919  0.418327460994  0.568742426634  0.715271778968
  25  Si  1.039740407944  3.255625837573  7.812742271061  0.410336639163  0.712558901875  2.490832146401
  26  Si  1.015589982773  7.752315182318  3.383226282813  0.278172268266  -3.042550815316  1.325869409818
  27  Si  1.009005637253  7.701183707845  7.844240359074  0.060549546786  -2.343150387174  2.757018179981
  28  Si  5.497638362648  3.332003970788  3.379688478162  0.003545906330  0.493621783077  -0.032628792692
  29  Si  5.480856252977  3.302194790799  7.807828996408  -0.784613754113  -0.441285436775  2.311238829293
  30  Si  5.454674628673  7.761387590821  3.412311143690  -0.264524042991  -3.270416790100  -0.210013679413
  31  Si  5.438406582785  7.730225976826  7.867780430567  -1.055998913207  -3.141710649949  2.001833020087
  32  C  0.058172443999  0.094774254524  0.013500586443  -0.219490929672  1.803160502105  -1.541920033147
  33  C  0.031795654361  0.066931902177  4.472557222488  -0.907284562150  1.467384653399  -0.220228422067
  34  C  -0.023461369281  4.508532474713  0.081399364383  -0.130663725601  -0.365316738199  -2.511505819230
  35  C  -0.016061906246  4.451761622528  4.522674235195  -1.005858018938  -1.016952869686  -0.591877035715
  36  C  4.422349503440  0.073603015967  0.018234071477  1.088574435618  2.554142861203  -1.504017841627
  37  C  4.406206545343  0.017314157679  4.455472777254  0.729849269463  2.478145295792  0.458880605958
  38  C  4.373200008463  4.492549673647  0.046429260683  0.539649998275  -0.050583760934  -1.548980000162
  39  C  4.374698102826  4.428865334343  4.489365038705  0.207322982128  -0.061472038482  0.338897909675
  40  C  -0.014528407706  2.279558466602  2.272916526741  -0.135440366580  -0.789888954593  -0.597252414437
  41  C  -0.048568252166  2.227880807749  6.721424304865  -0.096213929773  -0.888267653965  -0.308060622393
  42  C  -0.026722972884  6.687490366700  2.337110328023  -1.018357051561  -1.092752368575  -0.995495087392
  43  C  -0.039331580180  6.684500925940  6.764993112736  -1.040840344164  -1.832492678670  -0.856464943570
  44  C  4.400892305784  2.228206448606  2.264709447606  0.337733109972  -0.005378133933  0.055186247158
  45  C  4.371625349602  2.186065431356  6.673537869840  0.240757135508  0.096654402865  0.705123518862
  46  C  4.370521842267  6.650550721778  2.293062622394  -0.133289867376  -0.136785289009  0.147140988489
  47  C  4.330457971170  6.626460640066  6.729425414577  0.300745410386  -0.319725612255  0.626533183059
  48  C  2.195732913324  0.001908942320  2.245551930913  0.895302717069  3.629272025169  -0.018552516606
  49  C  2.188207247889  0.016133058927  6.665830822254  0.191357035178  2.020920345826  0.690904094045
  50  C  2.160546137723  4.433701510918  2.304333735548  0.272267331978  -0.118485194750  -0.644483915291
  51  C  2.158638583725  4.394423481566  6.686288724504  -0.595525718641  -0.198243408376  0.786550406506
  52  C  6.649685428763  0.074771939453  2.266258803288  0.385923759098  2.210664304483  0.252867752347
  53  C  6.636984987448  0.026673985649  6.665296850413  -0.304145063426  2.230851848100  1.267725254638
  54  C  6.635229525022  4.474167497188  2.299561651977  -0.687956571463  -0.361101741821  -0.097930580540
  55  C  6.566362260518  4.439641501419  6.735511702011  0.423906037968  -0.250655124633  0.055958983866
  56  C  2.203816227202  2.239714600595  0.013660267647  0.253431352748  0.665226611978  -1.263140204967
  57  C  2.196127812405  2.186310313912  4.459563567496  -0.462840173176  0.472214925557  0.533866320647
  58  C  2.152013284710  6.672849576600  0.034549511437  0.127233090191  0.166700537041  -1.132685611865
  59  C  2.145688840739  6.619024039239  4.508446180780  -0.173016915943  0.106357367901  0.158273446970
  60  C  6.626065366724  2.274938335961  0.046987336129  0.457314575782  0.453842919876  -1.732832940569
  61  C  6.610371396216  2.232975131871  4.485454649550  0.128806646418  -0.015243221237  0.260147449968
  62  C  6.578552020092  6.721413044426  0.104814106478  0.475451121423  -0.031571992267  -2.059881852299
  63  C  6.578889064943  6.654049961813  4.539897541063  -0.017422409244  -0.118785842536  -0.067425592844


MDSTEP:  10
LATTICE_CONSTANT: 1.889726125458
LATTICE_VECTORS
  8.841530693645  0.000000000000  0.000000000000
  -0.149882536391  8.623655039395  0.000000000000
  -0.088491327815  -0.166156925993  9.055167244175
VIRIAL (KBAR)
  -12.768592998429  45.950122263109  9.397439921309
  45.950122263109  24.762453500968  41.063449817409
  9.397439921309  41.063449817409  -88.278987022863
INDEX    LABEL    POSITIONS    FORCE (eV/Angstrom)
  0  Si  3.304001436988  1.118854394448  3.374859199173  -0.014766945373  0.615139888933  -0.319031888513
  1  Si  3.259594114061  1.077437916464  7.801508363228  0.221885278564  0.593699449329  2.010928964311
  2  Si  3.265037556063  5.532849853264  3.391231367717  -0.188825748245  0.337344668257  0.120388251741
  3  Si  3.206549371210  5.500619810551  7.825430078160  0.182571778792  -0.236389122461  2.145659124761
  4  Si  7.729346065113  1.162389275681  3.365033383463  0.246089586026  0.918048683848  0.228364783958
  5  Si  7.710566019779  1.090388391025  7.814119173156  -0.184321603104  0.601930396481  2.421189710667
  6  Si  7.691694578214  5.567170072469  3.415503858261  0.238669473712  0.181636181733  0.087688957414
  7  Si  7.680333305331  5.558291644504  7.839721558178  -0.598336303196  -0.606770121011  2.447785333752
  8  Si  3.290306670604  3.342402273265  1.159722452361  -0.138045829666  0.367322953580  -0.781639604142
  9  Si  3.260523644163  3.322847019784  5.596765070132  0.272918741135  -0.311631996421  -0.635853097676
  10  Si  3.238418759614  7.763866015981  1.201833826023  -0.053376831768  -3.167529262282  -1.491362625741
  11  Si  3.251547890916  7.724151369464  5.652812293482  -1.091817016229  -2.883273108195  -0.948779586129
  12  Si  7.717688215026  3.393181100678  1.153354678992  -0.038238693923  -0.170851528498  -0.466965098747
  13  Si  7.707354272991  3.336574087620  5.618620194027  -0.467525798028  0.342581737117  -0.270623266506
  14  Si  7.684764351054  7.786494436831  1.225586028898  -0.074952233189  -2.668807965497  -1.598986669479
  15  Si  7.681892507998  7.764994784006  5.663146579859  -0.052188502236  -3.323428599049  -1.203453221254
  16  Si  1.111017445184  1.129519681330  1.125952134971  0.301519023352  1.642993539292  0.026720974797
  17  Si  1.047771614607  1.098948157118  5.564797034916  1.380128211374  1.799944434530  0.425540901502
  18  Si  1.043182939280  5.531954866934  1.174699308319  0.823050260931  1.178891010784  -0.292446341158
  19  Si  1.033575231189  5.504280748017  5.590574890185  0.742398231240  1.211508675413  0.558153031238
  20  Si  5.547504272770  1.152102302337  1.153223874862  -0.593763765387  0.878658652657  -0.821634987813
  21  Si  5.514238815657  1.104459481823  5.560294866816  -0.155887609750  1.061840321595  0.227352144894
  22  Si  5.490455803736  5.567872168721  1.182482252316  -0.247479270674  0.193991878814  -0.738705881025
  23  Si  5.473691083649  5.554028305467  5.633152904754  -0.390348963606  -0.247992645304  -0.637838302707
  24  Si  1.064083956775  3.318252266586  3.364065533086  0.623913995717  0.500587855633  0.772419191612
  25  Si  1.042114969695  3.253635575761  7.812797025590  0.302767265710  0.742874922726  2.353382705381
  26  Si  1.012892248583  7.745921952371  3.384998461988  0.383470569197  -2.764375563457  1.155409452233
  27  Si  1.015735537384  7.696176480953  7.846231053191  -0.088982085722  -2.148580808524  2.699870420264
  28  Si  5.498420255731  3.329852151765  3.381167387080  -0.150794855401  0.467477563290  -0.087707517867
  29  Si  5.473733552833  3.295797969859  7.807559793733  -0.687952960311  -0.402640444236  2.280050245196
  30  Si  5.454886731331  7.761025697861  3.419025270754  -0.260820822725  -3.173315833829  -0.372830778684
  31  Si  5.435846118290  7.726339369435  7.863184432136  -1.046699844359  -3.036789562933  2.136306945898
  32  C  0.055038461196  0.105215040092  0.021230196946  -0.187844395540  1.479234611584  -1.701424741323
  33  C  0.031051498073  0.071805443723  4.473923650554  -0.876797965020  1.341748715106  -0.260521223323
  34  C  -0.030635604669  4.514252667710  0.075496381883  -0.077529277732  -0.474773098030  -2.473557174519
  35  C  -0.008744693488  4.449764496922  4.525504914742  -1.142133941939  -0.915318841464  -0.604961702674
  36  C  4.419515070089  0.080812560075  0.022763551576  1.195951484792  2.418746995837  -1.672818032768
  37  C  4.415706667724  0.024112480354  4.465762575077  0.476302997093  2.226886992093  0.334378785167
  38  C  4.373533712331  4.487901079931  0.040947046412  0.479515400908  0.007605222611  -1.448005342198
  39  C  4.366434115744  4.424337893616  4.486458880755  0.437224228584  0.041490128226  0.443611702852
  40  C  -0.014084224598  2.285518513089  2.281032354428  -0.162262137370  -0.928657485804  -0.755574677479
  41  C  -0.048324713849  2.219791932225  6.714870380641  -0.101473300913  -0.676594866397  -0.150308150080
  42  C  -0.024690425838  6.686888894900  2.328387144121  -1.100176913610  -1.165923670636  -0.864145213028
  43  C  -0.038958179815  6.672680555454  6.770685725320  -0.962092591706  -1.517897875301  -0.971194712802
  44  C  4.393307131631  2.221393872392  2.266538719027  0.450410400189  0.158582534125  0.018699663660
  45  C  4.370686134531  2.176850712637  6.664099708876  0.343047990809  0.196010410262  0.869428863814
  46  C  4.361978959283  6.648048917926  2.298943344173  0.125000521324  -0.077037884742  -0.021145447599
  47  C  4.338610752596  6.622116376043  6.729889513976  0.069818750894  -0.256246678082  0.623246268250
  48  C  2.203675150734  0.011246468214  2.251499200724  0.740139168475  3.259218639343  -0.048479841257
  49  C  2.180736761410  0.026357384804  6.657260612080  0.335783046616  1.750253503835  0.891731575510
  50  C  2.160571581864  4.432150887953  2.311894700377  0.193527865049  -0.051181374671  -0.832696627794
  51  C  2.155953196339  4.403738947840  6.677014594273  -0.477853193131  -0.423901858736  0.927004763812
  52  C  6.652091322059  0.078263767924  2.267441638011  0.262161856048  2.017954009688  0.272579258615
  53  C  6.641522379939  0.020782214096  6.667555943992  -0.421220104111  2.309339685804  1.244941627388
  54  C  6.635229884167  4.468946444453  2.304524780147  -0.706124853473  -0.314834802362  -0.282632429161
  55  C  6.558431395072  4.443985886135  6.741915420814  0.606610344286  -0.375915487367  -0.060909662032
  56  C  2.196353158216  2.246968241554  0.006003089181  0.365964313554  0.599600901503  -1.167666982515
  57  C  2.204461211474  2.190710765643  4.459871843482  -0.709283981038  0.426444367304  0.587001245191
  58  C  2.150172162722  6.673618308562  0.029331806905  0.185158100225  0.105597015878  -1.041945074455
  59  C  2.138959366955  6.622729424013  4.502257086911  0.016695193173  0.026551800425  0.244200477799
  60  C  6.621326356281  2.268120256304  0.048432991529  0.539781693411  0.542216547381  -1.810174655976
  61  C  6.602837844510  2.234182566598  4.487366665553  0.345997049961  -0.058395577095  0.218008795889
  62  C  6.572000290397  6.714093908089  0.095969079400  0.607779801290  0.162169714818  -1.957476305480
  63  C  6.583530442416  6.662051812345  4.535578569419  -0.046334283956  -0.327068547451  0.021452696337


