ATOMIC_SPECIES
Si 28.085 Si_ONCV_PBE-1.0.upf
C 12.011 C_ONCV_PBE-1.0.upf

LATTICE_CONSTANT
1.8897261254578281

LATTICE_VECTORS
9.20716292578065 1.8574028099730603e-10 4.957545842321135e-15 
-4.603581462726975 7.973637015955605 1.4724806313755345e-12 
5.42890722155842e-15 1.86721049084389e-12 10.072447331751537 

ATOMIC_POSITIONS
Cartesian    # Cartesian(Unit is LATTICE_CONSTANT)
Si
0.0
36
0.000000581745 1.771915196141 2.515743581938 1 1 1
3.069057604260 7.087679922493 2.515743581939 1 1 1
-3.069058185595 7.087678914868 2.515743581939 1 1 1
4.603580881373 6.201721950132 5.033836065010 1 1 1
1.534523746056 0.885957028625 5.033836065019 1 1 1
7.672639761326 0.885958036146 5.033836065019 1 1 1
0.000000581450 1.771915196126 7.551975320719 1 1 1
3.069057604430 7.087679922263 7.551975320730 1 1 1
-3.069058185476 7.087678915140 7.551975320730 1 1 1
4.603580881438 6.201721690463 10.070106569861 1 1 1
1.534523970905 0.885957158532 10.070106569870 1 1 1
7.672639536400 0.885958165934 10.070106569870 1 1 1
-1.534527288459 4.429797357047 2.515742794354 1 1 1
1.534528075167 4.429798719302 2.515742794354 1 1 1
-0.000000786285 7.087677957224 2.515742794364 1 1 1
6.138108796471 3.543839685073 5.033835519053 1 1 1
3.069053342910 3.543838322755 5.033835519053 1 1 1
4.603582249384 0.885959006978 5.033835519063 1 1 1
-1.534527364054 4.429797313138 7.551974909079 1 1 1
1.534528150992 4.429798675806 7.551974909079 1 1 1
-0.000000786524 7.087678044664 7.551974909079 1 1 1
6.138108782849 3.543839677619 10.070105916431 1 1 1
3.069053356182 3.543838314711 10.070105916431 1 1 1
4.603582249716 0.885959022512 10.070105916441 1 1 1
3.069051902339 1.771916663041 2.515742644727 1 1 1
6.138112136430 1.771918590634 2.515742644727 1 1 1
4.603580350157 4.429801763913 2.515742644727 1 1 1
1.534529628870 6.201720391734 5.033835252808 1 1 1
-1.534530740924 6.201718465210 5.033835252808 1 1 1
0.000001112289 3.543835173864 5.033835252798 1 1 1
3.069051976314 1.771916708292 7.551974657821 1 1 1
6.138112060263 1.771918632090 7.551974657821 1 1 1
4.603580352339 4.429801677241 7.551974657822 1 1 1
1.534529418082 6.201720269324 10.070105782005 1 1 1
-1.534530529514 6.201718343876 10.070105782005 1 1 1
0.000001111672 3.543835417635 10.070105781994 1 1 1
C
0.0
36
0.000000599653 1.771914338034 4.409035670335 1 1 1
3.069058340879 7.087680371297 4.409035670326 1 1 1
-3.069058940127 7.087679332647 4.409035670326 1 1 1
4.603580864377 6.201722544965 6.927166337662 1 1 1
1.534523237002 0.885956712279 6.927166337651 1 1 1
7.672640287378 0.885957749239 6.927166337651 1 1 1
0.000000599367 1.771914652101 9.445308085949 1 1 1
3.069058069042 7.087680214018 9.445308085950 1 1 1
-3.069058667995 7.087679175862 9.445308085950 1 1 1
4.603580862982 6.201722496812 1.890953567263 1 1 1
1.534523279378 0.885956735123 1.890953567262 1 1 1
7.672640246392 0.885957774491 1.890953567262 1 1 1
-1.534527277691 4.429797343086 4.409036026235 1 1 1
1.534528084309 4.429798739858 4.409036026235 1 1 1
-0.000000806218 7.087677959122 4.409036026236 1 1 1
6.138108676244 3.543839632527 6.927166975137 1 1 1
3.069053446104 3.543838240707 6.927166975137 1 1 1
4.603582266422 0.885959133161 6.927166975136 1 1 1
-1.534527235633 4.429797368523 9.445308608176 1 1 1
1.534528041252 4.429798763565 9.445308608176 1 1 1
-0.000000805228 7.087677909982 9.445308608176 1 1 1
6.138108764439 3.543839688167 1.890953807974 1 1 1
3.069053353797 3.543838289242 1.890953807974 1 1 1
4.603582270519 0.885959028929 1.890953807974 1 1 1
3.069051191215 1.771916287898 4.409036345189 1 1 1
6.138112819307 1.771918166564 4.409036345189 1 1 1
4.603580378391 4.429802571571 4.409036345179 1 1 1
1.534530222746 6.201720698281 6.927167188885 1 1 1
-1.534531305742 6.201718822054 6.927167188895 1 1 1
0.000001083249 3.543834502086 6.927167188884 1 1 1
3.069051420588 1.771916420843 9.445308772960 1 1 1
6.138112589487 1.771918298752 9.445308772960 1 1 1
4.603580378833 4.429802306449 9.445308772961 1 1 1
1.534530090623 6.201720623918 1.890954077896 1 1 1
-1.534531175305 6.201718744789 1.890954077896 1 1 1
0.000001084925 3.543834653664 1.890954077896 1 1 1

NUMERICAL_ORBITAL
Si_gga_9au_100Ry_3s3p2d.orb
C_gga_9au_100Ry_3s3p2d.orb
