MDSTEP:  0
LATTICE_CONSTANT: 1.889726125458
LATTICE_VECTORS
  8.626621831038  0.000000000000  0.000000000000
  0.238767848833  8.926639794168  0.000000000000
  -0.040389097981  0.201450271947  8.944398715753
VIRIAL (KBAR)
  29.201670232687  -60.484999924172  -0.966239895694
  -60.484999924172  -43.140431917931  -27.984218483485
  -0.966239895694  -27.984218483485  -50.245519172734
INDEX    LABEL    POSITIONS    FORCE (eV/Angstrom)
  0  Si  3.300669329592  1.085909599198  3.282060455917  -0.150124963546  -0.438214109410  0.336181022636
  1  Si  3.291267566294  1.150354215394  7.676097582990  -0.301653989186  -0.096316709552  2.301383708045
  2  Si  3.352932855876  5.472709004727  3.242962770124  0.226534678594  -0.268899091713  0.061123978568
  3  Si  3.351115366755  5.524817374380  7.643892160217  -0.268484015031  0.645195731851  1.981013401593
  4  Si  7.693365841381  1.026879756687  3.302657475323  -0.545730191708  -0.362714854357  -0.127335154068
  5  Si  7.686044694742  1.087300958899  7.697032241733  -0.785475997913  0.094850235466  2.034162504647
  6  Si  7.741837026911  5.420065636744  3.257993991345  -0.493088778547  -0.008651499336  -0.209856698923
  7  Si  7.745643692322  5.458223535588  7.625562591770  -0.702387441506  0.821834069664  2.521787190597
  8  Si  3.339469962792  3.263037161230  1.074658306052  -0.268958586195  -0.291301051823  -0.719822440863
  9  Si  3.316641287933  3.316117407299  5.469562326404  0.159491035218  -0.325568618141  -0.334462508595
  10  Si  3.404463625295  7.654996936294  1.018260653868  0.702263176656  1.951637050084  0.102945138970
  11  Si  3.396163252120  7.703094955702  5.399152594702  0.347642226831  1.980812593535  0.549183691137
  12  Si  7.727427875603  3.207799961262  1.061269956618  -0.512921033896  -0.293880570035  -0.229212484123
  13  Si  7.716306347848  3.242138988612  5.475670180493  -0.615943922986  0.041634977862  -0.420846522942
  14  Si  7.777672455205  7.609974328234  1.041864363085  0.315224398897  1.837519815866  -0.404527834344
  15  Si  7.789543352758  7.650226555816  5.432884131707  -0.122175804800  2.115569235910  0.139731060907
  16  Si  1.118437851640  1.097431267468  1.083622664991  2.516353911215  -1.960478869356  -1.118672382937
  17  Si  1.105917319416  1.146844129381  5.486380255033  2.723815529105  -2.099837295797  -1.279982493821
  18  Si  1.183629914291  5.491201064887  1.035480089552  2.334901152336  -1.672685580013  -1.183214648374
  19  Si  1.166939493803  5.523242935588  5.432181679463  2.710569445137  -1.328544140701  -1.125316052287
  20  Si  5.493893752508  1.031252093076  1.096173065532  0.077730295037  -0.471350559696  -0.576223698300
  21  Si  5.493826588864  1.089118761538  5.492483139294  -0.082723039867  -0.716237063880  -0.134922472468
  22  Si  5.553996278994  5.431218847850  1.041599415909  0.257214183730  -0.313473408454  -0.388639262407
  23  Si  5.573818121978  5.494394229003  5.443294394344  -0.766781528330  -0.575496997199  -0.054509740801
  24  Si  1.129488451367  3.318111526097  3.260792322083  2.687592715592  -1.754147914256  -1.061484354171
  25  Si  1.125543622190  3.378816554915  7.649540285144  1.711461801930  -0.470777301968  2.189328495514
  26  Si  1.199352229122  7.713889361255  3.198527050171  2.684565941651  0.845361029248  0.392576878988
  27  Si  1.197292174088  7.757967916675  7.615314479239  2.187839294302  1.874216265624  2.249393018987
  28  Si  5.528970451735  3.251870449793  3.272012394694  -0.220359737082  -0.266572151130  -0.163461321133
  29  Si  5.515779439028  3.299267246579  7.662162002270  -0.279964436472  0.576884338987  2.108270939224
  30  Si  5.584312242979  7.649838474719  3.211130125366  0.728287613364  2.129479930777  0.674720728001
  31  Si  5.577129068914  7.692380718643  7.603677012342  0.682188331921  2.360168249088  2.457105857409
  32  C  0.403453336171  8.820465844220  0.020559213804  -2.240330116692  -1.783848258835  -2.100717843231
  33  C  0.381227763462  8.858847253167  4.416996939699  -2.252120149264  -0.673087000439  -0.148034845574
  34  C  0.185272549075  4.467764697983  8.922803619876  -1.339089825066  0.427064391887  -1.995929000012
  35  C  0.204500519417  4.324250384076  4.365934873352  -2.468952061900  1.645916500152  1.120051624840
  36  C  4.641880175183  8.864724127102  0.003134508432  -0.956622042345  -1.988157736937  -1.881825559535
  37  C  4.634266755110  8.922015994728  4.402940682217  -0.841008636095  -1.708733682839  -0.548945260745
  38  C  4.419093680151  4.534365433580  8.897544507263  0.167076828630  -0.715855075122  -1.494394436363
  39  C  4.443756219965  4.362161878518  4.362574567049  0.223350018408  0.626921988204  0.081215482474
  40  C  0.178785676848  2.100167263573  2.194333592421  -2.376279692666  1.716742616906  0.815093444922
  41  C  0.172908364230  2.158047714881  6.573969134949  -2.453763645925  1.814653333497  1.416678507867
  42  C  0.230977517745  6.490358655983  2.145684028443  -2.134875907243  1.756950985096  0.933090168334
  43  C  0.237201837939  6.541062107874  6.527038114028  -2.153268927121  1.731972802923  1.365712146431
  44  C  4.405923950004  2.147670037314  2.178578191886  0.299613728258  0.336738467543  0.043723932788
  45  C  4.411479098238  2.214093031940  6.565413935240  -0.120459184776  0.168466604101  0.301654943898
  46  C  4.490135964375  6.546486379275  2.149911766198  -0.217422835096  0.156134587991  -0.234289436706
  47  C  4.454632008458  6.604865034882  6.533835912327  0.416069476204  0.029279668701  -0.018826070886
  48  C  2.430573571838  8.924248824772  2.214860363286  -0.520074525640  -1.952714729284  -0.874173273027
  49  C  2.411788079973  8.977414563143  6.599998423359  -0.277283674901  -1.860018761061  -0.510454696795
  50  C  2.243350331083  4.383400006465  2.158679479758  0.405788408264  0.028787647885  -0.091488025844
  51  C  2.246072420849  4.440034947670  6.542890678844  0.149279993210  0.014884501154  0.408422498499
  52  C  6.822869541950  8.872537119032  2.207735663060  -0.755869922348  -1.763552785833  -0.398199439053
  53  C  6.806837597181  8.907945185230  6.603635390502  -0.460039932038  -1.398656196122  -0.291219295639
  54  C  6.640224566587  4.320402025405  2.156455690524  0.034205174662  0.261698808072  0.131144675962
  55  C  6.630928409483  4.366252199089  6.549713436186  0.152379370865  0.370241495799  0.217499178161
  56  C  2.173531475874  2.362128029226  8.924089546425  0.731884458270  -0.437447616662  -1.885082971183
  57  C  2.215164149422  2.227127846416  4.368177301881  0.201657278496  -0.273436988805  0.167385851378
  58  C  2.250675310943  6.753405260171  8.881790814533  0.518837842108  -0.609647962696  -1.713792041914
  59  C  2.278424438676  6.592465013687  4.315949280616  0.209488256253  0.321438855220  0.248861476847
  60  C  6.581027175394  2.298365965334  8.934280245310  0.119957186750  -0.341921189416  -1.867695841128
  61  C  6.604713967443  2.140701645044  4.383571959180  0.159563196170  0.467171616075  0.020070448010
  62  C  6.639622890919  6.691160168068  8.890497018159  0.320778867037  -0.256301176709  -1.820426638351
  63  C  6.658565979398  6.555648220229  4.339714631037  0.520628731080  0.328298552406  0.038472750907


MDSTEP:  1
LATTICE_CONSTANT: 1.889726125458
LATTICE_VECTORS
  8.626621831038  0.000000000000  0.000000000000
  0.238767848833  8.926639794168  0.000000000000
  -0.040389097981  0.201450271947  8.944398715753
VIRIAL (KBAR)
  29.087617649217  -60.494376658724  -0.770400194753
  -60.494376658724  -43.357093683813  -28.340058722424
  -0.770400194753  -28.340058722424  -50.428181407632
INDEX    LABEL    POSITIONS    FORCE (eV/Angstrom)
  0  Si  3.301171756943  1.085533655702  3.282590801979  -0.164009788152  -0.444245979064  0.313033960932
  1  Si  3.290909724230  1.150725667464  7.677043131856  -0.303721596389  -0.101805803045  2.266121187392
  2  Si  3.352616470191  5.472477546086  3.242890888728  0.233503664585  -0.267682312375  0.061381543824
  3  Si  3.351062374015  5.524006282575  7.644782057799  -0.263977201485  0.669490818065  1.951449922122
  4  Si  7.693673102107  1.026681417494  3.301817623908  -0.582382291104  -0.363852788076  -0.107105935925
  5  Si  7.685724470477  1.087343981692  7.697573252971  -0.787283866349  0.089932836135  2.014388251664
  6  Si  7.741581656849  5.419717310495  3.258323161960  -0.498112029440  0.022202616602  -0.224875495799
  7  Si  7.745498045333  5.458393655098  7.625145364327  -0.709903772664  0.820547562370  2.523115643707
  8  Si  3.340596369089  3.262456926738  1.074953839323  -0.287213645531  -0.276300177748  -0.726569642517
  9  Si  3.316488595936  3.315462538078  5.469675057610  0.155412229189  -0.304689876238  -0.332491529771
  10  Si  3.405152247699  7.656342596318  1.018553145546  0.679789622797  1.915319093041  0.097325686230
  11  Si  3.396649031728  7.702587474382  5.399229927159  0.344027088143  1.981226704085  0.542918883004
  12  Si  7.727114114402  3.207900466726  1.061513055029  -0.517994318965  -0.304990604015  -0.242924105325
  13  Si  7.716824767161  3.242868522296  5.475103442824  -0.630754477229  0.034995035703  -0.382164214008
  14  Si  7.778013055431  7.610179271349  1.041039546238  0.308066629030  1.825130082689  -0.401061263946
  15  Si  7.790056336847  7.650982509712  5.433759506367  -0.146582262734  2.097951315292  0.114049639993
  16  Si  1.118824729453  1.097792878769  1.082976280908  2.492061269239  -1.954239101275  -1.096231420998
  17  Si  1.105843129106  1.146963476218  5.486336183971  2.706361347820  -2.095312875946  -1.278308661630
  18  Si  1.183984757077  5.491447129976  1.035010560383  2.316607621114  -1.681262951716  -1.179902096060
  19  Si  1.167312375980  5.522974928706  5.431840061690  2.686973484441  -1.288114512084  -1.102624689903
  20  Si  5.494263931216  1.030465581051  1.096152209884  0.065538222083  -0.465566197621  -0.599065582446
  21  Si  5.493995132620  1.089737968084  5.492605140055  -0.082678642392  -0.736802677021  -0.131088866454
  22  Si  5.553459045686  5.430914582304  1.041219380180  0.274782526492  -0.298354172595  -0.383412617810
  23  Si  5.573465024628  5.493982183469  5.443111943928  -0.759896302553  -0.558816846470  -0.043277333658
  24  Si  1.129740235032  3.318658445018  3.261108406514  2.668993959943  -1.758113081407  -1.053703141277
  25  Si  1.126129274318  3.379099036853  7.650662092116  1.688552335345  -0.477184145708  2.154618404769
  26  Si  1.199795251503  7.714000425625  3.198412826007  2.665558710204  0.845772451432  0.393635861204
  27  Si  1.197381167056  7.758992931692  7.615106233687  2.185444046571  1.849707264227  2.246972233518
  28  Si  5.528602280423  3.250874930614  3.271724981264  -0.220180259315  -0.239033387811  -0.139533043557
  29  Si  5.515654152589  3.299127840020  7.661813279784  -0.273146085952  0.583494259322  2.107469190311
  30  Si  5.583897041634  7.649517995994  3.211524344133  0.733866518248  2.123598758275  0.664739849988
  31  Si  5.577161799094  7.692912947750  7.604215981532  0.678754491547  2.349005560078  2.436143166327
  32  C  0.403439297998  8.819895662984  0.020238518758  -2.231996200924  -1.762796279132  -2.093909780143
  33  C  0.379242342844  8.859059022270  4.416759723573  -2.208168064119  -0.678837934377  -0.146498687463
  34  C  0.184893153961  4.466734463339  8.921807288967  -1.329047762656  0.454348252553  -1.963357943703
  35  C  0.203470755603  4.325459394232  4.366269861874  -2.432703243323  1.611238509608  1.097661230335
  36  C  4.640596796118  8.863807489314  0.002551764993  -0.927130948770  -1.964773019516  -1.864838532860
  37  C  4.634139218467  8.922057759708  4.402147759276  -0.828153188890  -1.704160871893  -0.528456059135
  38  C  4.420236604758  4.533633938603  8.896779014555  0.149133992035  -0.720799797887  -1.478199058394
  39  C  4.442847545608  4.363303957335  4.363690605026  0.236888715486  0.589951335887  0.049837629704
  40  C  0.177341571165  2.099748687836  2.195323571391  -2.326626607991  1.720048735929  0.776430638186
  41  C  0.172842418463  2.158065641787  6.575062720889  -2.439351450428  1.816595369299  1.392224079002
  42  C  0.231177036007  6.490996076268  2.144982508832  -2.141307943216  1.739211152939  0.942593209526
  43  C  0.236046346852  6.541659630132  6.527066095434  -2.105750683467  1.711929505303  1.349881264938
  44  C  4.406082239495  2.147028730394  2.178301739224  0.301789148712  0.332186014930  0.048346110150
  45  C  4.411397282464  2.214895068309  6.565447431482  -0.125250043912  0.143792136617  0.310361633266
  46  C  4.489134730543  6.546083506454  2.150286500181  -0.197566830977  0.162378977896  -0.248165943861
  47  C  4.455582493816  6.605320830077  6.533721944429  0.392684710112  0.014726863398  -0.002478099727
  48  C  2.430385209157  8.923655906412  2.214507114486  -0.508380791648  -1.923843979490  -0.866400170118
  49  C  2.411796249270  8.977198992444  6.598967133068  -0.270987518206  -1.850638623699  -0.493250970213
  50  C  2.243288250720  4.383684018815  2.159065754954  0.410110599302  0.011720813989  -0.110178604295
  51  C  2.244929955380  4.439983570883  6.542614655301  0.171620202733  0.009095452333  0.417763683448
  52  C  6.822451037467  8.872132891465  2.206514941957  -0.745123742703  -1.760909390171  -0.380552691431
  53  C  6.807514070804  8.906535089331  6.602889231110  -0.476034467959  -1.360025975891  -0.270597593442
  54  C  6.640278589311  4.320011694731  2.156598235072  0.022582602465  0.266081323920  0.126000234377
  55  C  6.630093102333  4.366772131817  6.550390892876  0.168622727280  0.357794859461  0.196756318259
  56  C  2.173728943508  2.362715506531  8.922815465288  0.742239727035  -0.448235446495  -1.848506847362
  57  C  2.216192354646  2.226653773817  4.367736265691  0.177139395020  -0.262949091527  0.173734041587
  58  C  2.250566311259  6.753540962351  8.882200093335  0.530889639261  -0.600651243524  -1.721354107762
  59  C  2.279024596352  6.592151132836  4.314653013186  0.193825620526  0.331747074850  0.277763297082
  60  C  6.580617304745  2.298117077098  8.932768246254  0.123857748010  -0.346716504991  -1.835685936820
  61  C  6.604863763210  2.141175802929  4.384722652253  0.162727743445  0.456587026757  -0.013578243065
  62  C  6.639651028135  6.691350481525  8.889155656260  0.319918519108  -0.263025683347  -1.789088572260
  63  C  6.658102863014  6.555828823479  4.340150534103  0.533091172122  0.326923569169  0.032720688294


MDSTEP:  2
LATTICE_CONSTANT: 1.889726125458
LATTICE_VECTORS
  8.626621831038  0.000000000000  0.000000000000
  0.238767848833  8.926639794168  0.000000000000
  -0.040389097981  0.201450271947  8.944398715753
VIRIAL (KBAR)
  28.969041695871  -60.384912117432  -0.038393131470
  -60.384912117432  -43.875115264771  -29.306001684255
  -0.038393131470  -29.306001684255  -51.055110781158
INDEX    LABEL    POSITIONS    FORCE (eV/Angstrom)
  0  Si  3.301288313988  1.083563492971  3.282989959087  -0.141170335339  -0.390263371365  0.305431980929
  1  Si  3.288250114348  1.150060139237  7.677201376340  -0.210369951454  -0.043837933744  2.247201339660
  2  Si  3.351672352341  5.473635305126  3.241650951509  0.311460108816  -0.293193804530  0.085902846296
  3  Si  3.351759494110  5.524511679205  7.647661210625  -0.266982923030  0.685807469245  1.854460772983
  4  Si  7.694452063400  1.028187134846  3.302822306229  -0.601836875960  -0.326980738755  -0.149620840688
  5  Si  7.684464103576  1.088142841652  7.695664886620  -0.799125736497  0.036614431793  2.050986771390
  6  Si  7.741584033277  5.421535287530  3.258869413558  -0.540896452046  0.014114365999  -0.229590146864
  7  Si  7.746005297065  5.458773014761  7.625489503611  -0.722172340410  0.860064008668  2.486559453014
  8  Si  3.339772074385  3.263514127468  1.076293420510  -0.260262935672  -0.326694256940  -0.750854188418
  9  Si  3.317477996356  3.313530591757  5.467101965627  0.222675894983  -0.237307286929  -0.261107597858
  10  Si  3.403088359019  7.657978243375  1.016942186061  0.734865702768  1.877116699364  0.086795661796
  11  Si  3.397393421105  7.704322509872  5.399773510084  0.311432986160  1.921426482525  0.520949180628
  12  Si  7.724310070215  3.205193727904  1.060404371102  -0.490566168893  -0.194983826206  -0.227602372207
  13  Si  7.715352973059  3.243698406563  5.476854331437  -0.610058705348  0.091917368366  -0.412258977496
  14  Si  7.776440515083  7.609971175542  1.041782647594  0.311175619870  1.778600371225  -0.417645088456
  15  Si  7.792001094596  7.652510256421  5.432815523235  -0.163421178122  2.083042812994  0.151890514058
  16  Si  1.121707595255  1.095469994782  1.080794845203  2.327283934904  -1.868026037809  -1.021714725853
  17  Si  1.106791110863  1.147975277163  5.486821672130  2.610970343254  -2.031042223162  -1.200344733185
  18  Si  1.186908183022  5.489243540188  1.034049965539  2.159051115460  -1.624843452720  -1.075134494712
  19  Si  1.169320219096  5.524474426170  5.431710757550  2.608365479095  -1.332756593806  -1.049845814565
  20  Si  5.495544335195  1.032582247405  1.094541533308  -0.017169962330  -0.514185047933  -0.557520391332
  21  Si  5.496212234851  1.089755638487  5.494841639281  -0.153157871924  -0.715947985833  -0.178257786475
  22  Si  5.553524004141  5.431088805046  1.043399247348  0.244195676055  -0.298355015132  -0.451846325243
  23  Si  5.574781307194  5.495443838055  5.443594512250  -0.791892317568  -0.542400212076  -0.049874059678
  24  Si  1.131484670348  3.320661722076  3.263040744764  2.555853815370  -1.727371597020  -1.038689279939
  25  Si  1.125785753241  3.380905476018  7.651871628522  1.684085253098  -0.498457330213  2.120852839907
  26  Si  1.201436226929  7.715656074671  3.199997884400  2.598443598796  0.795464863536  0.337127490610
  27  Si  1.199684385214  7.758379685303  7.616427627467  2.112272070412  1.863776884610  2.220371665977
  28  Si  5.528371687321  3.249039651604  3.273232514393  -0.160674360589  -0.134928060501  -0.162379344914
  29  Si  5.517482133728  3.301291892065  7.663402776859  -0.318207517678  0.625848487900  2.045621543676
  30  Si  5.583688465547  7.650837022020  3.212262792625  0.739269917382  2.056008210525  0.652138313137
  31  Si  5.578161433396  7.693922904709  7.603201774528  0.651656959402  2.335158972171  2.448560190288
  32  C  0.402282397873  8.814720212402  0.020173681459  -2.216146736588  -1.658791553393  -2.091514530398
  33  C  0.377614607873  8.861191023828  4.416763176777  -2.132173988231  -0.681399791513  -0.139931887170
  34  C  0.180707552754  4.467017420861  8.920313412911  -1.246627380753  0.443512913609  -1.927884365807
  35  C  0.197882222217  4.329284067041  4.366223185969  -2.277647268396  1.511500675855  1.092582308819
  36  C  4.600570983726  9.063294056599  8.942586696491  -0.912784770585  -1.916138520275  -1.803730546345
  37  C  4.632774282080  8.918652548193  4.400972769715  -0.794192553402  -1.608223652814  -0.480344478767
  38  C  4.416472200868  4.534806446875  8.896184980602  0.226057136670  -0.724926519230  -1.417452192454
  39  C  4.445556888403  4.364443415454  4.363301947064  0.184833845135  0.595920063382  0.048634415164
  40  C  0.175290346957  2.105116215629  2.192395252889  -2.213462158455  1.559082226054  0.770119247636
  41  C  0.167455904128  2.160658016451  6.576964152405  -2.287916338844  1.738569029819  1.312107040338
  42  C  0.227224011816  6.490137646301  2.146788085448  -1.977371440448  1.731639264504  0.858238707442
  43  C  0.237763822172  6.544950107566  6.527851446415  -2.083151901055  1.661870180577  1.324608420823
  44  C  4.405830125797  2.150117602584  2.181984253842  0.314013496606  0.247340997923  -0.020972742999
  45  C  4.414910149119  2.218222997607  6.567846057906  -0.193039040770  0.063706599908  0.270281107830
  46  C  4.487636349097  6.546509703204  2.147826349072  -0.189347102649  0.199689195242  -0.191251727983
  47  C  4.455717240313  6.608953462194  6.533447629888  0.378719442423  -0.048067875098  0.024110195657
  48  C  2.433070366391  8.925871786149  2.211265616819  -0.547458912418  -1.963284792435  -0.807431147839
  49  C  2.411240800317  8.977968006706  6.600715654983  -0.281879067399  -1.850698756556  -0.530374699846
  50  C  2.246875960229  4.381742132064  2.161083081456  0.332517765114  0.061386161792  -0.151118454972
  51  C  2.248798773047  4.438637330067  6.542164451715  0.106994821461  0.034826857515  0.418037187844
  52  C  6.822341755372  8.871156617197  2.207192614026  -0.749039428857  -1.694574510360  -0.386690945353
  53  C  6.804644614425  8.905265167839  6.601545782527  -0.395930229531  -1.338806645329  -0.240822462467
  54  C  6.641535377316  4.323578214302  2.154370680946  -0.021426617381  0.174497690685  0.192015437285
  55  C  6.631086163060  4.370001086270  6.547407877428  0.148394620808  0.326068787998  0.292110885263
  56  C  2.173307385424  2.359932576119  8.922509951579  0.759541220142  -0.391535179034  -1.849495242146
  57  C  2.217080769935  2.227863705486  4.368651314717  0.151702004389  -0.315483478309  0.154243167373
  58  C  2.247441852645  6.753548438448  8.881329401649  0.601610371737  -0.601843986892  -1.686437800446
  59  C  2.277108579924  6.588545128491  4.313619152981  0.252034478420  0.449804660618  0.298883339970
  60  C  6.576765116451  2.301249042803  8.932110054726  0.180801171252  -0.395958401125  -1.829170407690
  61  C  6.607173353477  2.144659301964  4.388199346244  0.119212185107  0.364647895404  -0.066379711289
  62  C  6.637276374457  6.690720471447  8.887619626723  0.350227020483  -0.242543506650  -1.764554400874
  63  C  6.660907545575  6.557210389828  4.343925295021  0.477842513053  0.344827313878  -0.050978113062


MDSTEP:  3
LATTICE_CONSTANT: 1.889726125458
LATTICE_VECTORS
  8.626621831038  0.000000000000  0.000000000000
  0.238767848833  8.926639794168  0.000000000000
  -0.040389097981  0.201450271947  8.944398715753
VIRIAL (KBAR)
  28.755361287898  -60.778128852492  0.382064504975
  -60.778128852492  -44.486859367437  -29.507446712788
  0.382064504975  -29.507446712788  -51.673992730013
INDEX    LABEL    POSITIONS    FORCE (eV/Angstrom)
  0  Si  3.298844097521  1.081989814734  3.285751547926  -0.079359666510  -0.391492562935  0.196515999186
  1  Si  3.287246617727  1.152821480443  7.679694698237  -0.186757282469  -0.091046332653  2.145751274474
  2  Si  3.351611181291  5.471956638385  3.244785010679  0.356050441041  -0.296096301849  -0.021420897512
  3  Si  3.349042602360  5.527289079932  7.649154616269  -0.174874503551  0.722342262540  1.774875379053
  4  Si  7.695765228834  1.031025727578  3.300574884502  -0.685360607703  -0.421214707909  -0.059949308656
  5  Si  7.682676245187  1.085841924485  7.694304924138  -0.794185642490  0.065475059863  2.070838633097
  6  Si  7.742274891345  5.419289708948  3.256195558674  -0.500406571015  0.072777064196  -0.188069688693
  7  Si  7.743863440732  5.462175010144  7.622964693718  -0.735722540995  0.786642083518  2.485284841111
  8  Si  3.337325090738  3.260760481355  1.075770274872  -0.174764329356  -0.290242720374  -0.783189659633
  9  Si  3.318587016388  3.316335216765  5.464237864881  0.272075141974  -0.279074353587  -0.217410453838
  10  Si  3.404134797014  7.655638111799  1.016233445583  0.730159219029  1.908718745666  0.075559611997
  11  Si  3.397475605085  7.704541819578  5.398514880092  0.326115126787  1.946505901905  0.552944834904
  12  Si  7.722362588218  3.207993221697  1.060786080836  -0.452965507131  -0.317557073743  -0.274235173165
  13  Si  7.712993543829  3.240495850600  5.476238952969  -0.621009432692  0.144463136665  -0.367211126942
  14  Si  7.778729327480  7.612343443141  1.040640901433  0.229979081415  1.731483544815  -0.433534932668
  15  Si  7.795406284045  7.649998350080  5.433031386894  -0.249649912890  2.127182112624  0.115354055335
  16  Si  1.120428442876  1.095952834486  1.081832535838  2.248917032184  -1.867913391182  -1.012178564156
  17  Si  1.106489881735  1.149983800479  5.487429074278  2.629380748170  -2.068460279700  -1.147202135473
  18  Si  1.186548081064  5.485558597573  1.035534415505  2.233726679807  -1.524526913685  -1.127356711546
  19  Si  1.172324729500  5.525397792913  5.432614603271  2.532769282282  -1.392529345598  -1.112076390329
  20  Si  5.498347895510  1.031105365676  1.096104949576  -0.123748549230  -0.491868194540  -0.618547046675
  21  Si  5.494755074624  1.091660077058  5.492619115691  -0.077662692568  -0.800933461018  -0.047421897197
  22  Si  5.554241196357  5.427882313829  1.040473769737  0.251634058777  -0.256635694051  -0.438746228898
  23  Si  5.572127012739  5.493479103925  5.441048440569  -0.707912969552  -0.411902575319  -0.064246852985
  24  Si  1.132982180278  3.316996359753  3.265391645999  2.469464822841  -1.580180982024  -1.032265572109
  25  Si  1.129460947512  3.377648192800  7.655555895187  1.626523461854  -0.383598050174  2.006222653248
  26  Si  1.202113785218  7.714240073849  3.200718508659  2.558838487107  0.854793918731  0.372502220623
  27  Si  1.198108175158  7.759607922685  7.617026074051  2.105244944714  1.794103547011  2.183978303213
  28  Si  5.530509833413  3.251954844677  3.273361084671  -0.211399942801  -0.264255826374  -0.240486400806
  29  Si  5.517944525836  3.303101418037  7.662195688051  -0.302690653850  0.631088574887  2.068545934661
  30  Si  5.582303225139  7.652471891083  3.212752184978  0.783792386955  1.987296999366  0.621254217381
  31  Si  5.575025601291  7.697724575371  7.602983279868  0.660203095845  2.303944189864  2.400097196350
  32  C  0.397374219879  8.813628210413  0.017441136757  -2.118083007566  -1.603281316941  -2.012057583456
  33  C  0.373852230685  8.862555827263  4.418193381159  -2.027360345587  -0.698291647804  -0.174752303349
  34  C  0.179103882833  4.464918662526  8.920924373099  -1.198961494596  0.492650310470  -1.954556706963
  35  C  0.194276399578  4.327463974078  4.369855962801  -2.134428562008  1.487243860634  0.972682338507
  36  C  4.597266732966  9.063705995897  8.935995250857  -0.813078895934  -1.898544539131  -1.652460773219
  37  C  4.635804573862  8.921106389167  4.401657900344  -0.896149252229  -1.652107872829  -0.508465908323
  38  C  4.414756298995  4.536009337820  8.895331505852  0.218594513395  -0.777104267354  -1.413619014716
  39  C  4.449404220964  4.362267135639  4.360749988879  0.122337878204  0.659672061177  0.070032133202
  40  C  0.168976225944  2.106521504481  2.197157171254  -2.023190696329  1.521598578680  0.594835155701
  41  C  0.166802178427  2.162384465546  6.581433566688  -2.253474472005  1.679952872135  1.216850269785
  42  C  0.230513776238  6.494045041859  2.145818977304  -2.017549841260  1.616096149832  0.841477485740
  43  C  0.234601752572  6.541437426859  6.523854709260  -1.973845552420  1.743642822159  1.438887453115
  44  C  4.400821885396  2.150180819356  2.179766010029  0.418025260033  0.215617759289  0.031718587732
  45  C  4.416968677758  2.221676971893  6.568141932009  -0.269167796664  0.012896844183  0.245156243080
  46  C  4.487138496732  6.542187465140  2.144388213796  -0.156615770734  0.266311843160  -0.101226255030
  47  C  4.455847668582  6.613414915727  6.528613791180  0.368663930802  -0.153389188082  0.094958226393
  48  C  2.428213339491  8.921582792394  2.212863468742  -0.467035825261  -1.887277560575  -0.808980687322
  49  C  2.412196734882  8.972153864152  6.605195525751  -0.332373507114  -1.687351644381  -0.638689989286
  50  C  2.251048861897  4.378242395079  2.160706033995  0.206196291101  0.089073838852  -0.109717807293
  51  C  2.251619342197  4.441614876335  6.537260010781  0.067671640657  -0.034079588506  0.541478104270
  52  C  6.822575610741  8.872308679917  2.209472530152  -0.740087384157  -1.719911274804  -0.434453693112
  53  C  6.808818031543  8.899899919050  6.604409646753  -0.508800924963  -1.226967884645  -0.349973739017
  54  C  6.646263275229  4.319482568452  2.152132328813  -0.129581934607  0.282396377223  0.209489414745
  55  C  6.628434639218  4.373555241082  6.543338286856  0.181707398546  0.243788533636  0.349645852868
  56  C  2.176539999607  2.357250081767  8.917551787283  0.694080399519  -0.396666748519  -1.725232473168
  57  C  2.221855045194  2.230382948334  4.364488390927  0.064353161646  -0.385574593588  0.293113844090
  58  C  2.253038780168  6.756734840827  8.878290416818  0.431783712164  -0.731509785503  -1.624837826409
  59  C  2.279356713714  6.588444253930  4.313161972856  0.211516467513  0.448701642752  0.304606932553
  60  C  6.578547508518  2.299060104064  8.931708788531  0.157632584901  -0.346754509220  -1.831162806750
  61  C  6.603336173605  2.140501539135  4.386849268264  0.195536162662  0.456355242606  -0.069110136866
  62  C  6.633698961372  6.692224955716  8.882104275251  0.415511944390  -0.255534011492  -1.650477042834
  63  C  6.665337638935  6.558363740046  4.340811140663  0.369770711922  0.291059321648  -0.029333408022


MDSTEP:  4
LATTICE_CONSTANT: 1.889726125458
LATTICE_VECTORS
  8.626621831038  0.000000000000  0.000000000000
  0.238767848833  8.926639794168  0.000000000000
  -0.040389097981  0.201450271947  8.944398715753
VIRIAL (KBAR)
  29.187593599974  -61.545144482596  0.154535427026
  -61.545144482596  -44.556222416716  -29.725535547211
  0.154535427026  -29.725535547211  -51.445780728791
INDEX    LABEL    POSITIONS    FORCE (eV/Angstrom)
  0  Si  3.300214236706  1.082095114398  3.284261175831  -0.091540942118  -0.368789591272  0.168955675320
  1  Si  3.290861993459  1.155016787881  7.677294505489  -0.288315482524  -0.069324531981  2.149405887371
  2  Si  3.347900274134  5.471978910424  3.243941660715  0.383115010089  -0.287455345266  -0.090022717100
  3  Si  3.346588002430  5.527144147587  7.646943106058  -0.081103019932  0.698211876333  1.861174603837
  4  Si  7.693937881170  1.030331096883  3.296448514530  -0.670563009972  -0.347430022399  -0.000423705494
  5  Si  7.683646901016  1.082761391670  7.694700464320  -0.800189247547  0.140560884155  2.031045070119
  6  Si  7.738650967225  5.421641291597  3.258504697199  -0.414007608139  -0.004582960329  -0.293535318971
  7  Si  7.745143832852  5.465850872229  7.626866900955  -0.846253134755  0.705358604992  2.376716052419
  8  Si  3.333634462895  3.256901575385  1.075725982748  -0.077086751140  -0.180844580771  -0.767674165962
  9  Si  3.316000113604  3.319791392412  5.460921530107  0.287076418895  -0.325634308146  -0.236744191261
  10  Si  3.403455808888  7.657092406905  1.017408449594  0.689740181342  1.854362106490  0.017469715053
  11  Si  3.399250817946  7.705537738187  5.397929580788  0.299719798949  1.909557743345  0.614920729281
  12  Si  7.724883684183  3.208528994205  1.064191495072  -0.535026007789  -0.408842483936  -0.334587248968
  13  Si  7.710470024029  3.242946720476  5.475068440656  -0.568739771570  0.090701331022  -0.362799426974
  14  Si  7.777827792523  7.609596741778  1.043048574084  0.230558219952  1.824616873862  -0.466181348587
  15  Si  7.794385093164  7.652781979870  5.436675496120  -0.226336498658  2.089819950027  0.007955994288
  16  Si  1.124100630925  1.098062843184  1.083264970742  2.140244518723  -1.900387547198  -1.061426999664
  17  Si  1.108515632548  1.149407165569  5.488069841692  2.501411101447  -1.981741514473  -1.206454734978
  18  Si  1.187335406569  5.485689135306  1.036573700743  2.114411008356  -1.559376402963  -1.183266004763
  19  Si  1.169288666957  5.527044198454  5.433060295040  2.619806177601  -1.560952144439  -1.162571211403
  20  Si  5.495308443378  1.027980464703  1.093367858144  -0.041163541150  -0.402512001807  -0.549696820504
  21  Si  5.497031394735  1.094243068316  5.494556328428  -0.138190685832  -0.803367757233  -0.116803298364
  22  Si  5.551704489617  5.429178114263  1.038770518582  0.292230736392  -0.403543625778  -0.406194183689
  23  Si  5.568609389364  5.496562282999  5.437724193750  -0.580590666037  -0.489103224070  -0.021506355524
  24  Si  1.133662672278  3.314546742473  3.262544185055  2.400153858998  -1.411321130499  -0.927661244986
  25  Si  1.128257567844  3.378825127833  7.659956034613  1.644568737017  -0.409861667374  1.891853316500
  26  Si  1.200684285622  7.714591139953  3.203158219277  2.524168712265  0.824048924550  0.302992352227
  27  Si  1.202453904684  7.757253226430  7.616071197430  2.011427325103  1.822051405356  2.198217285634
  28  Si  5.530943677633  3.253063833356  3.276378468474  -0.209017192248  -0.291466629445  -0.354097642120
  29  Si  5.515622699075  3.304762705187  7.663980244931  -0.304263735731  0.619824605148  2.032707557912
  30  Si  5.585333293090  7.655753055128  3.215234501603  0.678125835787  1.899744768158  0.545223233592
  31  Si  5.571337725333  7.699266629749  7.604783969037  0.737275011718  2.303561701914  2.391549618840
  32  C  0.399021126289  8.815824094191  0.013086473283  -2.108285848903  -1.647522900407  -1.893603316293
  33  C  0.366850687682  8.866818945565  4.413898337495  -1.885805518962  -0.761373334172  -0.069173697889
  34  C  0.174065609858  4.463534448627  8.918631211922  -1.097275852310  0.578505647238  -1.870207376997
  35  C  0.191022074634  4.330531424976  4.365568187424  -2.030275085250  1.403319697094  1.025481844694
  36  C  4.594401056045  9.066870773877  8.936033760864  -0.814525855056  -1.964441726771  -1.696345996381
  37  C  4.630059837411  8.923661109585  4.404419529292  -0.783453385071  -1.692061291851  -0.504593493744
  38  C  4.413646892129  4.533694116041  8.892853337779  0.205576856955  -0.754075539762  -1.368691426939
  39  C  4.446610528621  4.364062002194  4.355325156945  0.134770296316  0.674764545053  0.139792246199
  40  C  0.172448483723  2.106883110252  2.202474593110  -2.062732497834  1.450601843882  0.426119450998
  41  C  0.167211592187  2.163234472273  6.582051037208  -2.245340280291  1.690377811434  1.169819462604
  42  C  0.226258066188  6.491844826720  2.143271416175  -1.935630356627  1.672449198323  0.925504276929
  43  C  0.233990091152  6.540314024847  6.520263809690  -1.995470782815  1.848953557852  1.588956606145
  44  C  4.404324271016  2.150102108584  2.179612061202  0.332328566413  0.217530714008  0.035448475409
  45  C  4.412848681367  2.226242994599  6.563684872736  -0.175528832940  -0.038115363571  0.293991584200
  46  C  4.484387079345  6.538397229928  2.137995492320  -0.099376789413  0.404386172161  0.080064521874
  47  C  4.461231459611  6.610609981852  6.532607840423  0.219346482943  -0.042365501282  -0.005381942076
  48  C  2.429748586687  8.922447311146  2.208093105583  -0.457986157122  -1.922316397682  -0.701656981258
  49  C  2.406150256413  8.976634321015  6.608174208900  -0.178505692675  -1.792161142882  -0.665532844569
  50  C  2.246301234669  4.382900066030  2.156901635388  0.285211268680  -0.046648793849  -0.043535601365
  51  C  2.257947326889  4.442045960252  6.539826514256  -0.149178782002  -0.017048283578  0.465030938121
  52  C  6.821547378945  8.875097828842  2.214103926714  -0.773616857319  -1.785217126038  -0.569656024653
  53  C  6.811099371071  8.897711692906  6.600237520108  -0.570971480698  -1.188927298684  -0.250269379871
  54  C  6.650449779099  4.315326105190  2.154505008349  -0.253254879720  0.412036982693  0.174038970538
  55  C  6.626344472094  4.371811295351  6.544031914254  0.177358529585  0.354006497287  0.328038016649
  56  C  2.176554733814  2.358713350208  8.918921787539  0.688800342156  -0.411618360088  -1.742372285356
  57  C  2.221399812593  2.230595464341  4.358450725055  0.088705945584  -0.377965836057  0.401739685096
  58  C  2.250449172429  6.752232581647  8.879439932369  0.505738043768  -0.628005979376  -1.666872718074
  59  C  2.278816964080  6.585457890336  4.315350041105  0.209460678390  0.548034555945  0.280648588385
  60  C  6.575108917680  2.296868781849  8.930419991046  0.226432754831  -0.330839447632  -1.776589118378
  61  C  6.602559072924  2.138881681066  4.381087097582  0.199450562866  0.492295687764  0.060092763110
  62  C  6.628882795561  6.695946821026  8.885589850618  0.469774250190  -0.262817636539  -1.693048460777
  63  C  6.671812428685  6.558867447473  4.338049095479  0.192614998840  0.340375743515  0.074222760589


MDSTEP:  5
LATTICE_CONSTANT: 1.889726125458
LATTICE_VECTORS
  8.626621831038  0.000000000000  0.000000000000
  0.238767848833  8.926639794168  0.000000000000
  -0.040389097981  0.201450271947  8.944398715753
VIRIAL (KBAR)
  29.100345875357  -61.577120493041  0.521568311522
  -61.577120493041  -44.687740842801  -30.541010096878
  0.521568311522  -30.541010096878  -51.586597525494
INDEX    LABEL    POSITIONS    FORCE (eV/Angstrom)
  0  Si  3.297156321174  1.080636646336  3.283741963467  -0.042715335530  -0.431917608839  0.228040187430
  1  Si  3.294110360616  1.156725400489  7.680740752670  -0.358635978232  -0.127941149310  2.036854920380
  2  Si  3.346956079603  5.468477127342  3.243215811602  0.309620846853  -0.176384823015  -0.001101646375
  3  Si  3.342807521017  5.528334026609  7.652007707785  -0.036421060660  0.638802620717  1.726984507572
  4  Si  7.690010179154  1.033703968906  3.293224985077  -0.586025566235  -0.466876328271  0.113085187894
  5  Si  7.686235155937  1.081042104904  7.694411215294  -0.883539406378  0.173082127228  2.027380695644
  6  Si  7.738089490034  5.421945727735  3.260722058560  -0.465350921457  -0.010580032297  -0.347056891282
  7  Si  7.749300521107  5.470433802335  7.623790176870  -0.958853153977  0.649175805963  2.476689247021
  8  Si  3.329071154448  3.252610742602  1.079226917111  -0.028416028198  -0.115715945577  -0.866575060258
  9  Si  3.319878901337  3.315324443503  5.460075157840  0.171221856183  -0.154070597455  -0.273957881006
  10  Si  3.400700973159  7.655078793121  1.020048510628  0.726070508200  1.853925813636  0.006526186785
  11  Si  3.400515605366  7.702159633653  5.397776453131  0.279969468109  2.013085164363  0.599612020720
  12  Si  7.723838651418  3.208009467176  1.065040008171  -0.460892938094  -0.318014386760  -0.428804977659
  13  Si  7.713449357148  3.243577061876  5.472126401569  -0.749935814882  0.120827993162  -0.195488842208
  14  Si  7.780776052347  7.611856303404  1.038832378864  0.134944024469  1.850502151273  -0.383509727227
  15  Si  7.798683874376  7.653264938823  5.435585483624  -0.274208258579  2.055645577439  -0.010818668650
  16  Si  1.123494565358  1.101486601462  1.086844455459  2.095064224680  -1.940859655762  -1.194870310282
  17  Si  1.105620979177  1.152519520906  5.491209238398  2.493043100991  -2.032881762693  -1.270984198422
  18  Si  1.185145432197  5.489140637731  1.040223229966  2.002856647824  -1.630078709410  -1.183702162215
  19  Si  1.166306116222  5.529544452737  5.437092725979  2.698283161906  -1.563540528309  -1.239429377312
  20  Si  5.495377554539  1.023156033633  1.090229295375  -0.038378911211  -0.238808273467  -0.450860827347
  21  Si  5.494970361632  1.095173614063  5.492263227379  -0.038702835989  -0.853740525911  -0.044449248292
  22  Si  5.554157814835  5.424653922240  1.040729797988  0.197813526621  -0.338182116791  -0.512084267295
  23  Si  5.566995448600  5.499914289532  5.435683942599  -0.522463509055  -0.520136125309  -0.006596626735
  24  Si  1.134986228020  3.315720105530  3.266556216572  2.225543199894  -1.393227893083  -0.874524189388
  25  Si  1.129996374701  3.379988207839  7.659970839457  1.592934010344  -0.373438323875  1.873518758214
  26  Si  1.196901660681  7.719567656059  3.201972936295  2.577262260669  0.698432744910  0.314967059436
  27  Si  1.207170134111  7.754087727029  7.614599320792  1.943578469962  1.957334408973  2.233834850966
  28  Si  5.533720080134  3.250986736329  3.273286102732  -0.308360574502  -0.146961015041  -0.295228903679
  29  Si  5.517691546696  3.303846971998  7.660013504500  -0.320617539739  0.689317593431  2.103023981307
  30  Si  5.587440596848  7.660091158005  3.210801461041  0.633031382188  1.810004181276  0.636663531697
  31  Si  5.575246503909  7.696999034544  7.606922639611  0.648463711348  2.248963824122  2.285381505818
  32  C  0.392238000929  8.820655149879  0.014107333703  -1.962306668320  -1.699227624429  -1.856787471301
  33  C  0.370689853723  8.862964742000  4.414533239968  -2.016494697104  -0.548206350887  -0.081011434049
  34  C  0.168195503961  4.468753774361  8.913120812085  -0.954141483639  0.510963702289  -1.734166851745
  35  C  0.183790608036  4.330974097018  4.371611912651  -1.826816225381  1.404688915541  0.865613222425
  36  C  4.594409166007  9.064732071926  8.939833749444  -0.829571112732  -1.954884377255  -1.767625863081
  37  C  4.635355440458  8.920662157215  4.410613352171  -0.937869207300  -1.639443618443  -0.679128785151
  38  C  4.409097319210  4.528569800658  8.888095797076  0.267472575145  -0.680683470354  -1.211329950449
  39  C  4.444695600140  4.370643053836  4.357287662167  0.229116332149  0.471563325322  0.042018141671
  40  C  0.168868900469  2.109719352370  2.203068512973  -1.985579479384  1.456598851326  0.448413059043
  41  C  0.163654318993  2.164618919486  6.585798937007  -2.183787571555  1.681777752402  1.095371730019
  42  C  0.217729387292  6.495359517200  2.145743409540  -1.747233098166  1.617500015435  0.880723572613
  43  C  0.235189517172  6.542090380880  6.527260341694  -1.981233659128  1.854642383788  1.448891449197
  44  C  4.400849936415  2.152813443736  2.182881087297  0.386012886611  0.092853742875  -0.035313983434
  45  C  4.412192501960  2.230382604965  6.559242794152  -0.097430648336  -0.175346792107  0.393455790099
  46  C  4.481777852291  6.536320560401  2.140055082374  -0.052834406749  0.411976289706  0.024812103493
  47  C  4.456806771924  6.606865221106  6.525724914420  0.300477767056  0.048084669857  0.239716135381
  48  C  2.424144790010  8.919711826879  2.203366464997  -0.361788896485  -1.851836450844  -0.604773818131
  49  C  2.404347076918  8.979214370200  6.602281426172  -0.073726623705  -1.816247502270  -0.501149507081
  50  C  2.239486602273  4.377725553922  2.160413639816  0.352232782135  0.071011240188  -0.107859546445
  51  C  2.258269529952  4.442375820918  6.536539438941  -0.156016576901  -0.043837509393  0.516740187969
  52  C  6.816941972245  8.874267702913  2.219391048655  -0.713058002070  -1.749431663927  -0.711305999054
  53  C  6.815619449077  8.892928804196  6.598838116452  -0.641166486171  -1.063593592975  -0.245178787336
  54  C  6.653711023391  4.315322155544  2.148748876610  -0.296586958685  0.390539574894  0.330398952251
  55  C  6.625958012152  4.378479722818  6.549803889041  0.218578437751  0.269291966579  0.137132366163
  56  C  2.179135043899  2.355003179399  8.913394901287  0.630704318464  -0.376051437576  -1.610797917857
  57  C  2.218259166815  2.229545605748  4.358169660786  0.134828444862  -0.377231009344  0.437113403550
  58  C  2.247999098196  6.752980140175  8.883540032403  0.545039193469  -0.622149839846  -1.688493310807
  59  C  2.279200062937  6.592724555583  4.317800135604  0.137123442722  0.377174191142  0.162589317060
  60  C  6.577381664280  2.303619865639  8.933314621752  0.119029916745  -0.506416557293  -1.837409610396
  61  C  6.601122952191  2.139501865637  4.378566534842  0.232873831192  0.503805595568  0.115221846101
  62  C  6.631237358972  6.699210632152  8.889499097995  0.420748244157  -0.326401337614  -1.733870002245
  63  C  6.672454909617  6.560360382675  4.332316021003  0.187221061825  0.342772712329  0.185472726279


MDSTEP:  6
LATTICE_CONSTANT: 1.889726125458
LATTICE_VECTORS
  8.626621831038  0.000000000000  0.000000000000
  0.238767848833  8.926639794168  0.000000000000
  -0.040389097981  0.201450271947  8.944398715753
VIRIAL (KBAR)
  28.655267092049  -61.191880026263  0.336854696840
  -61.191880026263  -44.920475577506  -30.834362312822
  0.336854696840  -30.834362312822  -51.669028342483
INDEX    LABEL    POSITIONS    FORCE (eV/Angstrom)
  0  Si  3.301873351364  1.078638700638  3.284622899799  -0.181331494724  -0.477391485155  0.224001037567
  1  Si  3.289195255156  1.159695363638  7.681626490242  -0.299938434699  -0.189598734016  1.968877044997
  2  Si  3.351513105448  5.467653549139  3.246197293961  0.209469550578  -0.169636492675  -0.009839347940
  3  Si  3.339004955630  5.530707955421  7.649794478112  -0.080503534608  0.626534804956  1.680156892431
  4  Si  7.690827985598  1.028379143015  3.296612568923  -0.548427317662  -0.373068370012  -0.057998133856
  5  Si  7.685648750941  1.081340089554  7.698160702871  -0.885855903397  0.163915852526  1.955546360644
  6  Si  7.734013218631  5.418450036242  3.263498187094  -0.352755818277  0.116880569685  -0.305184333372
  7  Si  7.753436531459  5.471254028849  7.622452263261  -1.012311438987  0.661049236743  2.483548711028
  8  Si  3.326416444480  3.249355171769  1.074013765361  0.069544415564  -0.110492616000  -0.716491527549
  9  Si  3.315867596288  3.317656602323  5.461197266384  0.167353958980  -0.209667693482  -0.253615361170
  10  Si  3.397925820566  7.657585371129  1.024664544535  0.792310468873  1.730538805898  -0.071965461467
  11  Si  3.403636917142  7.705176120787  5.400363029618  0.160389485417  1.926840487947  0.519709633577
  12  Si  7.721644296156  3.209428640465  1.061263165714  -0.442250991507  -0.416588409674  -0.362561963920
  13  Si  7.708890435406  3.246604072646  5.475831311563  -0.680072692715  0.080891785717  -0.289656127547
  14  Si  7.778961725588  7.611249545510  1.042555390408  0.129036848414  1.802255558062  -0.479033018544
  15  Si  7.794830590795  7.657692917357  5.434427927504  -0.153623331007  2.013953680050  0.089945713271
  16  Si  1.128755352756  1.105872317595  1.087035192299  1.998834878136  -2.054179500909  -1.178839588516
  17  Si  1.108666722692  1.156091917415  5.486723903044  2.397511686447  -2.070680953470  -1.095311820965
  18  Si  1.180586872656  5.484959340992  1.037799190593  2.128487222734  -1.531654992402  -1.129621843780
  19  Si  1.162318153714  5.526563014571  5.431787503614  2.740148079487  -1.342059063845  -1.081963119671
  20  Si  5.496912772695  1.022852238892  1.092311777854  -0.166340799121  -0.332381896230  -0.523084088877
  21  Si  5.495872132941  1.092436562642  5.491563101258  -0.167113889612  -0.846745055390  -0.122979519070
  22  Si  5.552274294697  5.425305100164  1.036150315984  0.180373091896  -0.355172117485  -0.490212012499
  23  Si  5.566482078988  5.501448801724  5.439510747549  -0.559249155773  -0.515257512202  -0.071810085801
  24  Si  1.133941870839  3.320341110439  3.263595227119  2.306520662975  -1.641104341865  -0.815320431607
  25  Si  1.127342324207  3.375953351166  7.656428572343  1.659251188272  -0.259282490052  1.908898202474
  26  Si  1.198679061482  7.715194944155  3.197700598756  2.628448226856  0.802646659999  0.495108883907
  27  Si  1.204083938430  7.757583900136  7.620504119930  1.966392335245  1.913697061768  2.046181353523
  28  Si  5.531058672161  3.253760476443  3.269453633860  -0.237865662763  -0.202401474054  -0.109589202506
  29  Si  5.518255673557  3.307240190443  7.659807788169  -0.449861498072  0.525748486903  2.005548930131
  30  Si  5.588700054809  7.660170660972  3.215117355187  0.582862817903  1.739649781063  0.559155899309
  31  Si  5.573501510676  7.692897281047  7.604114067694  0.578344380611  2.315628248056  2.235091070870
  32  C  0.394629023539  8.816876046636  0.016317474946  -1.975175622808  -1.587753719153  -1.853259847841
  33  C  0.374327285308  8.867623314380  4.412766006104  -2.035405782998  -0.720309702545  -0.102578809338
  34  C  0.170517923346  4.463473466859  8.909800064109  -1.049848042931  0.564022647587  -1.700822482102
  35  C  0.189367245258  4.329540086970  4.372429499731  -2.064919979741  1.409771230981  0.857992829510
  36  C  4.586362451055  9.069986869190  8.939506231734  -0.739028920624  -2.011566454163  -1.680725139282
  37  C  4.628546857966  8.912406496886  4.407454524532  -0.728901033509  -1.513148370925  -0.579434986266
  38  C  4.403089164027  4.525200241711  8.880804492907  0.365829404254  -0.623851750740  -1.098356816182
  39  C  4.440974939251  4.377253763181  4.363853371032  0.354331194958  0.285254188862  -0.055928874850
  40  C  0.169973401718  2.110691085944  2.201107799977  -2.045447499815  1.448909323736  0.482125352365
  41  C  0.162841150987  2.170786140146  6.584927915894  -2.183167069351  1.467600281558  1.079827640569
  42  C  0.219795217966  6.497418861661  2.150309458291  -1.831483278340  1.447231379156  0.747464992165
  43  C  0.232745486323  6.541573920746  6.529358155013  -1.912953037037  1.911391802161  1.317114029961
  44  C  4.406628974872  2.145947014594  2.186119458489  0.254994123269  0.271279621069  -0.137353521549
  45  C  4.407631908244  2.222321261065  6.552239592776  -0.010847836113  0.054029251982  0.531717013852
  46  C  4.485398916116  6.529374302585  2.147604516580  -0.091321042369  0.545855971118  -0.152917043976
  47  C  4.453780483751  6.601595060693  6.518484699991  0.345744461414  0.147182231713  0.408603442073
  48  C  2.425996819134  8.914716027398  2.200648704126  -0.369713303365  -1.722700158976  -0.547659480238
  49  C  2.408135874176  8.978366047318  6.597855207049  -0.186976793437  -1.758895901658  -0.412908811395
  50  C  2.242125931778  4.373069212357  2.164128589855  0.351929530766  0.187024468865  -0.230476121382
  51  C  2.250156053008  4.446591904638  6.537548771266  -0.058615159370  -0.151538832435  0.490543058906
  52  C  6.814653677965  8.872559466707  2.212150277700  -0.632548823652  -1.760280993558  -0.514701399005
  53  C  6.809223863316  8.898942615021  6.597989080346  -0.528637764220  -1.173226831031  -0.197422880032
  54  C  6.656549748500  4.319949434262  2.149444786574  -0.386718743914  0.306934611456  0.242594622581
  55  C  6.624453713134  4.386550874950  6.550447659471  0.248741867927  0.118801829339  0.162232334969
  56  C  2.178666140789  2.358195829034  8.913380944468  0.609380050755  -0.436240503209  -1.678912393918
  57  C  2.216897825952  2.221446044179  4.362515618530  0.173765667017  -0.137279937881  0.237598178100
  58  C  2.247558101948  6.754850089780  8.874646669522  0.544824040510  -0.704855992606  -1.442361408955
  59  C  2.284223042818  6.591221692488  4.319028042675  0.033054226958  0.418524782719  0.140521211861
  60  C  6.570342868012  2.295739986413  8.936246128966  0.264190359005  -0.289609278758  -1.896822596613
  61  C  6.606000801451  2.132468957118  4.379294304564  0.089102805577  0.694154081553  0.078832619427
  62  C  6.628836760782  6.697818922214  8.880414974287  0.496635379016  -0.324544002062  -1.565848231866
  63  C  6.671220943192  6.561649292672  4.339665522348  0.221409286701  0.314966905390  0.064630773382


MDSTEP:  7
LATTICE_CONSTANT: 1.889726125458
LATTICE_VECTORS
  8.626621831038  0.000000000000  0.000000000000
  0.238767848833  8.926639794168  0.000000000000
  -0.040389097981  0.201450271947  8.944398715753
VIRIAL (KBAR)
  28.340498690695  -60.348519687710  0.422757770000
  -60.348519687710  -44.472649144574  -31.285585386367
  0.422757770000  -31.285585386367  -51.386548643994
INDEX    LABEL    POSITIONS    FORCE (eV/Angstrom)
  0  Si  3.306077006977  1.075672316613  3.287186872015  -0.265327818518  -0.361262834229  0.224584054173
  1  Si  3.287947947327  1.161347856736  7.684669657177  -0.274507764289  -0.193002148039  1.921756313618
  2  Si  3.356537964081  5.462900848444  3.245333783539  0.101834634386  -0.034062849357  0.003272459008
  3  Si  3.339125269755  5.530898580093  7.649673352837  -0.139538716266  0.589531141647  1.610425968110
  4  Si  7.687916971541  1.033317128627  3.291865823241  -0.567029626139  -0.382225520884  0.088520277705
  5  Si  7.682968536352  1.084246075771  7.698535959206  -0.823668933920  0.081203320058  2.010069481021
  6  Si  7.738014946535  5.421973423754  3.263489036602  -0.414294237308  -0.008693571620  -0.264910744335
  7  Si  7.754635145785  5.472589672384  7.623818695422  -1.062966740348  0.705086399173  2.453600684800
  8  Si  3.322722372723  3.254191416208  1.079192991144  0.074844939704  -0.184026394159  -0.733310921566
  9  Si  3.312443900748  3.315755439502  5.461540736081  0.274364822387  -0.211111482558  -0.332197568053
  10  Si  3.394130361426  7.654899758827  1.027984995738  0.849342074091  1.686579836309  -0.166356534218
  11  Si  3.407828334214  7.707130636262  5.399887424737  0.021482664368  1.844353234130  0.435093712774
  12  Si  7.722278488683  3.209814019621  1.061506989962  -0.438852058690  -0.466340516496  -0.395992365549
  13  Si  7.714299748462  3.241591376991  5.470358609098  -0.781435093637  0.130361629038  -0.046133247323
  14  Si  7.778233713762  7.609822569987  1.047800733927  0.119904224069  1.813102856361  -0.628870052641
  15  Si  7.794995604921  7.659679742595  5.437001461814  -0.138626180358  1.977406959739  0.021105680034
  16  Si  1.135080225410  1.104867509337  1.086939118729  1.937838146991  -2.063594523028  -1.190443507088
  17  Si  1.109507300754  1.150910877610  5.482048113415  2.329316362317  -1.809152375576  -0.891231219282
  18  Si  1.176131290224  5.481962472196  1.032268864059  2.271507486360  -1.404642195742  -1.045613664232
  19  Si  1.157781126514  5.525867045069  5.430161371712  2.814716881440  -1.256190059469  -0.978722584672
  20  Si  5.497524781415  1.024152439652  1.093314466810  -0.307864754937  -0.354199448921  -0.530026377818
  21  Si  5.494112097137  1.091979417382  5.488278846066  -0.171007722702  -0.807794877622  -0.045219859528
  22  Si  5.555696441057  5.420086006417  1.038985349705  0.093464559584  -0.312866254766  -0.526265404305
  23  Si  5.564301557895  5.496100707576  5.443165989966  -0.482726399908  -0.525089503108  -0.132266738298
  24  Si  1.133089638903  3.319550846275  3.259231949426  2.359335959139  -1.612515338059  -0.587096261633
  25  Si  1.125960684950  3.381572552788  7.660013083143  1.668715442663  -0.336521781656  1.794985687999
  26  Si  1.194456067253  7.721100193358  3.194783351922  2.723001109502  0.617473482670  0.485156201183
  27  Si  1.205659363928  7.758170813472  7.619367030443  2.011339192718  2.043364363804  2.043315930864
  28  Si  5.533294286268  3.254150545181  3.270822216052  -0.336408340227  -0.226010610467  -0.111184843642
  29  Si  5.520993162703  3.308118969194  7.655951157833  -0.643034491439  0.360219401437  2.067972733096
  30  Si  5.584820953474  7.656418673170  3.217895163804  0.671750080542  1.845295203626  0.501914458799
  31  Si  5.576520203774  7.693357498454  7.601584437274  0.516168405595  2.293562312774  2.254973286938
  32  C  0.401139080734  8.811484014887  0.010734291155  -2.032982891811  -1.473313216002  -1.739114718411
  33  C  0.376639620442  8.868629603739  4.409423877083  -2.172193284349  -0.672878788991  -0.109548158222
  34  C  0.170507040537  4.471738627131  8.913569783918  -1.128148834801  0.367134462937  -1.795567963835
  35  C  0.191039223746  4.326758233102  4.378241467543  -2.106774125621  1.402430581478  0.671580022313
  36  C  4.584835915123  9.065360295827  8.943145102905  -0.749640665039  -1.901305650520  -1.726589912827
  37  C  4.631049508605  8.918298375460  4.403128186508  -0.697848783769  -1.695410013456  -0.516099909535
  38  C  4.394915493735  4.526607997088  8.885506129637  0.501425463433  -0.616847418593  -1.119988232920
  39  C  4.443684388939  4.375072114477  4.361717951848  0.296776631786  0.285217492662  0.015199300103
  40  C  0.172546209096  2.111948349301  2.201495420005  -2.047402283803  1.378374493635  0.389699114108
  41  C  0.160515216329  2.167628573290  6.594024967880  -2.029288476076  1.445888017765  0.808905020460
  42  C  0.221451495649  6.493599632448  2.146280913232  -1.890583732897  1.572073700985  0.839255531138
  43  C  0.238983902485  6.550816976863  6.536114162902  -2.014240159142  1.658429433075  1.122722568028
  44  C  4.402607162066  2.145962994143  2.190777128353  0.344179193747  0.300028835236  -0.221836729971
  45  C  4.399790515473  2.216751435527  6.544778368223  0.167142630586  0.148962208671  0.709819407515
  46  C  4.491357644675  6.532008726748  2.145324683465  -0.212672701395  0.404214759265  -0.095162865220
  47  C  4.456337290118  6.598255379307  6.515021312037  0.315979514973  0.212884350099  0.472083449187
  48  C  2.432860049595  8.910148742144  2.207068073413  -0.501069498009  -1.628989941421  -0.667717291683
  49  C  2.411987822873  8.984936528791  6.593229996824  -0.209784498683  -1.910394783968  -0.334476715291
  50  C  2.235578266578  4.376676766262  2.168485303171  0.456840115811  0.154815485500  -0.356446139688
  51  C  2.252020949613  4.440613277497  6.529406153395  -0.144823150735  0.031661837410  0.677239696640
  52  C  6.815545117681  8.877158077044  2.206960368884  -0.618358862793  -1.842005430410  -0.379495632142
  53  C  6.814311816558  8.903045885546  6.592019634468  -0.626614541408  -1.213672677581  -0.120949969690
  54  C  6.658707636585  4.312273047712  2.152368898842  -0.360105238931  0.449998502499  0.225888643556
  55  C  6.623148048160  4.379632711545  6.556436018698  0.393995445183  0.260632092674  0.011517217696
  56  C  2.178503852587  2.365605913663  8.911344202363  0.603712474036  -0.518969235199  -1.566480503218
  57  C  2.222970641987  2.222633323116  4.367302539767  -0.010183649628  -0.193525440178  0.042498666750
  58  C  2.241395339579  6.753999624349  8.866158609101  0.667748238867  -0.722696230668  -1.267200263835
  59  C  2.275766449959  6.586533765442  4.311052908863  0.205683977301  0.534396000433  0.258262193031
  60  C  6.566520461196  2.292394867471  8.938833727813  0.346748513732  -0.187252501582  -1.948083653525
  61  C  6.597837571785  2.140568115359  4.386354097163  0.302463151597  0.502487574103  -0.121542026443
  62  C  6.621206260520  6.697757293400  8.883424209459  0.637724772790  -0.312355735733  -1.586709473353
  63  C  6.667334936616  6.558871969331  4.340288235420  0.320657147881  0.341749380863  0.117434293345


MDSTEP:  8
LATTICE_CONSTANT: 1.889726125458
LATTICE_VECTORS
  8.626621831038  0.000000000000  0.000000000000
  0.238767848833  8.926639794168  0.000000000000
  -0.040389097981  0.201450271947  8.944398715753
VIRIAL (KBAR)
  28.148864479254  -60.346960631090  0.084586688639
  -60.346960631090  -44.611190435730  -30.974213407597
  0.084586688639  -30.974213407597  -51.441860826247
INDEX    LABEL    POSITIONS    FORCE (eV/Angstrom)
  0  Si  3.305188879522  1.081303916665  3.288241960394  -0.358068218576  -0.543264339387  0.240140935070
  1  Si  3.282825990492  1.159826989952  7.687523950299  -0.093832761976  -0.127400885279  1.857445787290
  2  Si  3.361818081519  5.467126962760  3.246838384272  -0.007653049971  -0.165748715823  0.023701248793
  3  Si  3.337687339495  5.533362621929  7.646492065755  -0.096154506230  0.588962466812  1.732545821235
  4  Si  7.683415021198  1.036954186353  3.294112685986  -0.399319902823  -0.541338160536  0.100631673597
  5  Si  7.679372361294  1.088224497562  7.704058923493  -0.693228694460  0.083046164275  1.905701491101
  6  Si  7.735019583630  5.416931147782  3.259889466040  -0.177115785192  0.108063476156  -0.067619809025
  7  Si  7.748158717118  5.468149502201  7.620308382059  -0.824480900556  0.871031142756  2.558936831631
  8  Si  3.327710631349  3.249947172982  1.080878895612  -0.061103349285  0.117878284620  -0.787559393261
  9  Si  3.314352083928  3.314793503707  5.467383256920  0.274994108770  -0.245464428461  -0.416342466643
  10  Si  3.390486696808  7.659943792559  1.033489204045  0.788617305102  1.516245037928  -0.330228680689
  11  Si  3.411029191573  7.713352219842  5.397992700536  -0.035149430454  1.718953070438  0.475684576474
  12  Si  7.721364280629  3.214335905430  1.057413567248  -0.516917409631  -0.517401785204  -0.301933602104
  13  Si  7.708620325755  3.238777268398  5.474797887224  -0.736847613802  0.346985430031  -0.196891584680
  14  Si  7.775280396865  7.609430411349  1.049657186998  0.230903708450  1.825262401529  -0.658805096802
  15  Si  7.800320920128  7.662181822006  5.436880739205  -0.121040489605  1.871340912311  0.054816053687
  16  Si  1.139800316995  1.109279278156  1.087513880067  1.843578646643  -2.091831218082  -1.267446299630
  17  Si  1.104702324732  1.155449807660  5.484194265301  2.382802862051  -1.955014072948  -0.902090778758
  18  Si  1.173104210629  5.485451918787  1.036331954488  2.220602902365  -1.418646309500  -1.144652543861
  19  Si  1.163029494123  5.525070420203  5.427207035690  2.674551109731  -1.187865881153  -0.798195233619
  20  Si  5.501506043374  1.025881235101  1.088827895306  -0.370673860580  -0.469278190094  -0.539868010447
  21  Si  5.497550737917  1.090594860732  5.483395791913  -0.238320248879  -0.896339129068  0.012681091370
  22  Si  5.551030743432  5.424259037186  1.044770127160  0.128332910345  -0.392802994735  -0.614000357707
  23  Si  5.561631528494  5.500940864483  5.440076232940  -0.383980938406  -0.618783752655  0.006593856997
  24  Si  1.129700121660  3.314871913666  3.261121889465  2.431421537771  -1.588587064387  -0.709603174192
  25  Si  1.130557404246  3.376553926452  7.658393129908  1.521434998118  -0.188321807598  1.795901319426
  26  Si  1.193136012427  7.726614659747  3.191683123746  2.805960672427  0.458986983224  0.491353429998
  27  Si  1.211229552219  7.764720932163  7.615811565507  1.953266988444  2.049840627535  2.126418152319
  28  Si  5.534359246571  3.249962578844  3.276649583514  -0.418684694785  -0.090491243836  -0.331601363680
  29  Si  5.520224092903  3.302262782218  7.656011107040  -0.672160186074  0.528268135263  1.963981471460
  30  Si  5.588036473436  7.661310705650  3.213116579996  0.667469899004  1.655397271233  0.592372342816
  31  Si  5.581528789364  7.695749924218  7.602452068782  0.429311845249  2.259635674694  2.284049544271
  32  C  0.408856266229  8.814976099978  0.006619136089  -2.130793334904  -1.427304130735  -1.694268303920
  33  C  0.383961438948  8.859529678305  4.404889150546  -2.337808733518  -0.330342512868  0.070564672431
  34  C  0.164606611586  4.466457410461  8.910778767210  -0.967214031050  0.494509584072  -1.741866968894
  35  C  0.196956808827  4.319055335946  4.379340670629  -2.346015413365  1.555943337168  0.755383924726
  36  C  4.579017849200  9.060960196892  8.941020113287  -0.609406489348  -1.793694275044  -1.620557274739
  37  C  4.629683237013  8.912118912864  4.401512459528  -0.626708798924  -1.529149837610  -0.550761922224
  38  C  4.397408124508  4.532505897645  8.886525777764  0.443833383961  -0.731586549757  -1.094579980424
  39  C  4.445576156444  4.371450695961  4.363911076835  0.257735419102  0.333805079450  0.008773104784
  40  C  0.162154433409  2.104363419503  2.201094854500  -1.862889186261  1.570637837414  0.349673247567
  41  C  0.151972934486  2.176891297798  6.587008883438  -1.939454407312  1.213146383883  1.003595616130
  42  C  0.222568502040  6.502908273652  2.153370562907  -1.965931810976  1.376427722755  0.680736370242
  43  C  0.246689208235  6.559856000825  6.544277871650  -2.052587836360  1.351238236473  0.854838675252
  44  C  4.398354532944  2.139510881358  2.182878859343  0.499751663052  0.404109633335  -0.046230873667
  45  C  4.403452792712  2.208382197240  6.538204770317  0.114181388094  0.220551451899  0.842001250968
  46  C  4.485868786496  6.528034405522  2.144637416140  -0.102480778356  0.609316648164  -0.037858622395
  47  C  4.459940839825  6.602727421292  6.519377935493  0.247525874935  0.209996354187  0.337408104322
  48  C  2.425200372832  8.905825280055  2.207496760307  -0.326699807115  -1.423585369803  -0.610799981424
  49  C  2.415887225297  8.991446121607  6.599481587346  -0.347908601263  -1.928613774850  -0.509782046406
  50  C  2.232788343898  4.385504020260  2.175432802142  0.527088220996  -0.105861253398  -0.481271236799
  51  C  2.257439837555  4.433023716983  6.535879506965  -0.216750393856  0.197704901865  0.547421251719
  52  C  6.822323471928  8.880104856889  2.211224877113  -0.800084974756  -1.829523545022  -0.524121960317
  53  C  6.818093263615  8.906415024614  6.594792884837  -0.650215497973  -1.227289099448  -0.197013931286
  54  C  6.660559245099  4.321855260158  2.158133383912  -0.472266089406  0.178570905647  0.084268065656
  55  C  6.627291110239  4.383185070039  6.562945141745  0.162023835046  0.159617608370  -0.199072118598
  56  C  2.185077325672  2.372619740874  8.902880933412  0.517230718620  -0.684539640653  -1.360698290518
  57  C  2.219034400637  2.223852557905  4.373838550921  0.093567303124  -0.218406650069  -0.075197205675
  58  C  2.232575336410  6.756942353254  8.859221902139  0.828663484005  -0.732550837011  -1.077120695753
  59  C  2.276946081127  6.585148504822  4.303980099356  0.246625529450  0.651097664721  0.418215148922
  60  C  6.564927943839  2.296678740410  8.929285689121  0.358037829477  -0.277959630925  -1.735024606606
  61  C  6.594037569602  2.141535542187  4.380064082988  0.375163417304  0.443733614450  0.052719203503
  62  C  6.614199153541  6.695939492214  8.889789436717  0.737385089067  -0.218615766708  -1.636063609676
  63  C  6.674048231590  6.552458681903  4.342960760381  0.197885575325  0.527298809991  0.030573760666


MDSTEP:  9
LATTICE_CONSTANT: 1.889726125458
LATTICE_VECTORS
  8.626621831038  0.000000000000  0.000000000000
  0.238767848833  8.926639794168  0.000000000000
  -0.040389097981  0.201450271947  8.944398715753
VIRIAL (KBAR)
  28.026796736304  -60.163138733216  0.074891011729
  -60.163138733216  -44.928344858176  -31.078164546101
  0.074891011729  -31.078164546101  -51.823277706860
INDEX    LABEL    POSITIONS    FORCE (eV/Angstrom)
  0  Si  3.305010362220  1.084504163402  3.289992643304  -0.406152543792  -0.707779961188  0.176413299906
  1  Si  3.280073586351  1.159281079885  7.685604149671  -0.120456960616  -0.104167278954  1.753009762381
  2  Si  3.357069715466  5.464255563697  3.242911893938  0.208471168474  -0.030833630539  0.197914865559
  3  Si  3.334442687722  5.534568777086  7.650667259383  -0.129305518029  0.638427701361  1.606744472887
  4  Si  7.678042043526  1.037806418993  3.293626805479  -0.162051229663  -0.517461893437  0.110345486328
  5  Si  7.676329053255  1.083441966285  7.709484692721  -0.688438926163  0.149904590842  1.676263740026
  6  Si  7.733635166175  5.417409337535  3.261171906069  -0.208587964264  0.051958226078  0.030366649839
  7  Si  7.747543548158  5.472627981871  7.616329783571  -0.753116911809  0.780548708278  2.579870841952
  8  Si  3.329597628215  3.255481807644  1.081214775294  -0.093491388490  0.014428853543  -0.767821733323
  9  Si  3.315123606143  3.318146960371  5.469741226174  0.316003675072  -0.367121417147  -0.623475204937
  10  Si  3.386675455906  7.657290605902  1.032707271328  0.870284903518  1.528262871803  -0.305823860826
  11  Si  3.415159500850  7.714604874665  5.403541865116  -0.125758853368  1.729574491063  0.317614546000
  12  Si  7.716214788937  3.216630899629  1.053324756837  -0.491587382990  -0.476411411091  -0.187535697025
  13  Si  7.706017014651  3.244713972154  5.478305352269  -0.636758504585  0.217304592941  -0.422126403690
  14  Si  7.770033166483  7.604082810859  1.047487800957  0.487340895156  1.876273410188  -0.555906365030
  15  Si  7.800988697877  7.660601270287  5.436701824041  -0.081629215830  1.880014698579  0.013884231826
  16  Si  1.139357735120  1.111569989523  1.080765400280  1.741955730998  -2.117995332891  -0.988012281788
  17  Si  1.099194292644  1.150899231536  5.488306911548  2.558588615308  -1.790475137142  -1.120198919298
  18  Si  1.169239110795  5.489549968937  1.039299037362  2.392380542110  -1.512101107139  -1.264003835047
  19  Si  1.166483160354  5.523368433238  5.427174558476  2.597872860554  -0.970257607852  -0.826772659818
  20  Si  5.499858163614  1.026900318592  1.092266447050  -0.384760481742  -0.456426318786  -0.654023117314
  21  Si  5.501836214164  1.089053243525  5.481129913745  -0.318377102457  -0.840116751814  -0.103603958879
  22  Si  5.554271556973  5.424474872154  1.038205330614  0.080565323037  -0.318642430450  -0.461595529296
  23  Si  5.567267625906  5.505285265099  5.446098507541  -0.784315476129  -0.744430196508  -0.119256328208
  24  Si  1.133322179659  3.320112954133  3.254367082289  2.334035753127  -1.844428569697  -0.541730052781
  25  Si  1.125367413665  3.376429015250  7.656832006025  1.614649524511  -0.233919663311  1.744321664104
  26  Si  1.194745939902  7.732192561279  3.186126810418  2.777715839592  0.356724369246  0.792986463518
  27  Si  1.212789856881  7.771075099460  7.613494407651  2.024711516260  1.969718974464  2.137896335437
  28  Si  5.532970860938  3.244397089242  3.271517032137  -0.344145060695  0.080409388563  -0.184455973625
  29  Si  5.515552581736  3.306001067060  7.656929667821  -0.612998652619  0.378428084084  1.909220831595
  30  Si  5.590623298940  7.657359307016  3.208187861093  0.588949296855  1.684971861911  0.705885191090
  31  Si  5.581101448401  7.702929830393  7.603427208449  0.410856700685  2.154625428599  2.272862570091
  32  C  0.372430596524  9.019934468038  8.940458853009  -2.142769935183  -1.557582889553  -1.537520268995
  33  C  0.388068238840  8.862713462764  4.412741740975  -2.509500640646  -0.467946394133  -0.215678467667
  34  C  0.168994249240  4.464539522799  8.915998629528  -1.071980893563  0.566311748991  -1.884241939489
  35  C  0.200306183906  4.319280233882  4.376448901477  -2.391812105035  1.565581439255  0.858194997675
  36  C  4.570406014754  9.069507667216  8.934482395976  -0.448038012695  -1.895383275802  -1.439035216222
  37  C  4.622328607413  8.912213089563  4.394448072903  -0.368853218896  -1.544955609359  -0.418398681389
  38  C  4.396278747460  4.541363289743  8.880587271994  0.492191252261  -0.911467066656  -0.983592199003
  39  C  4.446648706133  4.364348015441  4.354272136131  0.270511308392  0.512334171460  0.216866834654
  40  C  0.151870719806  2.111884890368  2.194843496866  -1.624185899880  1.400757452664  0.341188969986
  41  C  0.143805431488  2.173220980816  6.581049241980  -1.890379729382  1.344510806389  1.211513568109
  42  C  0.224696587055  6.495018615865  2.161831842489  -2.094646270880  1.654482546797  0.578628557365
  43  C  0.249575317427  6.567956503242  6.546302543738  -2.042869637268  1.125996701070  0.745550908865
  44  C  4.401061244405  2.141989540002  2.191890180939  0.439551288783  0.347001957656  -0.334559745536
  45  C  4.402443273437  2.205921732621  6.536878996314  0.149066713570  0.268563693957  0.888888511881
  46  C  4.491212262459  6.527789561340  2.142567586183  -0.208342848312  0.564705334093  -0.124535682487
  47  C  4.450303950838  6.605336226564  6.528957730309  0.505037720424  0.172199613886  0.263604767560
  48  C  2.418505864798  8.895610289199  2.215734317342  -0.261030650686  -1.145940248882  -0.868169360334
  49  C  2.414142074681  8.991716562818  6.590403848030  -0.266794954665  -1.915672261595  -0.301895975954
  50  C  2.232125712673  4.388477067250  2.182663347865  0.539050236980  -0.096685054947  -0.787748279532
  51  C  2.259673038735  4.439656712141  6.529265946330  -0.288458051084  0.031357099533  0.767404986330
  52  C  6.827347855107  8.878791080832  2.204780801768  -0.885083992155  -1.878746772781  -0.447752822979
  53  C  6.821126860883  8.900094379885  6.585601004354  -0.700969753930  -1.119104429374  -0.013737360476
  54  C  6.655048148111  4.328994826600  2.161347109916  -0.406748305549  0.014172586249  -0.090916615035
  55  C  6.621312386028  4.379182552932  6.553268007060  0.283231186176  0.314060269410  0.104213402673
  56  C  2.187407398139  2.363339289346  8.901561959295  0.551128729322  -0.433299640295  -1.393089151475
  57  C  2.229010339500  2.215136442289  4.365966726776  -0.223126262869  0.018125508477  0.132040549514
  58  C  2.242424919656  6.751406770340  8.851499427427  0.580590677499  -0.661976330936  -0.944455837278
  59  C  2.285030709967  6.589284360093  4.309304166050  0.122723322532  0.599418554714  0.303166769044
  60  C  6.574459459556  2.288956615815  8.925912512342  0.114384643177  -0.156795923470  -1.717793444143
  61  C  6.601174380691  2.146826093674  4.374575575169  0.199187241670  0.353748624875  0.169230502891
  62  C  6.624599248004  6.696339454701  8.893125827099  0.523060492734  -0.224139904946  -1.810539621284
  63  C  6.667966281608  6.546988147053  4.352326834719  0.393426177141  0.697360149652  -0.166091688922


MDSTEP:  10
LATTICE_CONSTANT: 1.889726125458
LATTICE_VECTORS
  8.626621831038  0.000000000000  0.000000000000
  0.238767848833  8.926639794168  0.000000000000
  -0.040389097981  0.201450271947  8.944398715753
VIRIAL (KBAR)
  28.736139266179  -60.175041889753  0.623472343760
  -60.175041889753  -44.352202475238  -31.749206257086
  0.623472343760  -31.749206257086  -51.118074961813
INDEX    LABEL    POSITIONS    FORCE (eV/Angstrom)
  0  Si  3.301238386456  1.083568815600  3.294421399178  -0.253089759645  -0.699595271279  0.225988689131
  1  Si  3.285515029365  1.161263628624  7.680777818905  -0.299258751824  -0.182398139329  1.764309093175
  2  Si  3.362975990808  5.460650166709  3.238447544328  -0.025760921592  0.017865798608  0.377536744953
  3  Si  3.333138481543  5.531106908652  7.647714548510  -0.068087130158  0.675969388480  1.603521901829
  4  Si  7.678258895006  1.033364957213  3.293674518633  -0.212579617993  -0.360032673755  0.151974200865
  5  Si  7.678557716133  1.077749437631  7.705632482961  -0.735486729112  0.184121121843  1.763191079200
  6  Si  7.732542540678  5.411142184011  3.258502877233  -0.130409652305  0.194015455409  0.086973910885
  7  Si  7.751832117817  5.478279608508  7.611013110119  -0.974349582363  0.598468068570  2.679695353817
  8  Si  3.323347154576  3.260719462746  1.082084430223  -0.011468580133  -0.137502172209  -0.761732220017
  9  Si  3.319170334669  3.311996494463  5.473519620768  0.194246086010  -0.194426552352  -0.744512703528
  10  Si  3.390439182326  7.655096948540  1.028964504612  0.766272896528  1.587542965192  -0.207289750741
  11  Si  3.416011091097  7.711025105403  5.408969711705  -0.150187822054  1.805137066653  0.201559043667
  12  Si  7.718450224940  3.211189827953  1.048046158633  -0.590597062524  -0.400506842894  -0.094394344107
  13  Si  7.710608332421  3.245189538716  5.476203060175  -0.844343352982  0.272533006342  -0.325038499924
  14  Si  7.764567864354  7.598462737729  1.048013957585  0.487560427904  1.959674045056  -0.621069225104
  15  Si  7.802275829510  7.664385754278  5.438617800327  0.006730677776  1.753067551031  0.016746763119
  16  Si  1.143781366420  1.106021904797  1.082990271751  1.601011035374  -1.829791827055  -0.838103578235
  17  Si  1.094280917094  1.156949064022  5.488931744293  2.759144943124  -1.918086259340  -1.399099320838
  18  Si  1.165003751512  5.482538983503  1.038169066800  2.503340499907  -1.416555021996  -1.266196134025
  19  Si  1.170389933005  5.527419860614  5.427108552763  2.504571398946  -0.964228854487  -0.916705783240
  20  Si  5.499794750901  1.027654916093  1.096479198700  -0.450452680633  -0.492289021239  -0.644701342400
  21  Si  5.505096003138  1.083632721961  5.474419702912  -0.260863956483  -0.791419101463  0.083539882188
  22  Si  5.556049034877  5.428575918795  1.033032828548  -0.022266014154  -0.501772620618  -0.312623050857
  23  Si  5.570471903178  5.507112010300  5.448382624959  -0.790352215176  -0.794219120090  -0.303689566917
  24  Si  1.128702388618  3.322867168763  3.257179495913  2.543201904348  -1.936573908205  -0.534742502301
  25  Si  1.128155713815  3.374113593315  7.656630298918  1.459845288402  -0.107544445771  1.601093558697
  26  Si  1.192906917071  7.726967143028  3.187715919114  2.780334748379  0.546296051102  0.734880624369
  27  Si  1.220194539486  7.767549547045  7.615272404151  1.822839582004  2.085133751532  2.053955213261
  28  Si  5.533633305740  3.242103312230  3.272943781242  -0.502789334669  0.073305395323  -0.238059453369
  29  Si  5.508488839491  3.299885856458  7.656522352962  -0.509880022008  0.412709963648  1.897848232582
  30  Si  5.591128610031  7.658699824279  3.215216642710  0.541005349471  1.706154626837  0.597551517489
  31  Si  5.579044918142  7.700862764782  7.598924321479  0.467000264455  2.172102653650  2.330954717912
  32  C  0.408140727479  8.826225271684  0.003793282122  -2.063178124105  -1.760139628163  -1.646031529104
  33  C  0.386037010549  8.866032338593  4.414111824054  -2.468215183154  -0.550426890549  -0.251439511191
  34  C  0.161063846822  4.471008099837  8.910599532734  -0.974026786777  0.396707479636  -1.857750088302
  35  C  0.206510049516  4.319357677150  4.380444434593  -2.546802044003  1.666355871091  0.875962953827
  36  C  4.566337209281  9.073142874133  8.939064077098  -0.404830252155  -1.944449371133  -1.521055102122
  37  C  4.630946133975  8.915779625583  4.404033145799  -0.580088118324  -1.687556708028  -0.602443859533
  38  C  4.396574327367  4.536023142112  8.875559237918  0.430430512512  -0.852448846428  -0.888773871985
  39  C  4.438435478700  4.360281517479  4.351267949718  0.502017327589  0.596258270261  0.316733862969
  40  C  0.151118982639  2.119604699285  2.203713181445  -1.506786529409  1.122419250812  0.061899037224
  41  C  0.142607703174  2.166925712711  6.575716002920  -1.984589646118  1.603118204721  1.441325068434
  42  C  0.225864543027  6.496624018153  2.154373163730  -2.174470544484  1.548231244577  0.696707658223
  43  C  0.249143780264  6.558512709113  6.553282067482  -1.970979507851  1.409327364762  0.573039847282
  44  C  4.393557861546  2.135460033316  2.193406366527  0.541303890534  0.496426463421  -0.379737710444
  45  C  4.401430402773  2.196845109905  6.527588455125  0.261897869133  0.347036857903  1.057695500207
  46  C  4.482609088861  6.525851270082  2.148230068086  0.063617901732  0.624221220031  -0.288572181440
  47  C  4.458620841784  6.601387129706  6.529130286632  0.284036553915  0.227308783344  0.251062844453
  48  C  2.425519211077  8.901111851823  2.220999083670  -0.397528514405  -1.333967689348  -0.949161760420
  49  C  2.406303551326  8.998778594795  6.581036114230  -0.075453688206  -2.062399492817  -0.076644918318
  50  C  2.232365465491  4.386943956498  2.190109227373  0.452747181961  -0.036309868068  -0.980226369630
  51  C  2.257234321073  4.449156618198  6.519976436443  -0.158864468429  -0.243339412448  0.926894466509
  52  C  6.828732738494  8.878997855197  2.205400822811  -0.952659051653  -1.942322119905  -0.459613462243
  53  C  6.825345481170  8.891511563726  6.586830689555  -0.777872387706  -0.989254333671  -0.039733787175
  54  C  6.655274403932  4.324075234502  2.166315872457  -0.435854014877  0.062164279182  -0.287579044077
  55  C  6.613268515436  4.383980577692  6.559710488994  0.491913418826  0.152118274300  -0.019688632165
  56  C  2.180183471653  2.369710476059  8.893800391880  0.676821533265  -0.532210246554  -1.229845497876
  57  C  2.237536302522  2.219172120640  4.365952213153  -0.477713599020  -0.040043997703  0.184711937810
  58  C  2.240947983164  6.751509820057  8.846432929262  0.672282796408  -0.742986495330  -0.807911846176
  59  C  2.278538806500  6.593385824559  4.303231466056  0.319975598683  0.488070034812  0.388096068858
  60  C  6.569444970966  2.281648005468  8.927370249080  0.191993336611  -0.059423065396  -1.804621803318
  61  C  6.593697366236  2.148329942275  4.376414556917  0.430191302599  0.288535791979  0.117790550706
  62  C  6.618085763269  6.688865627138  8.884481098475  0.670775100563  -0.034459086528  -1.712927796960
  63  C  6.672937696784  6.555645613685  4.347928603872  0.355026219525  0.466282784047  -0.051524075559


