6e-05 0.000650261 1.80628 3.3248e-06
0.00012 0.00259996 3.61106 1.41936e-05
0.00018 0.00584604 5.413 3.38221e-05
0.00024 0.0103834 7.21071 6.32496e-05
0.0003 0.0162049 9.00272 0.000103649
0.00036 0.023301 10.7875 0.000156994
0.00042 0.0316601 12.5635 0.00022631
0.00048 0.0412682 14.3292 0.0003156
0.00054 0.0521093 16.0831 0.000430187
0.0006 0.0641649 17.8236 0.000576856
0.00066 0.0774151 19.5493 0.000763385
0.00072 0.0918383 21.2589 0.000997739
0.00078 0.107413 22.9515 0.00128707
0.00084 0.124117 24.6265 0.0016366
0.0009 0.141931 26.2835 0.00204979
0.00096 0.160834 27.9226 0.00252849
0.00102 0.180806 29.5435 0.00307389
0.00108 0.201828 31.1463 0.00368648
0.00114 0.223879 32.7308 0.00436716
0.0012 0.246937 34.2968 0.00511731
0.00126 0.27098 35.8439 0.00593979
0.00132 0.295987 37.3721 0.00683931
0.00138 0.321934 38.8809 0.00782245
0.00144 0.348798 40.3701 0.00889713
