MDSTEP:  0
LATTICE_CONSTANT: 1.889726125458
LATTICE_VECTORS
  9.094073600308  0.000000000000  0.000000000000
  -4.711439760089  8.286230053952  0.000000000000
  -0.098598830704  0.221706426569  10.286786567873
VIRIAL (KBAR)
  172.127614670856  87.685787649260  14.568336455145
  87.685787649260  -73.136200027722  -25.672780427735
  14.568336455145  -25.672780427735  -38.437023932846
INDEX    LABEL    POSITIONS    FORCE (eV/Angstrom)
  0  Si  -0.029259003268  1.821614537536  2.515304073922  4.233411704456  1.462860234768  0.926434940937
  1  Si  3.022159186307  7.206499247787  2.472550233561  -0.387347748207  1.573744700862  0.438738510837
  2  Si  -3.178917962295  7.152918481967  2.440798267077  4.411932324356  4.279250414716  1.765204256922
  3  Si  4.564185028793  6.373066068657  5.037510615347  -3.983939226380  -1.656292589322  0.593472873964
  4  Si  1.511005095464  0.959835515661  5.079382003714  0.542326003871  -1.159875455914  -0.305249014967
  5  Si  7.730764375434  1.039976741260  5.103187176487  -4.360376231431  -3.963289406830  0.997192844262
  6  Si  -0.049505220199  1.865015843661  7.604843190654  4.233417939173  1.929221837656  1.593749554871
  7  Si  2.998540724676  7.274122727210  7.577180505498  -0.792005783309  1.363175344348  0.138755858530
  8  Si  -3.198628915609  7.195410162791  7.533791745431  3.871727503632  4.182174568406  1.686127196443
  9  Si  4.540397460955  6.405122583964  10.119198841530  -3.430928872673  -0.514409385624  1.826240391885
  10  Si  1.499060678012  1.017213359340  10.160106282994  0.297936213409  -0.810485198711  0.991415119905
  11  Si  7.689382548145  1.079849664411  10.202213365316  -3.499749240782  -2.901142191020  1.767586243260
  12  Si  -1.626921553406  4.485691195511  2.492911016475  4.830118917588  2.549853577896  1.247017164809
  13  Si  1.484083747213  4.512901796009  2.499291302331  0.085431155535  -0.131383538372  -0.246620665602
  14  Si  -0.074560459550  7.181358356984  2.469035855541  -0.373043132474  1.699110854706  -0.039914481988
  15  Si  6.137339598923  3.690821348293  5.082251431193  -3.439300229152  -1.762262733228  0.580337414666
  16  Si  3.029588282214  3.661872369730  5.056164302481  0.124399627473  0.103129807283  -0.030640818773
  17  Si  4.620808001186  0.995733566496  5.113184355364  -0.200110984034  -1.387005596388  -0.990242996647
  18  Si  -1.629605915336  4.531604209336  7.559003770813  4.089943365068  2.451733116266  1.639767303603
  19  Si  1.458291475752  4.563644247254  7.606829982335  0.174944612470  0.173184157058  -0.659426904470
  20  Si  -0.107879229987  7.244457438983  7.549817765234  -0.037043349930  1.605167367806  0.174482655545
  21  Si  6.110415413137  3.766014630587  10.149753012714  -3.752359428100  -2.160829539715  2.476205226830
  22  Si  3.017632613231  3.715407699691  10.132754188557  -0.051984618972  0.290769167741  1.441750836728
  23  Si  4.580413649078  1.033707512533  10.183658186946  0.306028908481  -0.891895411132  0.743761001580
  24  Si  3.067782052271  1.837484199282  2.519654366633  -0.027772308022  -0.710092473451  -0.097450065402
  25  Si  6.165636466489  1.875943267884  2.552157897311  -0.452979446702  -0.988508574604  -0.439088743160
  26  Si  4.579665474563  4.542685524663  2.523592132691  -0.299937219811  -0.505109854046  -0.145352529509
  27  Si  1.464210152703  6.329401799367  5.024076204417  -0.046636681662  0.936306512330  -0.387685280812
  28  Si  -1.651922035050  6.302475473866  4.996467335435  0.945066289982  1.165808271007  0.075948260740
  29  Si  -0.049851238719  3.621751788967  5.052422932613  0.360777248538  0.739101757966  -0.283813582393
  30  Si  3.045792469646  1.894575594415  7.620773665848  -0.011814601696  -0.492612083774  -0.546020481340
  31  Si  6.145123367144  1.934255767002  7.619550859691  -0.448736907881  -1.144359469690  0.473147182776
  32  Si  4.576050490327  4.604453663128  7.587390202330  -0.975781599867  -0.396251138266  0.185498749742
  33  Si  1.432051704722  6.373798528875  10.116710622480  -0.121642044816  1.478412823201  0.886381487249
  34  Si  -1.669087419324  6.348293507221  10.078259484195  0.617693528767  1.452537326299  1.282482662461
  35  Si  -0.078880066042  3.683927652927  10.124988927906  0.243634499005  0.860907256883  1.496924501885
  36  C  -0.047291516119  1.826087552999  4.424293707831  4.147765721584  2.018331095710  -1.381239946265
  37  C  3.004599466476  7.233834238868  4.394324226472  -0.296114716219  1.214464676913  0.638273326317
  38  C  -3.203432085822  7.164932588298  4.358610603484  3.962385978140  3.666547010885  -0.716316185180
  39  C  4.550812772375  6.392879561071  6.936494494760  -3.939069614451  -1.891575312161  -1.422334710109
  40  C  1.494208732040  1.003671211064  6.989200165309  0.741038086199  -1.768736270250  0.048464781583
  41  C  7.717668819683  1.053131594181  7.026138025476  -4.722181518368  -4.274984497666  -2.051896559308
  42  C  -0.063458230778  1.902145210110  9.526241414735  3.364557889789  1.131132437922  -1.164772528512
  43  C  2.973916946344  7.285981168170  9.479837757940  -0.204332561403  1.137734873738  0.983464847906
  44  C  -3.212420335924  7.220528850927  9.425712684551  3.096850853898  3.202845178585  0.006103604750
  45  C  4.593811846435  6.323023700770  1.866944174110  -4.574002828005  -2.360062910491  -3.049284538004
  46  C  1.531512432056  0.920966900145  1.913917636155  0.484952282605  -1.733494259648  -1.178519423461
  47  C  7.736962962720  0.988708154299  1.941095255401  -4.384310608488  -4.427408438795  -2.906051535343
  48  C  -1.629209881067  4.519298418492  4.404621025802  3.724272737239  1.381935788841  -0.954204390947
  49  C  1.492832567597  4.546561921004  4.417436908668  -0.406111880073  -0.522842639628  -0.064875611926
  50  C  -0.089411710160  7.217087027164  4.377981119205  -0.188421123413  1.140482596876  0.759154731264
  51  C  6.125581702677  3.709921153316  6.989524623929  -4.120173484593  -2.224705455846  -1.662576296497
  52  C  3.024196701335  3.685420934961  6.962304067556  0.152168363519  0.178896892459  0.415266111228
  53  C  4.613661832812  1.015884826048  7.002414423035  -0.113118447603  -1.584124306114  0.157185619670
  54  C  -1.648262501466  4.557665638969  9.483236124053  4.004575305630  1.943365650404  -1.206974173493
  55  C  1.473739514096  4.593261925370  9.503348610478  -0.469309583953  -0.373041404710  0.233002381093
  56  C  -0.124901375991  7.269648806064  9.459824799103  0.062640644380  1.099738091075  0.865122589103
  57  C  6.155988429520  3.663553846293  1.910250062530  -4.769821990876  -3.012143108115  -2.981451153977
  58  C  3.049835402079  3.619274704673  1.889075510950  0.171865115443  0.074031265817  -1.167705584923
  59  C  4.628013369416  0.965659577104  1.918811112681  0.264078735176  -1.996845609032  -1.144490439981
  60  C  3.043792446614  1.872504656349  4.450533767323  0.247732608541  -0.735356784599  -0.211186415860
  61  C  6.163976733640  1.906873764456  4.466643153338  -0.484443053560  -0.880800617058  0.133809138597
  62  C  4.576006068793  4.555812727406  4.440035114055  -0.370228900190  -0.191100769765  0.142683055871
  63  C  1.445029701920  6.360133891454  6.923026045882  0.287072123113  0.361981776379  0.422173399885
  64  C  -1.655236350639  6.315661823496  6.932869333908  0.691792199462  0.796062993601  -0.305758578051
  65  C  -0.077048424973  3.641909225747  6.954876982349  0.576431914709  0.507401347299  0.416370384504
  66  C  3.051533439153  1.925744113535  9.516773767441  -0.425130384773  -0.599769905096  0.317192148716
  67  C  6.140828735578  1.961175782844  9.557266706817  -0.685795654543  -0.818278071606  -0.033023964269
  68  C  4.549512163974  4.615521385690  9.511419941174  -0.262711547171  -0.232466285710  0.146055304841
  69  C  1.481173974982  6.303657700576  1.857785282867  0.211481567296  0.016846434629  -1.350061433411
  70  C  -1.634946798813  6.255259095975  1.837409754816  0.990680026300  0.719530711204  -1.087346886253
  71  C  -0.053029911255  3.593163556367  1.878132987264  0.557635558754  0.315763366840  -0.901367744925


MDSTEP:  1
LATTICE_CONSTANT: 1.889726125458
LATTICE_VECTORS
  9.094073600308  0.000000000000  0.000000000000
  -4.711439760089  8.286230053952  0.000000000000
  -0.098598830704  0.221706426569  10.286786567873
VIRIAL (KBAR)
  170.290597411692  86.434610624766  14.359810953743
  86.434610624766  -73.857509686649  -25.803581565206
  14.359810953743  -25.803581565206  -38.625361786863
INDEX    LABEL    POSITIONS    FORCE (eV/Angstrom)
  0  Si  -0.027658506345  1.821145697737  2.516046731871  4.104778437888  1.407649773063  0.846992728834
  1  Si  3.021964368873  7.206193219152  2.472841855235  -0.394156187604  1.579055379847  0.423431211527
  2  Si  -3.178110763800  7.154366134104  2.441320499331  4.297279208745  4.189622721139  1.704749755350
  3  Si  4.564319731649  6.371680821365  5.037900550896  -3.946488454831  -1.587042462290  0.562050404173
  4  Si  1.511102592929  0.960426533882  5.079609637906  0.546739448061  -1.165079123738  -0.312945919643
  5  Si  7.730573664070  1.039716208993  5.103024723558  -4.327804032112  -3.944866940094  0.973737168164
  6  Si  -0.048779784144  1.865359442157  7.604837606112  4.143889359327  1.880372965637  1.557843566304
  7  Si  2.999208912134  7.275176300862  7.577253651794  -0.813860635829  1.356791211782  0.140428380474
  8  Si  -3.197428446227  7.196377453031  7.533607704984  3.792257107480  4.144112468487  1.665153457073
  9  Si  4.539556197266  6.405348792759  10.119753524108  -3.353764490527  -0.494006456846  1.779683121835
  10  Si  1.499023973426  1.018011147748  10.160185219426  0.304375573251  -0.825342462312  0.985289609138
  11  Si  7.688669967777  1.078592695949  10.202487757997  -3.439048091111  -2.854589618866  1.734965005369
  12  Si  -1.625855947669  4.485445258118  2.492944006290  4.700036645956  2.477295816779  1.182882532523
  13  Si  1.484162946166  4.513587172688  2.499440414976  0.085723048391  -0.131488960773  -0.267125855110
  14  Si  -0.075155282435  7.181117104549  2.468529075842  -0.369119365520  1.711536681828  -0.018012687604
  15  Si  6.136242605955  3.689895513743  5.082515564554  -3.342021237427  -1.702529787060  0.519085971160
  16  Si  3.029337085541  3.663084160596  5.056691804426  0.130943688987  0.083874735045  -0.057494406989
  17  Si  4.620696995291  0.995952612858  5.113619624776  -0.202996432136  -1.396680083158  -0.989555438260
  18  Si  -1.628902031659  4.531888886858  7.558873637316  3.996467816775  2.392614182652  1.602229935805
  19  Si  1.458725596496  4.564224295331  7.605989927015  0.161894878753  0.170029700728  -0.636761091354
  20  Si  -0.108291865986  7.243950524574  7.549258227638  -0.017163492506  1.620148778777  0.199329210668
  21  Si  6.110166619387  3.765771141457  10.149733747074  -3.735679952751  -2.145989029476  2.465005395174
  22  Si  3.017248890943  3.715048665863  10.132583014456  -0.055554194214  0.282354430022  1.446399026095
  23  Si  4.581336517755  1.033851031511  10.183479592962  0.274132498450  -0.897328155046  0.749552609433
  24  Si  3.068017109057  1.838001393055  2.519567471962  -0.014071538372  -0.719794273108  -0.095437037411
  25  Si  6.165236751347  1.876211663530  2.552568820768  -0.461081996966  -1.018727294223  -0.454664946626
  26  Si  4.579628867025  4.542411775705  2.523595722098  -0.309582340764  -0.505680635717  -0.150088253055
  27  Si  1.463603497216  6.330581491018  5.023585351441  -0.030908177422  0.923774057236  -0.378758807357
  28  Si  -1.651959941377  6.302073457887  4.997045779174  0.953372908937  1.190262011448  0.067088000705
  29  Si  -0.049876875504  3.622481841655  5.051717813378  0.376698011383  0.736140621422  -0.285297007401
  30  Si  3.046005187810  1.893877160475  7.620933923736  -0.025958656402  -0.477319306004  -0.558623225853
  31  Si  6.143719767513  1.934466682194  7.620425759194  -0.416850888573  -1.160475237691  0.462893031400
  32  Si  4.575954424578  4.603638160429  7.588260245154  -0.988508120615  -0.379839246434  0.159646287310
  33  Si  1.432046536667  6.373276448888  10.116495605765  -0.132280988801  1.478696313925  0.899382848975
  34  Si  -1.668277664729  6.348441150401  10.077875706113  0.611201049786  1.456869783773  1.293704509854
  35  Si  -0.078824359258  3.684502267410  10.124759053489  0.234353784467  0.845441463673  1.499856859446
  36  C  -0.046820034790  1.826913280119  4.423030133233  4.106226528080  1.993051255885  -1.337421795024
  37  C  3.004731878814  7.234703057678  4.393577406231  -0.289477431090  1.202069231351  0.658097470766
  38  C  -3.202481403056  7.165810825909  4.358246634841  3.900304793024  3.632142249307  -0.678503281739
  39  C  4.549817094626  6.392842356509  6.936329971411  -3.858763998373  -1.869570993453  -1.384545077849
  40  C  1.493664437810  1.002831010242  6.989289676260  0.759600199684  -1.762293328857  0.041894003880
  41  C  7.716312391879  1.051832968578  7.025661640153  -4.636205834634  -4.211995174233  -2.006289663005
  42  C  -0.062434976799  1.902908033659  9.525225959591  3.285224564364  1.089285791624  -1.118363620113
  43  C  2.972925980256  7.285823363857  9.480589208090  -0.180753044755  1.146663986494  0.964677207419
  44  C  -3.210065220355  7.221481134230  9.425276835698  2.992298986003  3.155789443292  0.046453525739
  45  C  4.592293187299  6.321319649257  1.865566084536  -4.441354880148  -2.266536577843  -2.984567963234
  46  C  1.532575237160  0.920061695343  1.913962048427  0.469200635467  -1.723956661584  -1.177177855971
  47  C  7.734860438325  0.987663365935  1.939505689574  -4.239055065076  -4.346001284876  -2.838825021240
  48  C  -1.627194140571  4.520647543004  4.403749127717  3.607326318904  1.300711725644  -0.899349321663
  49  C  1.493374906609  4.547032531658  4.415907506550  -0.415535022011  -0.514098922472  -0.032250575923
  50  C  -0.089801387745  7.217600352094  4.379012441225  -0.191508551039  1.144353004812  0.738837485788
  51  C  6.124080118332  3.708366492589  6.987782834171  -4.017937625449  -2.148123252409  -1.593638557913
  52  C  3.023285067308  3.685845647867  6.961144322210  0.167711389882  0.163844737886  0.444170974447
  53  C  4.614168014701  1.015866294040  7.003108676200  -0.137269810098  -1.590797340654  0.145877648117
  54  C  -1.648093771119  4.558439126424  9.482497473254  3.971714769160  1.913413847502  -1.188554153159
  55  C  1.473079665795  4.592279822152  9.504231392360  -0.453469764150  -0.351291509945  0.200097251098
  56  C  -0.124607996496  7.269393316038  9.460076377412  0.069599174793  1.103143113693  0.850930166980
  57  C  6.153396852032  3.661417152404  1.909247634383  -4.608051533708  -2.900862097776  -2.916807674156
  58  C  3.049691258348  3.619613777887  1.888962697004  0.166918233011  0.067339440889  -1.164372892661
  59  C  4.628257749507  0.964925818349  1.918361902035  0.250061876300  -1.986582440936  -1.135258515823
  60  C  3.044434649352  1.872510053687  4.450879264962  0.237310117320  -0.716081024229  -0.211836252966
  61  C  6.163129799426  1.906539340364  4.466387215402  -0.466016886728  -0.873725720511  0.135908309930
  62  C  4.576445124764  4.556951883961  4.440089607864  -0.377214702091  -0.220227025598  0.135872821046
  63  C  1.444895812412  6.360935632911  6.923647745066  0.294647961279  0.353169452260  0.401063359034
  64  C  -1.654812842292  6.316086780169  6.933616402313  0.680277127331  0.777728260857  -0.328180560146
  65  C  -0.076880090854  3.641669887968  6.954169256299  0.576752384786  0.516243577298  0.415213805212
  66  C  3.050729853661  1.925382000973  9.516271251401  -0.399161197931  -0.595234445939  0.331051463764
  67  C  6.140342934030  1.961140094481  9.557610427280  -0.669309315025  -0.813867401577  -0.044920965969
  68  C  4.548426558194  4.614198530055  9.510707090591  -0.241977863079  -0.202403412358  0.160437158694
  69  C  1.480565142126  6.304665026077  1.858734600809  0.217697556946  -0.004806339328  -1.364179008811
  70  C  -1.634865287066  6.254735206371  1.837699661750  0.981569103197  0.721867457274  -1.095951782398
  71  C  -0.052429093388  3.593399315241  1.876928422203  0.551376613697  0.297774354086  -0.886204062277


MDSTEP:  2
LATTICE_CONSTANT: 1.889726125458
LATTICE_VECTORS
  9.094073600308  0.000000000000  0.000000000000
  -4.711439760089  8.286230053952  0.000000000000
  -0.098598830704  0.221706426569  10.286786567873
VIRIAL (KBAR)
  167.319766897490  84.724425220122  13.896561363932
  84.724425220122  -75.419814230158  -26.070572673088
  13.896561363932  -26.070572673088  -39.045857515164
INDEX    LABEL    POSITIONS    FORCE (eV/Angstrom)
  0  Si  -0.024221595969  1.819977781482  2.514532885510  3.944858734834  1.381896462389  0.839899033842
  1  Si  3.021847176308  7.208467339265  2.473911971475  -0.408161999103  1.570964567464  0.389058340049
  2  Si  -3.174506883546  7.154179471037  2.441350918743  4.185899538504  4.125038252845  1.629145374518
  3  Si  4.564048667052  6.373077622949  5.038343141334  -3.780644708081  -1.480012514577  0.419064125211
  4  Si  1.512548312275  0.962302884483  5.078097256958  0.525533549985  -1.203571216016  -0.277852299537
  5  Si  7.731332365080  1.038631757690  5.105640782748  -4.229853546697  -3.858642592519  0.845369266381
  6  Si  -0.047385604616  1.866282160651  7.607684386534  3.966808410993  1.791393574293  1.438740157460
  7  Si  3.000506655401  7.277296057358  7.577799331712  -0.852950215815  1.309869789490  0.118167681920
  8  Si  -3.195298116928  7.200408423540  7.536474098985  3.569289576561  4.031166225880  1.562181800253
  9  Si  4.537480402029  6.407149452666  10.120834252522  -3.254154231719  -0.519029757360  1.756340638045
  10  Si  1.499853770841  1.019092689835  10.161973538846  0.253223794000  -0.866423929433  0.958609103460
  11  Si  7.689040907038  1.076363301227  10.203633253093  -3.412691765716  -2.812771764606  1.723735023707
  12  Si  -1.624396213706  4.484543166580  2.494905851674  4.541618352741  2.381774859103  1.097933487753
  13  Si  1.486114215815  4.515505594202  2.500214126415  0.012186387044  -0.168056142973  -0.299596480013
  14  Si  -0.075742786307  7.182294567776  2.469032966566  -0.372566586366  1.688847398049  -0.008599001872
  15  Si  6.135860913748  3.689513576811  5.080842757792  -3.369394366030  -1.744132664670  0.552491075569
  16  Si  3.029798042179  3.660654482514  5.057729649763  0.134665154969  0.209539766236  -0.088406559542
  17  Si  4.620722802027  0.997223650287  5.113358884471  -0.251491713249  -1.439158976557  -0.989781340687
  18  Si  -1.629568087542  4.532657222499  7.559478556579  3.873707958395  2.341716715282  1.542817380531
  19  Si  1.456404505438  4.565937462743  7.605164008296  0.238963806180  0.151351093137  -0.642229881687
  20  Si  -0.107573135706  7.244255093238  7.547452618478  0.003190460074  1.590920584287  0.225670242604
  21  Si  6.108425676161  3.763702265396  10.150089809721  -3.508746893384  -2.002671643378  2.393831939511
  22  Si  3.014689684263  3.716291102991  10.133467991136  -0.016090116025  0.251420507109  1.370001931854
  23  Si  4.583078056571  1.033977998432  10.183456750940  0.240493143181  -0.916675190160  0.735028108016
  24  Si  3.067893104750  1.840360670541  2.517211792325  -0.029337439125  -0.828650134175  -0.068837258854
  25  Si  6.162837243545  1.876602680237  2.552924705097  -0.417111801474  -1.029248917171  -0.492804094868
  26  Si  4.578062282395  4.540763006270  2.524229763108  -0.269399272444  -0.441755511108  -0.193480708943
  27  Si  1.465822260927  6.332151365649  5.023259683149  -0.076615287613  0.907898105234  -0.323705479270
  28  Si  -1.651955825040  6.304327865459  4.999451653125  0.937763809633  1.155976171597  0.053361672789
  29  Si  -0.047384383493  3.624835540673  5.053025367386  0.329847025251  0.702876768263  -0.282798861498
  30  Si  3.045120173825  1.893906592192  7.619263535041  -0.010800741867  -0.467400956805  -0.508793845336
  31  Si  6.143458388616  1.936435870178  7.620406695429  -0.477802855635  -1.207396713427  0.461642925326
  32  Si  4.577637884394  4.605967425795  7.586650423623  -1.069462583376  -0.364821564814  0.217518907201
  33  Si  1.431780208011  6.375259557199  10.118207173474  -0.188206632145  1.446475930621  0.853244247305
  34  Si  -1.665936907727  6.347665576987  10.079697289579  0.512630075584  1.440190287163  1.233191754357
  35  Si  -0.076303946396  3.683907548334  10.124760444505  0.173126755232  0.879051877682  1.476941477352
  36  C  -0.043032191400  1.828952590150  4.422939145287  3.936420543972  1.929386428604  -1.280822669976
  37  C  3.002012285079  7.235491286179  4.392979985249  -0.201882227367  1.211072746370  0.665671845348
  38  C  -3.198109612192  7.172081327070  4.355372817102  3.686245102128  3.489853131990  -0.545222243081
  39  C  4.547574925868  6.394282051530  6.932076684879  -3.620467746622  -1.747666120542  -1.220182726459
  40  C  1.493256825522  0.998992487433  6.990502735510  0.755062564028  -1.699172898549  0.013528392022
  41  C  7.713334211414  1.049870602378  7.024825460044  -4.422726968639  -4.067682689600  -1.894028743512
  42  C  -0.063346857835  1.904273048651  9.524839654615  3.294219834134  1.033613619618  -1.075327928918
  43  C  2.970709062021  7.282871988282  9.480107150900  -0.143355556131  1.201724212489  0.964347368739
  44  C  -3.211613168629  7.227426688818  9.426130580694  2.983348733324  3.058622741713  0.115486626171
  45  C  4.590904284008  6.322615642999  1.866656160553  -4.365631350558  -2.244555539492  -2.941023051566
  46  C  1.530320502909  0.918258108626  1.912917571284  0.570188686093  -1.698860760299  -1.175262815790
  47  C  7.733831620587  0.985291137254  1.940973716627  -4.159356123936  -4.271089594351  -2.793778520675
  48  C  -1.627070697979  4.520025287585  4.406103204177  3.636402856064  1.339495186266  -0.935661616554
  49  C  1.491962704163  4.549834750510  4.417874944816  -0.337680598514  -0.551163921150  -0.084354809836
  50  C  -0.090149979109  7.216692292667  4.383201160869  -0.176123630500  1.169609531426  0.651371279582
  51  C  6.117812413515  3.709584400800  6.987494298991  -3.780573347057  -2.105978518943  -1.581959576298
  52  C  3.025179932645  3.689394571067  6.958958037927  0.109840762497  0.084686333050  0.513942682556
  53  C  4.612305250947  1.011909262111  7.000834991681  -0.090935894828  -1.520697744436  0.211995131089
  54  C  -1.643888026525  4.557370089287  9.478537595237  3.750473290478  1.842341630495  -1.037402272973
  55  C  1.470522335307  4.595595120567  9.500479027353  -0.378670950746  -0.401767806521  0.290527023999
  56  C  -0.127282260569  7.267220605723  9.460452831905  0.149544693440  1.156376323332  0.818918061410
  57  C  6.150890875349  3.662429161847  1.903691663269  -4.453229661821  -2.850858560980  -2.773660592000
  58  C  3.050744806056  3.616211096049  1.887172063152  0.112080409782  0.174328833362  -1.145795694505
  59  C  4.628429897307  0.962819526021  1.915785134073  0.218620706088  -1.952944666389  -1.082244871275
  60  C  3.042565178744  1.875254333614  4.451241682492  0.301088501283  -0.756497095535  -0.259280696845
  61  C  6.160265826862  1.902092197061  4.465947769968  -0.390126313413  -0.770696049306  0.144786769116
  62  C  4.578668854304  4.558814562742  4.439042719215  -0.436494572107  -0.257728362232  0.139301453380
  63  C  1.449140884301  6.357481711194  6.924159473466  0.215885121384  0.456915337127  0.383703399642
  64  C  -1.656673580977  6.318013866697  6.934960947303  0.711448536675  0.747491801329  -0.339950286214
  65  C  -0.077804375206  3.645218587255  6.955683748730  0.577736719183  0.428278230379  0.376675510828
  66  C  3.049133226337  1.921282947937  9.518683982495  -0.357315984471  -0.479299839947  0.271751339866
  67  C  6.142246910952  1.962085837323  9.559038710107  -0.699188719023  -0.865598201925  -0.082913021410
  68  C  4.551485655862  4.612530207273  9.512868283226  -0.333497935650  -0.143360146305  0.105078719974
  69  C  1.479113495725  6.307151425948  1.855135881816  0.264252963905  -0.038084488971  -1.292012621140
  70  C  -1.633343396016  6.251720524870  1.833611204549  0.973296303159  0.762797949479  -1.020701507848
  71  C  -0.054744912204  3.591579059076  1.873287904130  0.652777476472  0.329160222070  -0.822599219753


MDSTEP:  3
LATTICE_CONSTANT: 1.889726125458
LATTICE_VECTORS
  9.094073600308  0.000000000000  0.000000000000
  -4.711439760089  8.286230053952  0.000000000000
  -0.098598830704  0.221706426569  10.286786567873
VIRIAL (KBAR)
  165.892634987879  83.758966085116  13.374467346374
  83.758966085116  -76.336849395211  -26.076831961114
  13.374467346374  -26.076831961114  -38.962057239192
INDEX    LABEL    POSITIONS    FORCE (eV/Angstrom)
  0  Si  -0.022246897196  1.817380599700  2.517529170623  3.833844109011  1.487147367787  0.765124147910
  1  Si  3.024803584756  7.205921000282  2.477001284875  -0.508006775952  1.556671187188  0.309578737974
  2  Si  -3.173283959109  7.153907336050  2.442515412214  3.999952845218  4.030087384752  1.520476899740
  3  Si  4.560447961549  6.373157110625  5.038322753638  -3.582286443294  -1.412117711299  0.319887810078
  4  Si  1.514922203218  0.964850948121  5.078186156818  0.475121786323  -1.300515514234  -0.283501107599
  5  Si  7.730450921890  1.038900649012  5.104021350552  -4.097361858281  -3.807254396018  0.811457778556
  6  Si  -0.047662032998  1.867826122079  7.608444013801  3.934355375826  1.698819331946  1.418954510523
  7  Si  2.996853919614  7.280745492725  7.576780237078  -0.779662627925  1.253572661491  0.057701092381
  8  Si  -3.196117444562  7.201950608935  7.536322542663  3.558351263959  3.986976510297  1.476820613561
  9  Si  4.535022095270  6.408221632039  10.122446448298  -3.138680160354  -0.485101840418  1.670347591064
  10  Si  1.499546920006  1.017189532848  10.163715190978  0.186984188703  -0.825605029369  0.925736023707
  11  Si  7.686706937652  1.073412669770  10.206027165954  -3.286423921573  -2.740276813205  1.665313107913
  12  Si  -1.624517291509  4.486637420888  2.491920048148  4.459728081831  2.298052912979  1.125125195993
  13  Si  1.488517312456  4.517897429068  2.500811590595  -0.085489770797  -0.211519965091  -0.387753845918
  14  Si  -0.077111669909  7.184042238725  2.469216505993  -0.326814532558  1.718446146449  0.015359555397
  15  Si  6.137122276794  3.687178124900  5.079338132235  -3.485115538985  -1.653359020406  0.587284051366
  16  Si  3.026877915416  3.660826438236  5.060408822019  0.155621005990  0.196797458578  -0.179976571114
  17  Si  4.621410807527  0.996944936368  5.115252381686  -0.283060173338  -1.428766602619  -1.067979383544
  18  Si  -1.625047128414  4.535107314155  7.558923967044  3.585989604231  2.213700931123  1.542180081395
  19  Si  1.455513075164  4.562819265927  7.601633798994  0.276559467912  0.293469510637  -0.487038348931
  20  Si  -0.111012198897  7.244713054786  7.546090517853  0.049315588422  1.595163335620  0.266416193607
  21  Si  6.108667864467  3.765239553075  10.150963707092  -3.531216782746  -2.090398181564  2.394830060201
  22  Si  3.014458050282  3.713445996118  10.131790713193  -0.030361429097  0.342454358358  1.433411763289
  23  Si  4.583047018870  1.036605948893  10.180535456190  0.252446006946  -0.949841980161  0.792894943547
  24  Si  3.064994313844  1.838302529019  2.518657247250  -0.021135150231  -0.739953578098  -0.122407341297
  25  Si  6.163467170785  1.873419089440  2.555963690849  -0.484728374413  -0.967665134806  -0.546795028305
  26  Si  4.580523966896  4.538290299997  2.523996106119  -0.351682069150  -0.464286114779  -0.198422056818
  27  Si  1.467584276547  6.334392177354  5.019721549629  -0.207233686033  0.879881852044  -0.268607668861
  28  Si  -1.651087231746  6.306368617675  5.001164104652  0.866210231071  1.073867121559  -0.051433634352
  29  Si  -0.044333815199  3.622271662811  5.054927582191  0.236944934357  0.777714191049  -0.330318084099
  30  Si  3.048219583904  1.890975952730  7.617524071637  -0.114034684895  -0.407743573160  -0.414728948725
  31  Si  6.141482289000  1.938174059282  7.617750479594  -0.400061497232  -1.260992343501  0.485103169242
  32  Si  4.578985468026  4.604293529641  7.584454301326  -1.041170031270  -0.277364555419  0.306327556975
  33  Si  1.434758049732  6.377569712265  10.115696881215  -0.262646888037  1.412604194787  0.933457035672
  34  Si  -1.662416663740  6.350560303907  10.079019509590  0.471489098329  1.390558550457  1.229328805769
  35  Si  -0.074906677450  3.683907279166  10.124811852301  0.142252410823  0.865895530993  1.532008635399
  36  C  -0.038232882568  1.828631618077  4.422978370878  3.800262920237  1.865177853487  -1.201029889254
  37  C  2.997917167695  7.232013462682  4.392217969689  -0.096723136160  1.290999415371  0.654683606995
  38  C  -3.199007177326  7.176584073110  4.350836964153  3.567687591759  3.347103644628  -0.373488784183
  39  C  4.548712816343  6.393754486325  6.928023299825  -3.667726552489  -1.711887403390  -1.123583428567
  40  C  1.495652486322  0.997934543108  6.988519022727  0.707668841533  -1.647047226405  0.052067672807
  41  C  7.714492360266  1.049453730474  7.019287169725  -4.413035417415  -4.011117629189  -1.808802248728
  42  C  -0.065608318216  1.905262110682  9.522905505609  3.274497632964  0.942349737826  -0.993669154790
  43  C  2.967528164995  7.283334062551  9.477269717010  -0.048920095196  1.221914544701  0.994198114637
  44  C  -3.211254745328  7.229179628690  9.420966674639  2.899799723690  2.970769676345  0.280667719787
  45  C  4.588989404623  6.316839729088  1.863889175908  -4.135865540697  -2.052186817683  -2.848944950886
  46  C  1.526358884715  0.919872152668  1.915012616595  0.637261022683  -1.765014243782  -1.234723291334
  47  C  7.732453288187  0.986220391146  1.942632353311  -4.093922015025  -4.292240088325  -2.771239416810
  48  C  -1.628797838472  4.516288368450  4.405639356983  3.744867366881  1.476940284195  -0.949324062300
  49  C  1.488259725356  4.553939734056  4.413656862394  -0.260517846192  -0.633761399526  0.053903691257
  50  C  -0.091481937118  7.218654255538  4.385195550609  -0.137036559423  1.179589573063  0.613908291258
  51  C  6.116904838363  3.708311573527  6.985230921034  -3.582567547866  -1.983896481340  -1.490713776157
  52  C  3.028695196974  3.690288233706  6.963851510462  0.021124895146  0.029339602523  0.407793011599
  53  C  4.609274455601  1.013762013581  6.999668183696  -0.016421656044  -1.552469273768  0.231143785617
  54  C  -1.642130646604  4.554571828193  9.480977506901  3.764432466312  1.966169410871  -1.109461613211
  55  C  1.469020510020  4.597900658458  9.505327272703  -0.329057867015  -0.441329310104  0.130299584459
  56  C  -0.123449761291  7.271672601477  9.463389844945  0.083838307854  1.137449609997  0.715273735131
  57  C  6.148750630461  3.660310581156  1.902788538888  -4.318654523636  -2.802240643067  -2.717140843820
  58  C  3.050860363879  3.617188825129  1.888078113315  0.104579342598  0.111317273689  -1.142271103168
  59  C  4.623604372266  0.963971127267  1.915975528512  0.311696460278  -1.967855391710  -1.076155543144
  60  C  3.038970025267  1.870862129267  4.447801132872  0.408886077226  -0.621439173136  -0.156481344431
  61  C  6.162900997966  1.905132418072  4.468565175699  -0.460043134909  -0.877419024826  0.098565965401
  62  C  4.574959755130  4.560379438755  4.437166907873  -0.370411123774  -0.321664243167  0.191969617733
  63  C  1.445122020978  6.361977364058  6.920239887045  0.271028501802  0.361242719422  0.427826206190
  64  C  -1.656317015632  6.316173094660  6.931496260969  0.669373492643  0.818031070056  -0.251844380223
  65  C  -0.079596401145  3.647238196639  6.960737458281  0.658065998464  0.356019819393  0.240140763612
  66  C  3.045890484344  1.920971417923  9.521862031646  -0.300581418805  -0.504807963356  0.157976954615
  67  C  6.146323154346  1.957586614193  9.556788945632  -0.807631514053  -0.741868215427  -0.068627350785
  68  C  4.551866194848  4.613951130265  9.516921667507  -0.343366082912  -0.177042382625  -0.010527772640
  69  C  1.476486244562  6.308970217140  1.855472944261  0.347456489553  -0.018607015389  -1.290169895207
  70  C  -1.629026853535  6.255660094900  1.835696152725  0.861245895009  0.718425862332  -1.068224513975
  71  C  -0.059232556547  3.592804403008  1.873876872017  0.780715402190  0.281935644373  -0.810158699179


MDSTEP:  4
LATTICE_CONSTANT: 1.889726125458
LATTICE_VECTORS
  9.094073600308  0.000000000000  0.000000000000
  -4.711439760089  8.286230053952  0.000000000000
  -0.098598830704  0.221706426569  10.286786567873
VIRIAL (KBAR)
  163.346218367114  82.668978490706  13.518201208964
  82.668978490706  -77.176345648169  -25.987961598649
  13.518201208964  -25.987961598649  -39.735149727322
INDEX    LABEL    POSITIONS    FORCE (eV/Angstrom)
  0  Si  -0.018740079204  1.820169784689  2.516001242336  3.688981511999  1.373054515063  0.666449284245
  1  Si  3.021115356799  7.209610542036  2.474390648425  -0.323258127593  1.527385367576  0.351369223292
  2  Si  -3.174574770992  7.154127833428  2.442564919948  3.976570233816  3.993345144978  1.523201263146
  3  Si  4.558210357017  6.373896679825  5.035117627512  -3.441447677275  -1.345861956090  0.314163604111
  4  Si  1.513638523449  0.967471170246  5.078982035925  0.472324146937  -1.334518911600  -0.276829986590
  5  Si  7.725757222505  1.040131272369  5.106373238024  -3.824789253597  -3.770350534329  0.622537376974
  6  Si  -0.047150740423  1.867303918246  7.608053484299  3.806894604456  1.650354356416  1.441619664939
  7  Si  2.994694832582  7.282003381258  7.573215637221  -0.663761513297  1.194446998000  0.110721180513
  8  Si  -3.191561411347  7.202757455246  7.539994804889  3.319258397720  3.978278272020  1.408448793534
  9  Si  4.535395374225  6.407728314989  10.122784842983  -3.101415626022  -0.481753996170  1.676829577739
  10  Si  1.497887970335  1.014618054329  10.161925162113  0.215988736181  -0.793745829361  0.931482788964
  11  Si  7.686214817385  1.070820601237  10.203495074538  -3.351669631378  -2.764188176605  1.720668982652
  12  Si  -1.620914339957  4.487262165867  2.492189242384  4.164893567976  2.214919886828  1.098067174804
  13  Si  1.485935025038  4.520803991185  2.497634843892  -0.050311659254  -0.212918482140  -0.241689106938
  14  Si  -0.078940992641  7.182014035002  2.465094364614  -0.298071434579  1.734141019765  0.139715378856
  15  Si  6.139252097380  3.684856378669  5.082101963004  -3.489149906440  -1.574493764501  0.481549575516
  16  Si  3.028180720599  3.662450857604  5.057652340070  0.123145737399  0.186948679907  -0.208505398509
  17  Si  4.617534003685  1.000270555435  5.117168949731  -0.179035407881  -1.515001132935  -1.149908167369
  18  Si  -1.627028259836  4.538866970491  7.557023485809  3.633549788312  2.107525310770  1.536088491046
  19  Si  1.459710796466  4.563219902092  7.602860417536  0.220066566195  0.251797551541  -0.508780479187
  20  Si  -0.111278889132  7.247988590587  7.549439033332  0.106443188357  1.531020660600  0.227409528027
  21  Si  6.109213923037  3.763734952119  10.149241885549  -3.505137727474  -2.046464610930  2.405560946029
  22  Si  3.017253506812  3.710697125303  10.133724748064  -0.180814468689  0.474311568079  1.396908818171
  23  Si  4.581671399816  1.035011089420  10.181077778621  0.193789073058  -0.940108403255  0.766006131933
  24  Si  3.064632065658  1.839213623495  2.520417442745  0.076260993980  -0.760703159374  -0.265934840023
  25  Si  6.162969132158  1.873428182874  2.551673455994  -0.402105411388  -1.004794137785  -0.567635202364
  26  Si  4.578482813045  4.535570776069  2.525533257841  -0.319001335662  -0.355964155888  -0.326068737774
  27  Si  1.467048989909  6.332505773218  5.020900163344  -0.222547351333  1.026874376138  -0.266770755694
  28  Si  -1.653121164079  6.305486662159  5.001265579486  0.905541698551  1.223977810361  0.007062621801
  29  Si  -0.044863329030  3.621239780961  5.051082168691  0.249371818083  0.856013636611  -0.199689691847
  30  Si  3.044812537361  1.893404071493  7.620528074670  -0.104017769695  -0.513244318105  -0.510019850364
  31  Si  6.145384861508  1.937917351347  7.616126273255  -0.524391821697  -1.291974715942  0.550645155928
  32  Si  4.575972336731  4.603029737599  7.584053050901  -1.091187966044  -0.161402501008  0.340216806633
  33  Si  1.437604861970  6.379575052032  10.118393429406  -0.297588999416  1.366345750310  0.904556939360
  34  Si  -1.663198609407  6.348052188834  10.078832113368  0.500576050896  1.404851760840  1.245740266023
  35  Si  -0.078150377139  3.685038299884  10.129220866908  0.289718463028  0.817139294860  1.441890355428
  36  C  -0.040140731379  1.834815377468  4.417688832182  3.674271370342  1.670583489222  -1.049211952558
  37  C  3.001680904399  7.230679014512  4.391419633815  -0.236988664478  1.313462381168  0.626781987640
  38  C  -3.196703720599  7.179683393798  4.353647221465  3.458368200339  3.314728313564  -0.439690856650
  39  C  4.551733504002  6.398203009245  6.921897245552  -3.668803078715  -1.775072638421  -0.972464337606
  40  C  1.490134003984  0.990937899582  6.993611818740  0.852940033910  -1.557090482011  -0.019553978375
  41  C  7.716019097571  1.040388458539  7.016807709105  -4.368290415509  -3.822916564606  -1.697130939735
  42  C  -0.066991913719  1.902462755698  9.525641342741  3.301403502942  1.033408055519  -1.062803592183
  43  C  2.969047654524  7.278903135818  9.477579480475  -0.056659726587  1.304708983018  0.921322226084
  44  C  -3.210080802643  7.231057479690  9.422484789466  2.869016948345  2.924364129988  0.284722167464
  45  C  4.589926487398  6.315995100374  1.857820553989  -4.168247978193  -2.021151962071  -2.742474925445
  46  C  1.530720144737  0.920644887144  1.908578855689  0.569199235147  -1.738904553169  -1.154269205066
  47  C  7.735036514839  0.982457118144  1.938940083538  -4.009756315278  -4.165362399617  -2.682808855041
  48  C  -1.627589205902  4.522944330987  4.410168516302  3.655845440985  1.300556773319  -0.997018294690
  49  C  1.483013782611  4.558519850406  4.418468313265  -0.151410470224  -0.763289640592  -0.108051241913
  50  C  -0.095504854435  7.224951395584  4.391130602394  -0.065233755319  1.104703637815  0.495114067081
  51  C  6.108817766821  3.710791919690  6.989979506253  -3.323458139881  -2.017858654662  -1.547989173312
  52  C  3.028823865167  3.684024500237  6.960221525298  0.023029383222  0.145141575840  0.442700489604
  53  C  4.606559717855  1.014133692184  6.996831098608  0.031268765308  -1.506498921785  0.343908207469
  54  C  -1.635949776134  4.550267263970  9.482902216804  3.574861485708  2.018106356508  -1.154994039689
  55  C  1.466858398455  4.602268890245  9.502704496619  -0.257361459710  -0.552335067254  0.246308475091
  56  C  -0.122712930311  7.274811118148  9.469774869777  0.068557183549  1.126614922123  0.648162684463
  57  C  6.146856311289  3.659808916582  1.899753691481  -4.142323012539  -2.724954421320  -2.599089941223
  58  C  3.044705845023  3.623575299516  1.885430592490  0.203086998311  -0.069421916844  -1.075069432063
  59  C  4.629255293874  0.957303416652  1.912123036950  0.139259250499  -1.855644159695  -1.021857491074
  60  C  3.043119866234  1.867710473313  4.443689686001  0.283980201676  -0.488444385499  -0.067032750426
  61  C  6.165447412991  1.902913266438  4.462385331651  -0.560910549296  -0.803615024448  0.225018744449
  62  C  4.577176955395  4.565065730857  4.431122096896  -0.391245713307  -0.447900023659  0.319439221776
  63  C  1.450244229539  6.358163390840  6.922350633446  0.132058984152  0.443853586529  0.402437992402
  64  C  -1.660244881607  6.322230240393  6.933524323757  0.813861261712  0.696908417964  -0.257168502992
  65  C  -0.074370098497  3.644679124958  6.961536187831  0.496980968770  0.413763602896  0.191865621964
  66  C  3.041271948327  1.924737623387  9.518472249989  -0.221093937630  -0.607529759561  0.262096236392
  67  C  6.140760437990  1.956389971879  9.561313830494  -0.689965545154  -0.758741945617  -0.200352110400
  68  C  4.552171581646  4.613316991906  9.521442973173  -0.324867454537  -0.171430033049  -0.124830249206
  69  C  1.481963951625  6.307516581206  1.860226689521  0.184997225325  0.038156633910  -1.374296658766
  70  C  -1.632471726937  6.252272599272  1.831628435654  0.924419048270  0.770404764874  -1.014404454232
  71  C  -0.060380561524  3.598329546046  1.874849450080  0.805539239619  0.183453754982  -0.834392852240


MDSTEP:  5
LATTICE_CONSTANT: 1.889726125458
LATTICE_VECTORS
  9.094073600308  0.000000000000  0.000000000000
  -4.711439760089  8.286230053952  0.000000000000
  -0.098598830704  0.221706426569  10.286786567873
VIRIAL (KBAR)
  162.041077471496  81.843386576133  13.448138435111
  81.843386576133  -78.733578354327  -26.390281568195
  13.448138435111  -26.390281568195  -39.421948413668
INDEX    LABEL    POSITIONS    FORCE (eV/Angstrom)
  0  Si  -0.018730030274  1.821734239724  2.516394745735  3.594558373607  1.292652088805  0.529850600735
  1  Si  3.019857531469  7.210152636560  2.476347799615  -0.385468008580  1.477180209885  0.308427890640
  2  Si  -3.177769212018  7.156919617858  2.444218603450  3.949750965207  3.847498117196  1.458410176860
  3  Si  4.558860721167  6.373624666512  5.038966291832  -3.564490998698  -1.324053556903  0.169928578864
  4  Si  1.511354124127  0.968671533577  5.081006127644  0.484078962293  -1.309251669232  -0.314572378404
  5  Si  7.724106321330  1.041563148961  5.103527716123  -3.764470207079  -3.752439658256  0.544884559720
  6  Si  -0.047497021127  1.866300393337  7.609853581496  3.804862657415  1.694126003392  1.365178341022
  7  Si  2.991457992680  7.279987055810  7.568755331926  -0.698061978553  1.272612180645  0.165182233674
  8  Si  -3.193845163133  7.203345134649  7.537756234411  3.341721850245  3.909550291319  1.431965011049
  9  Si  4.533244455700  6.410191543472  10.119856884418  -3.073783196048  -0.564103274906  1.652448710582
  10  Si  1.493355832822  1.010985938074  10.164564757815  0.314161961811  -0.719214091568  0.859836710112
  11  Si  7.685352437373  1.070095644230  10.201692288243  -3.451323099451  -2.801219682287  1.804213625038
  12  Si  -1.622088856192  4.488418057175  2.496323314778  4.228334899697  2.121744951658  0.974990760715
  13  Si  1.489173648655  4.518227599138  2.496768130346  -0.152315598674  -0.288341043469  -0.312703411577
  14  Si  -0.076777622160  7.182390755144  2.461286644976  -0.309870900340  1.679816627435  0.161599060736
  15  Si  6.137707507267  3.688490391302  5.085869719994  -3.376323767378  -1.631544954244  0.336851766943
  16  Si  3.029548602077  3.660305009825  5.054881660709  -0.025446149435  0.273994743485  -0.185785651439
  17  Si  4.615372034146  0.999262071213  5.116379049790  -0.233025799925  -1.512264890047  -1.145775771578
  18  Si  -1.627647899198  4.540409791601  7.561108175665  3.572490292678  2.053705486626  1.493216132731
  19  Si  1.459926895278  4.567770627547  7.604140461785  0.196223788954  0.210798900612  -0.573133767785
  20  Si  -0.109874983892  7.253103320001  7.552343436809  0.049856284567  1.505697404761  0.233983856556
  21  Si  6.106965796650  3.763178852966  10.148388389060  -3.302271520421  -2.038000217531  2.394570990174
  22  Si  3.018484395382  3.713132548091  10.137650563744  -0.199293757083  0.391783372780  1.336838956316
  23  Si  4.582056946612  1.035485629933  10.177552734710  0.208484217681  -0.980781297715  0.827315820323
  24  Si  3.068924424304  1.837284700083  2.521049709280  -0.004891151149  -0.802459435677  -0.322186717478
  25  Si  6.158510560645  1.875800370686  2.551646129645  -0.289568910822  -1.023237215184  -0.589308330035
  26  Si  4.582385983870  4.534760572530  2.528109717714  -0.405544630354  -0.381458469431  -0.474099393520
  27  Si  1.463555379126  6.334801047872  5.018278114936  -0.203324188377  0.883864032392  -0.177373389068
  28  Si  -1.651891204877  6.301250845486  5.004287262547  0.922577840830  1.395234095547  -0.069899691346
  29  Si  -0.045032694556  3.621748916958  5.053766173445  0.226811155927  0.869326153363  -0.278461719956
  30  Si  3.041245729985  1.890079269422  7.622963347584  0.052302589400  -0.331025626531  -0.496894151435
  31  Si  6.149230783541  1.938011942883  7.614342022686  -0.621898767223  -1.289124563704  0.593632166817
  32  Si  4.573212746913  4.600074870806  7.579738112382  -1.180653474585  -0.072567737950  0.482846293966
  33  Si  1.433832952167  6.382194880274  10.119800750792  -0.232245965826  1.169182307767  0.849985598900
  34  Si  -1.665753644802  6.350220534886  10.083419931641  0.615409178158  1.333367003943  1.253269994923
  35  Si  -0.075323354150  3.687415179842  10.131862583885  0.208163313561  0.670114884396  1.403076128557
  36  C  -0.039996200772  1.838264597600  4.411841994020  3.558645485026  1.581824554433  -0.874333513064
  37  C  2.995560387471  7.235850212482  4.397123652251  -0.087176229094  1.248045972972  0.543167671085
  38  C  -3.196490900172  7.180633125365  4.358608546118  3.438299397040  3.311231150795  -0.488790978666
  39  C  4.543603716172  6.401908248459  6.919525269364  -3.452348427425  -1.818430183104  -0.850629293023
  40  C  1.497079861093  0.996652905974  6.994425023241  0.628656904013  -1.649912919429  -0.036859359565
  41  C  7.715528338892  1.043205579245  7.009862494326  -4.277111830285  -3.792794574804  -1.637857367039
  42  C  -0.071573362904  1.898300262014  9.522006238005  3.422392467978  1.149100933677  -1.020178809857
  43  C  2.962225939817  7.276581299299  9.471592371510  0.075823973271  1.309440987872  0.966498646714
  44  C  -3.205641330137  7.233100914297  9.425798157755  2.705559068983  2.902355029458  0.208365566063
  45  C  4.587839698770  6.311002315419  1.854673298995  -4.044557502194  -1.857845973672  -2.630709738822
  46  C  1.528486900227  0.920305964146  1.901580476926  0.626305120282  -1.737012725780  -1.027903305763
  47  C  7.731355132311  0.981473030692  1.942064070766  -3.892987815762  -4.122626941289  -2.677496288276
  48  C  -1.627146403345  4.531019913715  4.405699528145  3.464838093858  0.982006167762  -0.796811526397
  49  C  1.478478550716  4.552520749604  4.412610437835  -0.039673486441  -0.589459677417  0.009966933413
  50  C  -0.094327479115  7.219479382418  4.385488913549  -0.146786567994  1.172472679703  0.555099275265
  51  C  6.100972529560  3.713064019672  6.995818844525  -3.034035670861  -1.971949704563  -1.635106482801
  52  C  3.025319158306  3.688034832513  6.955433192031  0.045566702694  0.053412921586  0.509776998540
  53  C  4.607514452216  1.017275219156  6.995827655125  0.006618326999  -1.531128419665  0.369046305970
  54  C  -1.631641492262  4.551140733156  9.487623134627  3.416734395915  1.988183985910  -1.178465127101
  55  C  1.463938708985  4.595104931373  9.497947743195  -0.148741048158  -0.355590202141  0.378896653388
  56  C  -0.119080842340  7.273539554969  9.473633049903  -0.083104441528  1.186124580363  0.593640684571
  57  C  6.148268791556  3.662217212867  1.896131139283  -4.160952079503  -2.771829808265  -2.526900783287
  58  C  3.047653963383  3.618388670355  1.882828963852  0.214357325671  0.013521818656  -1.022465962330
  59  C  4.635718232162  0.953502468462  1.911412378488  -0.008159332839  -1.839332208951  -1.024779603357
  60  C  3.036693813623  1.873471754109  4.444620784779  0.397070384456  -0.670364664493  -0.112631892283
  61  C  6.159537405003  1.896011720291  4.460209929048  -0.482819462853  -0.561895465899  0.290279842191
  62  C  4.571251920587  4.562160895892  4.425682112706  -0.252028074226  -0.352076847408  0.466343578591
  63  C  1.446829780650  6.364138693302  6.928563200688  0.143130776057  0.357820672829  0.208003499824
  64  C  -1.657157171947  6.322611225683  6.931225164454  0.721481091049  0.717048134613  -0.165109904450
  65  C  -0.073122377291  3.649353878049  6.960111646149  0.430117150589  0.324992846088  0.246731069450
  66  C  3.044222389057  1.924934810230  9.522161713046  -0.347349094990  -0.625585333745  0.219283765438
  67  C  6.139437567715  1.953971558540  9.561994908430  -0.642741237997  -0.711755908263  -0.255401380088
  68  C  4.556841482531  4.606921178400  9.524288025592  -0.458053006563  0.024947156700  -0.241479115628
  69  C  1.478071243907  6.300406031284  1.852523571574  0.315639950881  0.154706267778  -1.260607637063
  70  C  -1.628426075211  6.246330262913  1.837602242778  0.782440799786  0.969644113118  -1.079803222289
  71  C  -0.062679629382  3.593690452436  1.867477696357  0.869431632135  0.281550113201  -0.713088791685


MDSTEP:  6
LATTICE_CONSTANT: 1.889726125458
LATTICE_VECTORS
  9.094073600308  0.000000000000  0.000000000000
  -4.711439760089  8.286230053952  0.000000000000
  -0.098598830704  0.221706426569  10.286786567873
VIRIAL (KBAR)
  158.954155089392  80.069473186469  13.940502846792
  80.069473186469  -79.377002011201  -26.390196641980
  13.940502846792  -26.390196641980  -39.729931976189
INDEX    LABEL    POSITIONS    FORCE (eV/Angstrom)
  0  Si  -0.016093913902  1.819884094431  2.515117169952  3.398157748111  1.189757529801  0.527053656830
  1  Si  3.022241564578  7.211059480566  2.473822451060  -0.402186371387  1.480980884274  0.235499562108
  2  Si  -3.174871304511  7.155159041383  2.447205733738  3.831506609196  3.732397578048  1.367471504526
  3  Si  4.552412206732  6.375949978421  5.039413274771  -3.334530524880  -1.280738646224  0.156596086621
  4  Si  1.510398563543  0.968023655559  5.076536541714  0.489796952619  -1.344950563386  -0.239081660663
  5  Si  7.718967404696  1.044765551124  5.103288472900  -3.609044456410  -3.666142976538  0.490988330312
  6  Si  -0.044177646512  1.869703306071  7.610604114053  3.604732410442  1.632647373821  1.200189051401
  7  Si  2.990119595008  7.285561015511  7.569161041024  -0.711575701499  1.163639161340  0.164261859662
  8  Si  -3.193335097810  7.206973672788  7.539085259069  3.164201119161  3.699995357245  1.291563459056
  9  Si  4.531227371248  6.404899115252  10.123037039129  -2.878298389248  -0.279809601034  1.490406311694
  10  Si  1.492889040904  1.012288565041  10.159931253040  0.228608456538  -0.742125964556  0.947116215828
  11  Si  7.687379546262  1.067952336041  10.203029711775  -3.434571705816  -2.781561036061  1.719401799752
  12  Si  -1.625301857320  4.484259873970  2.499540614541  4.279382262920  2.094612874879  0.903629949593
  13  Si  1.492188911896  4.513264621599  2.497076105768  -0.196877621322  -0.127068817262  -0.396205427832
  14  Si  -0.078675009588  7.182229195615  2.456312350118  -0.188679092315  1.675853201592  0.280224111993
  15  Si  6.135642260308  3.688592706786  5.090694302684  -3.059538052219  -1.561513704552  0.117986679825
  16  Si  3.033455230552  3.657827065297  5.057100465703  -0.076810136880  0.348800884098  -0.151262316450
  17  Si  4.614241751052  1.000319009096  5.118157682651  -0.266323493997  -1.580181765099  -1.218045110878
  18  Si  -1.621874719038  4.536806707358  7.560831722392  3.423427797979  2.089493462677  1.493760024390
  19  Si  1.460130117889  4.567820450558  7.603302614984  0.264247113933  0.255670931708  -0.565868973162
  20  Si  -0.112356712375  7.258270407864  7.548085456645  0.216883913248  1.428640972471  0.305870347293
  21  Si  6.103650681910  3.765094187290  10.148938843285  -3.310403819241  -2.196541621285  2.405852202088
  22  Si  3.022200018455  3.716464121314  10.138197661552  -0.266240963678  0.346435182465  1.289595087543
  23  Si  4.583547877629  1.036166125747  10.178307995887  0.173032781140  -0.986099641430  0.831880684213
  24  Si  3.065510327209  1.841482653170  2.525918533482  0.063673562029  -0.988790822016  -0.413932081241
  25  Si  6.155215978922  1.873770028593  2.551838885824  -0.133670022391  -1.036738422893  -0.622923036803
  26  Si  4.578513289775  4.531618954783  2.531017106347  -0.307507481337  -0.312115226023  -0.559176155879
  27  Si  1.467281915870  6.336291027910  5.017616787912  -0.329465826102  0.857655161177  -0.193922972252
  28  Si  -1.650852733987  6.302215238782  5.004601356082  1.060345345505  1.289990075095  -0.006794571821
  29  Si  -0.039775568589  3.617421319071  5.048738892279  0.224878609988  1.030743597735  -0.220260830962
  30  Si  3.040554828332  1.888087564901  7.627757961601  0.049995851649  -0.303219071955  -0.580352758787
  31  Si  6.149217024589  1.938757585117  7.616879640348  -0.649422154805  -1.340351890447  0.572378936702
  32  Si  4.577981962631  4.599775420296  7.580187519560  -1.316153264854  -0.119634045356  0.476002704360
  33  Si  1.433768693714  6.378494209015  10.116146600804  -0.188276669455  1.257371611026  0.870404432871
  34  Si  -1.670302781971  6.348410979489  10.079130837325  0.802283126872  1.430390887405  1.337433970338
  35  Si  -0.080280016371  3.687429792290  10.131193270723  0.298332979748  0.746718268442  1.456934111159
  36  C  -0.036198373011  1.841520348942  4.412799094130  3.329892031390  1.360668801315  -0.865650819444
  37  C  2.993100768167  7.236619451737  4.393009909783  0.006873002655  1.280265859148  0.559741952010
  38  C  -3.189012961938  7.176139445841  4.362431155197  3.125267017648  3.285146952697  -0.477548509058
  39  C  4.538039760651  6.393190012083  6.924006616535  -3.151703857350  -1.527218363560  -0.866400760565
  40  C  1.495276668208  0.995009677700  6.988664779072  0.658664790517  -1.645642705482  0.063991324322
  41  C  7.709353383389  1.048170221927  7.012657167284  -4.009055828145  -3.734348360339  -1.668127908968
  42  C  -0.076018327323  1.907124206737  9.516853717262  3.439904074643  0.970703091053  -0.925697055444
  43  C  2.963549804021  7.277534192957  9.469786304210  0.079521607730  1.286424273910  1.002352869087
  44  C  -3.200215617593  7.236077438966  9.427939149263  2.383844591453  2.832254415522  0.241584769474
  45  C  4.588649577617  6.310489742898  1.846180352369  -3.926026564713  -1.860344320366  -2.426317817884
  46  C  1.523264762358  0.912805999968  1.904383736011  0.803256730566  -1.658760994703  -1.038498222930
  47  C  7.732185671203  0.977690694472  1.935285274872  -3.815547827789  -3.991964456833  -2.528742770708
  48  C  -1.616931742191  4.528030494430  4.401301483715  3.109479619667  0.880278447044  -0.538631328561
  49  C  1.482069670858  4.553501901132  4.409626605973  0.009089869715  -0.618244033871  0.051861736640
  50  C  -0.093681339204  7.227591309060  4.390648748937  -0.140957544497  1.087605987834  0.449274309392
  51  C  6.101592285642  3.707887289135  6.999207094551  -2.913785274306  -1.807635934436  -1.649959436807
  52  C  3.024499558109  3.685314492642  6.960421706781  0.113904853583  0.067933679812  0.441567723312
  53  C  4.610354160390  1.022568559237  6.992580530447  -0.084715519602  -1.571611704988  0.462518713851
  54  C  -1.636668474937  4.554489880374  9.491801523511  3.512704005260  1.911280008978  -1.283985153522
  55  C  1.466044762940  4.592606609765  9.496333421686  -0.224818530238  -0.338777546583  0.418357849637
  56  C  -0.115278140625  7.274578050294  9.474110224297  -0.198347181090  1.158932469898  0.546578371114
  57  C  6.144401110088  3.656010459487  1.901654559578  -4.120306093596  -2.659540078645  -2.594617201456
  58  C  3.050696656360  3.613827142165  1.877759036193  0.139113757793  0.104654640159  -0.953663839476
  59  C  4.642847815479  0.959099118563  1.915818860564  -0.288564628517  -1.929322283937  -1.118395050622
  60  C  3.033133483121  1.872747899641  4.448906473058  0.460522427314  -0.630808841610  -0.185262054062
  61  C  6.151960573063  1.890408419802  4.453203031052  -0.358126970101  -0.400130778492  0.451715621979
  62  C  4.576585827669  4.563893539446  4.424077000606  -0.376256450781  -0.374988423808  0.548391710475
  63  C  1.449036529407  6.361252394934  6.925250269470  0.108836257299  0.474698377121  0.273605756913
  64  C  -1.650005812942  6.320265426213  6.937388132291  0.512120709452  0.755821812580  -0.277766164090
  65  C  -0.069103613941  3.656942275870  6.956369176038  0.410963300312  0.129777518492  0.257231614901
  66  C  3.037674316576  1.927605462238  9.526506466470  -0.175983370619  -0.661611786465  0.177300002949
  67  C  6.140676102458  1.948024231680  9.553954622269  -0.678191281888  -0.549692532623  -0.075938623979
  68  C  4.557758077578  4.612459748168  9.519710132385  -0.455536653637  -0.121393473561  -0.155037632257
  69  C  1.483384378477  6.305161375811  1.846177604682  0.212922029750  -0.023031843532  -1.162071631216
  70  C  -1.625531860448  6.239837353482  1.839239771285  0.704149960652  1.034715701749  -1.115569269103
  71  C  -0.063362967401  3.587479411984  1.872281483023  0.882982046230  0.379695247340  -0.802868259328


MDSTEP:  7
LATTICE_CONSTANT: 1.889726125458
LATTICE_VECTORS
  9.094073600308  0.000000000000  0.000000000000
  -4.711439760089  8.286230053952  0.000000000000
  -0.098598830704  0.221706426569  10.286786567873
VIRIAL (KBAR)
  156.595427560343  80.399890265886  15.058922093084
  80.399890265886  -79.195716240088  -26.092089778975
  15.058922093084  -26.092089778975  -39.189746331021
INDEX    LABEL    POSITIONS    FORCE (eV/Angstrom)
  0  Si  -0.015352743421  1.825367915775  2.514848273253  3.230391218046  0.911035368257  0.540309158391
  1  Si  3.025983499431  7.212416820139  2.476909001835  -0.587233617792  1.440499998761  0.120799767419
  2  Si  -3.177871425641  7.156255408116  2.442882376782  3.761135654283  3.734378496726  1.382265539905
  3  Si  4.545718984887  6.372224394433  5.034177819864  -2.776286894782  -0.922281914529  0.204179219996
  4  Si  1.507928336234  0.965526162638  5.079143058850  0.693547694327  -1.326934050666  -0.310404850998
  5  Si  7.712342278527  1.048437936114  5.108032571832  -3.348336113832  -3.647359664785  0.379489193631
  6  Si  -0.048190204726  1.870394388180  7.613806951216  3.712488228840  1.582245426182  1.081382723019
  7  Si  2.987217521875  7.283979054941  7.569590750653  -0.506683554184  1.169665736261  0.170064729335
  8  Si  -3.192988781597  7.213594356319  7.540437897636  3.212596684860  3.621761765236  1.194417268243
  9  Si  4.525565664480  6.403451066861  10.125588318361  -2.670208186352  -0.250051628705  1.404663360364
  10  Si  1.497842589348  1.015972385476  10.161654016177  0.029155193015  -0.812047562509  0.949372179622
  11  Si  7.684907700962  1.069098665343  10.200149390481  -3.389581355035  -2.855162732603  1.805580370955
  12  Si  -1.627834902952  4.488481928409  2.501911102474  4.471464272391  2.007971953846  0.918655480558
  13  Si  1.489041865033  4.516892724032  2.501431402749  -0.187013797872  -0.109047412440  -0.537208867281
  14  Si  -0.081391539267  7.178121237594  2.453147640113  -0.136320938333  1.745751527275  0.395580616234
  15  Si  6.128911154198  3.683704265068  5.086688781168  -2.913239994256  -1.384002807270  0.337887132048
  16  Si  3.038041207367  3.654060906427  5.058849588664  -0.234068334199  0.489520690191  -0.272796542247
  17  Si  4.615836182896  0.998949493931  5.123275543343  -0.272433647088  -1.586163110951  -1.393323868715
  18  Si  -1.624356358981  4.541674116320  7.566513822896  3.643244013677  2.233393785132  1.422471516529
  19  Si  1.463189029198  4.573101933244  7.601208261343  0.156828356449  0.148656475398  -0.502361269771
  20  Si  -0.112991772012  7.263112918162  7.544512408774  0.245252100807  1.394096199521  0.361461332112
  21  Si  6.097484262496  3.761682414769  10.153906119095  -3.116965787257  -2.018604078039  2.244397898168
  22  Si  3.019325349452  3.715639719479  10.140566952524  -0.189703209797  0.444630066157  1.272441339972
  23  Si  4.588601121920  1.037521478789  10.178474843234  0.007495820225  -1.024072726003  0.798522288398
  24  Si  3.069300460040  1.845902325838  2.526690646124  0.052280406195  -1.045583189026  -0.356231308117
  25  Si  6.149960381000  1.878210172488  2.553904165906  0.037820525913  -1.144082567528  -0.627949856215
  26  Si  4.574868868624  4.535203452052  2.534935251702  -0.257960833911  -0.346096106545  -0.558234166184
  27  Si  1.471147993372  6.336246369478  5.015116813287  -0.469120706317  0.906203538185  -0.067052959252
  28  Si  -1.646689827563  6.304378312290  5.000598284433  0.973851390281  1.225699811345  0.012514912240
  29  Si  -0.036447714818  3.616746505424  5.044139178850  0.091415409252  1.022723732816  -0.043718660100
  30  Si  3.036205697036  1.891961856180  7.633103197841  0.207688036610  -0.448669039884  -0.805854488582
  31  Si  6.146666435023  1.942963386685  7.614246784090  -0.518782051075  -1.465656185680  0.498447415747
  32  Si  4.573626117612  4.595900439823  7.582295088483  -1.214298748815  -0.004254666515  0.342866469130
  33  Si  1.437443535387  6.374369140751  10.114366836574  -0.289400324150  1.422786370387  0.904540736971
  34  Si  -1.672123532842  6.353830563143  10.076553935196  0.732996502122  1.251301182177  1.369917762348
  35  Si  -0.075642626394  3.693121779805  10.127736781415  0.179006064184  0.575678119358  1.473121451383
  36  C  -0.031845628829  1.836771640771  4.420440072544  3.168998721244  1.380683144975  -0.995674172300
  37  C  2.992327227786  7.229148983065  4.392535043476  0.014477396764  1.383348286427  0.501589773500
  38  C  -3.182260383726  7.184830181797  4.355010967228  2.664329129264  3.002856192797  -0.218731268054
  39  C  4.542374339090  6.394243532030  6.923442722522  -3.253042627983  -1.579908857188  -0.904795402446
  40  C  1.504496272283  0.998033395798  6.986189875423  0.397488704339  -1.644837815011  0.182103831710
  41  C  7.714559842607  1.037214987638  7.007184204498  -4.130345226783  -3.571195305574  -1.480180962165
  42  C  -0.077896792363  1.902721320376  9.514856639657  3.525758170822  1.119726380284  -0.862710699033
  43  C  2.970686660325  7.270361157689  9.471111723177  -0.136790521490  1.395792022159  0.936223814790
  44  C  -3.203148474497  7.235682559978  9.427447286236  2.350233710050  2.820524808925  0.322771395914
  45  C  4.584746939960  6.304517735267  1.843114891472  -3.789288976717  -1.690000239554  -2.334115464271
  46  C  1.525852387810  0.917415773263  1.905333407587  0.793723210573  -1.667373628621  -1.077343836703
  47  C  7.730657308745  0.970905096467  1.935280936535  -3.645972685906  -3.762169455711  -2.406254404094
  48  C  -1.622563720342  4.520658803043  4.400205539529  3.227334326356  1.050296883884  -0.516735176754
  49  C  1.475652587219  4.560534831198  4.402543324737  0.189041286956  -0.777783701042  0.249618486097
  50  C  -0.091344834713  7.235943024608  4.396972417406  -0.091025668389  0.997924681401  0.302667252548
  51  C  6.107917079017  3.713598168621  7.004631058583  -3.250575517668  -1.996486045817  -1.858469579756
  52  C  3.020381543772  3.679148235449  6.953601120481  0.194664453873  0.207286579961  0.600120464127
  53  C  4.613565164725  1.013416188924  6.986312375061  -0.166636513743  -1.357192694722  0.742358091935
  54  C  -1.638789445655  4.552029556034  9.490202369027  3.408747117864  1.940006907683  -1.090784065199
  55  C  1.468977513144  4.596331996266  9.500366222810  -0.231694601231  -0.431711434936  0.267293309898
  56  C  -0.122182537894  7.272706891477  9.475446263938  0.005490956639  1.204665470253  0.478894617970
  57  C  6.144872109358  3.661350618974  1.905630460351  -4.301077731933  -2.812460506555  -2.682688518322
  58  C  3.047874268216  3.621999983802  1.883716331572  0.208088434170  -0.037618716283  -1.011332937537
  59  C  4.647760642678  0.950471635713  1.920431365989  -0.419023022426  -1.768279784332  -1.192060501755
  60  C  3.040265145548  1.876355289163  4.453004574525  0.343971861617  -0.723073915835  -0.259536557779
  61  C  6.155655341267  1.894124543091  4.456233757945  -0.521009317305  -0.491509965976  0.400583619673
  62  C  4.578273390735  4.572162375038  4.429706589506  -0.463736833974  -0.581591658596  0.421619592951
  63  C  1.452680500326  6.364740816931  6.931511267975  0.044281128237  0.418019295948  0.102191030556
  64  C  -1.643935550518  6.327778955177  6.930468509763  0.370469673290  0.660839196600  -0.151856002542
  65  C  -0.072424361962  3.658324217202  6.962618880391  0.484948051644  0.165402513007  0.129258357400
  66  C  3.028836770924  1.930348641405  9.521147793125  0.091467569929  -0.663755651599  0.364748661616
  67  C  6.141074128897  1.945896157760  9.547127077918  -0.729353861153  -0.503049227991  0.023613887241
  68  C  4.555653109836  4.616483621003  9.512165788789  -0.493951692427  -0.297699039906  0.047068337079
  69  C  1.479797738892  6.305666866344  1.839488689435  0.296598094678  -0.021705890518  -1.054184564637
  70  C  -1.631955002805  6.239212231569  1.845444364870  0.796862776822  1.076144056911  -1.246321175964
  71  C  -0.056653498569  3.581568531328  1.874032792714  0.685530547569  0.617956315016  -0.839162260949


MDSTEP:  8
LATTICE_CONSTANT: 1.889726125458
LATTICE_VECTORS
  9.094073600308  0.000000000000  0.000000000000
  -4.711439760089  8.286230053952  0.000000000000
  -0.098598830704  0.221706426569  10.286786567873
VIRIAL (KBAR)
  152.303964920197  79.084219435406  14.870568559203
  79.084219435406  -80.391652069954  -27.385445447831
  14.870568559203  -27.385445447831  -39.148592303792
INDEX    LABEL    POSITIONS    FORCE (eV/Angstrom)
  0  Si  -0.014295023555  1.828858376404  2.516598936451  3.016712954030  0.802631375085  0.327915693719
  1  Si  3.023229773379  7.212440604938  2.474550734283  -0.607021258441  1.464309146954  0.109192256880
  2  Si  -3.181031611647  7.154897901431  2.439665890937  3.774985544495  3.755955100219  1.372159918005
  3  Si  4.541752151304  6.372849300855  5.037606601488  -2.511865739390  -0.809990403549  -0.110650893081
  4  Si  1.503254532751  0.966044314860  5.078548146782  0.751786680884  -1.235562132058  -0.491270465935
  5  Si  7.708560254594  1.042671296049  5.112639025648  -3.135076363861  -3.399593892583  0.021077750960
  6  Si  -0.048156524685  1.871351758622  7.615403399936  3.317380534006  1.425527845043  0.905679083210
  7  Si  2.986732053574  7.288301732556  7.565091808098  -0.556639681206  1.047131011444  0.247088223006
  8  Si  -3.190095082600  7.219993044877  7.541417184333  2.821838189604  3.381829901288  1.119308484305
  9  Si  4.525283509420  6.406590393628  10.128417255319  -2.624346102940  -0.361962211734  1.272520121038
  10  Si  1.494022832683  1.012715570194  10.161353018342  0.314043420794  -0.805289733854  0.957979744163
  11  Si  7.687629485839  1.068738957554  10.205822443264  -3.513044993230  -2.872857415164  1.764619025735
  12  Si  -1.630963243001  4.491491621041  2.498488014751  4.491939753759  1.762293348010  1.012874989901
  13  Si  1.486772755858  4.522313070315  2.504600908339  -0.004162061711  -0.319746010869  -0.746455940647
  14  Si  -0.086435594314  7.173115727408  2.451460622090  0.020297112342  1.779841636571  0.449725317813
  15  Si  6.128575820543  3.681142821794  5.086619340753  -3.016792992205  -1.490444518486  0.367131944394
  16  Si  3.036951379474  3.657052369565  5.052833146218  -0.145670342050  0.353775919209  -0.240916682741
  17  Si  4.609807119670  0.994765465345  5.126945986618  -0.014569712478  -1.503652489736  -1.631590718144
  18  Si  -1.627446572003  4.546743303923  7.570155069511  3.725109174011  2.118375868623  1.338077187167
  19  Si  1.465621013190  4.571939105034  7.601262470560  0.198870865306  0.119997597869  -0.580617755285
  20  Si  -0.114334039261  7.264699182185  7.548036540994  0.245072465415  1.316391445922  0.325990483539
  21  Si  6.100510760104  3.759831523548  10.152547306915  -3.166638975592  -2.061900594637  2.229995378350
  22  Si  3.022259253026  3.716121563911  10.135043089005  -0.298766336523  0.333629354410  1.239065231391
  23  Si  4.594015081053  1.041444890969  10.184396973016  -0.087068697278  -1.110514511649  0.737202314277
  24  Si  3.071932869345  1.850972123472  2.520459807437  0.092877713579  -1.201956110551  -0.243365224688
  25  Si  6.144613906320  1.877760635232  2.551645003839  0.183194406632  -1.106544096965  -0.482921039075
  26  Si  4.575386256123  4.540169644184  2.529372332235  -0.154230999043  -0.568471861185  -0.442424707557
  27  Si  1.471821111210  6.341858314009  5.012234528866  -0.560619760784  0.758040098978  0.093916719048
  28  Si  -1.647522862403  6.299607181673  4.995894248934  0.904359453504  1.325168018735  0.164782227639
  29  Si  -0.040582345389  3.620434746641  5.044352923397  0.181298449628  0.983979869073  -0.090149557883
  30  Si  3.038488803338  1.887567083824  7.628011441115  0.206136983464  -0.373856778416  -0.813430213248
  31  Si  6.145948920009  1.948467551529  7.614596709081  -0.587906301374  -1.559750230222  0.398468363160
  32  Si  4.576690788468  4.598754743079  7.576769659376  -1.292243827941  -0.102671831432  0.419727772106
  33  Si  1.441015942978  6.376974086346  10.119460596369  -0.304790271096  1.275030171506  0.708656896075
  34  Si  -1.668703081656  6.352840046307  10.081085581198  0.706417301813  1.314158157832  1.308017884335
  35  Si  -0.072369955831  3.692690684366  10.126096394267  0.108198449617  0.600241902280  1.474465871361
  36  C  -0.036920051189  1.847251544182  4.414728058331  3.061145339265  1.099698872952  -0.757676906658
  37  C  2.985911268310  7.231501019139  4.386725445986  0.170968336043  1.353889106885  0.596799570241
  38  C  -3.181514148084  7.196103501741  4.350088842554  2.412128855471  2.734043993799  -0.045660776981
  39  C  4.540573141520  6.386059280116  6.913666304911  -2.961336353877  -1.163293384096  -0.524949393856
  40  C  1.496571641075  1.002584817818  6.980207789080  0.539433634826  -1.716486750377  0.286225005688
  41  C  7.705041039525  1.029988558721  6.999647650256  -3.646187265013  -3.258436795568  -1.126028979088
  42  C  -0.071586411995  1.895181623921  9.521588716921  3.383222377297  1.281711616784  -1.027097503436
  43  C  2.974831352218  7.278063719146  9.473119047293  -0.176971413416  1.322730610489  0.896776059713
  44  C  -3.199097788330  7.239969161510  9.436195575133  2.268648760568  2.785118526831  0.196661382206
  45  C  4.580669822548  6.300685592067  1.839361510511  -3.689395823037  -1.531233640597  -2.265503398413
  46  C  1.531580320635  0.915387448616  1.902554646146  0.634965808229  -1.623975526645  -1.066611856863
  47  C  7.718500874438  0.970172162440  1.942081178454  -3.181270367475  -3.634795965092  -2.418057787611
  48  C  -1.626005559800  4.512991974289  4.407979004735  3.396894662459  1.316326414885  -0.837655420189
  49  C  1.474429393149  4.561617232248  4.394611563177  0.175281874597  -0.699290687293  0.403111102255
  50  C  -0.092436852575  7.239613673336  4.404361747544  -0.116388548746  0.917430104551  0.135807999394
  51  C  6.107564344588  3.718068263682  6.996520925330  -3.127626607712  -2.070516645479  -1.676949645242
  52  C  3.025854626950  3.679461005286  6.948432554692  0.116432388921  0.173518133730  0.629779020738
  53  C  4.616767366451  1.007321032885  6.978433636376  -0.226764800936  -1.281977515455  0.975500233525
  54  C  -1.640865608105  4.560151535700  9.492277651694  3.465182095290  1.727661175269  -1.139948481176
  55  C  1.463060216386  4.592109858620  9.491652160670  -0.029579497507  -0.317064056117  0.450493065682
  56  C  -0.120381925676  7.265483851735  9.475619016435  0.027541751575  1.301160605858  0.552732060082
  57  C  6.150705644820  3.651078739593  1.896146989397  -4.345561810063  -2.579758364986  -2.574968900120
  58  C  3.056657509135  3.617328519214  1.876470677747  0.001808680240  0.163409831288  -0.920554664982
  59  C  4.654822937877  0.952440610837  1.924153477662  -0.642499966794  -1.866063231479  -1.305018063952
  60  C  3.049213823083  1.868739244751  4.450939053177  0.097069648947  -0.526371599628  -0.257177836045
  61  C  6.161649623481  1.898358737443  4.451366658202  -0.746497152729  -0.657464161687  0.526459842786
  62  C  4.587102214292  4.572235169032  4.434408387960  -0.649678623350  -0.518645712525  0.188560748795
  63  C  1.446861026619  6.359546922997  6.940357298823  0.172665922164  0.541221951458  -0.117151959190
  64  C  -1.648562330133  6.327371430936  6.936268275695  0.449196287771  0.749154023657  -0.289406938545
  65  C  -0.064601917846  3.661193275085  6.955363382046  0.245103591665  0.120311585168  0.330312415387
  66  C  3.036820093281  1.924942086861  9.515296454318  -0.064128479634  -0.622140460331  0.453142252585
  67  C  6.138780387408  1.940501577971  9.542394838788  -0.539500046058  -0.376434773943  0.082513727725
  68  C  4.555625766028  4.610464337634  9.512216890442  -0.426914084808  -0.079262091186  -0.029701510456
  69  C  1.483377951799  6.297862444940  1.832638848975  0.185110563223  0.177266731982  -0.931432473924
  70  C  -1.632698965766  6.231556338677  1.840810730709  0.726357507713  1.255283938038  -1.174588780477
  71  C  -0.049938184402  3.589363130540  1.864949515396  0.562077719149  0.469731192902  -0.710578892890


MDSTEP:  9
LATTICE_CONSTANT: 1.889726125458
LATTICE_VECTORS
  9.094073600308  0.000000000000  0.000000000000
  -4.711439760089  8.286230053952  0.000000000000
  -0.098598830704  0.221706426569  10.286786567873
VIRIAL (KBAR)
  150.143028515643  77.020516118952  13.811870815561
  77.020516118952  -81.169998474179  -27.865108418935
  13.811870815561  -27.865108418935  -38.479030396320
INDEX    LABEL    POSITIONS    FORCE (eV/Angstrom)
  0  Si  -0.019134866797  1.834078918066  2.517782668256  2.990753549429  0.634256815744  0.239482570314
  1  Si  3.026742724905  7.207250775796  2.478361166254  -0.642343575831  1.496915647597  0.012127729520
  2  Si  -3.176460610221  7.153619141364  2.436699733982  3.587161240804  3.689135993595  1.450252891862
  3  Si  4.541734770288  6.368626718468  5.042594686946  -2.562382511806  -0.848593961362  -0.241248417000
  4  Si  1.505784843055  0.960632796849  5.073452080237  0.718409150506  -1.173567859255  -0.373414368996
  5  Si  7.712028636201  1.041882229205  5.110796682429  -3.355192220279  -3.517860546334  0.077245977086
  6  Si  -0.052339666962  1.865921509042  7.616392224042  3.341220436921  1.443244112718  0.882495011112
  7  Si  2.987783636928  7.291627398179  7.566982748151  -0.524954003321  1.010043534174  0.094588774360
  8  Si  -3.185510918931  7.216599626998  7.544224934630  2.666726727866  3.485196368923  1.119327519460
  9  Si  4.518908241806  6.412764288632  10.129808548807  -2.409049535952  -0.424445905564  1.152942325369
  10  Si  1.489351711911  1.006304564663  10.161024682343  0.570746511756  -0.719968742340  0.936851059930
  11  Si  7.689271026413  1.071895506666  10.206634707281  -3.720364565304  -2.897592213460  1.808263872951
  12  Si  -1.629355062382  4.492958309140  2.503029280828  4.006013581336  1.423186350293  0.690232701730
  13  Si  1.489955124089  4.517353673235  2.498037078839  0.028888061065  -0.147794606113  -0.633925696866
  14  Si  -0.084775093779  7.177706043809  2.446877063220  -0.061225791211  1.726794422155  0.527388785082
  15  Si  6.130822015004  3.682598699001  5.088942631340  -3.005253734272  -1.581740946539  0.258725582744
  16  Si  3.031777986000  3.660375374213  5.055583927434  0.102144507802  0.352591243693  -0.251589675536
  17  Si  4.611912815833  0.992136801096  5.125628562352  -0.072979258923  -1.465578887414  -1.595159670010
  18  Si  -1.628806435661  4.542417336640  7.571859000086  3.542349248628  2.102601212989  1.236979642386
  19  Si  1.472029304771  4.568009289516  7.602049115018  0.063534697181  0.173428832752  -0.579927072198
  20  Si  -0.113512122408  7.262957744813  7.549556667630  0.194468430465  1.343784880717  0.325156941062
  21  Si  6.092946775653  3.753221550910  10.152308690801  -2.979179508910  -1.798526447094  2.191056247303
  22  Si  3.022442922202  3.716955925876  10.141881668433  -0.252124513069  0.334553431609  1.036741532738
  23  Si  4.591908404169  1.038410549506  10.179657219751  -0.151699566014  -1.059361290151  0.827148234488
  24  Si  3.070136995804  1.856116264856  2.525918409390  0.083215878414  -1.259880382429  -0.380348067545
  25  Si  6.144667369899  1.879663790750  2.552432852552  -0.033400417585  -1.161333182913  -0.400846966656
  26  Si  4.570964591690  4.543690673963  2.526819189403  -0.029652836317  -0.689509489134  -0.393289328254
  27  Si  1.476649750355  6.341389395046  5.014309925959  -0.701858427934  0.833711303850  0.041117880953
  28  Si  -1.649504199232  6.303249853068  4.999496631999  0.902750071488  1.343646739569  0.122716095190
  29  Si  -0.035011480192  3.623743803978  5.050453054820  0.063562951382  0.910220949779  -0.199394112305
  30  Si  3.038497945998  1.884591013124  7.625113041545  0.214100183121  -0.286351482520  -0.702294454742
  31  Si  6.140537034918  1.945164345928  7.612769411469  -0.636718595294  -1.398565285574  0.400927636989
  32  Si  4.576588575064  4.602794792153  7.582225779729  -1.380146712841  -0.251858691981  0.323783213866
  33  Si  1.441109498652  6.372854306664  10.115806780446  -0.305569491354  1.461516474837  0.787456542724
  34  Si  -1.666698775649  6.353462297354  10.076638374382  0.605713819557  1.135937792651  1.398270182416
  35  Si  -0.071585326712  3.686501829230  10.130546045761  0.119958227665  0.848705171432  1.294730192803
  36  C  -0.041885231983  1.841701268496  4.415806145020  3.367996255789  1.394538527060  -0.848217061197
  37  C  2.984978306935  7.223807503588  4.377750711085  0.279244225054  1.381565168325  0.831372696500
  38  C  -3.187548146858  7.196039457669  4.355497636546  2.544356540454  2.818194553436  -0.172784692035
  39  C  4.545670202127  6.381262258317  6.913207566567  -3.062095094595  -1.008625540443  -0.426873567899
  40  C  1.503830601496  1.007274717892  6.986071855611  0.280574656467  -1.837617764565  0.093419090266
  41  C  7.694907302163  1.035498724077  6.990119945505  -3.388795674285  -3.297684371188  -0.906061038617
  42  C  -0.069051281151  1.894835866529  9.528397843656  3.360401441575  1.258016714636  -1.181840506482
  43  C  2.972603619560  7.288079704837  9.464478479656  -0.173469901452  1.246920808694  1.105676716861
  44  C  -3.195294801426  7.243828041345  9.437279356435  2.051485011976  2.695928818810  0.285387565532
  45  C  4.582224732560  6.292194466838  1.838714072123  -3.623457172359  -1.221197756118  -2.260431298414
  46  C  1.532612967554  0.909423217892  1.906462230465  0.524306514744  -1.510661929772  -1.075456229340
  47  C  7.708129028608  0.971547939502  1.946147647806  -2.871279730603  -3.572693766599  -2.445342107709
  48  C  -1.630521649314  4.520398961018  4.401029084982  3.542158714100  1.168154613753  -0.613059070648
  49  C  1.482796448122  4.564855366640  4.394821436884  -0.003427124236  -0.789855738327  0.335446189189
  50  C  -0.094366757426  7.240950544676  4.400400045048  -0.055608700416  0.887184137492  0.252631889937
  51  C  6.098824013648  3.719825783315  6.989205096733  -2.876819375477  -2.038525803175  -1.473394888572
  52  C  3.021122731388  3.672812921766  6.951619988655  0.259385865595  0.320332997380  0.546915219482
  53  C  4.609368363596  1.007443784940  6.980826600978  -0.116290790077  -1.355059081089  0.879928699397
  54  C  -1.644634181040  4.554646901141  9.484567218092  3.422609393523  1.686012938562  -0.893852108284
  55  C  1.467435693617  4.599506926299  9.487983882750  -0.125519441402  -0.557143931426  0.570155578141
  56  C  -0.124813721507  7.264677809230  9.477398804857  0.169067761534  1.317410305750  0.525082605191
  57  C  6.137499687914  3.649364434559  1.889684291844  -3.719265449659  -2.310083366444  -2.312772795262
  58  C  3.062978356257  3.620598597561  1.867660939164  -0.174216353355  0.077454801938  -0.809395949550
  59  C  4.644323565937  0.952281032050  1.928860392745  -0.438438218361  -1.858637594022  -1.349057310310
  60  C  3.049220220657  1.877845057261  4.447061982825  0.091166111573  -0.664589103882  -0.146602992208
  61  C  6.166933195741  1.891105740741  4.461565486910  -0.818843800380  -0.487533221675  0.302580949010
  62  C  4.596520455213  4.570293875846  4.427522691714  -0.887295554009  -0.523120376733  0.324064602197
  63  C  1.449595774622  6.361265804502  6.944404211549  0.168474824974  0.475153265873  -0.187988142356
  64  C  -1.654021721382  6.332730782707  6.943309953390  0.659255603349  0.543900021244  -0.404122307507
  65  C  -0.066994346646  3.660421095545  6.960529036249  0.309262258245  0.129009742135  0.284646189372
  66  C  3.040174709950  1.929145185978  9.508683888012  -0.209498809500  -0.713082540380  0.615378487112
  67  C  6.133063293068  1.945212535444  9.545868193946  -0.417980747611  -0.556996009278  -0.041475616698
  68  C  4.555630522984  4.611707794114  9.508713296094  -0.500235365172  -0.001337097360  0.080386798725
  69  C  1.485829718646  6.299354342144  1.839775947261  0.181958806892  0.118094529996  -1.102537172108
  70  C  -1.634082781726  6.223817019669  1.847255534250  0.824504175115  1.443227582731  -1.325293810417
  71  C  -0.045098828837  3.596901626335  1.855016594420  0.448707132820  0.276404105759  -0.541085925626


MDSTEP:  10
LATTICE_CONSTANT: 1.889726125458
LATTICE_VECTORS
  9.094073600308  0.000000000000  0.000000000000
  -4.711439760089  8.286230053952  0.000000000000
  -0.098598830704  0.221706426569  10.286786567873
VIRIAL (KBAR)
  145.099003594063  74.176705126662  14.246121049419
  74.176705126662  -81.091125723403  -28.090647257120
  14.246121049419  -28.090647257120  -38.018958967233
INDEX    LABEL    POSITIONS    FORCE (eV/Angstrom)
  0  Si  -0.015243656995  1.839193443403  2.517268992233  2.621895256084  0.507426670597  0.225896892438
  1  Si  3.031453910587  7.207520126292  2.471719939845  -0.822160426139  1.494322079582  0.123051581697
  2  Si  -3.174368746958  7.157551903394  2.440783070485  3.453333933161  3.555685807682  1.377142983211
  3  Si  4.539809865333  6.362270551225  5.038557554906  -2.420878362111  -0.641277575588  -0.227625810394
  4  Si  1.501440144688  0.963460252487  5.079562200148  0.818891292457  -1.193970109620  -0.561090966793
  5  Si  7.708394509976  1.047185884183  5.113592951882  -3.053450353217  -3.578353173293  -0.042641618842
  6  Si  -0.044377341830  1.866232061744  7.613431618161  2.898631369531  1.192094983305  0.732295092295
  7  Si  2.985071545373  7.286444835440  7.571623459119  -0.314406063992  1.052887411253  0.053784752558
  8  Si  -3.188607678141  7.217844046447  7.550102058593  2.719191494503  3.426780241590  0.907163199126
  9  Si  4.512242634169  6.408764007407  10.133714909396  -2.018060829302  -0.115733103127  1.006796152904
  10  Si  1.484168977497  1.012004599596  10.162815335881  0.697452977690  -0.776458167406  0.964736340695
  11  Si  7.688956240539  1.074841188441  10.201541723895  -3.667366012164  -3.016285997157  1.910931623917
  12  Si  -1.626722767403  4.491309788773  2.507155667959  3.799671838912  1.429118571582  0.402938242530
  13  Si  1.487868096928  4.521058938831  2.502582017496  0.072992454414  -0.275526165258  -0.810956231199
  14  Si  -0.083909233491  7.184401911098  2.448113502330  0.085951235532  1.616162947323  0.471675821488
  15  Si  6.129976770309  3.678738371268  5.089660880668  -2.988763329132  -1.399767706187  0.154009338595
  16  Si  3.027831913656  3.657055941372  5.049003491854  0.062953116545  0.566783126303  -0.069379508130
  17  Si  4.611580893192  0.992599093464  5.119995084163  -0.008606398833  -1.465254565086  -1.474660141190
  18  Si  -1.630226204455  4.547030659263  7.574183683003  3.585663315388  1.969398467147  1.087092811693
  19  Si  1.467968883173  4.573059962610  7.606833238230  0.134574391713  -0.054175247250  -0.602751817532
  20  Si  -0.107079194045  7.269969775332  7.553661010576  0.061104567440  1.209681960190  0.253146195929
  21  Si  6.092820109230  3.753179286536  10.154057102387  -2.947165826436  -1.838210424541  2.130578105246
  22  Si  3.024477018202  3.711964417599  10.148034163832  -0.371387636703  0.452509343685  1.004360077806
  23  Si  4.590928162830  1.037781311685  10.182555652351  -0.123543065372  -1.082023320912  0.770174645848
  24  Si  3.067062083490  1.849366935861  2.527566544093  0.244501576322  -1.092562310379  -0.419233783243
  25  Si  6.149545748140  1.880073617009  2.557695117589  -0.183616269657  -1.148034449289  -0.659385766353
  26  Si  4.569535524634  4.547219527774  2.521705388617  -0.097096689661  -0.857601146174  -0.291727287818
  27  Si  1.475433843894  6.338196598757  5.017249250194  -0.549904694576  0.984685729843  -0.030633208212
  28  Si  -1.648316214651  6.304533608133  4.999416871172  0.817773811005  1.257842087459  0.074661970209
  29  Si  -0.039150171738  3.627734505659  5.048315628375  0.161478914332  0.910131576306  -0.180345956882
  30  Si  3.032456229055  1.887598657252  7.622415124330  0.257792802855  -0.422898813894  -0.608040878406
  31  Si  6.145133755301  1.941748616968  7.617964215279  -0.683510522382  -1.313406131103  0.241877696493
  32  Si  4.574987475323  4.608831821419  7.589225735213  -1.378126582944  -0.520697584550  0.162730015029
  33  Si  1.438735795033  6.371613738292  10.115762634859  -0.264659712508  1.552712807824  0.950282542960
  34  Si  -1.673083239922  6.355944474038  10.077425669241  0.837947853213  1.098558119499  1.429300479749
  35  Si  -0.069419771125  3.686837083164  10.125168471208  0.082003771934  0.931905486447  1.355916732069
  36  C  -0.038283280117  1.851327973976  4.422589200607  3.184231783293  1.195346613024  -0.945083906769
  37  C  2.989095256820  7.221323871623  4.369953449281  0.143687722135  1.375414388242  0.962800479907
  38  C  -3.187747905805  7.206661565160  4.358760241498  2.467046715644  2.656042414091  -0.121447635575
  39  C  4.551389638819  6.371838885028  6.911280906557  -3.182430959506  -0.825934379378  -0.351424582717
  40  C  1.498462218565  0.998443628040  6.978703361275  0.433010463965  -1.753393305966  0.314875823709
  41  C  7.693444060118  1.022248944053  6.988069472522  -3.110720315934  -3.002377418762  -0.671135627990
  42  C  -0.067969206233  1.894131774626  9.524880283614  3.376937416383  1.326206564369  -1.197061319342
  43  C  2.970771405164  7.294506828624  9.470743044770  -0.140671459797  1.183212061387  1.045358667402
  44  C  -3.185211542412  7.251947546558  9.435474499440  1.458229887180  2.466817302255  0.549826482317
  45  C  4.577609265289  6.289806406069  1.845540270355  -3.295005033680  -1.017679583304  -2.361312094205
  46  C  1.533035526190  0.918308375962  1.912137458380  0.443033366868  -1.668637291211  -1.179012927645
  47  C  7.702678990428  0.972059951180  1.936519650886  -2.449673845034  -3.395736483363  -2.255928507160
  48  C  -1.628675502754  4.511866339924  4.390621873630  3.350303160473  1.330733852177  -0.313366783698
  49  C  1.474586471653  4.573538433586  4.387172361786  0.103404757745  -1.010732150975  0.557644065174
  50  C  -0.093593069139  7.234777687586  4.395938858599  -0.057576948824  1.007239595854  0.370854837027
  51  C  6.100497195926  3.723171016292  6.983365986331  -2.927361582971  -2.144828569087  -1.283597993711
  52  C  3.013383291092  3.665826351130  6.956298474183  0.351535623610  0.522242519134  0.401522585903
  53  C  4.609368292553  1.008027826661  6.980588729857  -0.105999270412  -1.327624751832  0.847594785341
  54  C  -1.647024392520  4.555499812499  9.478248969512  3.390576852018  1.676270072521  -0.753461757752
  55  C  1.470770465043  4.607462507732  9.492043950689  -0.163705962750  -0.765720064227  0.508146181924
  56  C  -0.123209618560  7.263531281328  9.480912017359  0.093763981729  1.342573451983  0.500513653865
  57  C  6.131910081999  3.652769728168  1.883690485174  -3.448604278930  -2.244392608521  -2.165681089405
  58  C  3.063182210831  3.614313190589  1.864013129818  -0.208431115137  0.147524318007  -0.690767630802
  59  C  4.645009764585  0.946842456254  1.923487301411  -0.401215535550  -1.757101381844  -1.181498696653
  60  C  3.053022644798  1.884793360531  4.446378625188  -0.019759687538  -0.878764695599  -0.150123713685
  61  C  6.175949806616  1.891571094894  4.455616425919  -1.052487796482  -0.498145077482  0.425567510405
  62  C  4.590217224943  4.573392167621  4.424956324126  -0.740045757334  -0.684213836022  0.298007071398
  63  C  1.458989128919  6.354650031138  6.953708410829  -0.059325209297  0.608276381031  -0.369544110546
  64  C  -1.655788175538  6.331639947171  6.941329723285  0.794829398668  0.662308941890  -0.333633565418
  65  C  -0.064032831690  3.651823245772  6.956895906294  0.202568680238  0.376911071936  0.376439574679
  66  C  3.035712226132  1.931948498758  9.513720956351  -0.140224625739  -0.795308950486  0.473884660120
  67  C  6.142134075863  1.934930009229  9.545029275232  -0.672282553384  -0.309381007449  -0.019324095561
  68  C  4.549889958893  4.612824768585  9.512233975306  -0.364580232281  -0.062215159502  0.074410633870
  69  C  1.488248882488  6.290996324293  1.849010188341  0.143346615034  0.353965676341  -1.275658617712
  70  C  -1.624827508161  6.230862012637  1.853183673948  0.591949923187  1.306657122746  -1.366864298657
  71  C  -0.047320358114  3.602074363602  1.851822355355  0.490542624503  0.187992941221  -0.533588377527


