ATOMIC_SPECIES
Si 28.085 Si_ONCV_PBE-1.0.upf
C 12.011 C_ONCV_PBE-1.0.upf

LATTICE_CONSTANT
1.8897261254578281

LATTICE_VECTORS
8.76438024167151 0.0 0.0 
0.23379810965882927 8.751582895971733 0.0 
-0.17277005330370065 -0.10456533669713691 8.905782850175779 

ATOMIC_POSITIONS
Cartesian    # Cartesian(Unit is LATTICE_CONSTANT)
Si
0.0
32
3.313256642860 1.050439307343 3.371108970262 1 1 1
3.249578046460 1.004712584256 7.809723071535 1 1 1
3.380818714204 5.481224793494 3.404141898091 1 1 1
3.306302149534 5.465185321481 7.836059654913 1 1 1
7.760712703138 1.003377252820 3.398988029005 1 1 1
7.721716814990 0.958022066764 7.842505447870 1 1 1
7.807885270815 5.409973735730 3.426821706869 1 1 1
7.753644391211 5.402979692488 7.878555472744 1 1 1
3.370969376063 3.263269052997 1.151880755641 1 1 1
3.293278434581 3.277496177683 5.592798579743 1 1 1
3.425358816648 7.709925708601 1.195101575836 1 1 1
3.373896984683 7.668658940239 5.629565912192 1 1 1
7.798962229926 3.215848851541 1.211270878297 1 1 1
7.755290476063 3.188758329829 5.651069844548 1 1 1
7.877217806539 7.650840622751 1.224538578262 1 1 1
7.806865834100 7.625528239794 5.657387231009 1 1 1
1.103663579643 1.080974372556 1.118686306928 1 1 1
1.052730018918 1.080696451646 5.547638586023 1 1 1
1.182343763493 5.507061622735 1.149057475920 1 1 1
1.130364563531 5.497751608546 5.560313725139 1 1 1
5.567105857218 1.041853040578 1.179645667814 1 1 1
5.501010254662 0.991288265226 5.601999240089 1 1 1
5.593062442248 5.451600801685 1.206074995499 1 1 1
5.558576999991 5.438994583149 5.646075279586 1 1 1
1.119425914473 3.285863682373 3.348521612915 1 1 1
1.074975566376 3.255071992435 7.800673358682 1 1 1
1.181466517642 7.733038013662 3.370420302063 1 1 1
1.136395008119 7.697488096745 7.813077218600 1 1 1
5.533523981143 3.221383413668 3.401304732488 1 1 1
5.510023798525 3.211768648149 7.819392061163 1 1 1
5.602222444859 7.679521889988 3.418589631013 1 1 1
5.582836167378 7.639594215042 7.865261888098 1 1 1
C
0.0
32
8.874917581357 -0.131757829176 0.084612779017 1 1 1
8.823419462928 -0.131891113338 4.516285487954 1 1 1
8.921723228388 4.324072772309 0.118302517935 1 1 1
8.901149645003 4.299228955918 4.558666819054 1 1 1
4.445918164196 -0.066200342172 0.062093017097 1 1 1
4.390982678468 -0.088323799567 4.476627691056 1 1 1
4.480169758087 4.387305826982 0.078812994515 1 1 1
4.452768314031 4.357660637688 4.506147214816 1 1 1
8.880153927156 2.099480096481 2.324911170363 1 1 1
8.822835922897 2.039476128198 6.760882844525 1 1 1
8.949496278309 6.521120750277 2.355899374596 1 1 1
8.889288090622 6.507282399608 6.767751132248 1 1 1
4.435601044768 2.144528562692 2.260887291840 1 1 1
4.406645989035 2.118254452672 6.712982245342 1 1 1
4.507291943823 6.577084863609 2.289631446661 1 1 1
4.459816992414 6.567660755832 6.717376371947 1 1 1
2.190852606324 -0.035454559798 2.256471194050 1 1 1
2.136620735359 -0.053794233445 6.685993050787 1 1 1
2.258456978142 4.392985784242 2.279245853002 1 1 1
2.212402164715 4.372769922757 6.691528303863 1 1 1
6.637940396449 -0.103492253075 2.297866866192 1 1 1
6.583180794513 -0.114738197601 6.701575918637 1 1 1
6.701959705790 4.334346378791 2.307178807389 1 1 1
6.646425120226 4.289001069021 6.737965044918 1 1 1
2.236049232607 2.177951687195 0.047754851544 1 1 1
2.220414387919 2.157635034664 4.465671682099 1 1 1
2.298501474563 6.607246953354 0.047809792764 1 1 1
2.253738594171 6.573801842967 4.497881523051 1 1 1
6.681244434936 2.139249913590 0.084124656779 1 1 1
6.633380590695 2.104728614782 4.523940904811 1 1 1
6.736585294977 6.560296188504 0.115729550796 1 1 1
6.675782936078 6.539620639182 4.533141204268 1 1 1

NUMERICAL_ORBITAL
Si_gga_9au_100Ry_3s3p2d.orb
C_gga_9au_100Ry_3s3p2d.orb
