ATOMIC_SPECIES
Si 28.085 Si_ONCV_PBE-1.0.upf
C 12.011 C_ONCV_PBE-1.0.upf

LATTICE_CONSTANT
1.8897261254578281

LATTICE_VECTORS
8.668820027910275 0.0 0.0 
-0.12847670240320175 8.689266240516847 0.0 
-0.18738991704331098 -0.23392602164927417 8.592438983978512 

ATOMIC_POSITIONS
Cartesian    # Cartesian(Unit is LATTICE_CONSTANT)
Si
0.0
32
3.220107842583 1.068070459487 3.311641766811 1 1 1
3.172950054932 1.012060946906 7.662867400509 1 1 1
3.190039020925 5.417336230899 3.372167669382 1 1 1
3.130841822392 5.345624420304 7.721662874910 1 1 1
7.571003180738 1.102962041001 3.367725727724 1 1 1
7.517173313917 1.045155657056 7.712407567736 1 1 1
7.528707093918 5.440412847644 3.423689578862 1 1 1
7.495347222576 5.385949738650 7.764960654554 1 1 1
3.230255888519 3.278143162933 1.165228092173 1 1 1
3.176012636655 3.212885985313 5.519402087291 1 1 1
3.191910813743 7.614049246880 1.231737497645 1 1 1
3.142298597946 7.562396048046 5.565157492254 1 1 1
7.575235711883 3.291403189627 1.207879837968 1 1 1
7.531755347632 3.241609998084 5.561635796180 1 1 1
7.553901635792 7.651991996035 1.273314415247 1 1 1
7.489602967662 7.578032570014 5.623938353427 1 1 1
1.059247012673 1.084496046471 1.107001014037 1 1 1
1.018270021115 1.018049088500 5.469508934615 1 1 1
1.029347005865 5.434020367608 1.174175131554 1 1 1
0.991268691302 5.372238145138 5.523407783655 1 1 1
5.408735442412 1.125432241147 1.166950927431 1 1 1
5.371812908351 1.052449480438 5.507204095826 1 1 1
5.389957844579 5.448511701783 1.217909954603 1 1 1
5.326250093915 5.400113919059 5.577425755565 1 1 1
1.026054278080 3.228615415053 3.313778187583 1 1 1
0.975313963453 3.168188155926 7.676158981576 1 1 1
1.000073289813 7.575086462019 3.368831331731 1 1 1
0.939220806737 7.503497394103 7.728399359561 1 1 1
5.379304872736 3.248163682527 3.359290277020 1 1 1
5.330847457145 3.202999937915 7.711988077045 1 1 1
5.344825493267 7.601254403303 3.408840289075 1 1 1
5.288907998758 7.549044405764 7.779359505256 1 1 1
C
0.0
32
8.701016925218 0.058626262271 0.105590871913 1 1 1
8.650485538647 0.001916786541 4.438279873826 1 1 1
8.673499304097 4.394832944508 0.148284462013 1 1 1
8.620554660354 4.350225268920 4.510547071956 1 1 1
4.360633626651 0.030164649450 0.043474947811 1 1 1
4.312219162102 -0.041583181896 4.402496852348 1 1 1
4.316907296929 4.376348426126 0.105712073400 1 1 1
4.262896005284 4.317503867216 4.450227224512 1 1 1
8.635526296545 2.221929084814 2.294707848106 1 1 1
8.606855860956 2.145848530750 6.659515806961 1 1 1
8.619503495756 6.559351290702 2.353272480598 1 1 1
8.577753845462 6.496727916087 6.701582860516 1 1 1
4.317287306678 2.178395036601 2.259665955259 1 1 1
4.264394591773 2.114481565171 6.595807491514 1 1 1
4.291608001491 6.520835264560 2.301214456064 1 1 1
4.221802207814 6.463907143151 6.649853263608 1 1 1
2.148050180384 -0.016330146902 2.204162360511 1 1 1
2.095750492857 -0.077630171245 6.557207610338 1 1 1
2.125087753981 4.322789960504 2.256093097042 1 1 1
2.065551744001 4.273422209348 6.599137667093 1 1 1
6.492920954693 0.017857081907 2.245320190673 1 1 1
6.458648489312 -0.052411805318 6.593806287697 1 1 1
6.470826667308 4.367394801389 2.307610109724 1 1 1
6.418456435381 4.301166598351 6.650627512974 1 1 1
2.158994274774 2.188387906334 0.052085343497 1 1 1
2.101143070448 2.121508957977 4.401744703425 1 1 1
2.127743844886 6.533531315072 0.117123959600 1 1 1
2.067429294494 6.478981536585 4.452260966412 1 1 1
6.503476634760 2.220769862393 0.098348097613 1 1 1
6.462485393065 2.161965618980 4.438747258392 1 1 1
6.474958336096 6.563397886193 0.167950071853 1 1 1
6.429177066899 6.503097855234 4.510325388596 1 1 1

NUMERICAL_ORBITAL
Si_gga_9au_100Ry_3s3p2d.orb
C_gga_9au_100Ry_3s3p2d.orb
